22 0.21278783635655937 0.5620946579641409 0.19659396207753577 0.5601822527959173 0.19462813287399897 0.5552898640704123 0.19290044850048801 0.5418463200390302 0.20002714654122072 0.5353675036383642 0.1911727641269771 0.5282408055976314 0.18966104030015496 0.5232197228871152 0.19095680358028821 0.5167409064864492 0.18469394772631098 0.5092902676256831 0.182157485922397 0.4909182451715083 0.19079590778995179 0.4920520380416249 0.19403531599028484 0.49334780132175804 0.19792260583068447 0.4936717421417913 0.20008221129757317 0.48978445230139167 0.1923076316167739 0.48832671861124183 0.18474901248266343 0.4844394287708421 0.18323728865584138 0.47585499703995965 0.1886363023230631 0.46921421022927695 0.1974906847373067 0.4671085948990605 0.20785679097837245 0.47148179596951 0.21325580464559418 0.47439726334980975 0.22211018705983787 0.4737493817097432 0.22448575307341542 0.4713198255594934 0.23873914915488076 0.4628973642386275 0.24457008391548027 0.4658128316189273 0.2486733343025688 0.4671085948990605 0.25061697922276865 0.46451706833879397 0.2583915589035679 0.46532692038887724 0.26422249366416745 0.46889026940924367 0.27242899443834445 0.4718057367895434 0.2771801264654996 0.4737493817097432 0.28625046942643206 0.48233381344062565 0.2905696803602095 0.4810380501604925 0.28841007489332077 0.4739113521197599 0.29208140418703155 0.4661367724389606 0.29661657566749783 0.4650029795688439 0.31432534049598515 0.4690522398192602 0.3097901690155188 0.48103805016049245 0.3173487881496293 0.48476336959087546 0.32425952564367305 0.4782845531902094 0.33332986860460556 0.4807141093404592 0.3372171584450052 0.4844394287708421 0.3445598170324268 0.4946435646018913 0.35082267288640395 0.4993407064923741 0.35625027534502623 0.5077321638813034 0.35730148928707 0.5147278954439561 0.3570855287403812 0.5265517353751717 0.3570855287403812 0.5467980366272532 0.35600572600693686 0.5547345867180692 0.35622168655362574 0.5591077877885188 0.34974287015295963 0.561375373528752 0.34304809320560475 0.5612134031187352 0.33937676391189386 0.5597556694285855 0.33548947407149426 0.5607274918886853 0.3352735135248054 0.5633190184489518 0.32188395963009553 0.5689879827995346 0.307846524095319 0.5719034501798343 0.3043911553482971 0.572065420589851 0.2942410096539202 0.572065420589851 0.28538662723967656 0.5722273909998676 0.2678938229578781 0.5728752726399342 0.24733591801980062 0.5718151642050893 0.24275637797266048 0.5701954601049226 0.2337987696752462 0.567388651888977 0.22614190462744033 0.5647088393539657
19 0.097946320336924 0.6378707130373411 0.09419788364798466 0.6238140754538185 0.09479206609858772 0.6052224875725567 0.10875535368775896 0.5873970140544659 0.13876156744321202 0.5704628142122794 0.16282595669263478 0.5628869879670907 0.18956416696977121 0.5604359853583533 0.20531000191075152 0.5619957142911862 0.2253611157323113 0.5657791132808694 0.2490523741805963 0.5737252496548283 0.26958003402023667 0.581723400376911 0.29687338619085635 0.5938776999005532 0.3326885411714994 0.6095926306374119 0.343544728639954 0.6192614226015043 0.3504994737369327 0.6289302145655966 0.3524868368663869 0.6460279683376489 0.3496031620700786 0.6542973298858858 0.34095213768115373 0.6693094016196084 0.32161455375296893 0.6817770544154116 0.29311706164827545 0.688392543654001 0.2775112921623719 0.6903008578574403 0.23849686844761306 0.6871203341850416 0.19948244473285415 0.6869931132381456 0.17081532469896607 0.6848303571409143 0.1406215533023266 0.675161565176822 0.11873955043622271 0.661421702912059 0.10313378095031914 0.6485723872755679
26 0.19588726795282319 0.43421748494551 0.18517557889409023 0.38310905363868303 0.18517557889409023 0.37900670463746616 0.1892330576038686 0.3747222068550057 0.19610915799701 0.3754745218375987 0.20133464884552477 0.3799731867156527 0.22308884981992738 0.383846453066557 0.23948661056533532 0.3897738238212255 0.3076605595463649 0.38037047848493544 0.31054944274546015 0.37857121559447193 0.308820719759059 0.3647962211712411 0.33259115334723865 0.36332909168160316 0.34319575894230725 0.36666403249598933 0.3503197403680065 0.3734194590966237 0.3533383765653366 0.38519214026621135 0.354787321940055 0.3974176168653985 0.35997937619946296 0.4181556475410568 0.3615490670220746 0.4273926743048871 0.34826706775382194 0.42856994242184593 0.3268951234767243 0.430290565054324 0.30673063367855885 0.430290565054324 0.27352563550792697 0.4306528013980037 0.2446674734614505 0.43346013306152076 0.21182471163449829 0.4351807556939989
23 0.40052109173584993 0.8071345011894333 0.37918764395643756 0.7990113806888108 0.3640901270663919 0.7886728636880187 0.3557762675828158 0.7721887578924993 0.3570890951384718 0.7571732927246824 0.36595068113915086 0.7431424482236073 0.3794071635846264 0.7340347070562427 0.40369447336426506 0.7268962072223624 0.4256843349215055 0.7251731210555638 0.44504854136743366 0.7298500692225888 0.46671019603575997 0.7404347413900665 0.4765564027031811 0.7515117238909153 0.4824641267036338 0.770957982059072 0.48377695425928996 0.7844965162267757 0.4768846095920952 0.7933581022274548 0.4558793687015969 0.8073889467285301 0.4407818518115512 0.8100966535620706 0.40369447336426506 0.8083735673952721
16 0.5250424458028842 0.7978072372930395 0.5180545850601961 0.7646943062737104 0.511701984385025 0.7361076032354409 0.5136813403154794 0.7314068575482032 0.5221837754990571 0.7308667076784249 0.555461952376046 0.7282372875815204 0.6340043068522377 0.722420721792882 0.6498816789869819 0.7212145379549806 0.6586715705196065 0.7216246755800726 0.6658850911947735 0.7244721179518492 0.6716167407563473 0.7297045651405876 0.6750336716024792 0.7441316064909216 0.6787037084372133 0.7627348966531947 0.6831330632377547 0.7846602029158736 0.6814878743118393 0.7919686383367666 0.6768054135226955 0.7966194608773349 0.669971551830432 0.7988025000290303 0.6514948146624601 0.7999414769777409 0.6147944463151188 0.8022194308751619 0.5829030917512221 0.8053516174841162 0.546329276398182 0.8077244861272633 0.5375971197914007 0.8077244861272633 0.5301304931276313 0.8040228110439539 0.5263339032985959 0.8013651981636291
20 0.30438854833129625 0.3277704799740405 0.3113740369556489 0.28378393241527494 0.3175677338932839 0.2508447259742162 0.3324240026978127 0.22187941812972112 0.32803265820432215 0.2171571230883268 0.3285293011387724 0.2158534353853952 0.3394554456966755 0.2195782573937713 0.3563413054679806 0.22032322179544647 0.43183103150440294 0.22348932050256617 0.46138128610418666 0.22553797260717304 0.5292482058096025 0.2299232049701322 0.5566198239432738 0.23111366286856566 0.5370634868931332 0.2571531850237699 0.531769973569148 0.26899012255159144 0.5264747511235484 0.2935207800698158 0.5291055382470155 0.30400133184054756 0.5310250070593634 0.31019511873208744 0.5507679397018659 0.3232406842004686 0.5597125477774771 0.3251715022499974 0.5585823651916227 0.3290727849466953 0.5595551178350815 0.33191706731495185 0.5659146748575102 0.33364909949275723 0.5670296342229147 0.33629556508232605 0.568780298332165 0.3406126210523205 0.5687927121708397 0.3468572941998437 0.5678706673371131 0.3575007074430773 0.5584227701567859 0.357832477889885 0.5338613523823424 0.3528486714059256 0.529312108466027 0.3500420136649754 0.4847781338522585 0.34899720142682883 0.445943139145992 0.34848876087626457 0.4149575855717726 0.3484701401182526 0.3702473076325847 0.3486433399840032 0.3549774762726511 0.33725838244863865 0.34738357891950294 0.33759340733186577 0.32923593666114637 0.3388020303655621 0.3225991380177768 0.3355437267865742 0.3189255374222641 0.32789159058480555
14 0.17632135462932338 0.3730427509989791 0.17000223741641995 0.3729651250135014 0.1647015340414609 0.3660181948700527 0.16774766012576697 0.3612732677002682 0.182743973156197 0.3523106274906753 0.17784689984525615 0.33847147144462775 0.17105169550334254 0.32370947580529813 0.17222328245884488 0.31931602472216436 0.1956550215688918 0.3122865029891503 0.250719608477502 0.29717303126317 0.2575148128194157 0.2973487693064954 0.2727454432409462 0.3140438834224038 0.28235245627606537 0.32054619102544185 0.2832897258404673 0.32599407036852773 0.3025615598679163 0.32825974467232943 0.3182951424012305 0.32854580980929887 0.3218607679778882 0.3354993393966399 0.32878419742344006 0.3390587035929225 0.32773240217209143 0.3428780686674227 0.32372515612923 0.34633593420440806 0.31795127473413926 0.35250838577042853 0.31636317793695584 0.35505779770852763 0.3109013966445516 0.3597843392115698 0.309052793745584 0.3640067162876209 0.3084867708051687 0.36482865841306933 0.31021408828568503 0.37834132504903933 0.30696830928821334 0.37992965212875274 0.3018665952890622 0.3806470806598835 0.2905243918445207 0.3821161009855318 0.2759936171505097 0.38420006005214946 0.26328488317048127 0.38611320280183115 0.2515782715831433 0.387650549654254 0.2394449715725929 0.3894101469153729 0.2231912651720494 0.3835585401343162 0.21160836758540721 0.38135367384244256 0.20143658442556403 0.37972207278645614 0.19649768393176742 0.3753123402027092 0.18738281276387292 0.3742133608207292 0.18062745674645464 0.37156219983597905
15 0.7640259046419703 0.4307097370345792 0.7702795820261042 0.4384779769101829 0.766957315915783 0.43715884183696724 0.7564042353300572 0.4399436825470893 0.7569905175848197 0.44243538212983013 0.7542545337292611 0.44287509382090207 0.753081969219736 0.4408231059292331 0.7401837596149599 0.4402368236744706 0.7392066225236892 0.4374519829643485 0.7233770016451004 0.43305486605362936 0.7218135822990668 0.42528662617802565 0.7304123887022509 0.41502668671968096 0.7516138506055874 0.4118632839706905 0.7684206085754473 0.4120098545343811 0.7944124552032535 0.41508783637188446 0.7979301487318289 0.4260806286486823 0.7946078826215077 0.4329694451421422 0.7803416810889523 0.4364871386707175 0.7762377053056145 0.43018460443202 0.7721337295222768 0.42754633428558864 0.7688114634119556 0.42769290484927924
15 0.6516845890763585 0.47979031603278216 0.6486029095174439 0.47598353540118166 0.650234386930987 0.47462397088989583 0.6420769998632717 0.4719048418673241 0.609084901056068 0.4781588386192391 0.5940390537978377 0.5126917772059 0.5902322731662374 0.5095647788299426 0.5833438129757224 0.5053501288449564 0.5731923979581213 0.5005916530554558 0.5619533313314915 0.5003197401531987 0.5492640625594899 0.5158187755818576 0.5530708431910903 0.538387546469203 0.5657601119630918 0.547904498048204 0.5693856173265208 0.5464089770857895 0.5864254925346369 0.5503517141685186 0.5915012000434375 0.5623158818678342 0.5980271096976097 0.5692496608753921 0.6061844967653249 0.5727845286047354 0.6036466430109246 0.5668024447550776 0.6009275139883529 0.5624518383189628 0.6045530193517817 0.5575574060783336 0.6087223505197251 0.5560618851159191 0.6116227548104682 0.5571495367249478 0.616698462319269 0.5552461464091476 0.6145231591012116 0.55021575771739 0.6157920859784116 0.543961760965475 0.6243120235824697 0.543961760965475 0.6315630343093276 0.5500798012662613 0.635369814940928 0.5499438448151327 0.6281188042140702 0.5412426319429032 0.6324694106501849 0.5386594593714601 0.6322881353820134 0.5351245916421168 0.616335911782926 0.5329492884240594 0.6072721483743535 0.5332212013263166 0.6018338903292101 0.535396504544374 0.5969394580885811 0.5405628496872604 0.5921385352621513 0.5391883042038165 0.5906718542372356 0.5402383144830175 0.5877288828938109 0.5402719557235188 0.5843598832783139 0.5367733791997336 0.5864650869130477 0.5304230740783387 0.5893805673495355 0.52493225258962 0.5957298358556643 0.5268759062139452 0.596701662667827 0.5277991416854997 0.5965072973053944 0.5293054732443516 0.5941841431729301 0.5358760089186904 0.5922165027341847 0.539084698970331 0.5969534050179212 0.540510752688172 0.6018234113922066 0.5353191714473808 0.6013728859988149 0.530351768752267 0.6001830181271542 0.5233034622670661 0.6033925529834492 0.5241431661538876 0.6081695350951442 0.5249828700407089 0.6143646837712483 0.5233034622670661 0.6292181125247994 0.5240312056356446 0.6372096180016827 0.5221960015563066 0.643129105847885 0.522371827927976 0.6440668464967884 0.5205696076183649 0.6506310310391116 0.5202179548750261 0.6527995562897008 0.518020125229159 0.656655879638975 0.5164262745727247 0.6596461240551208 0.5175924698950216 0.6623971489179749 0.5168748112351467 0.6623971489179749 0.5131071032708029 0.6578519774054334 0.5118512006160216 0.6558186112024542 0.5102364686313029 0.6578519774054334 0.5067378826644123 0.6553401720958708 0.5041363700223654 0.646728268177371 0.5000098327280841 0.6463712329940832 0.49706832929592165 0.6511499903954846 0.49607359636721005 0.6461320134407916 0.4902505720271091 0.6442182570144581 0.48702110805767157 0.6451751352276248 0.4840531063695337 0.6409829016813987 0.4820073664160583
15 0.6188525327801333 0.5758424802293137 0.6239335542166861 0.5728653192313337 0.6242511180564706 0.5712576522924243 0.621631216378248 0.5710790226325456 0.6175028864610489 0.5734012082109701 0.6163914130218031 0.5741157268504853 0.6179792322207258 0.5752470480297177
15 0.6296497033328079 0.569828615013394 0.633222296530384 0.568161404854525 0.632110823091138 0.5656010463962622 0.6340955970897916 0.562028453198686 0.6367948897279601 0.560837588799494 0.6373506264475831 0.5594680947404231 0.634968897649199 0.5592299218605847 0.6338574242099531 0.5611948481192516 0.6319520411712458 0.5630406879379993 0.6306817858121075 0.5636956633575548 0.6297290942927539 0.5635765769176356 0.6290939666131848 0.5683995777343634 0.6286176208535081 0.5693522692537171
27 0.5917580623279848 0.538482806341114 0.5907304955887981 0.5397672647650973 0.5882643354147503 0.5399727781129345 0.584907617400074 0.5368386995584155 0.5866721036262681 0.5306868424529182 0.5896862993945489 0.5252407387352293 0.595577682032552 0.5269362238548871 0.5959887087282266 0.5276041422353585 0.5961257176267849 0.5292996273550163 0.5937280619020161 0.535002622757502 0.5925634862642714 0.5375715396054684 0.5920839551193176 0.537982566301143
27 0.5712801124873821 0.564062267099979 0.5708410040227492 0.5557466505509937 0.5668890278410532 0.5518770072064164 0.5659010337956293 0.5499833519526871 0.5691943472803759 0.5470193698164152 0.5856609147041091 0.5507243474867551 0.5886248968403811 0.5578049714789604 0.5856609147041091 0.560357289429639 0.5796231733154069 0.5639799342628603 0.5775374081084007 0.5662029208650643 0.574683203088287 0.5664499193764202
27 0.5950428759006483 0.5085195937448912 0.5903364244962476 0.5086036375199698 0.5871987902266472 0.5069227620183981 0.587647023693733 0.5018801355136832 0.59750815996962 0.501712047963526
27 0.5984767727561193 0.4956358255130344 0.5955286784443151 0.49583236513382134 0.5948735463750253 0.4969624679533463 0.5921875048909372 0.4973064122897235 0.5898945426484228 0.4962254443753953 0.5927116105463689 0.4918524378128858 0.5923185313047951 0.4878725104919502 0.5972975350313976 0.4871846218191959 0.599590497273912 0.48885520859588494 0.6007042217917047 0.4921963821492629
27 0.5676404679370596 0.435548469939439 0.5520428888377096 0.4319972354123549 0.5445226274862374 0.434295093047527 0.5347741405491435 0.43450398919617894 0.5339385559545355 0.4307438585204429 0.5411802891078051 0.4294904816285308 0.5509287760448989 0.4267748316960547 0.5590060937927765 0.42740152014201066 0.5687545807298704 0.4280282085879668 0.5737680882975186 0.4292815854798788 0.5795147790961941 0.4295393466952002 0.5838056795271728 0.4286616625161364 0.5879990594938108 0.43107529400856187 0.5918998780674277 0.42931992565043425 0.5950205329263213 0.42851538181962584 0.5999997585641791 0.4220232385042304 0.6034440354251785 0.42094200862733205 0.6079734244965662 0.42171847532528417 0.6103028245904228 0.4196802502431597 0.620267480547476 0.4183214335217433 0.6205263027801267 0.4201655419293797 0.6257027474331411 0.41890378354520746 0.6293262586902515 0.4206508336155999 0.632690947714711 0.41880672520796336 0.642267370322788 0.4186126085334754 0.6448555926492952 0.4185155501962313 0.6442535344980578 0.41552173318918195 0.668824204462511 0.4167106365745587 0.6723909146186415 0.41928659390954165 0.6729193161232533 0.4221597770908689 0.674504520637089 0.42305145462990157 0.6771465281601485 0.4212680995518363 0.6779391304170663 0.41908844334531226 0.6774107289124545 0.4174041635493618 0.6879787590046924 0.4141346792395757 0.6931306736746585 0.41750323883147655 0.6988109898492364 0.4176023141135912 0.7026419007576724 0.4207727231412627 0.7084543173084035 0.4154226579070672 0.7186260462721825 0.4172060129851323 0.7243063624467604 0.4186921422168533 0.7258915669605961 0.4187912174989681 0.7215322545475479 0.4246366591437372 0.7225890575567717 0.43335528396983347 0.7387053034474346 0.4379127469471112 0.7396300060805054 0.44038962899997947 0.7530183605071223 0.4410574231333176 0.7541924500841003 0.44324549916314 0.7574300910387965 0.4424983512505177 0.756896413958352 0.4401768559505843 0.7669567714931793 0.4375133716644069 0.7705155432349197 0.4386194164439036 0.7642027973161584 0.43071436137997765 0.7690322580645161 0.4278629032258065 0.7720071684587814 0.4277016129032258 0.7761476326321619 0.4306953196024953 0.779543768352195 0.43629894354054977 0.7830444005559213 0.44057023731151435 0.7829673504656647 0.4429108957953281 0.7783457205367855 0.4456975661892563 0.777721712743731 0.4486096025568445 0.7748790105753711 0.45089763113137815 0.772452313602381 0.4533936623035967 0.772452313602381 0.45490168113681195 0.7790390625290685 0.4555776895792878 0.7849699665304027 0.46061220143345616 0.7930353733794078 0.4656000188269199 0.7904884027955116 0.47005721734873857 0.7853944616277189 0.4689959796054485 0.7832719861411384 0.47016334112306757 0.7784610417048897 0.4721796928353189 0.7755418508041978 0.47298188021977466 0.7719252474985161 0.4733162921692726 0.7702408021232672 0.47112403605589703 0.7688040693032018 0.4697120744913501 0.7737087778958386 0.46748266149469697 0.7656299655617133 0.4613027058908051 0.7590408115938274 0.4625288830389642 0.7582481314172397 0.46319770693796014 0.7552260382439989 0.46446104096939694 0.7539379329570437 0.46691339526571535 0.7563655159978437 0.4682138861804297 0.7662244756941541 0.4692914357954787 0.7686858261735421 0.4697428183044108 0.7701648862180703 0.4711595793324721 0.771831552884737 0.473390762128171 0.775627240143369 0.4731451612903226 0.7772466482752856 0.47347820464591367 0.7765151728894323 0.4737916940969935 0.7781871166285255 0.4744578591805385 0.7785006060796055 0.4759077478917833 0.7786573508051454 0.4787291529515031 0.7824617452739733 0.4798153408478012 0.7913761423176107 0.48182108018261965 0.7985076599525205 0.48471825922180173 0.801974369913935 0.4870211451247414 0.7987057576646012 0.4892497443856507 0.7986067088085609 0.49222121006686315 0.8032862224877618 0.49586333555232515 0.8095121505817309 0.4933694268555934 0.8163040721387879 0.4940061695015675 0.8192755378200005 0.5007980910586245 0.8178605541622801 0.5105614782968939 0.8195585345515444 0.5123655824604871 0.8202660263804045 0.5207493606324795 0.8164455705045597 0.5299821289991038 0.8163040721387879 0.531680109388368 0.8234302785831829 0.5364343201732229 0.8222840357762611 0.5404470818721269 0.8161882013434678 0.5398559167759259 0.8059746914374304 0.5324229758086712 0.8075311734609226 0.531149490516723 0.810361140776363 0.5210677319554665 0.8055501963401143 0.517035028530964 0.7914003597629121 0.5117288398145131 0.7824859627192748 0.5132145726551194 0.7720150836521453 0.5199003704378473 0.7717320869206012 0.5220228459244276 0.7735715656756377 0.5275412821895364 0.7752695460649018 0.5427169819185856 0.776684529722622 0.5619253850721374 0.777392021551482 0.565745840947982 0.7790900019407464 0.5710520296644327 0.7771090248199379 0.572750010053697 0.7786655068434303 0.5757214757349094 0.7809294806957826 0.5776317036728317 0.7837594480112231 0.5801786742567281 0.7847499365716272 0.5823011497433085 0.7950793172729846 0.5849542441015338 0.7963528025649329 0.586121605619153 0.7943718254441245 0.5882440811057333 0.7955038123703008 0.5897298139463395 0.7952208156387567 0.593125774724868 0.8020127371958138 0.5972646019236996 0.8083801636555547 0.5983258396669897 0.8114931277025391 0.600129943830583 0.811068632605223 0.5958849928574224 0.8213980133065806 0.5898359377206684 0.8249354724508811 0.5894114426233524 0.8257844626455133 0.593444146047855 0.8259259610112852 0.5957788690830933 0.8209735182092645 0.5956727453087644 0.8185680459911402 0.5987503347643057 0.8187095443569121 0.6023585430914923 0.8188510427226842 0.6054361325470338 0.8147475901152955 0.6097872072945234 0.8122006195313992 0.6101055786175105 0.811210130970995 0.6092565884228783 0.8106441375079069 0.6110606925864717 0.8086631603870987 0.6126525492014069 0.8063991865347464 0.614138282042013 0.8126251146287153 0.6155178911082902 0.8124836162629433 0.6165791288515804 0.8095121505817308 0.6187016043381608 0.8130496097260314 0.6223098126653472 0.8131911080918034 0.6246445357005856 0.8105026391421348 0.6287833628994173 0.8082386652897826 0.6330283138725779 0.804276711048166 0.634089551615868 0.8041352126823941 0.640775349398596 0.7991827698803733 0.6462937856637049 0.7964093623904782 0.6459155013131647 0.7946709925672141 0.6405722095424763 0.7950838255589341 0.6324445600179905 0.790645870897945 0.6332960280634129 0.7879624564517655 0.6295805311379338 0.7837309182866367 0.6273357517454566 0.7806346708487372 0.6245491290513474 0.7830084605511266 0.6233106300761876 0.7794993801215074 0.6225365682167128 0.7753710502043084 0.6249361599810848 0.7784672976422077 0.6278001888611416 0.7787769223859976 0.6324445600179905 0.7871367904683256 0.6368567126169972 0.790852287393805 0.6390240858235267 0.795290242054794 0.6456036116290627 0.7955998667985839 0.6474613600918023 0.7888913306831352 0.6464550796744849 0.7759902996918882 0.6414236775878986 0.7660823078906104 0.6369341188029446 0.7617115897240234 0.6389168506078553 0.7594509428978129 0.639173742292652 0.7554083485506046 0.6368711854230077 0.7499279926082761 0.6394401022709741 0.7467963606412311 0.6397336927678846 0.7461113161484402 0.6375317640410562 0.7505815445100555 0.6304700520271528 0.7566132541890785 0.6302115501837662 0.761438621932297 0.6287897900451392 0.7633343021171328 0.6251707642377254 0.7702276846074451 0.624653760550952 0.7760870597242103 0.6221979930387783 0.779878420093882 0.6166402034059641 0.7807400929051711 0.613279679441937 0.7778104053467884 0.6104361591646832 0.7784997435958196 0.607075635200656 0.7848761223993583 0.6060416278271091 0.7915971703274125 0.6047491186101757 0.7938375196367641 0.6053953732186425 0.7969395417574046 0.6039736130800155 0.7952161961348265 0.5985450743688947 0.7899362553541484 0.5981617936215385 0.7865711426000018 0.5986971524687891 0.7800448633192328 0.5992325113160396 0.7762718581100384 0.5960968380678577 0.7714791217632238 0.5998443499986117 0.7590384018842581 0.6003797088458623 0.7567949933814938 0.6062686561656186 0.7435518462140935 0.6079599577005209 0.7360572084357279 0.6093652022839645 0.728124878606496 0.6189321698633631 0.7305189990079183 0.6228356270395952 0.7327049350266083 0.6303302648179608 0.731455828730214 0.6357170357211611 0.7320838241641242 0.6371822774481357 0.7399854209117467 0.6386387211620818 0.7460498233454571 0.6432179996195703 0.744820999037424 0.649917479557321 0.7385359977473509 0.6502075565399399 0.7364087665414801 0.6476693829420257 0.7349583816283863 0.647596863696371 0.7363120742139405 0.6495548833290476 0.7363120742139405 0.6512953452247604 0.7349139820902305 0.6543337536192311 0.7378739513006258 0.6562577336059883 0.7370846261778535 0.659069704355864 0.7359006384936956 0.6599576951189825 0.7368872948971606 0.6626216674083385 0.7343219882481513 0.6655816366187339 0.7406365892303284 0.6670616212239316 0.7481351778966634 0.6658776335397735 0.7546471101595335 0.6654336381582142 0.75662986081981 0.6644640023636207 0.7541621627162995 0.6622186707249914 0.7564421712114047 0.6617004869761038 0.7671513020217475 0.6630477647232117 0.7730931423423247 0.6623741258496577 0.7767549741677968 0.658746839607445 0.7848814695208074 0.659101155867683 0.7865437187965592 0.6610891161501697 0.7918000205604226 0.6603815370665729 0.7949594847142377 0.6541400156644055 0.8018881211052228 0.654040308213364 0.8041692442150244 0.6553873902588129 0.8080200147380013 0.6568314292049293 0.8129710054104002 0.6570377204829458 0.8147130206469853 0.6593069245411287 0.8150797606967924 0.6617136561179894 0.8136128004975631 0.6630201675454279 0.8164550358835698 0.6657019541596441 0.8166384059084736 0.6672147568650992 0.8124208953356894 0.6696902522012987 0.8036191341403134 0.6672147568650992 0.7983604609479766 0.6661662369320951 0.7961064811043519 0.6645445158087155 0.7960644813497081 0.6667748821911544 0.7936831898045295 0.6689761923986159 0.7920218236102188 0.6710113659866466 0.7868162095347122 0.6709698318317886 0.7824966574295048 0.668602385004896 0.7779624099225064 0.6693644396877374 0.772922932466431 0.6699459178557461 0.7716492183841261 0.6696551787717416 0.7710949241359583 0.6670925238595241 0.7719365331017517 0.6652556664834062 0.770612700875343 0.6645771394267715 0.7682949836852103 0.6653826874745615 0.7662033852453345 0.6656794683342737 0.7646770836811007 0.6664850163820638 0.7634899602422522 0.6668665917731222 0.7624158961785322 0.6677569343522586 0.7623028368034038 0.6696224140418776 0.7592502336749364 0.6709791265434187 0.7542190914817215 0.6713183046688038 0.7510534289781257 0.6722510445136135 0.7508273102278689 0.673438167952462 0.7462484055351676 0.6753460449077542 0.7429131539688789 0.6750068667823689 0.738673427401563 0.6741165242032323 0.7373732445875862 0.6754308394391003 0.736525299274123 0.6767027574092951 0.7304766227047523 0.6774659081914121 0.7271979008260279 0.6749644695166956 0.7247105945732027 0.6740741269375593 0.72239287738307 0.671572688262843 0.7201882195680657 0.6703855648239945 0.7162311414385709 0.6697072085732239 0.7121044742463833 0.6697072085732239 0.7074690398661179 0.6679265234149512 0.7067906836153474 0.6655522765372544 0.7074690398661179 0.6613549472356115 0.7091084008054801 0.658302344107144 0.715213607062415 0.6564792616831981 0.7209796351939646 0.6530450831636724 0.7215396518240651 0.651161499775053 0.7250006531035066 0.651161499775053 0.7250353962317349 0.6463419889357137 0.7246804217415356 0.6432803339577461 0.7273427304180291 0.6418160641856747 0.7311587061876699 0.6424150836378857 0.7300050390945226 0.6399524481121293 0.725745345212133 0.6341619267407558 0.7243254472513364 0.6250435195237656 0.7217518821973927 0.6241117114869928 0.7198882661238473 0.6239785960531681 0.7187345990307001 0.6259753275605383 0.7145636487708602 0.6279055013509961 0.714208674280661 0.6303681368767525 0.7137649561679121 0.6315661757811747 0.7018920137665126 0.6261227120366317 0.6932034466487558 0.6259598014031738 0.6940723033605313 0.633127869275323 0.6953755884281949 0.6342682437095286 0.6994092376455164 0.6322123024817408 0.702978084656232 0.6313358523072857 0.7096253228186952 0.6360129759428946 0.7095098382844826 0.6390444449659745 0.7020304834781753 0.6490808245417147 0.6917523599332571 0.6473485565285262 0.6886342775095179 0.6414588452836854 0.6811613103584314 0.6358507674657612 0.6757817762939023 0.6378885197790978 0.672925548193302 0.6188813820444087 0.6770103689275634 0.6122200125526316 0.6893125990995679 0.6069338980255984 0.6975140858809045 0.6006866717663772 0.6957200106474872 0.5933822226017497 0.6871340791732756 0.5932861114285308 0.6812392605491902 0.5902105538855297 0.6808515510818787 0.5833948214380297 0.6705996926052081 0.582818154398717 0.6568530354476303 0.5839505060987528 0.659784167856776 0.5792858530008734 0.670600892827924 0.5756352083231109 0.6650122515928306 0.5714437273967911 0.6677164328356178 0.568739546154004 0.6724036803231153 0.569145173340422 0.6798311644366531 0.566390761301738 0.6764058681957895 0.5590894719462132 0.6872225931669376 0.5578725903869589 0.6908281681573203 0.5567909178898441 0.6983998756371238 0.5654442978667626 0.7014646143789491 0.5697709878552218 0.7029068443751022 0.5720695419115908 0.7061518618664466 0.5623344894375575 0.6948515548016698 0.5509256856363909 0.6843823084189435 0.5471161147217073 0.6786679520469182 0.5477510432074879 0.676551523760983 0.5442589365356947 0.6723186671891126 0.5448938650214753 0.6723186671891126 0.5493383644219393 0.6586324825830477 0.5566735499081173 0.6546112688397708 0.5558798893008916 0.6516482692394614 0.5568322820295625 0.6444524130672816 0.561752977794362 0.6469921270104038 0.5644514238589293 0.6442407702386881 0.5709594408381803 0.6408544849811917 0.5717531014454059 0.6408544849811917 0.5676260662878322 0.6347168429519795 0.5685784590165031 0.6323887718374507 0.5703245123523997 0.6270977011226126 0.571911833566851 0.6243463443508968 0.5704832444738448 0.6146107742355946 0.5734991547813025 0.6076265608920084 0.575086475995754 0.608261489377789 0.5809595644892243 0.6019122045199833 0.5836580105537917 0.5959862053193645 0.5830230820680111 0.5858273495468754 0.5736578869027477 0.5938697770334294 0.5714356372025157 0.5991608477482675 0.5711181729596254 0.6069916324062279 0.5734991547813025 0.6017275280584645 0.5621251954826469 0.6056529391211355 0.5579465320933521 0.6081854623873748 0.5569018662460283 0.6123641257766698 0.5577565928483841 0.6176824246357722 0.5555722915312526 0.6157830321860928 0.550348962294634 0.6160362845127166 0.5443658760781437 0.6240137328013706 0.5444608457006277 0.6305982932935928 0.5498741141822142 0.6347070935999537 0.5590500080428391 0.6327727481718397 0.5620240641385648 0.631321989100754 0.5631121334418789 0.6306933268366169 0.5633297473025418 0.6295810782154513 0.5633660162793189 0.6290007745870171 0.5683348660977869 0.6281303191443657 0.5694954733546556 0.6295327195797484 0.5699307010759812 0.6333530518002739 0.5682260591674556 0.632337520450514 0.56575976874661 0.634271865878628 0.5621328710688961 0.6371733840207993 0.5608997258584734 0.6377053290135307 0.5594126978106105 0.6348038108713595 0.5590500080428391 0.6308813565742709 0.5503091846395485 0.6356152417725486 0.5499731631341722 0.62843736898331 0.541313393020451 0.6328235056174779 0.5386320121544727 0.6326908410185955 0.5350098125091044 0.6164478152078492 0.5326418798907381 0.6098672105871061 0.5325934930920562 0.6038027318189703 0.5283838416067278 0.6029640273084834 0.5256257940818576 0.6078027071766768 0.5253354732897659 0.61438331179742 0.5234967749398524 0.6295445087177596 0.5241741901213995 0.6373509122384451 0.5223838785701679 0.6430928123487011 0.5225774257648956 0.6441484804496773 0.5207418759228896 0.6509873675462177 0.5203610888332105 0.653031825793263 0.518270165626005 0.6566428169828497 0.516617340614595 0.6598820884911553 0.5177324996584379 0.6664539765245472 0.520518274436051 0.6664539765245472 0.5252949796417099 0.6699796398906289 0.527086244093832 0.6761312487533937 0.5238169047848517 0.6743115515321902 0.5206608674168269 0.6764724419823693 0.5196372877299 0.6820452647223049 0.5185284097357292 0.6835237687145326 0.520575569109583 0.6856846591647116 0.5190401995791926 0.6920535994389236 0.5191254978864366 0.6950106074233792 0.5213432538747782 0.6902339022177202 0.5262905556949249 0.6903476332940454 0.5292759964484618 0.6919398683625984 0.531834945665779 0.6917124062099479 0.5341379999613646 0.6904613643703705 0.534820386419316 0.6900064400650697 0.5373793356366332 0.6919398683625984 0.5377205288656088 0.6979676154078347 0.5349056847265599 0.709795647345657 0.5345644914975841 0.7119427519474785 0.531866555985226 0.720132057728248 0.5328664130863664 0.7191798128700188 0.538008535320803 0.723989096434044 0.5392137434971261 0.7318928927773258 0.5403781420655561 0.7311871966752471 0.543765483355534 0.7292112475894266 0.5450357363392757 0.7237068179932125 0.5497991850283073 0.7282232730465164 0.5522338365804789 0.7193315021603243 0.565571492909767 0.7112865665966267 0.5664183282322615 0.7176378315153351 0.5699115239375513 0.716987239711999 0.5723548235909611 0.7305366048719106 0.5733075133287674 0.7339239461618887 0.5740484942359501 0.7377347051131138 0.5727782412522083 0.7373112874518665 0.5691791911316069 0.7445093876930696 0.5718255515144021 0.7453562230155641 0.5705552985306603 0.7450739445747326 0.5615576732291566 0.746061919117643 0.5591230216769848 0.7501549565096995 0.559017167261673 0.7483201466442948 0.5572176422013722 0.731383440194405 0.5562649524635659 0.7298309087698318 0.5515015037745344 0.7446505269134854 0.5501253963754809 0.7429568562684963 0.5485375801458037 0.7303954656514948 0.5495961242989218 0.731171416694965 0.5439076894383115 0.7320308399952399 0.5403465849424011 0.7241598027873993 0.5390201217652387 0.7216567786552788 0.5376482894526499 0.7227648463358366 0.5315608426325854 0.7222656676793184 0.5289136000297975 0.7290602570264737 0.5285826947044491 0.7299330270086773 0.5226980519204424 0.7357569607348102 0.5185286448210517 0.7385756319365963 0.5194930865409358 0.7388571174454063 0.5259320675549635 0.7446275703760101 0.5271987523446082 0.7499757950433991 0.5254042822259448 0.7439238566039853 0.5230820267782628 0.7418127152879107 0.5185430729487023 0.7356200340940918 0.5170652740274501 0.7353385485852819 0.515904146303609 0.7381957468540896 0.512585111542916 0.7381957468540896 0.5074128153185332 0.7414328302054042 0.5094183995688041 0.7438254570302887 0.512585111542916 0.7456551128375534 0.51100175555586 0.7431217432582639 0.5076239294501407 0.7390402033805197 0.5047738886734399 0.7338327214675355 0.5061461305288885 0.7307363808706261 0.5019238478967392 0.7231362721327573 0.49601265221173024 0.7307363808706261 0.49379595382985203 0.7366475765556351 0.49242371197440343 0.7320030656602708 0.4872514157500206 0.7273585547649067 0.4855625026971609 0.7248251851856172 0.4905236847899362 0.7162398771669138 0.49031257065832873 0.7182102757285834 0.48598473096037587 0.7138472503420291 0.4836624755126938 0.7195538928222536 0.4731799499711132 0.726593206789763 0.4707801838458259 0.7300762241913351 0.4755053665388985 0.7341787083899718 0.47528559059968584 0.7340321910971634 0.47319771917716535 0.7365229850749071 0.4678132086664547 0.7302227414841437 0.4678132086664547 0.7293436377272929 0.47023074399779424 0.7263990818644664 0.4702346427285166 0.7184239929251247 0.4728899032853265 0.7152746355554168 0.47087524085029275 0.7093464334477314 0.4735846144698208 0.7009172710758662 0.4728899032853265 0.6898945202818887 0.4680269249938657 0.6919803701685322 0.46245960797255153 0.6795032625179269 0.45866909425591196 0.6765528623076094 0.45630302175873166 0.67161002325375 0.4549372372833231 0.6653664370804538 0.452595892468337 0.6612040462982562 0.45747369416622463 0.6695288278626512 0.46332705620368986 0.6697889772865386 0.47639956475402856 0.6638055405371298 0.47678978888985957 0.6578221037877211 0.47191198719197197 0.6502777704949881 0.4728875475315495 0.642473287778368 0.4705462027165634 0.626344023497353 0.473863107871127 0.6232222304107049 0.4670341854940844 0.6336282073661985 0.4609857113887037 0.6388311958439453 0.4605954872528727 0.6450747820172412 0.4564981338266471 0.6591228509071577 0.450254547653351 0.6630250922654678 0.4508398838570975 0.6684101689027792 0.4506580656807484 0.6663495629041563 0.4473853385064651 0.6691374416081755 0.4447489749494036 0.6741071384283834 0.4466580658010688 0.675561683839176 0.44083988415789854 0.6680417995908118 0.43283012414552985 0.6469591116189346 0.4292105060298762 0.6266384485135106 0.4311155681960097 0.6098739014515359 0.43587822361134326 0.5903152632125653 0.44673707795830425 0.5867591471691161 0.44673707795830425 0.5875211720355695 0.4440699909257173 0.5816789813927602 0.44216492875958385 0.5826950145480314 0.43930733551038365 0.5753287741723151 0.4446415095755574 0.5672005089301456 0.4412123976765171 0.5763448073275863 0.4347351863116632 0.5720266664176838 0.4335921490119831
27 0.6073956660066742 0.47807667887733546 0.5999558762450948 0.4804981198846418 0.5960254212767132 0.47733971857076385 0.6026229706879251 0.47376019708170214 0.60767641279013 0.4756552378700289
17 0.5942526412812027 0.47769724326790614 0.5788690655987665 0.46374037016892183 0.5853202424978527 0.4620655453970437 0.5848239981209999 0.4503417719938968 0.6098843391520653 0.4376875403841509 0.628245381095618 0.43210479114455713 0.6471026674160236 0.42949950816608007 0.6669524424901349 0.43359352427511555 0.6748923525197793 0.4410371899279072 0.6737705354383319 0.4458865952228292 0.6691928224348836 0.44441411137372616 0.665554844144452 0.4473550235559479 0.6679710409027817 0.45045636655407023 0.6629879868810383 0.4506001084970051 0.6588172384516553 0.44991228138625755 0.6448263560059908 0.4562369268753934 0.6386933664407682 0.460225765791837 0.6331353446472852 0.46076479807784293 0.6227859247559718 0.46669415322390784 0.6220655687604769 0.4682666081672782 0.612748008832356 0.47158302780271116 0.6077733793792067 0.4731820158412233 0.6039042231378684 0.473063572282815 0.6008246906192521 0.4738926771916732
27 0.8088536722843592 0.5796506981040899 0.8056882305184678 0.5774015684283249 0.8056882305184678 0.5741528255633311 0.8025227887525764 0.5697795178604548 0.8068544459059015 0.5610329024547023 0.8088536722843592 0.5564096914545187 0.8076874568969256 0.5460387046162691 0.8106862964646122 0.5447891881297331 0.8160175668071662 0.5456638496703083 0.815184555816142 0.5565346431031724 0.8118525118520459 0.5602831925627806 0.8111861030592267 0.5644065969683496 0.8143515448251181 0.5662808716981538 0.8141849426269132 0.5689048563198795 0.8131853294376845 0.5707791310496837 0.8128521250412747 0.5735280673200631
17 0.8028515812068566 0.5951501888828488 0.7966222492488586 0.5930600840811521 0.7958026003070168 0.5897405058666926 0.7951468811535434 0.5885110324539299 0.7971905608353816 0.5860899758640136 0.7953873331633295 0.5843687130861458 0.7862072650147011 0.5817868189193439 0.7830925990357019 0.5783442933636082 0.7807975819985447 0.576500083244464 0.7788304245381242 0.572565768323623 0.7803057926334396 0.571213347569584 0.7781747053846507 0.5665413486010855 0.7763714777125987 0.5476074580445388 0.774404320252178 0.5286735674879921 0.7726393340920995 0.522288836682442 0.7726037174148368 0.5199931602526854 0.7828517647513551 0.513450029657715 0.7913854547267456 0.5119071080327003 0.8054050882577447 0.5172787610975668 0.8101290952084075 0.5211360651601038 0.8072718329398616 0.5310221926092729 0.8055955724089812 0.5325651142342878 0.8150253153815146 0.5401905058028134 0.8147920694820414 0.5447388008425396 0.8110707507692293 0.544548781342898 0.8071603165571549 0.5459289345942183 0.8082637490815854 0.5563052717759576 0.8079417133229438 0.557616417364712 0.8046753506281524 0.5645171836213139 0.8022370798841529 0.5698997813014632 0.8052734170370579 0.5741782563805563 0.8053654272538125 0.5774216165211592 0.8066075651800009 0.5791123042540267 0.8072516366972837 0.5818381069253845 0.8062953876588691 0.583962557108667 0.8066897171592464 0.5864764076735719 0.8066239955758502 0.587462231424515 0.8048265102699639 0.5900155149394578 0.8039064081024169 0.591001338690401 0.8044979023529829 0.593219442130023 0.8041692944360018 0.5944517218187018
27 0.7029623344166925 0.5179349425678396 0.704958878204696 0.5148249416672956 0.6963583818871425 0.5067619763695893 0.6914438125628262 0.5073379024622825 0.6888329476092833 0.5076834581178985 0.6945154183905238 0.5151704973229116
12 0.6782789833351572 0.4670044963935295 0.673086074074468 0.4634992826425643 0.6698405057865372 0.4633045485452884 0.6704896194441234 0.47567016372230453 0.6719176694908129 0.4778122387923389 0.6712685558332268 0.4817069207378558 0.665166887451917 0.482777958272873 0.6623107873585379 0.4774227705977873 0.6593248645336416 0.4758648978195805 0.6577669917554347 0.4778122387923389 0.6540469213838085 0.4801169168335985 0.647036493881878 0.4811433268052953 0.6425071660172789 0.4819701826688003 0.6464071123524247 0.4840680848352925 0.6458422925383691 0.48499600310124097 0.6453066375585107 0.48709574986179816 0.6468257229184708 0.4904710834299044 0.6501740230795388 0.49429967254850277 0.6519305084099352 0.49606988042054295 0.6492243257596277 0.49670761321385526 0.646809320827275 0.4972722673830296 0.6471518159790692 0.49985778910503775 0.6554618995239232 0.5033516433257382 0.6584500032664615 0.5066784606912663 0.6564548408296735 0.5101583951740359 0.6582644067607138 0.5116895663464545 0.6629971176572806 0.513011941449907 0.6629043194044066 0.5169790667602644 0.6650850783469424 0.5190670274499263 0.6669874425308566 0.5208765933809666 0.6673122364159151 0.5236257416223546 0.6680314228756873 0.5248678651754901 0.6688836517286105 0.5257911130994903 0.6715350303821493 0.5243707316779516 0.6747545616043037 0.52302136932749 0.6739272804763484 0.5210559984805179 0.6744371609866444 0.5201819176057249 0.6821582087139828 0.5181606055827661 0.6837133766402094 0.5203210543035697 0.6857377468433168 0.5189344915085129 0.6921456795257638 0.5190341635502852 0.6952296257875745 0.5213471232466433 0.6904635270193215 0.5263485231095476 0.6905436295196281 0.529247232339399 0.6940665302120924 0.5297607451970686 0.6986805303018885 0.5294103148105018 0.7000238467837278 0.529673137600427 0.7028173427919078 0.5278795735645455 0.7051535453690199 0.5280328868586684 0.7082241769965435 0.5266426835796206 0.712843826459194 0.526536890080476 0.7154378938534763 0.5262422335948481 0.7170931662890732 0.5248388504429291 0.7199719009596762 0.5229496808153458 0.7219150468623334 0.5212764162880578 0.7252975601002922 0.5203588196118031 0.7292554604305376 0.5218426274135821 0.7350129297717438 0.5181722407085632 0.7349409614049788 0.515959213430537 0.7372439491414613 0.5126126843759609 0.7374598542417564 0.5081866298199085 0.7379656801568237 0.5075320354307112 0.7396690734530386 0.5067212857368397 0.7407173154814786 0.5064510358388825 0.7391121948754299 0.5050506500040136 0.7338382271698414 0.5062544904585501 0.7307363409025757 0.5020982884938539 0.722718439717028 0.4961551493545636 0.7134188844349229 0.49259463468196957 0.7108816688743719 0.49147018687672533 0.7130729004948477 0.488010347475974 0.713764868374998 0.48645341974563594 0.7101897009942215 0.48619393179057957 0.7079984693737458 0.4870588916407675 0.708805765233921 0.48852932338608673 0.7082291253337958 0.4900862511164249 0.6965809993512664 0.5065204882699936 0.7051559544509682 0.5147416520923669 0.7030633153775077 0.518070850618327 0.6942805725994987 0.5153123718396744 0.6885733751264244 0.5076076552510239 0.6964945241124737 0.5065317500269626 0.7081474495706843 0.49008913873489207 0.7082187944616902 0.4891794913745668 0.7016567631770276 0.4862849272251842 0.6943216845179976 0.48196021906314246 0.6856161815117499 0.47981742087377827 0.6818523249822139 0.47595451548820206 0.679970396717446 0.4704573039779591
27 0.8271678523650834 0.6478479175883549 0.8299121897111419 0.6418898167712548 0.8238457597882762 0.6385316144925257 0.8198014731730325 0.6369066779060438 0.8128684104040431 0.636256703271451 0.8140239208655415 0.6393982473386494 0.8182126462884725 0.6436230824635022
27 0.5865177289506429 0.6711116321646777 0.583274041158558 0.6677942241954998 0.5806201147832157 0.6600536056007517 0.5764917848660166 0.658947802944359 0.5720685742404461 0.6612699885227833 0.5722160145946318 0.6672413228673035 0.5778187480536877 0.6718856940241525 0.5823893990334438 0.6742078796025771 0.5865177289506429 0.6729914966805451
27 0.5912358202845848 0.6826119797911611 0.6014092047233969 0.6879198325418456 0.6018515257859539 0.6859293877603388 0.5996399204731686 0.6804003744783758 0.5969859940978264 0.6782993494312298 0.593005104534813 0.6786310902281475
17 0.5801234141932609 0.6472320378152652 0.5724537163358875 0.643225990273691 0.5594426217564148 0.6368574018742647 0.5577991150726919 0.6322350393262941 0.5625926762335502 0.6291534642943137 0.5716319629940261 0.6321323201585615 0.5760146474839537 0.6332622310036209 0.5843691397928784 0.6331595118358883 0.5914910020890107 0.6365492443710666 0.5931345087727337 0.6400416960739777 0.5962845632498691 0.6441504627832849 0.6013520421913481 0.6453830927960772 0.60244771331383 0.6441504627832849 0.607652151145619 0.6443559011187503 0.6120348356355466 0.6496972978408496 0.6216564031181764 0.6557591668054259 0.63507837436858 0.6622304743725845 0.6446654966902966 0.6706534461266646 0.6465829211546399 0.6717833569717239 0.6424741544453328 0.6770220345260906 0.6369957988329232 0.6741458978295757 0.6272717176208963 0.6772274728615559 0.6220672797891071 0.6792818562162095 0.6126171163577007 0.6735295828231794 0.5989212273266766 0.6642848577272383 0.5883753927727883 0.6551428517990296 0.581390489366966 0.6479525100577422
27 0.5891021725737363 0.6646175612309188 0.5950243822139148 0.6616252868864073 0.5911593611855877 0.658913538261694 0.5850501343988771 0.6603629211473167 0.5830552848358694 0.6615785325997744 0.585361829643097 0.6641500183645889 0.5876060354014805 0.6651786126705146
27 0.5830412513633394 0.5881159437257307 0.587950198577433 0.5872977858567151 0.5878592921475424 0.5845705929599965 0.5839503156622456 0.5821161193529497 0.5773141462802301 0.5810252421942621 0.5748596726731834 0.5818434000632778 0.5724051990661364 0.5829342772219652 0.5716779476270115 0.5853205710065941 0.5744960469536208 0.5860023692307738 0.5787686491584801 0.5859341894083558 0.5808594970459644 0.587638684968805
27 0.6023708722848775 0.6437285531102883 0.6015264329298143 0.6449464944877833 0.5965897105463677 0.6438747060755875 0.5932769099995812 0.6396849877370047 0.591977772530253 0.636420904845318 0.5849366455649588 0.6329884927117303 0.5866255242750853 0.6290910803037462 0.588509273605611 0.6285551860976483 0.5936408666094568 0.6320141396097343 0.5983827183725042 0.632793622091331 0.6076715512781998 0.6282628801670495 0.5970186240297097 0.6273372447201532 0.5909126779238678 0.6242193147937659 0.5877947479974804 0.6213936907979773 0.5862357830342869 0.6173988430797935 0.5880545754913462 0.6129655364657116 0.5933160822421248 0.6106758066760208 0.5976960314244311 0.6114065715025181 0.5995519420948997 0.6096666552489537 0.6045629009051651 0.6076483523948191 0.6190390041348206 0.6075787557446765 0.6187606175342503 0.6037509399868348 0.6177398666654924 0.5988791744768547 0.6217300746070001 0.5979744180250012 0.6236787808109922 0.5971392582232903 0.6293804133775017 0.5957777545249748 0.633827411536453 0.5961031446341664 0.6390336532835179 0.5929305910695487 0.6465176257949237 0.5936627188152297 0.6447822118792353 0.6019601665996144 0.6443483584003132 0.6044819399458489 0.6401182869808231 0.6030176844544869 0.637189775998099 0.604400592418551 0.6323089243602258 0.6054581102734236 0.6268098136726643 0.6084795041882066 0.6311483484618851 0.6106758874252496 0.6301245870639183 0.619795111250705 0.6349183585942786 0.6205414685606946 0.6476132064722246 0.6178211440154205 0.650635789300307 0.6231862285352667 0.6563786966736636 0.6231106639645647 0.6591997739798738 0.6233373576766709 0.6629531669594061 0.6347423938973036 0.6682930632890184 0.6333066670539644 0.6723231737264616 0.6338356190488789 0.6731291958139503 0.6367826373062594 0.6694013436593153 0.6410898178362765 0.6643637056125112 0.6409386886948725 0.6635576835250225 0.6373115893011736 0.6630539197203421 0.6361025561699407 0.6591245620438351 0.6393518327101292 0.6539861712360949 0.637689412154684 0.6542884295189033 0.6249945642767379 0.6510643411689486 0.6242389185697172 0.6397800319441077 0.6293773093774574 0.6446161644690396 0.638974009856619 0.645892972416695 0.6489797317483091 0.6482654864104802 0.6532502569371226 0.653801352395979 0.6578766592250038 0.6556993635910072 0.6614354302156817 0.6525995158905272 0.6629990355632858 0.6533903538884558 0.6656088009564495 0.650701504695499 0.6672695607520993 0.6500688342971563 0.6698793261452629 0.6484871583012994 0.6716587116406019 0.6464309795066856 0.6707097060430879 0.6366245883323733 0.6628804098635964 0.6214404987721477 0.6550511136841053 0.6124249455957638 0.6491198286996422 0.6076635753027286 0.6438356666149404
15 0.695529288341843 0.6696331996000207 0.6912032595961093 0.6701739531932374 0.685675556198783 0.6584576253402087 0.6933662739689762 0.6489043118600469 0.7022586663907621 0.6494450654532636 0.7103212633578679 0.6394117931625545 0.710890103429628 0.6358920952185404 0.7033529724788099 0.6308791920861567 0.6951047914382922 0.6331189998687111 0.6938249012768325 0.6263995765210479 0.7022152923352902 0.6268262065748679 0.7124544136269677 0.6319457672207065 0.7174317642548662 0.6345055475436258 0.7195649145239656 0.641011655864379 0.7202759646136654 0.6496509144542317 0.7202759646136654 0.6522106947771511 0.7116011535193277 0.6557303927211651 0.7076192730170089 0.6586101455844493 0.706481592873489 0.6619165285015535
15 0.779453108328932 0.6285327267901473 0.779453108328932 0.6318391097072513 0.7881279194232697 0.6361054102454502 0.7896922296206094 0.6357854377050853 0.7848570890106507 0.6298126169516068 0.7808752085083317 0.6282127542497823
15 0.7365220107368035 0.6517982292175395 0.7367901029469435 0.6496509144542315 0.7375011530366433 0.6493309419138665 0.7380699931084032 0.6502908595349615 0.745607124059221 0.6501842020215064 0.7467448042027408 0.6461312165102175 0.7574105555482379 0.6398384232163742 0.761392436050557 0.6397317657029192 0.7662275766605157 0.6375986154338197 0.7756413684875848 0.6420944456595996 0.7888545692463893 0.6478582235123328 0.7898255070111138 0.6501399272594351 0.7805692336540748 0.6561597414007261 0.7781742538344214 0.6581987107066471 0.7762323783049726 0.6581501638184108 0.7728017315362798 0.6614513522184738 0.7669113757636187 0.662373743094962 0.7583671234340443 0.6606746020066943 0.746586411888722 0.6586356327007732 0.7385368754678406 0.6575676011595761 0.7385727145343887 0.6560594877676229 0.7354419155258296 0.6541298852168503
17 0.6182257282710857 0.6072075483185523 0.6040169900029989 0.6065691887829499 0.5956667923210008 0.6106790517045583 0.5894041440595024 0.6059820655084345 0.5810539463775045 0.6003065405214515 0.5883603693492527 0.5940438922599529 0.613671906072809 0.5799529336715814 0.6261972025958059 0.5729074543773957 0.6336526259514879 0.5707384565604974 0.634579053209106 0.5692330122668678 0.640292021297751 0.5681907816020475 0.6401376167548147 0.572359704261329 0.6456961803005234 0.571085866782104 0.6484754620733777 0.5646008759787773 0.6457197985598266 0.5615307215237801 0.6543664529642623 0.5567827818284874 0.6552928802218804 0.5580566193077123 0.6722773799448792 0.5504135944323628 0.6764463026041608 0.5469394922162949 0.6781447525764606 0.5484449365099243 0.6838577206651056 0.5476343126595085 0.6947091552783388 0.5511643926718663 0.7057430711823021 0.5623388680140966 0.7030021621360948 0.571299532203621 0.6987853789880831 0.5652379064283545 0.6910546098833954 0.5565407911855809 0.6873297847693187 0.557331438025833 0.6758741905505543 0.5588600219169871 0.679317896788097 0.5661866826366571 0.6725007640321452 0.5690330112615648 0.667792022850199 0.5684004937893631 0.664635303845738 0.5714795361342517 0.6700468422190194 0.5755908997035628 0.6596454437872578 0.5790170360113222 0.6565531361453827 0.5841825953676362 0.6713887718999313 0.5833349636169568 0.6807323699588456 0.5837021393403619 0.6808536551393749 0.5903879849170417 0.686959262518179 0.5935848341581536 0.6954492251552327 0.593630316100852 0.697207860272908 0.6005435713910244 0.689142395767707 0.6066836336553224 0.6768319499439791 0.6118685751229516 0.6724050408546582 0.618690866527727 0.6734966074794222 0.6252402662763112 0.6754718232766144 0.6381116560599873 0.675298558733001 0.6439593344069375 0.6745188682867409 0.651496342054118 0.6733926487532542 0.654485155431448 0.6765114105382944 0.654875000654578 0.6811895532158546 0.6557846395085482 0.6836152568264414 0.6637114923788584 0.6830088309237946 0.6652708732713787 0.673739177840481 0.6722880872877189 0.6670684929113672 0.672547984103139 0.6635165697672938 0.6690393770949689 0.6603111757104468 0.6691693255026788 0.6544201812275933 0.6666353315523338 0.6535538585095266 0.6640363633981337 0.6559795621201132 0.6613724210400784 0.6543335489557865 0.6579287882357633 0.6483559222011263 0.652276032500378 0.6467965413086061 0.6489623481037728 0.6456703217751195 0.6394761143409423 0.6403857531949125 0.6296650095588369 0.6512147871707463 0.6245320474542916 0.6537271230531398 0.6251817894928416 0.6534672262377198 0.6379167334484223 0.6590116916333467 0.6397360111563624 0.662910143864647 0.6367471977790322 0.663429937495487 0.6409055468257524 0.6695808287937607 0.6415552888643025 0.6737391778404809 0.6367471977790322 0.6729594873942208 0.6337583844017021 0.6690610351629206 0.632718797140022 0.6632566729518736 0.634343152236397 0.6596181175359935 0.6230376407656265 0.6512147871707463 0.6230376407656265 0.6479227608420928 0.6173199108263863 0.6348412877992855 0.6199188789805864 0.6307695710243719 0.6195940079613114 0.6319824228296653 0.6105625936254658 0.6279107060547517 0.6084834191021057 0.6322423196450854 0.6058844509479057 0.6373536236816789 0.6049748120939356 0.6402124886512991 0.6033504569975604 0.6445441022416327 0.6048448636862256 0.6471430703958327 0.5933444296038901 0.639172901389619 0.5923698165460649 0.6342348618966388 0.5955535525349602 0.6288636610446252 0.5952936557195402 0.6223662406591249 0.5968530366120601 0.6210667565820249 0.5975677528544653 0.6172549366225313 0.5985423659122903 0.6182945238842114 0.6038052764245455 0.6182078916124046 0.6063392703748907
12 0.6756777194350925 0.652217077182955 0.6835525062576002 0.6487504590708728 0.6816694050609137 0.6444492847466224 0.6765336745244954 0.6447060712734435 0.6757633149440327 0.6443850881149173
11 0.5504668214311573 0.32282453388799864 0.5315313612829797 0.3100152520230549 0.5270759588951731 0.2935859557180184 0.5322739283476141 0.27103048112974787 0.5373384444380988 0.2580640244002432 0.5557927738550489 0.2348313418306899 0.5606601032387694 0.22820755573639173 0.5977884564704904 0.21238955909329163 0.6322804769283615 0.20612826875539786 0.6450227520019699 0.20349193598154783 0.6575453326777574 0.205633956360301 0.67665874528817 0.21057708031126976 0.691378269942166 0.2186508494311854 0.7067568777896243 0.23282113809062924 0.7166431256915619 0.24649711435497618 0.719279458465412 0.2572072162487419 0.7223551800349035 0.28027512801992943 0.7296050951629911 0.31158157970939837 0.7293854007651703 0.3186667240391203 0.7260899847978577 0.3186667240391203 0.7232339576261869 0.320973515216239 0.7175219032828452 0.3227859939982609 0.7074159609830868 0.3260814099655734 0.7054387114026993 0.3272348055541328 0.7014842122419244 0.3272348055541328 0.6970903242855075 0.33267224190019845 0.6951130747051202 0.3410755526168454 0.6878631595770325 0.34437096858415794 0.6823707996315117 0.34091078181847967 0.6799541612554826 0.3435471145923297 0.6762193564925283 0.35475152888119227 0.6724845517295741 0.3567287784615798 0.6564468606886532 0.3545867580828267 0.6491969455605655 0.3550810704779235 0.6371137536804198 0.35689354925994543 0.6289850609610489 0.3552458412762892 0.6190988130591114 0.3593651112354298 0.6092125651571738 0.3587060280419674 0.6043792884051155 0.35689354925994543 0.6030611220181904 0.3519504253089767 0.5980081508683113 0.3514561129138798 0.5892203749554779 0.34618344736617973 0.582409848623032 0.34437096858415794 0.5712054343341695 0.3418994066086735 0.567910018366857 0.3338256374887578 0.5600010200453069 0.33102453391654224 0.5593419368518444 0.3297063675296172 0.5598235745701439 0.32491533970021663
17 0.7429252070393969 0.6396803081545674 0.7407065680911247 0.6378499310222427 0.7323866720351035 0.6369347424560805 0.7319429442454493 0.6358531559687978 0.7333711043513937 0.6300657283224669 0.7309306015082943 0.6223282249903673 0.7288228945074358 0.6190834655285192 0.7362463852024201 0.609578944569767 0.7574642846482427 0.6068353156433324 0.7680024919571076 0.6058703344508055 0.7714948048443478 0.6007697195760205 0.7762737593216239 0.5964962314376873 0.779337191678852 0.5994371265006263 0.7876951968195146 0.5988807808346299 0.7898337361751006 0.5983915800141549 0.7951044248328355 0.5986570811219141 0.7965990977357754 0.6037311022924203 0.7938064194171246 0.6051766083235528 0.7917217440524981 0.6045276056156974 0.7782525804622942 0.6069060322140949 0.7774659105133785 0.6104755471072999 0.7805339233141497 0.6133075589233964 0.7758532371181013 0.6220690954794447 0.7699925459986794 0.6243701050800233 0.7629911834533297 0.6248421070493727 0.7611425090733778 0.6286771230503366 0.7565011563747752 0.6299456283429632 0.7502471302808955 0.6302111294507222 0.7460384460541967 0.6370846581293731 0.7444257726589194 0.6396806689607949
