14 0.638974161069142 0.6783479991517578 0.6306691143102091 0.6717731704676027 0.6117520633593065 0.6672746034731807 0.6126748463325213 0.6551630769497369 0.6126748463325213 0.6427055068113376 0.6237482420110985 0.6444357248861153 0.6468178163414674 0.6454738557309819 0.6685032162120144 0.646165942960893 0.6763468714843399 0.6482422046506262 0.6832677437834505 0.6503184663403594 0.6961867054084572 0.6454738557309819 0.7025286011568102 0.6488379208276933 0.7251886564162259 0.6474046040793568 0.7541280040969256 0.6467903254729268 0.7587692202343963 0.6615330120272455 0.7729658813607772 0.6637853669174887 0.773238894074746 0.6670615194851149 0.7734450186737925 0.6732493526472192 0.7696228406782285 0.6808254554598551 0.7638895736848823 0.6945443443367906 0.7532420778400966 0.6941348252658374 0.7316740734365564 0.6914729513046409 0.7106520944609537 0.6957729015496505 0.6918142171971021 0.6967966992270337 0.6795286450685032 0.7004823708656134 0.6669700602259355 0.7041680425041931 0.6544114753833677 0.7111298667103992 0.6481321829620839 0.7090822713556325 0.6481321829620839 0.706010878323483 0.6500432719598659 0.6980252564398937 0.6426719286827065 0.6904491536272576 0.6489512211039904 0.6871730010596313 0.6525003863855858 0.6838968484920049
30 0.4938896338225991 0.33988658181319764 0.47671496059163565 0.32829367738229737 0.46234220337753706 0.31326603973277395 0.45718980140824805 0.3045069563849826 0.4486024647927663 0.27822970634160843 0.4403586216419038 0.2547862773813433 0.4310842980971835 0.22670568664871799 0.42421442880479815 0.21021800034699306 0.42146648108784407 0.19476079443912592 0.42146648108784407 0.17801548803893655 0.42867984384484864 0.15972446104796043 0.43864115431880746 0.14607059582934442 0.45718980140824805 0.13396245120151518 0.4757384484976886 0.12314240706600821 0.5025309387379917 0.11515618401361018 0.5293234289782948 0.11129188253664339 0.5588638669355519 0.11026140214278557 0.5897782787512862 0.11438332371821681 0.6072964454468689 0.11979334578597031 0.631684481434837 0.12881004923222614 0.6447372330903692 0.13756913258001752 0.6601944389982364 0.1483891767155245 0.669812256007576 0.15843636055563817 0.6835519945923468 0.1785307282358654 0.6862999423093011 0.18857791207597907 0.6862999423093011 0.20068605670380835 0.684925968450824 0.22078042438403556 0.6821780207338698 0.23391904940572264 0.6749646579768651 0.24628481413201636 0.6718732167952917 0.25324055679055657 0.6890478900262551 0.26354536072913465 0.6993526939648332 0.27153158378153275 0.7113749652265077 0.28183638772011077 0.7172143541250352 0.29342929215101116 0.7168708606604158 0.30347647599112476 0.7069095501864573 0.3166151010128119 0.6931698116016863 0.3287232456406411 0.6732471906537688 0.3271775250498543 0.6447372330903692 0.32408608386828097 0.6234406382839746 0.31532700052048956 0.620005703637782 0.30862887796041377 0.6103878866284425 0.32254036327749425 0.5736340859141804 0.3215098828836364 0.5217665727566707 0.3204794024897787 0.5162706773227624 0.31893368189899196 0.5018439518087531 0.3186760618005275 0.5018439518087531 0.3253741843606032 0.4987525106271796 0.3379975691853614
28 0.5477164777105289 0.5737738847657872 0.5439696610097728 0.5678981949396014 0.537157267008398 0.5658544767391891 0.532047971507367 0.5719856313404263 0.5327759679125447 0.5762292926787234 0.5249431934702464 0.579818411734269 0.5297138860835198 0.5837208696857338 0.5304442972392237 0.5904979937658381 0.5435513840976924 0.5862643691578495 0.550082603428809 0.5855116443596957 0.5597570357564352 0.5797451965030885 0.5564030866015037 0.572917933319706
28 0.5616818854133471 0.5882488555677579 0.5647474627139657 0.5936136158438403 0.5698567582149968 0.6058759250463148 0.5845034053179525 0.6079196432467274 0.5981281933207019 0.6091969671219851 0.5865471235183649 0.611496150097449 0.5729223355156154 0.6158390512733254 0.5742848143158904 0.6181382342487894 0.5810972083172651 0.6245248536250783 0.5957438554202208 0.6191600933489956 0.6039187282218705 0.6196710228990987 0.6182247556247574 0.6158390512733254 0.6151591783241388 0.6107297557722944 0.6060663473677138 0.6098537650355916 0.6107136380743099 0.6092422794163026 0.6169100256831046 0.6093645765401604 0.6193559681602604 0.6118105190173163 0.6227802876282785 0.6116882218934585 0.6216388478056059 0.6082027538635115 0.6130780491355605 0.6057568113863556 0.6092460725880164 0.6042892459000622 0.6092460725880164 0.6033720174711287 0.609685162873993 0.5939300732395553 0.6110811323031791 0.5906844443166974 0.5992896759496026 0.5881303155832882 0.5874239358015205 0.5873974316329655
28 0.6119929977551962 0.6001272576071142 0.6107366252689287 0.5988708851208466 0.6146453396706498 0.5951017676620441 0.6164600999285917 0.5936359997613987 0.6200896204444757 0.5933219066398318 0.6230211562457666 0.5955205584908 0.6191124418440455 0.5990802805352246 0.6150641304994057 0.60054604843587
28 0.6425284515554953 0.5899621455221195 0.6470054795245634 0.5954063761009317 0.6439542987617258 0.594381857556839 0.6369047033393497 0.5938135021603141 0.6307324931472017 0.5978742542128866 0.6257369144425183 0.5987043413286305 0.6204322306116109 0.6011123885939765 0.6204322306116109 0.6021593656658661 0.6267140930429485 0.6046721106384012 0.6335543432459605 0.604672110638401 0.6391382209627051 0.6057190877102908 0.6356482973897396 0.6084412280972037 0.6310415982734255 0.6105351822409829 0.629366434958402 0.6133620203350848 0.6328563585313676 0.6148277882357303 0.6385798331910305 0.6151418813572972 0.6454200833940424 0.6158747653076199 0.6476536344807403 0.615455974478864 0.6497475886245193 0.6132573226278959 0.6523999305399731 0.6106398799481717 0.6497475886245193 0.6078130418540699 0.6581234051996363 0.6095929028762823 0.6687327728614507 0.6133620203350847 0.6793421405232652 0.6167123469651314 0.6863219876691958 0.6195391850592333 0.692045462328859 0.6209002552526897 0.7005608758468944 0.6182828125729657 0.703213217762348 0.622680116274902 0.7090762893649298 0.6247740704186813 0.7168937181683721 0.6250881635402481 0.7245715500288956 0.6257163497833819 0.7301554277456402 0.6239364887611696 0.728759458316454 0.6197485804736113 0.731365587375571 0.6159293334065318 0.7309616465611384 0.6121423882712278 0.7182375109065167 0.6106276102171062 0.6905675651178952 0.6059317982493292 0.6709764356179219 0.6006300750599035 0.6673246744768927 0.5986617569515333 0.669615097648772 0.595344592357777 0.6706418390706491 0.5929751890765226 0.664511750536913 0.5877776555290558 0.6574734208773676 0.5837213900270718 0.6481303746529967 0.5837507710982026 0.642856092390318 0.5851187091793824 0.6398711070614727 0.5885194728318508
28 0.7422781342391365 0.6185531195217852 0.7376730740810031 0.6179055329370476 0.7381047984708282 0.6144517378184475 0.7421342261091948 0.6141279445260788 0.7458758374876783 0.6075441475812474 0.7478905513068618 0.6064648366066849 0.749905265126045 0.6082996652634411 0.7517760708152867 0.6111058737973037 0.7514882545554035 0.61380415123371 0.7549420496740035 0.6140200134286226 0.7591153854423119 0.6162865664752039 0.7589714773123702 0.6181213951319602 0.7558054984536535 0.6202800170810853 0.7494735407362201 0.6187689817166977
28 0.6996444727050047 0.5918833168244784 0.6914417092983295 0.5902643503626345 0.6885635466994962 0.5923150412143033 0.6900026279989129 0.5949053875532533 0.6974858507558797 0.5952291808456222 0.7002201052247714 0.5942578009685158
28 0.7488828969378376 0.5889303114907628 0.7441489399283783 0.5912465518653532 0.7391121553804199 0.5907068963780719 0.7388243391205365 0.5948082780814096 0.7429976748888449 0.5963193134457971 0.7467392862673283 0.598801728687291 0.7550859578039453 0.6011762128313285 0.759978834221962 0.6022555238058911 0.7680376894986957 0.5995572463694847 0.7799820642838542 0.5921100006450033 0.7863140220012876 0.5860658591874531 0.7847310325719293 0.5829358573612218 0.7745135553460706 0.5849865482128906 0.7691889545382289 0.5873610323569282 0.759978834221962 0.5867134457721906 0.7527233826104154 0.587493431846946
28 0.8146313052442192 0.6070189580339206 0.8112195617233031 0.6031807465728899 0.8149414637461208 0.6006219389322027 0.8149414637461208 0.5964347991565329 0.8171125732594311 0.5957369425272545 0.8199039997765444 0.5964347991565329 0.8192836827727413 0.6017850333143332
28 0.8301006057217211 0.5021404910600686 0.8251899993101245 0.4997151305762921 0.8154885573750187 0.4985473644174368 0.8165664953678082 0.5038472262153186 0.8184828295772119 0.5066318993633582 0.8224352688841069 0.5079793218543451 0.8281842715123175 0.5086979471828715 0.8339332741405283 0.5105843386702532 0.8354902956856688 0.5081589781864767 0.8320169399311247 0.5064522430312267 0.8293819803931948 0.5043861952117134
28 0.8316890468811624 0.4901024740549707 0.8227062302745831 0.4883957388997205 0.8169572276463722 0.4897431613907075 0.8173165403106353 0.4871381445747993 0.8203108125128284 0.4818382827769176 0.8246225644839866 0.47941292229314114 0.8334856102024785 0.48013154762166754 0.843187052137584 0.4810298292823254 0.846660407892128 0.4829162207697071 0.8492953674300581 0.4845331277588914 0.8472592623325668 0.4901923022210363 0.8463010952278648 0.4909109275495627 0.8489360547657948 0.492078693708418 0.853607119401216 0.49477353869039187 0.8551641409463565 0.496480273845642 0.8473790332206544 0.49881580616335264 0.8395939254949522 0.501241166647129 0.8337251519786537 0.5029479018023791 0.8284552329027939 0.4996242596579447 0.8235446264911972 0.4970192428420368 0.8213887505056179 0.4945040541921945 0.824023710043548 0.4936956006976024 0.827976149350443 0.4909109275495627
28 0.5905439136816423 0.3586567417230126 0.5954536568948252 0.3626336337256908 0.5954536568948252 0.36661052572836894 0.5877944574822599 0.36867261787790573 0.5815099861693857 0.3626336337256908
28 0.6190204243181032 0.3626336337256908 0.6168601373043028 0.36616864883918254 0.6198059832322126 0.36911449476709224 0.6280543518303598 0.36631594113557797 0.6260904545450866 0.3623390491328998
28 0.7297842312075101 0.3664632334319735 0.7246780982657998 0.3624863414292953 0.7144658323823794 0.35777298794463974 0.7095560891691963 0.35968778779778104 0.7042535664989589 0.3588040340194081 0.6991474335572486 0.35630006498068484 0.6983618746431393 0.3509975423104472 0.703075228127795 0.3501137885320744 0.7250708777228545 0.3527650498671931 0.7264456058225457 0.35173400379242475 0.7380325998056574 0.35585818809149833 0.7435315122044223 0.3592459109085946 0.738425379262712 0.36410655668964576
11 0.43971067658229074 0.25778929357352354 0.4342799495097823 0.2556383415146443 0.42408284345287356 0.25324839478255634 0.4202589286815328 0.25061945337725955 0.41101780131745935 0.25061945337725955 0.4113364608817377 0.2558773361878532 0.39572214223209623 0.24894649066479801 0.38844600885536723 0.24855446013715043 0.3862153919054185 0.2504664175228208 0.37920488149129367 0.24855446013715043 0.36231592458453854 0.2504664175228208 0.35530541417041384 0.25739726304587596 0.34638294637061867 0.2681520233402719 0.34574562724206187 0.2743658848437006 0.3505255207062379 0.27651683690257983 0.3435150102921131 0.2803407516739206 0.33809779769938025 0.2832086877524262 0.3361858403137099 0.29300746935398697 0.3365044998779883 0.2999383148770421 0.348294903756289 0.30208926693592125 0.36295324371309534 0.30208926693592125 0.38494075364830477 0.3008942935698773 0.4050163061978438 0.297787362818163 0.42668515656877487 0.29013953327548136 0.4378382413185189 0.28368667709884376 0.446760709118314 0.27747281559541503
20 0.31299413200969833 0.4523229492202493 0.3140592232519863 0.45897976948454927 0.2980828546176664 0.46270758883255714 0.26236747601694155 0.46650996412213963 0.2087578834884461 0.47449814843929955 0.1934915756823182 0.45319632359353973 0.19810697106556618 0.4366874093380758 0.19597678858099019 0.4279004065892 0.2048525489333901 0.3930186684042683 0.21266321804350205 0.37145057074793647 0.21372830928579004 0.3472197449858847 0.20130224479243014 0.32458655608726494 0.19704187982327817 0.32192382798154495 0.19313654526822222 0.32325519203440495 0.17964538953257436 0.30221963999921714 0.1963318189950862 0.30221963999921714 0.23041473874830184 0.3024859128097891 0.2953853045278693 0.30754509621065707 0.30710130819303716 0.3080776418318011 0.335503741320717 0.313669370853813 0.36000083989334075 0.32085873673925697 0.3649712656906846 0.31899482706525295 0.3713618131444126 0.313403098043241 0.38875830343511636 0.32192382798154495 0.3923086075760764 0.33230846759385285 0.39124351633378834 0.3418942887744446 0.3915985467478844 0.3520126555761807 0.38414290805186846 0.36639138734706855 0.3788174518404286 0.3757109357170884 0.3777523605981406 0.3908884859196922 0.3724269043867005 0.4132554020077401 0.37207187397260455 0.4302968618843479 0.38059260391090843 0.4619833263424157 0.38414290805186846 0.46730878255385555 0.3624860527920126 0.4686401466067156 0.33798895421938885 0.4675750553644276
26 0.3415289205478025 0.6963505539677525 0.3384156877802125 0.7014186635734808 0.3336336898187374 0.7056752544534197 0.32074464407529596 0.7085641784993633 0.2922998534690804 0.7098975280590296 0.25881796452634737 0.7123420022517515 0.24474371917431362 0.7123420022517515 0.2367436218163155 0.7094530782058076 0.22963242416476157 0.7030085553340868 0.22518792563254034 0.6965640324623661 0.22222492661105953 0.676008226750843 0.21926192758957877 0.651452372360321 0.21289147969339503 0.6184519707585787 0.21378037939983932 0.6121185603501635 0.2208915770513932 0.6058962624050539 0.24207702005498086 0.6027851134324991 0.27170701026978883 0.6000073018498608 0.30015180087600446 0.5982295024369724 0.3130408466194459 0.5970072653406115 0.3183742448581114 0.5975628276571392 0.32237429353711045 0.5991184021434165 0.324448392852147 0.6028962258958047 0.3278558417268499 0.6196742078549395 0.33304109001444127 0.6442300622454615 0.3377818884488105 0.6745637647278713 0.3400041377149212 0.6851194487418966 0.3416337871767356 0.6912306342237008
28 0.5313207912939262 0.5152754742810024 0.5338021368132497 0.4970789404726289 0.5376620076210866 0.49025524029448875 0.5393162379673023 0.4790891854575323 0.5293908558900078 0.49025524029448875 0.5230496395628472 0.4995602859919525 0.5252552800244683 0.5022484103045531 0.5258066901398735 0.5185839349734339 0.5288394457746025 0.525200856358297 0.534353546928655 0.525407635151574 0.5384891227941945 0.5214788380793115 0.5404190581981129 0.5185839349734339 0.5362834823325735 0.5169297046272181
28 0.5583435966770925 0.41634481459141043 0.5530398858471204 0.4132951817879402 0.5493049472666699 0.4125580228575882 0.5471426144043038 0.4205193393053907 0.5457665844009799 0.43069213254424943 0.5492325470409919 0.44686574357943265 0.5533606370509635 0.4563013778879393 0.5606339384971041 0.4586602864650659 0.560240787067583 0.4620512175446855 0.558864757064259 0.4661793075546573 0.5641723013627941 0.4732560332860372 0.5686935428022868 0.47590980543530464 0.5773428742517513 0.4778264186542201 0.5808812371174414 0.47753155508207923 0.5844195999831313 0.47502521471888215 0.5879579628488213 0.4779738504402904 0.585009327127413 0.48121734973383956 0.5842230242683708 0.48917866618164213 0.5810778128322018 0.4912427111866279 0.5710524513794135 0.49006325689806457 0.5639757256480336 0.49035812047020544 0.5633859985037518 0.4860825986741633 0.5580784542052168 0.48829407546521963 0.551001728473837 0.49581309655481093 0.547856517037668 0.4986143004901489 0.5476599413229075 0.5045115719329655 0.5523777584771609 0.5074602076543738 0.5482496684671891 0.5092293890872189 0.5449078813162597 0.5157163876743172 0.5498222741852735 0.5191073187539367 0.5565058484871325 0.5192547505400071 0.5557195456280902 0.515716387674317 0.5596510599233013 0.5166009783907396 0.5679072399432448 0.5188124551817959 0.5724284813827375 0.5192547505400071 0.5781291771107935 0.5170432737489509 0.5757702685336669 0.5201393412564296 0.5771462985369907 0.5254468855549645 0.5826504185502863 0.5313441569977813 0.5854024785569342 0.5332607702166967 0.5861887814159763 0.5342927927191896 0.5789154799698357 0.533703065574908 0.5753771171041457 0.536946564868457 0.574394238530343 0.5454976084605413 0.5753771171041457 0.5482988123958792 0.5820606914060047 0.5502154256147948 0.5912997499997508 0.5525743341919213 0.5940518100063985 0.5541960838386959 0.6019148385968208 0.5553755381272591 0.6093847157577218 0.5578818784904563 0.6148888357710174 0.5624522638586392 0.6308114686666223 0.5732147842417796 0.6282559843747352 0.5757211246049767 0.6282559843747352 0.5777851696099625 0.6361190129651574 0.5773428742517512 0.6386744972570446 0.5779326013960329 0.641623132978453 0.5752788292467654 0.6463409501327062 0.5720353299532163 0.649093010139354 0.5701187167343008 0.6510587672869597 0.56982385316216 0.6514519187164807 0.5739519431721317 0.6683574301858884 0.5823555549781455 0.677793064494395 0.5807338053313709 0.678186215923916 0.5835350092667088 0.6779896402091556 0.5853041906995538 0.675630731632029 0.5889899853513142 0.6779896402091558 0.5920860528587929 0.6807417002158036 0.5923809164309337 0.6831006087929302 0.5909065985702295 0.6848697902257751 0.5888425535652437 0.6911602130981129 0.5854516224856242 0.6954848788228452 0.5814709642617228 0.7023650288394646 0.5845670317692017 0.7064931188494363 0.5799966464010188 0.7096383302856052 0.5745416703164132 0.7118006631479712 0.5738045113860611 0.7165184803022246 0.5735096478139203 0.7200568431679146 0.5723301935253571 0.7228089031745624 0.5755736928189061 0.7239883574631257 0.5832401456945678 0.7215320362020369 0.5845177647999275 0.7196116492950967 0.5851578937689075 0.7138504885742762 0.5821172811662522 0.706595693592502 0.5820372650451296 0.706595693592502 0.585397942132275 0.7106498437293758 0.5885985869771754 0.7151307465122363 0.5915591834587082 0.7212119717175469 0.5929994736389134 0.7246259928854407 0.5919592640643208 0.724839369208434 0.589478764309523 0.7292135838297977 0.5923593446699332 0.7323075405132015 0.5929994736389134 0.7335877984511616 0.5903589416418706 0.7359349380040886 0.5898788449151355 0.7388155183644989 0.5859580549801325 0.741696098724909 0.58555797437452 0.7431897329858628 0.5869182484336027 0.7495910226756634 0.5868382323124801 0.7488442055451866 0.5840376680731925 0.7544986781045105 0.5833975391042123 0.7553521833964839 0.5811570877127821 0.7538585491355305 0.5781164751101268 0.7519381622285902 0.5657939924572604 0.7430830448243659 0.5617131702800123 0.7359349380040886 0.5619532186433799 0.7357215616810951 0.5601928639786847 0.7335877984511616 0.5558719934380691 0.7425496040168825 0.5568321868915393 0.7549254307504973 0.5520312196241888 0.7558856242039674 0.5565121224070494 0.760366526986828 0.5572322674971518 0.7676213219686021 0.5544317032578641 0.7727423537204426 0.5491506392637785 0.7721022247514624 0.5447497526020405 0.7721022247514626 0.5382684467911172 0.7705019023290124 0.5363480598841771 0.7719955365899659 0.5349877858250944 0.7749828051118729 0.5365881082475447 0.7797837723792235 0.5369881888531571 0.7851181804540573 0.535867963157442 0.7871452555224943 0.5322672377069291 0.7844780514850772 0.5293066412253963 0.7810640303171836 0.5288265444986612 0.77893026708725 0.5301068024366213 0.7757296222423495 0.5301068024366213 0.774235987981396 0.5285864961352937 0.7780767617952765 0.526266028622741 0.7790369552487468 0.5217851258398805 0.7759429985653429 0.5181043842682451 0.7785035144412633 0.5114630462150768 0.7806372776711968 0.504101563071806 0.7798904605407201 0.49497972526384 0.7767965038573164 0.48793830660505927 0.770608590490509 0.48057682346178837 0.7666611285151319 0.47857642043372567 0.7672669171897755 0.47094082260627423 0.7601554753220345 0.4608502631993446 0.7711109398209867 0.4529219665224713 0.777033919070498 0.4502888678843317 0.7819799706749769 0.447608856248104 0.7816541385791653 0.445582214730702 0.7754007780946339 0.4391909584639121 0.7697143540839665 0.43543791861687153 0.768577069281833 0.43159958240967083 0.7645965724743656 0.4282730243634304 0.7668711420786327 0.4252876517578298 0.7730124800101538 0.42503176267734977 0.7784714470603947 0.43245254601127103 0.7822244869074353 0.4305760260877507 0.7867736261159693 0.42571413355862986 0.7976915602164512 0.4252023553976698 0.8140684613671738 0.42409350271558954 0.817025401852721 0.4234111318343095 0.8156606600901608 0.41692860846214846 0.8122488056837601 0.413943235856548 0.8065623816730926 0.41146964141190767 0.8023544279051985 0.4117255304923877 0.8025818848656252 0.40746071248438687 0.8016720570239184 0.40208704179430604 0.7987151165383711 0.3980781128667854 0.7968954608549574 0.39611629658310504 0.795416990612184 0.39705455654486527 0.7930286925277037 0.3988457801082255 0.7928012355672769 0.40208704179430604 0.7865461691555425 0.4043047471584664 0.7865461691555425 0.40558419256086664 0.7775616192186878 0.41189612321270763 0.7619808174294586 0.41129904869158745 0.7536786383738838 0.41061667781030736 0.7484471282840697 0.4089960469672671 0.7494706846059899 0.408057787005507 0.7532237244530304 0.4072901197640668 0.7559532079781508 0.4042194507983063 0.7608435326273251 0.3978222237863054 0.7626631883107386 0.39389859121894477 0.7601611617460449 0.3893778841304639 0.7537923668540972 0.389633773210944 0.7476510289225762 0.3852836588427833 0.7415096909910552 0.3849424734021432 0.7352546245793209 0.38792784600774366 0.7312741277718537 0.3910838113336642 0.7303642999301467 0.3945809621002248 0.7302505714499334 0.3969692601847052 0.7253602468007593 0.4006370036715857 0.723654319597559 0.4006370036715857 0.7203561936713718 0.3944956657400647 0.725587703761186 0.3924485530962244 0.7300231144895066 0.38852492052886384 0.7338898828167608 0.3841748061607031 0.725587703761186 0.3864778078850235 0.7214934784735053 0.3875013642069437 0.7176267101462515 0.3900602550117441 0.7121677430960104 0.395945703862785 0.7108030013334502 0.4008928927520658 0.7100069019719568 0.4086548615266273 0.7084147032489699 0.4122373086533477 0.7038655640404357 0.41266379045414775 0.6970418552276345 0.41146964141190756 0.6864651065677928 0.41129904869158757 0.6744098876651773 0.4095078251282272 0.6852140932854459 0.40439004351862645 0.6846454508843791 0.39986933643014566 0.6814610534384054 0.3966280747440651 0.6822571527998987 0.3895484768507839 0.681006139517552 0.3850277697623033 0.6728176889421905 0.3808482481144626 0.6612173839604286 0.377606986428382 0.656440787791468 0.3817012117160627 0.6551897745091211 0.3847718806818233 0.6502994498599467 0.3897190695711041 0.6452953967305594 0.39372799849862455 0.6433620125669325 0.4037076726373463 0.6356284759124246 0.4036223762771862 0.6264164690151429 0.4054135998405466 0.6215261443659688 0.4089960469672671 0.6136788792312475 0.4090813433274271 0.6081061837007932 0.40831367608598707 0.6081061837007932 0.4068636379632668 0.6035570444922591 0.40464593259910653 0.5998040046452185 0.40490182167958644 0.5974157065607382 0.40490182167958644 0.5987804483232984 0.4030253017560661 0.5990079052837249 0.3977369274261452 0.5933214812730574 0.39679866746438514 0.5904782692677236 0.39927226190902554 0.5888860705447369 0.4026841163154261 0.58865861358431 0.4075460088445469 0.5869526863811098 0.4115549377720676 0.5861565870196164 0.4162462375808683 0.5846781167768428 0.41769627570358864 0.5851330306976962 0.42272876095302947 0.5824035471725757 0.4236670209147896 0.576717123161908 0.42656709716023 0.5710306991512405 0.4292112843251904 0.5686424010667601 0.42904069160487035 0.5694385004282536 0.42221698279206926 0.5703483282699604 0.4152226812589481 0.56796003018548 0.4123226050135077 0.5685286725865468 0.4094225287680672 0.5713718845918805 0.4073754161242269 0.5723954409138007 0.4048165253194265 0.5734189972357209 0.40046641095126584 0.5694385004282536 0.40021052187078576 0.5638658048977994 0.4032811908365462 0.5617049637737457 0.40788719428518694 0.5610225928924655 0.4122373086533477
