22 0.5832471090750496 0.7759963357831091 0.5618519423864448 0.7866939191274117 0.5592585888484319 0.7832901426087698 0.5462918211583683 0.795932741106582 0.5025634383466092 0.7870881088973236 0.5022358593758959 0.7807003189684149 0.5002703855516163 0.7728384236712965 0.49863249069804993 0.765959265286318 0.4852017528988061 0.7553948434808152 0.48913270054736524 0.7507268431481511 0.4852017528988061 0.7379512632903336 0.4969945958444837 0.7337746314137396 0.4927360692252112 0.7246843149764465 0.49595456165988483 0.7080619451967245 0.5087301415177021 0.6982345760753264 0.5172471947562471 0.7011827868117458 0.5362467750576165 0.7019198394958508 0.5421431965304554 0.6940579441987323 0.5654013034510973 0.700937102583711 0.6066762537609687 0.6891442596380333 0.6161760439116535 0.6906183650062431 0.6220724653844922 0.6930752072865926 0.6253482550916248 0.6965147864790819 0.6325549924473167 0.6952863653389071 0.6322274134766035 0.6898813123221381 0.6335377293594565 0.685458996217509 0.6423823615687148 0.685704680445544 0.6518821517193994 0.6967604707071168 0.6620370998115106 0.7068335240565495 0.6610543628993707 0.7154324720377729 0.6617095208407975 0.7296821572638001 0.6597440470165178 0.7331217364562893 0.6515333637217872 0.7418144350057969 0.6306101378136485 0.7465817523013222 0.6269022243615733 0.7529381753620226 0.6304777123332173 0.7556197913407555 0.6254455440768295 0.7640619157182482 0.6200716208132372 0.7679728603144205 0.6124359670778532 0.7689505964634636 0.6004231132409285 0.7763225023402015 0.592973694962505 0.781490536270858 0.5870141603397663 0.7813508596781373
20 0.5186714526604882 0.33956401337920833 0.5332777666711837 0.3191364782514393 0.5347474751224909 0.28615572124816646 0.5379250916979216 0.2611319907166492 0.5429184891735985 0.22878839343101473 0.5499546401620523 0.21040361181602246 0.5538131745750753 0.19831732019875903 0.5544940924126677 0.18606079912209755 0.5790071345659907 0.19065699452584564 0.6169115608586292 0.19695548452357448 0.6327996437357829 0.19882800857695326 0.6402897399492983 0.20036007371153594 0.6502765349006521 0.2017219093867206 0.6666185630028675 0.20870131722204172 0.6818257280424288 0.21329751262578978 0.6822796732674905 0.21142498857241093 0.689542796868475 0.20955246451903212 0.6929473860564366 0.21125475911301286 0.6943092217316211 0.22180898559569362 0.6949901395692134 0.23457619505054936 0.6961250026318673 0.2609617612572512 0.6952171121817443 0.2640258915264166 0.6922664682188444 0.2730480528745146 0.7017993179451366 0.3040298144849645 0.711105195058898 0.3365436412299971 0.6564047954389829 0.33807570636457984 0.6080596289699292 0.33773524744578365 0.5338395846723678 0.338416165283376
29 0.1771194352093384 0.4117766452040255 0.16783130483843942 0.4065937247768907 0.1675679621411531 0.3951383174449375 0.15729759694698814 0.3900031348478549 0.14913397333111342 0.3900031348478549 0.14194171383730558 0.37467082256405654 0.14220505653459187 0.3590677677498444 0.1411516857454467 0.3505749657623618 0.14536516890202722 0.3505749657623618 0.1524754217287568 0.3563026694283383 0.15194873633418426 0.3487974025556795 0.14404845541559583 0.3428721918667381 0.15538577060072753 0.33491024519101215 0.166695927382216 0.33674947415483203 0.15565841469875719 0.3300217256224798 0.15892457146730427 0.32259861288650493 0.165135416789015 0.3175751350527683 0.17804423255570792 0.315657079879887 0.1835459889808796 0.3161370752920807 0.18800833561610852 0.31112979654962 0.200442862714022 0.30623938802635525 0.20923801602718034 0.30908264879569525 0.20938965660154507 0.3110160661188464 0.2206110591045402 0.31647512679597917 0.2291289078652105 0.31412344979668 0.2364076554347208 0.3159431366890576 0.2403503103682056 0.3191275887507184 0.23898554519892243 0.32106100607386956 0.2320100787781417 0.319241319181492 0.2210919574238762 0.31980997133535993 0.21912062995713386 0.32185711908928466 0.22730922097283293 0.32583768416636066 0.23019039188576407 0.3239042668432095 0.23504289026543768 0.3264063363202287 0.23504289026543768 0.33027317096653097 0.24368640300423117 0.337665648966815 0.24808397966081036 0.33550477078211655 0.25915374158944066 0.31742163228911435 0.27158826868735414 0.31844520616607686 0.27644076706702764 0.3162843279813784 0.2800801408517828 0.31696671056602 0.28629740440073953 0.3156019453967368 0.2900884187598595 0.3168529801352464 0.29600240116008664 0.31992370176613355 0.2931212302471555 0.3286809449357007 0.2900884187598595 0.33880295327455096 0.29751880690373467 0.3459679704132877 0.3052524761963394 0.35119957022887327 0.3052524761963394 0.3546114831520812 0.31298614548894405 0.3607529264138554 0.3132894266376737 0.36405110890629006 0.3093467717041889 0.368259134844913 0.3084369282580001 0.375651612845197 0.30373607045269135 0.3784948736145369 0.3035844298783265 0.3838402038608961 0.29221138680096664 0.39327982961510477 0.2876621695700227 0.3989663511537846 0.27932193797995886 0.400331116323068 0.27765389166194604 0.4002173858922944 0.2721948309848133 0.4016958814923511 0.2677972543282341 0.40067230761538875 0.259608663312535 0.40101349890770954 0.2479323390864455 0.4053352552771063 0.25051022885064705 0.4094295507849558 0.2606701473330886 0.41079431595423893 0.2674939731795045 0.41386503758512616 0.2662808485845861 0.4175044113698814 0.2623381936511014 0.4197790199853534 0.2600635850356294 0.4221673590315989 0.23868226405019285 0.42375958506242933 0.20987055492088108 0.4235321242008821 0.18939907738163334 0.42182616773927806 0.18515314129941896 0.4179593330929757 0.18651790646870214 0.41522980275440935 0.18515314129941893 0.4117041594004277
24 0.4011434549361404 0.3227428710979677 0.37044762423183786 0.29668885619282004 0.353909783864345 0.26493620268723406 0.33671042988215255 0.23616036044779654 0.3228186439734587 0.2173072224288548 0.2904044768531729 0.1691821069594509 0.2771742045591786 0.13941399429796394 0.27122058202688126 0.10914974642545218 0.2791587454032778 0.0888082027734361 0.3035624960319114 0.05905261341584723 0.35774255256373083 0.06262984294505483 0.5379177034032168 0.07311949213776463 0.5532775750664579 0.08792794176242033 0.5635615448632321 0.11014131652345284 0.5668524151981998 0.13235469128448535 0.5602706745282643 0.1570362187967437 0.5553343690258127 0.17307921167971163 0.5557457278176837 0.1835688608724214 0.5537720834032197 0.1856418458474961 0.5527521476757842 0.1982635504745109 0.5422658284198955 0.22833811097963153 0.5376761176464356 0.2554938997226028 0.5335963747366934 0.2864744474434573 0.5273067710841743 0.29654631275188326 0.5133676494758886 0.3179649630280296 0.4611809380887701 0.3354313623603633 0.4047444945040035 0.32612444884751396
28 0.6933216894603147 0.4354113535001666 0.6807606751001495 0.4471459853366367 0.6737088775646183 0.4347502474812105 0.6745903522565597 0.42995722884377907 0.6785569883702959 0.4263211457395207 0.6834050991759737 0.4254947632158256 0.6913383714034466 0.43094888787221314 0.6913383714034466 0.4226850626352624 0.7061030724934654 0.41524761992200665 0.7151381880858648 0.4159087259409627 0.7191048241996012 0.4202059150641771 0.7230714603133375 0.42351144515895744 0.72769920244603 0.4274780812726938 0.7310047325408103 0.43656828903333966 0.7305639951948396 0.4416918606802491 0.7164604001237769 0.4499556859171999 0.7083067592233188 0.4522695569835462 0.7032382797446557 0.4436751787371173
28 0.6711544450338428 0.4212612733329087 0.6636971734223558 0.4219324277779425 0.6613108465066798 0.4205901188878748 0.6639954642868152 0.41477344703091484 0.6666800820669506 0.4047061303554072 0.6717510267627618 0.39821830405341335 0.6812963344254653 0.401350358130238 0.6923330964104664 0.4033638214653395 0.6923330964104664 0.4060484392454749 0.689051896901412 0.41499716517925944 0.6818929161543843 0.4217087096295979 0.6801031709676275 0.42394589111304404 0.6759270988651945 0.42349845481635484
28 0.7612382861006075 0.40112663998189335 0.761029006267171 0.3993344629889924 0.7607285138815816 0.39799458590506875 0.7570766822498236 0.39232567387529677 0.7516929784379041 0.39217791404810876 0.7524662564973087 0.3983510558767395 0.7553044826254148 0.40218266114968265 0.7584265313663314 0.4035662963871345 0.7608390235752218 0.40367272986693836
28 0.7012159896495944 0.3580706262935912 0.6947031476404653 0.3530503105782207 0.6852957091828338 0.3531859947867443 0.6847529723487398 0.3576635736680206 0.6787828671737046 0.363633678843056 0.6820392881782691 0.3668900998476205 0.6887330424654299 0.36281957359191475
28 0.7033869369859709 0.3595631525873501 0.7042914983761278 0.35739220525097365 0.7077288316587239 0.35522125791459724 0.716593533282261 0.3565780999998324 0.718040831506512 0.3554926263316442 0.734684761085398 0.3603772578384913 0.7339611119732726 0.3637693630515794 0.7278100945202062 0.3696037840180912 0.7136989368337591 0.36322662621748536
28 0.6395818312573183 0.42219216627329337 0.6471903689889394 0.4147738419849627 0.6304515859793729 0.4070701975316964 0.6281690246598866 0.4087821185213112 0.6277885977733054 0.4176270436343206
28 0.624364755794076 0.42590132841745854 0.6274081708867244 0.42932517039668816 0.6266473171135624 0.4387407358395693 0.6327341472988591 0.44501777946815674 0.6323537204122782 0.4507241827668726 0.6277885977733054 0.4538627045811663 0.6129519491966443 0.45414802474610205 0.6068651190113473 0.4475856609525789 0.5931697510944295 0.46556083134353377 0.5854769784482461 0.46735443016482797 0.5862378322214082 0.45993610587649736 0.5923246624067051 0.43083344905304655 0.5965093581590968 0.42826556756862444 0.605639603437042 0.4302628087231749 0.6064004572102043 0.4237004449296517
28 0.6010744807980695 0.41086103750754105 0.5927050892932862 0.41713808113612855 0.5812922826958545 0.4185646819608074 0.5900421010872189 0.4045839938789536 0.6132481411686633 0.3980216300854304 0.6147698487149875 0.4028720728893389 0.610965579849177 0.40686655519843995
28 0.5915993400598679 0.3770658074919927 0.5856074114682253 0.3718977690817009 0.5763199221511792 0.3770658074919927 0.5772187114399256 0.3811103592913515
28 0.5677006491036708 0.4917691625349347 0.5774045566086677 0.48303564578043745 0.5774045566086677 0.4786688874031888 0.5732457391065262 0.47700536040233227 0.5563332145978174 0.48386740928086575 0.5560559600976746 0.5048694376666805 0.5649281041022431 0.5073647281679654
28 0.5475776377819677 0.5186045425170484 0.5558952727862507 0.5136139615144785 0.5452622123949307 0.5083591754621148 0.5431415657796834 0.5117424936385148
28 0.7592020087169188 0.5390400625702073 0.7621883802547038 0.5308275408412984 0.7744656854655981 0.533565048084268 0.7850838953777228 0.5333161837894526 0.7864111716167383 0.5340627766738989 0.7771202379436292 0.5407821126339153
28 0.7917202765728006 0.5420264341079923 0.7943748290508319 0.538293469685761 0.7927157337520625 0.5313252694309292 0.7953702862300935 0.5313252694309292 0.8003475721264021 0.5370491482116838 0.8007709869237545 0.5405888044234327 0.7936322272359988 0.544856650010535
28 0.8442129478458824 0.6034087386554006 0.8383013057603079 0.5994417156769231 0.8414126963316629 0.5957080469912972 0.8406348486888242 0.5919743783056712 0.8431239611459083 0.5913909925735422 0.8467020603029664 0.5932578269163552 0.8460797821886953 0.5960580784305747
28 0.8459073520831301 0.5085068848489611 0.8333417245395437 0.5032934861872606 0.8306681867643126 0.5048976088523991 0.8274599414340352 0.4966764801935635 0.8258558187688966 0.49226514286443207 0.8314702480968819 0.4898589588667241 0.8354805547597286 0.4940697808627131 0.8408276303101908 0.4978795721924174
28 0.8501850125234998 0.48163783020788836 0.8349458472046823 0.47562237021361825 0.831737601874405 0.4724141248833409 0.8402929227551447 0.46900536421992123 0.8488482436358844 0.4700079408856329 0.8541953191863465 0.4726146402164833 0.8544626729638697 0.47722649287875696
28 0.6794520679737589 0.4819313835370447 0.670752467863976 0.4812948274314508 0.6686306141786631 0.47683893469229377 0.669267170284257 0.47158734682114434 0.6788155118681649 0.47095079071555046 0.6792398826052275 0.47492926637551214
28 0.6001189568888549 0.5667975252668183 0.5914255347338285 0.5585870710092933 0.5927134491271657 0.5678842030361967 0.5906205882379927 0.5712649783187069 0.5931964170246672 0.5747664955755926 0.5920694919304971 0.5764568832168477 0.5849859627671422 0.5753702054474694 0.5801562837921275 0.5754909474218448 0.5785463908004559 0.5686086548824488 0.5713018723379338 0.5626922981380559 0.5703359365429308 0.5578626191630411 0.5738777011246083 0.5590700389067949 0.5746826476204441 0.5513425525467712 0.5723169585392435 0.5388714316372666 0.5760197124200881 0.5351284304316302 0.5813323592926043 0.5362151082010085 0.5803664234976013 0.5322306230466214 0.573926851530915 0.5284876218409849 0.5707070655475719 0.5230542329940934 0.5739268515309149 0.5147230367621931 0.5811713699934371 0.5120667133259349 0.5860010489684518 0.5152060046596945 0.6006510751926631 0.5191904898140817 0.6041928397743407 0.5190697478397063 0.6038708611760063 0.514723036762193 0.616910994408546 0.5083237121202985 0.625121448666071 0.5077200022484217 0.631239042034423 0.510134841735929 0.6280192560510799 0.5188282638909555 0.6247994700677367 0.5223297811478412 0.6280192560510799 0.523899426814721 0.6349417959152677 0.5236579428659702 0.6376786140011093 0.5259520403791023 0.6491088542419774 0.5260727823534775 0.6560313941061652 0.5281253959178588 0.6550654583111621 0.5223297811478412 0.6484648970453089 0.5202771675834599 0.6381615818986107 0.5148437787365684 0.6412203785827867 0.5106178096334305 0.6500747900369803 0.5118252293771842 0.6568363406020009 0.5085651960690493 0.6655297627570275 0.5073577763252956 0.6750281314078896 0.5057881306584158 0.6811457247762417 0.5025280973502808 0.6998204834796319 0.5013206776065271 0.7064210447454853 0.5022866134015301 0.715436445498846 0.5104970676590551 0.7215540388671982 0.5136363589928147 0.7315353754155619 0.5132741330696885 0.7374919794847465 0.5162926824290727 0.7205881030721951 0.5304194934309907 0.7125386381138373 0.5415277550735246 0.699981472778799 0.5405618192785216 0.6953127831029515 0.5353699143803808 0.7001424620779662 0.5281253959178588 0.6919320078204413 0.5258312984047268 0.6871023288454264 0.5243823947122223 0.6644028376628571 0.5284876218409849 0.6656907520561945 0.5328343329184981 0.669232516637872 0.540320335329771 0.6697154845353733 0.5474441118179177 0.6673006450478662 0.5507041451260526 0.6534555653194907 0.5551715981779413 0.6687495487403706 0.5578279216141993 0.6689105380395378 0.5614501808454603 0.6653687734578604 0.564951698102346 0.6732572491170511 0.569902119051736 0.679374842485403 0.5702643449748622 0.6854924358537551 0.5665213437692258 0.6890342004354325 0.5674872795642287 0.6954737724021187 0.5694191511542346 0.6990155369837961 0.5712302807698652 0.6986935583854617 0.5749732819755016 0.7027182908646408 0.576422185668006 0.7054551089504824 0.5741280881548739 0.7136655632080074 0.576422185668006 0.7162413919946818 0.5789577671298886 0.7136655632080074 0.5841496720280294 0.7110897344213329 0.5854778337461585 0.7125386381138373 0.588617125079918 0.7125386381138373 0.5916356744393022 0.7099628093271629 0.5939297719524342 0.6964397081971216 0.6016572583124579 0.6908050827262712 0.6038306138512144 0.6864583716487581 0.6016572583124578 0.677120992297063 0.5950164497218127 0.675350110006224 0.5993631607993258 0.6700374631337078 0.6022609681843346 0.6573193084995023 0.5994839027737012 0.644601153865297 0.6015365163380825 0.6415423571811211 0.6058832274155956 0.6320439885302588 0.6047965496462174 0.6257654058627397 0.6035891299024637 0.616910994408546 0.5993631607993258 0.6125642833310327 0.5918771583880529 0.6130472512285342 0.5897038028492964 0.6191648445968863 0.5881341571824166 0.6299511276410857 0.5910319645674253 0.6307560741369216 0.5880134152080412 0.6408983999844525 0.5845118979511555 0.6423473036769569 0.581372606617396 0.6433132394719598 0.5718339906417419 0.6420253250786225 0.5702643449748621 0.6381615818986108 0.5746110560523754 0.6241555128710681 0.5807688967455192 0.6136912084252029 0.5790785091042641 0.6104714224418597 0.576422185668006 0.6104714224418597 0.5715925066929912 0.6106324117410269 0.5686946993079824 0.607734604356018 0.5670043116667273 0.6058027327660122 0.5678495054873548 0.6020999788851676 0.568211731410481
