32 0.6723449718538506 0.5007001460018055 0.6618528799440841 0.48968344949655074 0.6466191209755769 0.47585323186978157 0.640061563531973 0.47014815689384615 0.64047105478995 0.44773566755888367 0.6460945163800886 0.42804863810590865 0.6507804482945061 0.4118674115041891 0.6542258876101577 0.3837851253615817 0.6594719335650409 0.3521121229089745 0.6657671887109007 0.33302963074808695 0.6801938150868294 0.31257005152404244 0.710883183922896 0.29230719902330615 0.7428840642476834 0.2807003223481271 0.7785571767408892 0.2751919740954997 0.8241977765483728 0.27735596805188906 0.8651169349964618 0.2869955774939869 0.8947570946415517 0.30017626795563096 0.9173150922475495 0.3176849463300536 0.9299056025392691 0.3316525436849301 0.9435453220219655 0.3544728435886719 0.946168344999407 0.3729651555796351 0.9445945312129421 0.39224437446383087 0.9359385553873848 0.4150646743675728 0.9120690462926665 0.4394587880577795 0.8698383763558566 0.4603118207284402 0.8320668454806976 0.47604995859308985 0.8213124512731871 0.47919758616601965 0.780130990527354 0.49768989815698284 0.7616739851701694 0.5039227316343488 0.721141810121893 0.5055049007869283 0.695724945825077 0.506710010732036 0.6755667431069127 0.5032042363462683
23 0.4892135332819908 0.8176680155316045 0.47064370920819004 0.8179643425115056 0.4619514511310917 0.8167790345919014 0.45523470625333395 0.812037802913484 0.4532591930539935 0.8070002442551657 0.4524689877742572 0.7951471650591226 0.4500983719350486 0.774107949486146 0.45049347457491673 0.7640328321695093 0.45760532209254257 0.754846695792576 0.47182901712779424 0.7421046356568297 0.5046225362368468 0.7424009626367308 0.5220070523910434 0.7438825975362362 0.5425523896641848 0.7444752514960383 0.5615173163778537 0.7456605594156427 0.5729752929340287 0.7545503688126749 0.577716524612446 0.7619585433102019 0.581667551011127 0.774107949486146 0.5796920378117866 0.7856647017022883 0.570209574454952 0.7975177808983313 0.5555907767798323 0.8087782061345722 0.5362307474262952 0.8155937266722969 0.5145001022335495 0.8173716885517035
14 0.6793595666270191 0.6565490975872144 0.6795892662238966 0.6982395744204414 0.6855614557427058 0.7056473864197337 0.6952088388115517 0.7049582876291018 0.719786695677421 0.7035800900478381 0.7675642118278961 0.7027187165595482 0.784561981996815 0.7028909912572061 0.7861698791749561 0.6994454973040469 0.7838667328825659 0.6601668662380313 0.7798290168253397 0.6559954919405029 0.7765562559122976 0.6525118858124866 0.7682895418581568 0.6514375762781337 0.7347266940524928 0.6527034445605405 0.7086075587394132 0.6533220556600609 0.68010562511707 0.654284339592648
20 0.652679665199868 0.6190153220982416 0.6587197056508194 0.6227459353179469 0.6576538161594749 0.6350036644684071 0.655877333673901 0.6456625593818508 0.6516137757085236 0.657920288532311 0.652679665199868 0.6621838464976885 0.6779057164950182 0.6560549819224584 0.6803243792469189 0.6537343636588799 0.7077061029373788 0.652684343723537 0.7378327710970887 0.6521431460919254 0.7679594392567983 0.6507901520128964 0.7766186013625833 0.6518725472761195 0.7835639709682648 0.6582316194475553 0.7857287614947113 0.660937607605613 0.7941173247846903 0.659246365006827 0.8056628742590702 0.6555932809934489 0.8123376450489461 0.6539696880986143 0.8150436332070039 0.6521431460919254 0.8163064276807642 0.6465282206639554 0.8223498012337599 0.6428074869466259 0.831820759786962 0.6349601212882585 0.8320913586027678 0.6317129354985891 0.830287366497396 0.626368608886425 0.8290245720236358 0.617844746188543 0.8276715779446068 0.6124327698724273 0.8247851905760119 0.6033000598389824 0.8233419968917144 0.5955879935885178 0.8214478051810739 0.5876729782261987 0.8189222162335534 0.5782696693769479 0.8150436332070038 0.5713693995739005 0.8141416371543179 0.5677163155605226 0.8123376450489461 0.5613572433890865 0.8093610580750825 0.5528333806912047 0.8056628742590702 0.546474308519769 0.8117062478120658 0.5430918233221967 0.819012415838822 0.5404534848680904 0.8189222162335534 0.5370709996705182 0.8209066075494623 0.5334855653610915 0.8225302004442971 0.52685589437385 0.8237027953127888 0.5208350707221715 0.8261381846550406 0.5137995015112212 0.8288441728130985 0.5041255938461647 0.8224400008390285 0.5007431086485924 0.8184712182072105 0.5002019110169809 0.8088198604434709 0.5010137074643982 0.7976351093901656 0.5014196056881068 0.7845561666262195 0.5015549050960096 0.7694928325463646 0.5020961027276213 0.7580374826772533 0.5051403394054362 0.7484763245187825 0.5050726897014848 0.7264676208332459 0.5064256837805138 0.698505743199982 0.5076433784516398 0.6819090158305611 0.507981626971397 0.6663946837243632 0.5107552648334063 0.6617945038556649 0.5075757287476883 0.6553001322763262 0.507508079043737 0.6397858001701282 0.5112288127610664 0.638523005696368 0.5218498162814432 0.6374406104331448 0.5328090683215772 0.6372602112226076 0.5453919132565459 0.6392446025385167 0.5467449073355748 0.6430329859597975 0.5469478564474292 0.6451977764862439 0.5526980812833019 0.6461899721441982 0.5562158658887769 0.6488959603022562 0.5591924528626405 0.6484449622759132 0.567039818521008 0.6472723674074214 0.5723841451331722 0.6456487745125866 0.5854405379958011 0.6460095729336611 0.594708547437149 0.6498881559602107 0.6129063178000874
16 0.6491240696294176 0.37976976110730143 0.6341590069250342 0.39042893062756606 0.6164548732289403 0.40273230336048627 0.6107423582876568 0.40552646827741834 0.6032912518425045 0.40422252464951663 0.5854085963741389 0.3926733096595305 0.5556041705935294 0.37516320951342247 0.5290285576058192 0.3587707753340872 0.4972371701065023 0.33977045389894867 0.49400835731360304 0.3339958464039555 0.49475346795811814 0.3271035729421896 0.5166100468638986 0.31015230577946784 0.5444275109258009 0.2900343183775565 0.5575911323122367 0.28221065661014644 0.5702580132689957 0.2805341576599872 0.5804411920773707 0.28221065661014644 0.5933564432489681 0.2900343183775565 0.6157097625844252 0.3043776982844748 0.6380630819198824 0.3179759675468779 0.6497568995661446 0.3252956522573595 0.6629001034037236 0.3328781804371827 0.6597395659898332 0.34320837576829016 0.6569172944710338 0.35127200867914576 0.655842143416253 0.36175473146325793 0.6546325984796246 0.3710279093107418 0.6523479024882157 0.37717642940526924
31 0.29488347550260224 0.3999613222921979 0.2700540108104485 0.4047362193483813 0.2601858902276694 0.40187128111467124 0.2503177696448904 0.4025875156730987 0.24490621964788253 0.4040199847899537 0.21773530576196362 0.4104024019789643 0.21582534693949026 0.4051500152171626 0.20532057341588675 0.4027625666890708 0.20245563518217669 0.39727143507445994 0.19608910577393213 0.3910640689014215 0.20277396165258893 0.38581168213961975 0.1922691881289854 0.37864933655534455 0.20054567635970333 0.375068163763207 0.21678032635072694 0.375068163763207 0.21296040870578023 0.36862205273735943 0.187494291072802 0.3667120939148861 0.18653931166156532 0.3559685755384734 0.1753978851971374 0.34188262922273227 0.18017278225332078 0.34188262922273227 0.1766711910787863 0.3402114152530681 0.15820825579487707 0.33567526304969386 0.15597997050199147 0.3301841314350829 0.1575716028540526 0.32564797923170874 0.15693494991322818 0.3187243785002427 0.16616641755518277 0.313471991738441 0.1674397234368317 0.3125170123272043 0.16361980579188498 0.3075033704182117 0.16648474402559502 0.3003410248339366 0.17603453813796183 0.3012960042451733 0.1852660057799164 0.30416094247888337 0.19258751459939763 0.30965207409349427 0.20086400283011552 0.30654839100697506 0.19990902341887884 0.30225098365641 0.2046839204750623 0.29532738292494404 0.2174169792915514 0.29508863807213487 0.21455204105784134 0.2903137410159515 0.2148703675282536 0.28530009910695886 0.226648446933506 0.2857775888125772 0.22282852928855928 0.2907912307215698 0.2311050175192772 0.29532738292494404 0.2467030145694763 0.2981923211586541 0.25752611456349206 0.2972373417474174 0.25975439985637766 0.2900749961631423 0.2635743175013244 0.28816503734066895 0.26643925573503446 0.2905524858687606 0.2680308880870956 0.2907912307215698 0.2696225204391567 0.2969985968946082 0.28331055866688254 0.29604361748337155 0.29190537336801264 0.292462444691234 0.2957252910129594 0.292462444691234 0.29636194395378385 0.293894913808089 0.2912687204271882 0.2955661277777532 0.2922236998384249 0.3001022799811275 0.2960436174833716 0.29675985204179905 0.2995452086579061 0.29675985204179905 0.30113684100996724 0.30201223880360084 0.3068667174773873 0.30129600424517333 0.3113232880631585 0.30678713585978423 0.32437467335005976 0.3084583498294484 0.3332878145216022 0.30654839100697506 0.3351977733440756 0.30965207409349427 0.3457025468676791 0.3160981851193419 0.34633919980850353 0.3199181027642886 0.3460208733380913 0.32564797923170874 0.34633919980850353 0.3368689873137398 0.34793083216056464 0.35549108583285505 0.3600272380362293 0.36074347259465683 0.3657571145036494 0.3698157770014053 0.3695770321485961 0.3815142747890546 0.3702136850894206 0.39082532404861225 0.3667120939148861 0.3939290071351314 0.36512046156282496 0.3994201387497424 0.3593905850954049 0.4020463321306433 0.3402909968706712 0.4001363733081699 0.321828061586762 0.40061386301378826 0.30559341159573844 0.3979876696328874
28 0.2949573465081226 0.5927572326906985 0.2929921887637819 0.5964419034613372 0.2870967155307599 0.5998809295139333 0.26842771695952344 0.5969331928974224 0.2667900855059062 0.5932485221267836 0.2785810319719503 0.5920202985365707
28 0.3052164776330119 0.47993263380347523 0.2965970846359373 0.4805582349081017 0.2957629498297688 0.4726339542495008 0.29520685995898976 0.4676291454124897 0.2988214441190533 0.4655438083970684 0.3007677586667799 0.46825474651711607 0.2988214441190533 0.4707571509356216 0.30021166879600086 0.4709656846371637
28 0.2878006037773 0.4215179612895385 0.2902875181356295 0.4184093183416266 0.2938797277643276 0.42058536840516486 0.2938797277643276 0.4227614184687032 0.29014935622683335 0.42680265430098857 0.2814451559726802 0.42897870436452684 0.2807543464286998 0.4243157399426591
28 0.5542196160435829 0.4469280465706234 0.5563169466624802 0.4488942940258395 0.5649684354654311 0.44673142182510184 0.5640945477075573 0.44083267945945354 0.5581521109540152 0.43722789245822385 0.5532583395099218 0.43722789245822385 0.5483645680658283 0.4391941399134399 0.543732962949097 0.4405705131320913 0.5374409710924054 0.4415536368596993 0.5367418608861064 0.4440442169696398 0.5387518027292162 0.4448307159517262 0.538489636401854 0.4485665861166368 0.541460854778625 0.44981187617160706 0.5488889007205526 0.4505328335718529 0.5522096742004732 0.45000850091712863 0.5515105639941741 0.4465347970795801
28 0.557853373700287 0.4883278438555186 0.5567782156062646 0.4845983892168786 0.5634979536939043 0.4838928167176765 0.5659170594054546 0.48903341635472086 0.5629603746468931 0.490746949567069 0.5597349003648261 0.4903437652818104 0.5577189789385342 0.48943660063997924
28 0.5272763891863615 0.5303732612523845 0.5218348685074096 0.5274377040440025 0.5203074241063003 0.5255045322238485 0.5249852225846975 0.5223541781465606 0.5300448821633721 0.5212085948457286 0.5351045417420468 0.5194902198944806 0.5387322221946814 0.5202778084138027 0.5393050138450974 0.5224257771028625 0.5359637292176708 0.5248601416171306 0.5329088404154522 0.5269365113498885
28 0.5594751846095218 0.6005114187193396 0.5637096488244908 0.6034604205833358 0.5659781117967956 0.605955729852871 0.5658268809319752 0.6082241928251757 0.5593239537447016 0.6125342724725549 0.5522161030981466 0.6119671567294787 0.5526697956926075 0.6081107696765605
28 0.5860196011787343 0.5911614505826249 0.585414677719453 0.5865111014894001 0.5894979110696017 0.5815204829503297 0.5950934530679535 0.5825412912878668 0.599176686418102 0.5866245246380154 0.5947909913383128 0.5903674885423184
28 0.5373888687113207 0.7162693352455065 0.5351624502024193 0.7188297165307432 0.5356077339041996 0.7222806652195408 0.529670617880462 0.7233938744739916 0.5241787855585048 0.7204995304124195 0.5229913623537573 0.7166032980218418 0.5226945065525704 0.7121504610040386 0.5283347667751211 0.7107032889732525 0.5327876037929242 0.7132636702584894
28 0.502873727210568 0.7186878946734268 0.5070297084271843 0.7206916713314382 0.5037642946141286 0.7234746944675651 0.494710192677929 0.7213595968841087 0.48862464875359796 0.7243652618711256 0.483578100133421 0.7221388433622242 0.48580451864232266 0.7200237457787676 0.48892150455478484 0.720357708555103 0.4953039042803027 0.7189105365243169
28 0.31430925964262857 0.6384966700987738 0.3204899963700174 0.6425222815199021 0.3154478164082002 0.6470358458405611 0.3073152680826885 0.6437421637687288 0.3066646642166476 0.6389846229983045
