22 0.5832471090750496 0.7759963357831091 0.5618519423864448 0.7866939191274117 0.5592585888484319 0.7832901426087698 0.5462918211583683 0.795932741106582 0.5025634383466092 0.7870881088973236 0.5022358593758959 0.7807003189684149 0.5002703855516163 0.7728384236712965 0.49863249069804993 0.765959265286318 0.4852017528988061 0.7553948434808152 0.48913270054736524 0.7507268431481511 0.4852017528988061 0.7379512632903336 0.4969945958444837 0.7337746314137396 0.4927360692252112 0.7246843149764465 0.49595456165988483 0.7080619451967245 0.5087301415177021 0.6982345760753264 0.5172471947562471 0.7011827868117458 0.5362467750576165 0.7019198394958508 0.5421431965304554 0.6940579441987323 0.5654013034510973 0.700937102583711 0.6066762537609687 0.6891442596380333 0.6161760439116535 0.6906183650062431 0.6220724653844922 0.6930752072865926 0.6253482550916248 0.6965147864790819 0.6325549924473167 0.6952863653389071 0.6322274134766035 0.6898813123221381 0.6335377293594565 0.685458996217509 0.6423823615687148 0.685704680445544 0.6518821517193994 0.6967604707071168 0.6620370998115106 0.7068335240565495 0.6610543628993707 0.7154324720377729 0.6617095208407975 0.7296821572638001 0.6597440470165178 0.7331217364562893 0.6515333637217872 0.7418144350057969 0.6306101378136485 0.7465817523013222 0.6269022243615733 0.7529381753620226 0.6304777123332173 0.7556197913407555 0.6254455440768295 0.7640619157182482 0.6200716208132372 0.7679728603144205 0.6124359670778532 0.7689505964634636 0.6004231132409285 0.7763225023402015 0.592973694962505 0.781490536270858 0.5870141603397663 0.7813508596781373
20 0.5299210318910422 0.32541932184667355 0.5332777666711837 0.3191364782514393 0.5347474751224909 0.28615572124816646 0.5379250916979216 0.2611319907166492 0.5429184891735985 0.22878839343101473 0.5499546401620523 0.21040361181602246 0.5538131745750753 0.19831732019875903 0.5544940924126677 0.18606079912209755 0.5790071345659907 0.19065699452584564 0.6169115608586292 0.19695548452357448 0.6327996437357829 0.19882800857695326 0.6402897399492983 0.20036007371153594 0.6502765349006521 0.2017219093867206 0.6666185630028675 0.20870131722204172 0.6818257280424288 0.21329751262578978 0.6822796732674905 0.21142498857241093 0.689542796868475 0.20955246451903212 0.6929473860564366 0.21125475911301286 0.6943092217316211 0.22180898559569362 0.6949901395692134 0.23457619505054936 0.6961250026318673 0.2609617612572512 0.6952171121817443 0.2640258915264166 0.6922664682188444 0.2730480528745146 0.7017993179451366 0.3040298144849645 0.7094508451720517 0.3303398291543239 0.6573974053710906 0.3296385219416644 0.6054126691509752 0.32532762329443726 0.5540226532918912 0.325015931199922
29 0.1800218724921938 0.41213944986438245 0.17073374212129483 0.4069565294372476 0.17047039942400855 0.3955011221052944 0.16020003422984355 0.39036593950821186 0.15203641061396883 0.39036593950821186 0.14484415112016102 0.37503362722441347 0.14510749381744728 0.35943057241020127 0.14405412302830212 0.35093777042271873 0.14826760618488266 0.35093777042271873 0.15537785901161225 0.35666547408869526 0.15485117361703968 0.34916020721603636 0.14695089269845124 0.343234996527095 0.15828820788358294 0.3352730498513691 0.16959836466507142 0.33711227881518896 0.1585608519816126 0.3303845302828367 0.1618270087501597 0.3229614175468618 0.16803785407187044 0.31793793971312523 0.18094666983856336 0.31601988454024393 0.18644842626373503 0.3164998799524376 0.19091077289896394 0.3114926012099769 0.20334529999687742 0.3066021926867122 0.21214045331003575 0.3094454534560522 0.2122920938844005 0.31137887077920334 0.22351349638739562 0.3168379314563361 0.23203134514806592 0.31448625445703693 0.23931009271757625 0.3163059413494145 0.243252747651061 0.3194903934110753 0.24188798248177787 0.3214238107342265 0.23491251606099714 0.31960412384184894 0.22399439470673163 0.32017277599571686 0.22202306723998927 0.3222199237496416 0.23021165825568837 0.3262004888267176 0.2330928291686195 0.32426707150356643 0.2379453275482931 0.3267691409805856 0.2379453275482931 0.3306359756268879 0.24658884028708658 0.33802845362717193 0.25098641694366575 0.3358675754424735 0.2620561788722961 0.3177844369494713 0.2744907059702096 0.3188080108264338 0.279343204349883 0.31664713264173533 0.28298257813463823 0.3173295152263769 0.28919984168359497 0.31596475005709374 0.2929908560427149 0.3172157847956033 0.2989048384429421 0.3202865064264905 0.2960236675300109 0.3290437495960576 0.2929908560427149 0.3391657579349079 0.3004212441865901 0.3463307750736446 0.30815491347919477 0.3515623748892302 0.30815491347919477 0.3549742878124381 0.3158885827717995 0.36111573107421235 0.3161918639205291 0.36441391356664693 0.31224920898704434 0.36862193950526995 0.31133936554085556 0.37601441750555387 0.3066385077355468 0.3788576782748938 0.3064868671611819 0.384203008521253 0.2951138240838221 0.3936426342754617 0.29056460685287816 0.3993291558141415 0.2822243752628143 0.4006939209834249 0.2805563289448015 0.40058019055265126 0.2750972682676687 0.402058686152708 0.27069969161108953 0.4010351122757456 0.26251110059539046 0.4013763035680665 0.2508347763693009 0.4056980599374632 0.25341266613350244 0.40979235544531273 0.263572584615944 0.4111571206145958 0.27039641046235996 0.4142278422454831 0.2691832858674415 0.41786721603023835 0.26524063093395683 0.42014182464571026 0.26296602231848476 0.42253016369195584 0.24158470133304827 0.4241223897227862 0.2127729922037365 0.42389492886123903 0.19230151466448878 0.422188972399635 0.18805557858227437 0.41832213775333266 0.18942034375155756 0.4155926074147663 0.18805557858227434 0.41206696406078464
24 0.4011434549361404 0.3227428710979677 0.37044762423183786 0.29668885619282004 0.353909783864345 0.26493620268723406 0.33671042988215255 0.23616036044779654 0.3228186439734587 0.2173072224288548 0.2904044768531729 0.1691821069594509 0.2771742045591786 0.13941399429796394 0.27122058202688126 0.10914974642545218 0.2791587454032778 0.0888082027734361 0.3035624960319114 0.05905261341584723 0.35774255256373083 0.06262984294505483 0.5379177034032168 0.07311949213776463 0.5532775750664579 0.08792794176242033 0.5635615448632321 0.11014131652345284 0.5668524151981998 0.13235469128448535 0.5602706745282643 0.1570362187967437 0.5553343690258127 0.17307921167971163 0.5557457278176837 0.1835688608724214 0.5537720834032197 0.1856418458474961 0.5527521476757842 0.1982635504745109 0.5422658284198955 0.22833811097963153 0.5376761176464356 0.2554938997226028 0.5335963747366934 0.2864744474434573 0.5273067710841743 0.29654631275188326 0.5133676494758886 0.3179649630280296 0.4611809380887701 0.3354313623603633 0.4047444945040035 0.32612444884751396
28 0.5618037914199782 0.503110892569238 0.5618752313686173 0.49956893725398943 0.5551061612105869 0.4966173078246158 0.5527448576670878 0.4990966765452896 0.5573100445178525 0.5067709130616613 0.549911293414889 0.5096044773138602 0.5489243637454008 0.5161809546088814 0.5522301887062995 0.5220842134676288 0.5490817839816341 0.5256261687828774 0.5446740173671026 0.5230287348850284 0.5402662507525712 0.49292211470541614 0.549554044690334 0.4830046398227204 0.5464056399656686 0.4801710755705216 0.5593140993367965 0.4713161872824003 0.566083169494827 0.47391362118024927 0.5681296325658594 0.4673019712584521 0.5837142359529528 0.467065840904102 0.5896962049298169 0.4691910140932512 0.5985117381588798 0.4682464926758516 0.6213376724127034 0.47037166586500073 0.6229118747750361 0.4714342524595752 0.6221247735938698 0.476865250609623 0.6328293496577319 0.4794626845074718 0.633459030602665 0.48194205322814576 0.6321996687127989 0.48690079066949365 0.6207079914677703 0.495519548603265 0.6101608356401416 0.5003602208674379 0.5975672167414803 0.5035479806511617 0.5852884383152854 0.5033118502968117 0.5730096598890907 0.5046105672457363
28 0.6037066059545777 0.5284597330350762 0.5977246369777135 0.5232648652393784 0.601502722647312 0.5197229099241298 0.6071698511517096 0.5151183680143068 0.6085866332778089 0.5183061277980304 0.6104756761126081 0.5231468000622034 0.6140963415459733 0.5288139285666009 0.6118924582387075 0.5343629918938236 0.60622532973431 0.5354255784883982
28 0.5974800522752572 0.45856594012125984 0.5902605016435978 0.45856594012125984 0.589015751534691 0.45352470218018737 0.5927500018614115 0.43429331299757756 0.5964842521881318 0.428691937507497 0.5969821522316945 0.4223437119520724 0.6051975029504794 0.41991644923970417 0.6126660036039201 0.42402412459909655 0.6096786033425438 0.42925207505650503 0.6094296533207624 0.43560030061192967 0.6044506528851352 0.44549606397773867
28 0.6822992415294451 0.4643540281276764 0.6828699097462628 0.4684617034870688 0.6965621609442375 0.4714491037484451 0.7025369614669902 0.4673414283890527 0.7124949623382445 0.4628603279969884 0.7169760627303087 0.4628603279969884 0.7149844625560579 0.4686484160034048 0.7092586120550868 0.4733162289118053 0.7107523121857748 0.48022459201623796 0.7121734985443541 0.4815303744762385 0.726689805120774 0.4854655178252678 0.7303626055798681 0.4941228331931326 0.7268647003807308 0.5060594346851887 0.7238914809614642 0.5101257494791858 0.7223174236218523 0.5110439495939593 0.7160211942634053 0.5105192638140887 0.7182948326428444 0.5153726072778918 0.7195190994625424 0.5176025218423418 0.7165458800432758 0.5221935224162095 0.7151467179636208 0.5279650659947861 0.7191693089426288 0.5250792942054977 0.7280889672004288 0.52494812276053 0.7289634435002131 0.5227182081960801 0.7322864534393936 0.5248169513155624 0.7315868723995662 0.5288832661095596 0.7305375008398249 0.5353106669129744 0.7254655383010759 0.5385899530371656 0.7212680520621112 0.548165468519804 0.7196939947224993 0.5531499834285747 0.7144471369237935 0.5522317833138011 0.7090253838651306 0.5565604409977335 0.7013299924270285 0.5589215270071511 0.6892622194900049 0.5582656697823128 0.6742212271337145 0.5532811548735422 0.6600547110772085 0.5467225826251598 0.6532337959388905 0.5402951818217451 0.6509601575594515 0.5338677810183302 0.6520095291191926 0.5307196663391066 0.6432647661213494 0.5263910086551743 0.6425651850815219 0.520881807966533 0.6478120428802279 0.5149790929429888 0.6530589006789339 0.5089452064744769 0.6562070153581574 0.5089452064744769 0.6625032447166046 0.5098634065892504 0.6651266736159576 0.5064529490200916 0.6621534541966908 0.501468434111321 0.6630279304964752 0.498845005211968 0.6667007309555693 0.4960904048676474 0.671073112454491 0.4960904048676474 0.6731718555739732 0.49936969099183853 0.6728220650540596 0.501468434111321 0.6691492645949654 0.5042230344556416 0.6691492645949654 0.5054035774603505 0.6724722745341458 0.5064529490200916 0.6738714366138008 0.5082893492496388 0.67614507499324 0.5178648647322771 0.6833157806514714 0.5166843217275683 0.6829659901315577 0.508551692139574 0.6817417233118597 0.49936969099183853 0.684015361691299 0.48992534695416784 0.6873383716304794 0.49149940429377975 0.6899442562883764 0.48237471370960155 0.6936428391666286 0.48005701062868633 0.6866696430134271 0.4803422777440446 0.6806473372447531 0.4778699627442732 0.6808375153216588 0.4750648361099172 0.6770973464758508 0.4761583600521238 0.6722795018609117 0.47178426428329745 0.6716455749378933 0.4663166445722645 0.6641381249514298 0.4672582471300138 0.6506759008156299 0.4683188721315089 0.6348113243880956 0.4664356670160103 0.6303601122969169 0.46001564957681024 0.6352678589615498 0.454965235857973 0.6382353336890023 0.448031617023637 0.6458822877943604 0.4397283944689383 0.6542140437598999 0.42825796331090094 0.6578663203475337 0.4286859644735143 0.6623175324387125 0.43133957168171705 0.665513274452892 0.43091157051910367 0.6690514173971622 0.43347957749478366 0.6805789153768813 0.43382197842487435 0.6779538415795195 0.43014116842639966 0.677611440649429 0.427230760520629 0.6754429014255213 0.4250907547075623 0.6770407724326111 0.423378750057109 0.6802365144467906 0.423892351452245 0.6851442611114236 0.42346435028963164 0.6875410676220582 0.4225227477318823 0.6965576254477791 0.4226939481969276 0.6980413628115053 0.42483395400999435 0.696329358161052 0.42560435610269837 0.696329358161052 0.4280867628458557 0.7005523029655035 0.43074037005405835 0.6999816347486856 0.4340787791224423 0.699639233818595 0.43750278842334894 0.702720842189411 0.4386155914461437 0.7064872524204084 0.4391291928412797 0.7067155197071354 0.44092679772425564 0.7031773767628651 0.4469188140008423 0.6976989618814146 0.45410923353274624 0.6863997311884227 0.460871651902037 0.681948519097244 0.46241245608744497
28 0.6535624614271239 0.4225374030074519 0.6477565889251021 0.42150609670775074 0.633089121551573 0.42196445506317354 0.629575040826665 0.4160057964426774 0.6167975602805873 0.408282705092841 0.6169503463990614 0.4049596070160258 0.6195477104131238 0.404501248660603 0.6253535829151458 0.4014073297614992 0.6277981608107339 0.3986571796289626 0.6328401027203846 0.39854259004010684 0.6346735361420757 0.40049061305065364 0.6368125418007152 0.39934471716209685 0.6371181140376638 0.39246934183075505 0.6418544837103659 0.3925839314196107 0.6446046338429025 0.39453195443015754 0.6556052343730492 0.40060520263950933 0.6540773731883065 0.40243863606120045 0.6505632924633986 0.40576173413801564 0.6482715006862848 0.4058763237268713 0.6528550842405125 0.4061055029045828 0.656063592728472 0.4061055029045828 0.6621750374674424 0.4077097571485624 0.6621750374674424 0.4125225198805016 0.6607999624011741 0.4172206930235851
28 0.6786759382626625 0.4159602075461726 0.675467429774703 0.4142413637133371 0.6695087711542067 0.41504349083532704 0.6653835459554017 0.4136684157690587 0.6659946904292988 0.40897024262597514 0.6695087711542067 0.4061055029045828 0.6716477768128464 0.39911553798438537 0.673786782471486 0.39315687936388927 0.6789815104996109 0.39155262511990957 0.6841762385277357 0.3929277001861779 0.6936489778731398 0.3959070294964259 0.6977742030719447 0.39808423168468415 0.6944129084655111 0.40175109852806634 0.6930378333992429 0.4055325549603043 0.6927322611622944 0.41023072810338784 0.6870791747787467 0.4158456179573168 0.684940169120107 0.4173352826124408 0.6806621578028278 0.4172206930235852
28 0.5991263132762042 0.4080003535174843 0.5908315157459885 0.41020365911144796 0.5884121997996756 0.4089075969973517 0.5953245310748555 0.39465091374229355 0.6037921368869507 0.394132488896655 0.617271182873551 0.3912811522456433 0.620036115383623 0.3906331211885953 0.6226282396118153 0.39400288268524536 0.6214185816386589 0.39685421933625703 0.6136422089540816 0.4011312243127745 0.6100132350346124 0.4011312243127745
28 0.5820182933701344 0.3717106143227906 0.5804630188332189 0.3679520341919116 0.5832279513432908 0.3656191223865385 0.5899674743365911 0.3612125111986114 0.5949789145110964 0.36510069754089997 0.5953245310748554 0.36769282176909246 0.5908315157459885 0.37145140189997133
28 0.6241835141487307 0.3724882515912483 0.6288493377594772 0.36911849009459824 0.6264300218131643 0.3653599099637192 0.6193448822561051 0.3653599099637192 0.6193448822561051 0.36821124661473076 0.6177896077191897 0.3697665211516464
28 0.7083411474240442 0.35252889503416684 0.7069586811690083 0.3479926776348301 0.6993551167663106 0.34553015961804734 0.6939980600280464 0.3481222838462398 0.6927884020548898 0.35032558944020337 0.6901962778266975 0.35188086397711876 0.687949770162264 0.3591388118160575 0.6927884020548898 0.35654668758786506 0.7062674480414902 0.353176926091215
28 0.7105876550884777 0.35434338199390153 0.7154262869811034 0.3486407086918783 0.7218201934106447 0.3488999211146975 0.7287325246858245 0.3499367708059744 0.7423843789543045 0.35563944410799775 0.7397922547261121 0.3600460552959248 0.7325343068871732 0.36328621058116534 0.7228570431019218 0.3579723559133709 0.7114516964978751 0.35550983789658813
28 0.7658464851253113 0.399437235920103 0.766320207991511 0.3905549321788552 0.760477625975046 0.387475733548556 0.7598459954867794 0.3911470857616051 0.7592143649985129 0.39529216084085406
28 0.8412512186377457 0.5065423601090784 0.8363649579292979 0.499416563242592 0.830935779364356 0.48699731727528744 0.8265924365124026 0.48638653468673143 0.8211632579474606 0.4888296650409554 0.8246922240146729 0.5014525052044452 0.8284926490101323 0.5006381284197039
28 0.8466803972026875 0.4804823029973571 0.854009788265359 0.4731529119346856 0.8521095757676295 0.4700989989919059 0.8404368418530044 0.46582352087201406 0.8298499436513677 0.467045086049126 0.8279497311536381 0.4719313467575737 0.8303928615078618 0.47559604228890945 0.8317501561490972 0.4737636945232416 0.8363649579292979 0.47518885389653887
28 0.7736297941181973 0.5363851553624668 0.7815272991785853 0.5322229567495597 0.7742701323663371 0.5301418574431062 0.7665860733886624 0.527420419888513 0.7623171517343985 0.5307821956912457 0.7576213379147084 0.5328632949976992 0.7621037056516853 0.5362250708004319
28 0.7910311825350737 0.5351626908826398 0.7888967217079419 0.5310004922697327 0.7908177364523604 0.5298799003354884 0.7946597659411978 0.531960999641942 0.7957269963547638 0.5350026063206048 0.7912446286177868 0.5430068344223494 0.7878294912943757 0.5414059888020005 0.7878294912943757 0.537724043875198 0.7888967217079419 0.5361231982548491
28 0.841617904138099 0.6361760495266557 0.8411910119726727 0.632974358285958 0.8446061492960836 0.6315335972276439 0.8499423013639134 0.6288121596730508 0.8505826396120529 0.6262508066804926 0.8471675022886419 0.6262508066804926 0.8377758746492616 0.6292924133591555 0.8339338451604241 0.632974358285958 0.8390565511455408 0.6379369797090396
28 0.8281708009271682 0.6025582914993287 0.8315859382505792 0.597755754638282 0.8303052617543003 0.5916725412809561 0.8275304626790287 0.5895914419745025 0.8232615410247649 0.5897515265365374 0.8247556636037572 0.5934334714633399 0.8249691096864705 0.5980759237623517
28 0.7763034028278636 0.6180864940167131 0.7741689420007318 0.6145646336519456 0.764136976113212 0.6148848027760153 0.7609352848725142 0.6164856483963642 0.7630697456996461 0.6196873396370621 0.7692596820983284 0.6192070859509574 0.7731017115871659 0.6203276778852016
28 0.7566663632182504 0.6176062403306085 0.7532512258948394 0.6160053947102596 0.7468478434134438 0.6174461557685736 0.7451402747517384 0.6204877624472365 0.7541050102256922 0.6208079315713062
28 0.7244360047285591 0.5975956700762471 0.719953636991582 0.5963149935799681 0.7173922839990239 0.5897515265365375 0.722088097818714 0.5828678903690372 0.72785114205197 0.5847889051134559 0.7329738480370865 0.5847889051134559 0.7380965540222032 0.5851090742375257 0.7436461521727459 0.5857494124856653 0.7470612894961569 0.5859094970477001 0.7404444609320481 0.5911922875948515 0.7378831079394899 0.5911922875948515 0.7306259411272416 0.5940738097114796
28 0.7062930876979379 0.5953544862077587 0.7058661955325117 0.5995166848206658 0.694980445314139 0.6017578686891543 0.6947669992314257 0.5969553318281076 0.6887905089154566 0.593273386901305 0.687936724584604 0.5881506809161886 0.6958342296449918 0.5855893279236304 0.699462813051116 0.5878305117921188
28 0.5600943677626387 0.575922323229726 0.5625638293488927 0.5846129284275049 0.5581947819270586 0.5870349003678694 0.5507863971682964 0.5821909564871403 0.5485068941656002 0.5780593572947536 0.5505964385847383 0.5685139384709638 0.5505964385847383 0.5588260507095054 0.5551554445901306 0.5579712370834944 0.5610441606804286 0.5650946839669196 0.5640834980173568 0.5685139384709638
28 0.5559152789243624 0.5526998863897598 0.5507863971682964 0.5531272932027652 0.5504064800011803 0.5504203833870637 0.5551554445901306 0.5464312531323455 0.5602843263461966 0.5434394054413069 0.5619939535982187 0.5450065637556605 0.5619939535982187 0.5478559425090306 0.5656031666858208 0.5507053212624007 0.5610441606804286 0.5534122310781022
