19 0.47027949882521447 0.28660689300877606 0.4511034248790315 0.3019808143621814 0.41473500877420155 0.3143791380342826 0.37968908052772904 0.3118994732998623 0.3464918188896526 0.29508010339600654 0.32929947673100574 0.2727631207862245 0.3094621588556439 0.2241616919915882 0.2869798652635672 0.17308059846253157 0.26780379131738413 0.1363815603931123 0.25590140059216704 0.11456051073021431 0.25722388845052446 0.09373132696108444 0.2625138398839543 0.0679428137231141 0.2664813034590267 0.06298348425427366 0.3240095252975759 0.06645501488246197 0.43113104182452955 0.0724062102450705 0.44369467647892535 0.08381266802340354 0.45162960362907 0.10960118126137386 0.4549358232749637 0.13538969449934418 0.46353199435428716 0.1745683973031837 0.46287075042510833 0.20382844116934234 0.4714669215044318 0.2395356133449936 0.4721281654336106 0.2524298699639787
11 0.6555159500969289 0.49561773757685534 0.6516288381589469 0.49679384346667527 0.6471276564929574 0.49508472180287 0.6417677456716191 0.49474413799049904 0.6295019949436391 0.48275856656358146 0.6164950173669944 0.4619178411282756 0.6117652073391234 0.43974685662263086 0.6117652073391234 0.4118114161455187 0.6164950173669944 0.3976219860619063 0.6321162707164392 0.3728699188800313 0.6412832052203654 0.3628990464167811 0.654648226463069 0.3574097742957576 0.6773913214758316 0.35416685643084267 0.6909895253059603 0.35948789271219733 0.7227213096283611 0.36697543756360923 0.7324447035956478 0.36973561180941983 0.732958417136431 0.3742034381883891 0.7285120172273419 0.37398809736439 0.7281948364091175 0.37688506244133824 0.7252544019212728 0.3781393783660304 0.7246112637403251 0.3857684950705178 0.7304542966897736 0.39016544947205517 0.732166070655643 0.39337084466005867 0.7387835565979216 0.39566024402415595 0.7400149470989388 0.39849705945515335 0.7428015422292679 0.40039679714448473 0.7443728614676904 0.402943833421417 0.7492573901878291 0.40206131013137514 0.760513618166707 0.3994394297177888 0.7703178920086363 0.4029438334214169 0.7720548890221126 0.40676891036113827 0.7814413850088845 0.410487096222162 0.7933407511687104 0.4200903893825447 0.797048582168793 0.4310759267212728 0.7928998169767631 0.4351695751393095 0.7864586487076527 0.43480780991252643 0.7869361091135467 0.4389014583305631 0.779870065770462 0.4378919891460891 0.7756019354769585 0.43919106698383376 0.7793231363541974 0.44160650508474997 0.7757375566409376 0.44825478608238273 0.7683751075886369 0.4539148449993199 0.7484717305686178 0.45882521761939044 0.7445434324725614 0.4596108772386017 0.7398294747572937 0.46157502628662994 0.7361630632009742 0.4594144623337989 0.7228068496743824 0.46452124985867227 0.7167055136027193 0.4721677338157523 0.7167834592604292 0.4751276547180246 0.7134203536876105 0.4774572389151986 0.7031653591941002 0.48298425091013747 0.6950468764622503 0.4851448148629685 0.6814287763959213 0.4924121663406729 0.6758698193746155 0.4959857815686551 0.6682506605159311 0.4968486141741637 0.6636204916937989 0.4986974432943632
20 0.41807967512746413 0.7531922528184297 0.4039753014797768 0.7646824537641749 0.40246100667107904 0.7775035973287657 0.40440643751903593 0.7899057189844909 0.40513597408701973 0.7977482370903171 0.4070814049349767 0.8066850600481189 0.4199698843026909 0.8046788344861635 0.4605807532537909 0.7972010846643294 0.49024857368513325 0.7931886335404181 0.5245367923803732 0.7904528714104789 0.5495842145478179 0.7908176396944707 0.5644181247634892 0.7919119445464466 0.5865474006589986 0.7928238652564263 0.6079471399865244 0.7951948591023738 0.6203492616422495 0.7871699568545515 0.6213219770662278 0.7831575057306407 0.6196197250742655 0.7824279691626566 0.609406213122492 0.7862580361445717 0.6057585302825729 0.7822455850206608 0.6096493919784866 0.7702082316489276 0.6147561479543734 0.7517874333073358 0.6140266113863895 0.729171799699837 0.6132970748184057 0.6886825201767346 0.6098925708344812 0.6735446363910701 0.6001654165946968 0.6680731121311914 0.5909246200669016 0.6708088742611307 0.5884928315069555 0.6764627826630054 0.5583386533636239 0.6762803985210094 0.5303730849242437 0.6757332460950215 0.5106755975886804 0.6744565571010499 0.4605807532537909 0.6822990752068762 0.43942419278225975 0.6846700690528236 0.42872432311849695 0.6850348373368155 0.4153494860387934 0.677921855798973 0.4085404780709443 0.6709912584031268 0.38495212903946713 0.6766451668050014 0.38276351933551567 0.6788337765089529 0.385681665607451 0.6912358981646781 0.39273385243129477 0.7158577573341323 0.3975974295511869 0.746680677331449 0.3997860392551384 0.7545231954372753 0.41291769747884727 0.7532465064433035
28 0.18498141784904365 0.49807374242495356 0.180529792659077 0.5066987662305139 0.1579006979434133 0.5058640865073951 0.15567488534843 0.5005777815943098 0.1604974793042272 0.4983519689993264 0.18090076142490752 0.4989084221480723 0.18312657401989088 0.4947350235324786
28 0.23408129123907875 0.4941303960862961 0.2296296660491121 0.48300133311137955 0.22295222826416217 0.48634005200385455 0.22666191592246773 0.4963562086812794
28 0.31754926355095314 0.5728685166338309 0.30493632551271427 0.5681386648694914 0.3001137315569172 0.5698080243157289 0.30493632551271427 0.5734249697825767
28 0.20811347763094004 0.6045863461123432 0.20514572750429566 0.6059774789842077 0.1929037582318874 0.6012476272198681 0.1929037582318874 0.5987435880505119 0.20014787854875082 0.5908385949016443 0.20811347763094004 0.5865016187781037 0.2082551482639184 0.5909182114926681 0.20520170144891106 0.5958255367310726 0.20520170144891106 0.6010600169853709
28 0.21725151053410938 0.5537530503879011 0.2140741575464076 0.5573275724990657 0.20811662069446674 0.5611999714528272 0.19739305436097326 0.5531572967027071 0.20096757647213775 0.5516679124897219
28 0.43105213448500534 0.6275898358635223 0.43191770102011584 0.6235324927301921 0.434081617357892 0.6197997370475283 0.42153090259879034 0.6159046876395312 0.4210981193312351 0.6214226743008604 0.42304564403523365 0.6259668986101903
28 0.4241276022041219 0.5316742441915955 0.4334324424565591 0.5264808449809326 0.4236948189365666 0.5253447889036001 0.4137408037827963 0.5248579077276005 0.41612111175435 0.5285906634102644 0.41871781135968145 0.5305381881142629 0.421747294232568 0.5310250692902625
28 0.3635379447463902 0.5441708610422525 0.360292070239726 0.5409249865355884 0.35618062919795124 0.5394643430075895 0.3468757889455139 0.5402758116342555 0.34211517300240646 0.5396266367329228 0.3522855797899542 0.5345955312475932 0.3639707280139453 0.5362184685009252 0.3704624770272737 0.541411867711588 0.3711116519286065 0.5433593924155865
28 0.33735455705929884 0.5277791947835982 0.33519064072152277 0.532161125367595 0.3245874506664197 0.5277791947835984 0.3178793100193137 0.5242087328262677 0.3267513670041959 0.5225857955729356
28 0.42673143544396125 0.4349711880718487 0.4200457192952136 0.4451087685365258 0.409726461761277 0.44183858128985576 0.41219726990320554 0.43780535035229606
28 0.4438734156146811 0.4056122248286415 0.44430944058090377 0.3985268191275231 0.439949190918677 0.3944935881899634 0.4427106823714206 0.3940575632237407 0.4508498150742438 0.3979817879197447 0.4521578899729119 0.40299607503130547 0.4508498150742438 0.4061572560364199
28 0.4367320013997224 0.3603495956220362 0.4338236815254237 0.3635123934853361 0.4246624739213829 0.36253083552776033 0.4162283462859169 0.36078584360318106 0.41826417019792594 0.35544180583415735 0.42277206600308886 0.35467837186715395 0.42742537780196665 0.35664148778230553 0.4309153616511251 0.3588227276880295
28 0.3031923468956336 0.3710289079636494 0.30217443493962914 0.36808423409092206 0.2967940431721766 0.36797517209563585 0.28952324348643005 0.36917485404378403 0.28792366755556575 0.3696111020249289 0.2893778274927151 0.37342827185994587 0.29432197127902276 0.37179234193065286 0.2989752830779006 0.37233765190708384
28 0.2512788371394029 0.37604575974681465 0.24967926120853862 0.3728829618835149 0.2525875810828373 0.37081078397307704 0.255350484963421 0.3704835979872184 0.25898588480629425 0.36993828801078743 0.26247586865545264 0.3715742179400805 0.25840422083143455 0.3743007678222354 0.255350484963421 0.37659106972324563 0.25709547688800016 0.38019011556769017 0.2525875810828373 0.38117167352526593 0.24299012549765173 0.38084448753940736
28 0.2807982838635341 0.3577233445387331 0.2728004042092128 0.3605589564161743 0.26945583635376935 0.35815959251987795 0.27745371600809066 0.35488773266129203 0.27963495591381465 0.35554210463300917 0.2854515956624119 0.35434242268486105 0.289668659480145 0.35401523669900237 0.29374030730416306 0.35728709655758834 0.29141365140472414 0.3597955224491709 0.28588784364355674 0.35990458444445717
28 0.19329618071914967 0.39675667382587476 0.18841731077311344 0.3971051645363059 0.1835384408270772 0.3873474246442335 0.18655869365081393 0.3838625175399219 0.18981127361483807 0.3842110082503531 0.1900436007551255 0.3885671421307425 0.19166989073713758 0.3946657295632878
28 0.17483894521304613 0.33494392454692495 0.17304725459696765 0.3388792450072402 0.16703229324298996 0.34051096324688307 0.16856802805677149 0.3438703831520302 0.17061567447514686 0.3451181676882277 0.17701456953256997 0.34262259861583266 0.1826455971831023 0.3411828472279124 0.17970210545668766 0.3365756427865679
