16 0.6272567057049692 0.7977839225172958 0.6351475441349655 0.792711240669441 0.6593836907413837 0.7597388086583841 0.6909470444613695 0.7161982894642963 0.6892561505120846 0.7085892666925139 0.6729108423356632 0.699712073458768 0.6430383825649622 0.7022484143826954 0.602456927782123 0.703516584844659 0.5686390487964237 0.7060529257685865 0.5573664224678573 0.7195800773628662 0.5496901715178563 0.7293663808316986 0.5423133923951089 0.7420144713622264 0.543266133109749 0.757138804474013 0.5512914278961829 0.7734004166091012 0.5613118416828555 0.777070471638555 0.5725844680114219 0.7808749830244461 0.5878025135549866 0.7851022178976587 0.6052750843642646 0.7910203467201559
15 0.5728666775647268 0.46015608447416495 0.5806227728382939 0.45815646616144845 0.5871669782253662 0.4552479304338608 0.5973468532719228 0.454520796501964 0.6075267283184794 0.45015799291058234 0.6237660527975104 0.43107072719828854 0.6172218474104383 0.4227086869814741 0.5912874038394486 0.41561913114547927 0.5632864192428048 0.4206469796023613 0.5465623388091759 0.4400978122806036 0.5523794102643511 0.4470055846336242
27 0.5390486215129078 0.43591679217219637 0.5465623388091759 0.43500787475732516 0.5487437406048666 0.4320993390297376 0.5489861185821656 0.42810010240430457 0.5424419131950934 0.42973615375107266 0.537594353649114 0.43046328768296954
17 0.6059449432474233 0.4728188392159644 0.5972193360646604 0.4733641896648871 0.5933412884278769 0.47009208697135096 0.5855851931543099 0.46827425214160867 0.5787986097899388 0.4651839329310469 0.5766172079942481 0.4619118302375107 0.5867970830408048 0.4560947587823355 0.5965423893963043 0.45537029583748523 0.6081337965139061 0.4506095393427559 0.6246940478736059 0.43084846277299876 0.6205542596173196 0.4247422750949765 0.6242800690479772 0.42143044448994743 0.6344915467468168 0.41915356094898987 0.6491187985856952 0.4197745291874328 0.6567084103888867 0.42174092860916884 0.6579503468657727 0.428364589819227 0.6560184456795057 0.43467776691006355 0.6492567915275714 0.44088744929449314 0.6390453138287318 0.4495810046326944 0.6320076737930451 0.4536172981825735 0.6259359843504917 0.4520648775864661 0.6237280972804724 0.45465224524664516 0.622762146687339 0.4568256340811954 0.6257979914086156 0.45755009702604554 0.6260739772923679 0.4600339699798174 0.6204162666754434 0.4660366629514325 0.6150345419422711 0.4700729565013117 0.6110327466278611 0.4695554829692759 0.6110327466278611 0.47131489297819756
27 0.6269152729858467 0.45947164155318565 0.6308258605319602 0.4605714943005302 0.6401135059539799 0.4599430070163333 0.6429766146930987 0.45460086510066033 0.6369012376125295 0.45360576023401544 0.6315241797366233 0.45486273480240896 0.6299878774863645 0.45344863841296607 0.6260772899402509 0.4524535335463212 0.6242865682090584 0.45428728864251583 0.6231443492806656 0.45648632695325075 0.6257281303379194 0.4570624402970979 0.6264264495425824 0.4575338057602455
27 0.6040828275600378 0.4187254017136922 0.5929751624038757 0.41568243356462387 0.5935737790889383 0.41478450853702986 0.5976975829193698 0.41403623768070164 0.5992273811145299 0.4121406181780033 0.6051470350001492 0.4105443070178363 0.6140597723110817 0.4114422320454302 0.6165872649813461 0.4127891195868212 0.6150574667861861 0.41588197245964476 0.6148579278911652 0.41692955165850437 0.6107341240607338 0.41673001276348354 0.6090712999355598 0.4181766697523848 0.6129955648709704 0.42007228925508305 0.613527668591026 0.4213194073489636
15 0.6189997109453899 0.4914432371396199 0.6212658321062714 0.48686741556476304 0.6202199300320184 0.48386044710128573 0.6235319532671528 0.4849063491755387 0.6271926105270382 0.48412192261984893 0.6256237574156588 0.47627765706295155 0.6157708193845244 0.47019055766189344 0.6210189706381731 0.46616155447678137 0.6265461980152699 0.46000099896272567 0.6308451526419007 0.4607494776700408 0.6406977734617939 0.4604871308543698 0.6437684553379589 0.4546144517662045 0.6381644609139581 0.4534053707774646 0.6400068700396568 0.4519659886480124 0.6496027509026718 0.4505841818037382 0.6564350180771386 0.44949025138535453 0.6600430692816325 0.44735996583376514 0.6666742489748436 0.44884575961965534 0.6794850931731865 0.44993534172930816 0.6936345745329617 0.45326615761559863 0.6968042679428609 0.46010080903069395 0.6979929029715732 0.46792598963638293 0.690729022240554 0.4730767414274692 0.6784464602771942 0.4825858216571672 0.6752767668672951 0.48218960998092975 0.671314650104921 0.4880337322054315 0.6614093581989855 0.49070816102003406 0.6520323485280335 0.49377880151087394 0.6460891733844725 0.4935806956727553 0.642919479974573 0.4949674365395862 0.6328821175098919 0.4951655423777048 0.6246937428676521 0.4944721719442894
15 0.7560655987976296 0.4439184426435493 0.7436640843296441 0.4406078688660788 0.7373582295154145 0.43777023419967537 0.7287466213644869 0.4360498604039884 0.7228611568712059 0.43384281121900803 0.7224407665502571 0.42154639433125995 0.7333709148949221 0.41508289314667446 0.7478743809676507 0.41508289314667446 0.7667919454103399 0.41555583225774173 0.7787730695573765 0.4152405395170302 0.7878114614577725 0.415398185887386 0.7955886823953225 0.417920527813078 0.7974804388395914 0.4272216636640668 0.7949580969138996 0.4340004575893638 0.7840279485692345 0.4385722023296804 0.7678429212127117 0.44345923981070845
12 0.6496808952505343 0.5196311596281261 0.645369594258159 0.5199342979791525 0.642809759293936 0.514174669309651 0.6406541087977483 0.513164208139563 0.6404848207108712 0.5112642722170802 0.6397110117056662 0.5075056255870702 0.6367469922734081 0.5057878415979207 0.628798031068716 0.503665873140736 0.6316273223449623 0.5005334435134632 0.6254298271684228 0.497603106120208 0.626261076914098 0.49476782457307583 0.6329542005663443 0.4953720649027925 0.6431798061461652 0.4954185449281553 0.6461343259103721 0.49380378945461767 0.6523936359925655 0.49385026947998045 0.6715551000240387 0.48836457079395035 0.6788463088333963 0.4856379819061 0.6821209745846754 0.48181400269581315 0.691515879834699 0.4827330695137503 0.6951921471064473 0.48630721825017226 0.6990726514488482 0.48886018163333084 0.7036339460267582 0.49120890794583666 0.7006384689905188 0.49355763425834254 0.6962133324597106 0.49452776034394286 0.6961452534361598 0.49682542738878543 0.6951921471064473 0.4998889834485758 0.6970983597658724 0.5006548724635234 0.699276888519501 0.5016249985491236 0.7008427060611716 0.5012675836754814 0.7016596543437824 0.49907203516596504 0.7057071581285763 0.4989511636045085 0.7080218449293068 0.49961493408412977 0.7081580029764085 0.5019636603966356 0.71054076880069 0.5024742530732673 0.7143531941195401 0.5040570903708256 0.7180294613912883 0.5052314535270787 0.7178933033441866 0.5084481873898584 0.7200718320978151 0.5080907725162163 0.7176890662735339 0.5110522100406801 0.7155786165434561 0.5123797509999226 0.7113577170833006 0.5127371658735648 0.711766191224606 0.5147284773124284 0.7087026351648157 0.5167197887512922 0.708362240047061 0.519630167008093 0.7035967083984986 0.5195791077404297 0.6986269396792834 0.5224894859972304 0.6947464353368822 0.5210598265026616 0.6915467212299903 0.5222341896589145 0.6853515300868588 0.5222852489265778 0.6819475789093141 0.5231532564768517 0.6807902355089488 0.5245829159714205 0.6777266794491585 0.5245829159714205 0.6747992814364702 0.5258593976629997 0.6681956161520333 0.5252466864510418 0.6643831908331832 0.5248892715773995 0.6611153977027403 0.525042449380389 0.6551244436302615 0.522336308194241
15 0.5623079630266867 0.5169992249875113 0.567830760285672 0.5030468950700747 0.5772776503339363 0.5016298615628351 0.5897766125516399 0.5016298615628351 0.5928286847210791 0.5075160007467536 0.6005315335296638 0.5135111425081521 0.6050369733988361 0.5156911940577515 0.606490341098569 0.514165157973032 0.6137571795972339 0.5149281760153918 0.6152105472969668 0.5137291476631121 0.6168092517666731 0.5137291476631121 0.6170999253066197 0.5163452095226314 0.6216053651757919 0.5186342636497109 0.6232040696454982 0.5215773332416701 0.6204426710160056 0.5250654157210293 0.6216053651757919 0.5307335497499879 0.6082343823382487 0.5344396373843069 0.5883232448519068 0.537818717286186 0.5820737637430551 0.5369466966663462 0.5716095163049777 0.5287715033553483 0.5646333513462595 0.5223403512840299
27 0.5893044861255528 0.5006029653487467 0.5909393067114262 0.4990137997033158 0.5846898256025744 0.49596172753387646 0.5762602929441233 0.4932366630968772 0.5739349046245504 0.4914926218571976 0.5755336090942568 0.48898556257515824 0.5843991520626279 0.48484346463091926 0.5894859390116932 0.47863031771456077 0.5926833479511058 0.477758297094721 0.5939913788808655 0.48211840019391994 0.5963167672004382 0.48211840019391994 0.598642155520011 0.473834204305442 0.6053240631003205 0.47334488225363197 0.6115246510360326 0.4715947163040359 0.6115246510360326 0.4699945645786909 0.6154583573608393 0.47034459776861015 0.6251926136900215 0.47644517622148813 0.6268594384039227 0.48379587320979184 0.6237924809303447 0.48464595381388137 0.6200587935712062 0.48349584476128965 0.6199027178415419 0.48419022870299 0.621044870052345 0.4868683307298479 0.6185628210687215 0.4914556891192234 0.6242944157856791 0.49479203265501426 0.6256240848840489 0.49494716071649075 0.624885379829399 0.49751785430667217 0.6311200504906437 0.5006425766878411 0.6285789051026482 0.5032132702780224 0.6192416732118743 0.5039224271304864 0.6190902058686527 0.5063673008212081 0.6230581870112311 0.50583162336696 0.6266235820359679 0.5073460688900635 0.6292424495900695 0.5075841477586183 0.6313851594070619 0.5084174237985597 0.6342421058297182 0.5092506998385011 0.6389243235779607 0.5097268575756105 0.639569591466591 0.5123448082850811 0.6396231797939365 0.5135103544048445 0.6370580354825673 0.5150106199533322 0.6401661584686028 0.5168996084922588 0.642471352521752 0.5184420874867498 0.641079120750515 0.5218878611205612 0.6332826228315885 0.5253336347543724 0.6286186463979448 0.526638852039907 0.6262518523868421 0.5260645564342719 0.6269479682724607 0.5231930784060957 0.6280617536894502 0.522148904577668 0.6313334983518568 0.521731235046297 0.6354405820770057 0.5186509222524354 0.6316119447061042 0.5190685917838064 0.6282009768665738 0.5169280354355297 0.6260430176211566 0.517241287584058 0.6270871914495844 0.5196950960808631 0.6263910755639659 0.5214701915891901 0.6243723394956724 0.5236107479374668 0.6218018371943309 0.5239839946083537 0.6234034531502762 0.5215048975701617 0.6218359141295638 0.5184635311006274 0.6172696048083581 0.5162655687781067 0.617031066261728 0.5133775485171203 0.6149864501477553 0.5135820101285176 0.6136574496736731 0.5148343374983259 0.6062968316633713 0.5139398179484629 0.6050700619949877 0.5154988377353669 0.6006741373499466 0.5132753177114218 0.5931772115987132 0.5075248348908734 0.5899739796868226 0.50141654425038
15 0.6928701661568882 0.6748751861334535 0.6843161885669001 0.6739247441790104 0.6828905256352354 0.6694101448954055 0.6827321186428281 0.662281830237082 0.685108223528936 0.6533714369141775 0.686058665483379 0.6479063956761295 0.6835261722370217 0.6453500870668889 0.6841598002066503 0.6318062892160742 0.6897040449409019 0.6297866000628825 0.6963571386220039 0.6328755364148227 0.7093465119993936 0.6372713304541222 0.7102969539538367 0.6392910196073138 0.7061783721512495 0.6392910196073138 0.692238556819417 0.6382217724085653 0.6901792659181235 0.640835487783284 0.6903376729105307 0.643568008402308 0.694773068697932 0.6448748660896672 0.6996836854625549 0.6463005290213321 0.7121978378627228 0.6461817237770265 0.7147323497412379 0.6521219859922962 0.706495186136064 0.656636585275901 0.7053863371892137 0.6580622482075656 0.7063367791436569 0.6621016265139491 0.7003173134321837 0.6672102520190809
15 0.7690659481369038 0.6649529523772785 0.7985296487246409 0.6534288436796554 0.7991632766942697 0.6518843755036854 0.7934606249676109 0.6516467650150746 0.7883916012105808 0.6477261919529966 0.7795208096357783 0.646656944754248 0.7785703676813351 0.6443996451124456 0.7888668221878024 0.6392910196073138 0.7950446948916828 0.6434492031580025 0.7931438109827965 0.6340635888578765 0.7885500082029879 0.6326379259262118 0.7761942627952273 0.6384593828971761 0.775085413848377 0.6407166825389785 0.7666898432507959 0.6411919035162 0.7579774586684005 0.6442808398681401 0.7556013537822927 0.6473697762200805 0.7446712713061966 0.6492706601289668 0.7365925146934302 0.6537852594125717 0.7392854335643522 0.6573494167417334 0.7453048992758253 0.6588938849177035 0.7529084349113703 0.6607947688265898
12 0.6672373913139442 0.6603505644195079 0.6761928172107251 0.6542736682752639 0.6764060416368389 0.650915383563971 0.6676638401661719 0.647876935491849 0.6602009852521878 0.6433992225434585 0.6567893944343666 0.6429194675847024 0.6531645791904316 0.6445186507805564 0.6548703745993422 0.6505955469248001 0.6595613119738465 0.6523546484402394 0.6595613119738465 0.6557129331515322 0.6557232723037976 0.657791871306142 0.6614803318088708 0.6619497476153616
12 0.7197127654999116 0.6517858300665387 0.7246588180078685 0.6503947527986759 0.7213477568745098 0.6475594608418258 0.7172397392459332 0.6456032644315925 0.7132943126175769 0.647386458307919 0.7144834243554279 0.6506665428039423
17 0.6719195300905518 0.5663926215234336 0.6761507613883512 0.56372694580582 0.6837669777243903 0.5655040629508957 0.6883367075260138 0.5715970360197269 0.6888444552817496 0.5794671262336338 0.6879982090221898 0.5849254146077952 0.6746275181211435 0.5900028921651546 0.6595643347009773 0.593176315638504 0.6507633736015548 0.5948264958446459 0.6438241542731634 0.594572621966778 0.6463628930518432 0.5855600993024651 0.6412854154944838 0.5807364956229737 0.6353616916775647 0.5775630721496241 0.639762172227276 0.5756590180656144 0.647716887067139 0.5740088378594725 0.6460243945480193 0.5677889278517074 0.6549946048993541 0.5662656845844996 0.6656573077698087 0.5657579368287637 0.6610875779681854 0.5689313603021132 0.6609183287162733 0.5736280270426707 0.6637955659987769 0.5750243333709444 0.6693807913118722 0.5751512703098784 0.6731042748539358 0.5778169460274921 0.6793664971746789 0.5778169460274921 0.6798742449304149 0.5759128919434823 0.6773355061517353 0.5731202792869347 0.6807204911899747 0.5703276666303871
17 0.5971497668079284 0.661232412064609 0.5909597376485035 0.6617236403673185 0.581011476499428 0.6633816838921645 0.5728317951101879 0.6630500751871952 0.5655364036008658 0.6544282488579963 0.5675260558306809 0.6419929224216518 0.5721355523068378 0.6277352785066712 0.5716934073668788 0.6177870173575957 0.5659455231474129 0.6096626040858505 0.5784467405318738 0.6043384805518908 0.5754259612218258 0.5990143570179309 0.5660615453606767 0.6032056883106227 0.5604731036370877 0.6043384805518908 0.556546090534025 0.6030924090864959 0.5538598864973217 0.5951690435622295 0.5580889775313891 0.5830481665806615 0.5615628737379444 0.58168881589114 0.5676044323580407 0.5806693028739986 0.5660940427030167 0.5771576469260677 0.5745522247711513 0.572966315633376 0.5795365106327307 0.5665093998581482 0.5780261209777067 0.5598259256346667 0.5825572899427789 0.5598259256346667 0.5881457316663679 0.5563142696867357 0.59267690063144 0.5568806658073698 0.5923748227004352 0.567755471323543 0.5994104302712872 0.5675749889860461 0.6162392904706879 0.5583966563083785 0.6177669841646373 0.5610043891585187 0.6095080643775793 0.5676797886420782 0.6066918364692471 0.5735247533261071 0.5972093992170584 0.5779507047817083 0.5961571183709701 0.5826419545008878 0.5843786939114508 0.5948302568663212 0.5834698623501577 0.6018737014663426 0.5878625482297409 0.6086899381760406 0.5890743236447983 0.6151653630502538 0.5927096498899707 0.6167558182825167 0.5939214253050281 0.6215271839793053 0.5967993919157895 0.630956311427721 0.5993744146727866 0.6351596573987015 0.6008891339416084 0.6433391414503391 0.602252381283548 0.6539043083503713 0.6025553251373124 0.6558355754181191 0.6025553251373124 0.6589028819374831
27 0.5594970474460129 0.6102295401178878 0.557500763209208 0.6079261352292669 0.5578078838610242 0.6041831022852578 0.5601880689125992 0.6047013683851976 0.5665608224377836 0.6036648361853183 0.575236980851589 0.5995187073858005 0.5780010667179339 0.6041255171630424 0.5669447232525537 0.6089050823069307 0.5633360555937144 0.6093657632846549
27 0.6705432065409327 0.6591999411952747 0.6717205514470689 0.6608980348098941 0.6767016260499527 0.6591320174506898 0.6834940005084305 0.6566867626456379 0.6855769953423636 0.6481283708279558 0.6827694805661928 0.6453434972999799 0.6826789155734132 0.6401812927115368 0.674165806252121 0.6388228178198412 0.6729884613459848 0.639773750244028 0.6743469362376804 0.6412680726248933 0.6732601563243237 0.6441887936420386 0.6687319066853386 0.6426265475165888 0.6642036570463533 0.6439850224082844 0.6643847870319128 0.6446642598541321 0.6684602117069995 0.6476529046158623 0.6767921910427322 0.6504377781438383 0.676882756035512 0.6540377366068316
27 0.5946569962719651 0.6221277919002048 0.5985578671232524 0.6209900379019127 0.6025129167363632 0.6234280821839673 0.6053393058532349 0.6249113835619504 0.6092401767045221 0.6258866012747722 0.6168793821216264 0.6259678694175074 0.6250603751569651 0.6254802605610965 0.6287445309609585 0.6273900619153726 0.6334580832395974 0.6288935225559729 0.6344333009524191 0.6329162956213629 0.6289612460082523 0.6329569296927304 0.6222972583039699 0.6315347371948653 0.6167710245979795 0.6319817119799086 0.611461505939283 0.6347854629042714 0.6111364333683423 0.6358419487598284 0.6159041644088046 0.636939068686753 0.6198592140219154 0.6386050656128235 0.6194799626891513 0.6408805736094078 0.6129785112703391 0.645065882960268 0.6169335608834497 0.6474226590995875 0.6181796724053887 0.6495356308107015 0.6222430795421464 0.6495356308107015 0.6248204841137887 0.6507450812057374 0.6253328435798648 0.6533068785361185 0.6243100094138622 0.654987532445175 0.6201257404409064 0.6552437121782133 0.621833605327827 0.657293150042518 0.6247369756355923 0.6606875315052728 0.6259324810564367 0.6619684301704634 0.6269571999885891 0.6613279808378681 0.6273841662103194 0.6563965209768845 0.6253347283460144 0.6552437121782133 0.6257912281827149 0.6535507850568157 0.6267896211004622 0.6521834208433793 0.6288732237114129 0.6527694340777092 0.6318524917707904 0.6504421338153658 0.6367576395840701 0.6508979218865112 0.6368444563595264 0.6520048357735787 0.6478267784547456 0.6523629549723359 0.6511258159220842 0.651483935120841 0.6539039527366852 0.6491724384743178 0.6544248533894226 0.6507025841417347 0.6591129592640617 0.6525257364263165 0.6593300012027025 0.655455802597966 0.6553364295317137 0.6574417363365282 0.6532094185330347 0.6594276700750905 0.6496065223515991 0.6615112726860413 0.6523846591662 0.6632367560982346 0.6524714759416562 0.6653854712907775 0.6509087739834434 0.6674365176109321 0.6480438203933861 0.6684783189164075 0.6479570036179298 0.6701061334562126 0.6466547519860856 0.673068755918658 0.641749604172806 0.6735245439898037 0.6361933305436042 0.671766504286814 0.6283364123648111 0.6695526765126787 0.6196981432069115 0.666166822269884 0.6112769159876524 0.6596230078198669 0.6142720947408941 0.6550325708176165 0.6058942759093632 0.6539907695121411 0.6054167836443537 0.6558139217967229 0.6029425055438498 0.6565301601942373 0.6027688719929372 0.655455802597966 0.602074337789287 0.6508328093049189 0.6008589029328991 0.6416844915912137 0.5996000596887832 0.6349778956872162 0.5969955564250948 0.6308106904653149
27 0.678094300314219 0.6093414158748752 0.677009869960286 0.6058441279834418 0.6703948448012954 0.600557530008019 0.6661655664209575 0.5995815426894795 0.6626953892883722 0.6016961818796486 0.6631291614299454 0.6060881248130766 0.6636713766069119 0.612269377830494 0.6634544905361253 0.6152786720626576 0.6659486803501709 0.6162546593811973 0.66790065498725 0.6166613207639221 0.6736481358630941 0.6125133746601289 0.677009869960286 0.6127573714897637 0.6732143637215211 0.6177186403590066 0.6712623890844419 0.621459925080075 0.6711539460490485 0.623655896546789 0.6742987940754539 0.626095864843138 0.6783111863850055 0.6256892034604131 0.6777689712080391 0.6231679028875192 0.6836248951192765 0.6174746435293716 0.6809138192344443 0.6138960233613933 0.6859021988625355 0.6057627957068968 0.6825404647653436 0.6042988147290874
27 0.5670362055601826 0.5804425615630696 0.5616088590212495 0.5809893464755741 0.5595837297156774 0.5819614085422488 0.5554524659323103 0.5791667301005592 0.5572345797212138 0.5758860206255324 0.5603937814379063 0.5751569740755265 0.5624999159157011 0.5760075283838667 0.5643630348768275 0.570843448654658 0.5630669521212613 0.5666514309921238 0.5684942986601945 0.5598469965254017 0.5775668779491574 0.5551081939503629 0.5779719038102719 0.553650100850351 0.574407676232465 0.5517059767170018 0.5738406400269048 0.5477569745711363 0.5770808469158202 0.5435649569086021 0.5815361313880788 0.5402842474335753 0.5842903072436568 0.5407702784669126 0.5871254882714576 0.5415600788960857 0.5906087106770416 0.5391906776085664 0.5962790727326434 0.5391299237293992 0.597899176177101 0.5371250457168828 0.6021924503049139 0.5358492142543724 0.6085108537382987 0.5349379060668651 0.6190415261272736 0.5320217198668413 0.6238208312884237 0.5333583052085188 0.6231727899106406 0.5387046465752291 0.6240181505186957 0.5396050310694422 0.6279478595756873 0.5391516031013278 0.630869950925758 0.5401340303655757 0.6302653803016054 0.543685882782472 0.630869950925758 0.544743881374739 0.6321798539447553 0.5442148820786055 0.6371171807086679 0.545726308638987 0.6396362249759702 0.5464064505911586 0.643666695803654 0.5449705953587962 0.6516268756883293 0.5455751659829488 0.6527352551659423 0.5474644491834255 0.6487047843382585 0.554492582689199 0.6514235209623849 0.5569799972132932 0.6561828545896513 0.5584186996595699 0.6617753477430821 0.5582236126891015 0.6637262174477673 0.5607597433051922 0.6678880728177622 0.5620278086132375 0.6699690005027599 0.5647590261997968 0.6799834649868103 0.5599793954233181 0.6800731790532495 0.5522912133963709 0.6796830051123125 0.5498526262655145 0.6738303959982569 0.5473164956494238 0.673050048116383 0.5459508868561441 0.6658968591992039 0.5480968435312977 0.6622552357504583 0.5477066695903607 0.6610847139276472 0.5446828215480987 0.6643361634354558 0.5420491474467738 0.6570529165379645 0.5389277559192774 0.6509401914632843 0.5434147562400533 0.6446974084082917 0.5430245822991163 0.6359835237273647 0.5403909081977913 0.6283101028889363 0.5381474080374035 0.6317216008425276 0.536120630298416 0.6319191159856719 0.5331072085583779 0.6338502008269007 0.5265471997594973 0.6462318624559567 0.5266323946789633 0.6473109981025259 0.5222022588667322 0.649469269395664 0.5198168011216847 0.6609421852170828 0.5253118734272405 0.664520371834654 0.5251414835883086 0.6678145753873388 0.5254822632661725 0.669461677163681 0.5273991489541571 0.6725854908774336 0.527612136252822 0.6748573553965264 0.5262916150010993 0.6778675758843246 0.5248433013701777 0.6816161523408276 0.5247581064507117 0.6826952879873968 0.52330979281979 0.6855351186362627 0.5226708309237951 0.6914419663859042 0.5225856360043292 0.6949065597775207 0.5214355045915384 0.6982547044851928 0.5236248024347562 0.6989728973929261 0.5262462065479826 0.6988771383385616 0.5290830685335289 0.7045748020732455 0.5295139842781689 0.7030426572034145 0.5265334837110759 0.7000262469909349 0.5255998329310227 0.6993559336103838 0.5231938866901162 0.7010795965889437 0.5214702237115565 0.70358965194268 0.5201871230711974 0.7107715810200125 0.521408051014344 0.7106279424384658 0.5201153037804241 0.7087606408783593 0.5193612012273041 0.7090957975686348 0.5167757067594645 0.7123037258898434 0.5151597727170646 0.7182886667876205 0.5156984173978645 0.7215923541631937 0.5160934234971178 0.7250826887621292 0.5178738655004814 0.7277748014243525 0.5179231114638149 0.7294163335354642 0.5178738655004814 0.7304012528021312 0.5123583176071461 0.7336186557399101 0.5121120877904793 0.7332246880332434 0.5144266480671469 0.7348005588599107 0.5158055350404808 0.733881300877688 0.5203854096304824 0.7324367526199097 0.5233401674304835 0.7299416238110199 0.525654727707151 0.7345527890802737 0.529886565466864 0.7368509340358301 0.5344171940935323 0.7365882888980522 0.5384553630868671 0.7359316760536074 0.5424442861168687 0.7317293538491615 0.5429367457502021 0.7271330639380487 0.5405236935468679 0.7267390962313819 0.5392925444635341 0.7237186771469362 0.5367317543701998 0.7217488386136022 0.5370272301501999 0.70717203346693 0.5426905159335353 0.7051365336491514 0.5458915035502032 0.7044799208047067 0.5473688824502038 0.7036919853913731 0.5490924911668711 0.7062527754847074 0.5489447532768711 0.7089448881469306 0.5495849508002046 0.7093388558535973 0.5507176079568717 0.7116370008091537 0.5515547893335387 0.7120966298002651 0.552293478783539 0.7101924525513755 0.5533768899768726 0.7037576466758175 0.5533276440135393 0.7011968565824831 0.5512593135535385 0.7002775986002606 0.5497326886902046 0.702707066124706 0.5491417371302044 0.7021161145647058 0.5478120961202039 0.6995553244713715 0.5476643582302039 0.6950903571291478 0.5446111085035361 0.6889181963913678 0.5407699233635347 0.6869483578580337 0.5413116289602015 0.6885242286847009 0.5444141246502027 0.6904284059335904 0.5481568178635374 0.6906253897869239 0.5511115756635385 0.6901657607958126 0.5526382005268724 0.692595228320258 0.5553467285102067 0.6953530022669256 0.5544603011702065 0.7002119373158162 0.556085417960207 0.7015251630047057 0.5556422042902068 0.7045455820891512 0.5564793856668738 0.7105207589735979 0.557070337226874 0.7126875813602654 0.5615024739268757 0.7130815490669322 0.5665255621868776 0.7185514097320251 0.5702560690174182 0.7264063849122919 0.5654088533207344 0.7299161113713828 0.5636193267005427 0.729518391109091 0.5593686913972971 0.7416488591089968 0.5528808796186588 0.7473163728466578 0.5522097266760411 0.7497026944204097 0.5528808796186588 0.7314075623549781 0.5657073580775758 0.7225582865189812 0.5714494443644164 0.724499061198268 0.5730421146317847 0.7263007549511477 0.575060770706603 0.7107113685455295 0.5823511014080539 0.7094275367238904 0.5791873729904432 0.706493063988715 0.5805629070850565 0.7074100867184573 0.5823511014080539 0.7063096594427666 0.5873030241486621 0.7006241185183646 0.585652383235126 0.6951219821399112 0.5797375866282884 0.690170059399303 0.5804253536755952 0.6897407167588855 0.5719457235190791 0.6839891182378417 0.5642487313806236 0.6762075437681945 0.5630645787439381 0.6714709332214526 0.5661095426668435 0.6715265291697348 0.5668934318503799 0.6800373260195571 0.5701969648381399 0.6768271131726944 0.572772600726902 0.6792907648923798 0.5758521653765089 0.6789921404415089 0.5773639516590431 0.6731689636495249 0.5776999041662729 0.6696601263517912 0.5745083553475895 0.6642848862361137 0.574788315770281 0.6618212345164283 0.5738364503331298 0.6614479539528396 0.5690211310628355 0.6663006012794928 0.5656616059905372 0.6606806635859076 0.5655849422670424 0.6550465840480278 0.5658796925342187 0.6457585212311316 0.5675095689419912 0.6455501352063936 0.5681123999421264 0.6471874539721925 0.5736495143137376 0.6394474016247791 0.5755696426845383 0.6351308339694908 0.5768422859070457 0.6303790333756646 0.5740610258353017 0.6268098133868727 0.5768032314364467 0.6293343836228474 0.5772602657033042 0.6291602753307113 0.5796760182566939 0.6372363492184492 0.5799111940326093 0.6407185150611729 0.5809558437854263 0.6434171935892841 0.5833063057292648 0.6455935472409864 0.5856567676731034 0.6430689770050116 0.5955809403248661 0.6434171935892841 0.5979314022687047 0.6448971140724415 0.5993025050692772 0.6435913018814202 0.6015876764035647 0.641589056521854 0.602893488594586 0.6227853609711457 0.6033505228614435 0.6200227165950722 0.6024084348736212 0.6134119244428239 0.6069751005051085 0.6083668462213714 0.6055398627352124 0.609932560152167 0.6029303395172197 0.600712244781926 0.5975808169203346 0.6001903401383275 0.5997989116556285 0.5923617704843493 0.604626529608915 0.5909700247680866 0.6031912918390191 0.5871427240483639 0.6054093865743129 0.583956873929408 0.6020698319403563 0.5847530077980169 0.5948017577776697 0.5965467502891066 0.5828876709754462 0.5976900212448756 0.5780588554912118 0.6070501883854075 0.5737641286965436 0.6097244523582325 0.5676340295392662 0.6181820371652625 0.560946367505156 0.6161868826411931 0.5580467743758244 0.5993180624965934 0.5673573804459264 0.5927343093916135 0.5676276091181457 0.5928325743633297 0.5566956310147279 0.5879193257775237 0.556007776212715 0.5824819973425653 0.5595698814374243 0.5776342587379036 0.5596190139232823 0.5792392532759335 0.5664238632146232 0.574424269661844 0.5727619538903128 0.5657114421696816 0.577159311374609
27 0.82479134349357 0.6481673386384981 0.8301259746061589 0.643243063765339 0.8278006225827227 0.6409861044484744 0.8242442018409968 0.6409861044484744 0.8180888582495478 0.6363695967548877 0.8117967292449556 0.6367799529943177 0.8111128021792392 0.6405757482090444 0.8141220812683919 0.6412938716280469 0.8195934977941242 0.6459103793216334
27 0.7480923737799159 0.674565345512667 0.7498483031382603 0.671965149353434 0.7580230616462096 0.6709618835365493 0.7615902289951328 0.6686209299638183 0.7602525412392866 0.6663914503707413 0.7667923480456463 0.6652767105742028 0.7514832548398502 0.6607062774083948 0.7538613664057991 0.6639390228183565 0.7431598643590291 0.6651652365945488 0.7404844888473366 0.6663914503707413 0.7334987861223616 0.6661685024114335 0.7360255296611824 0.662043965164241 0.7342419459867209 0.6593685896525484 0.7372145854441569 0.6584767978153176 0.7349851058510798 0.6542407865884712 0.7300802507463101 0.652011306995394 0.7337960500681053 0.649781827402317 0.7219054922383608 0.643762232501009 0.7109067262458473 0.6400835911724316 0.6925644870186669 0.6384762871361197 0.6908362031086542 0.6404983793108344 0.6906979403958533 0.643194502210454 0.6998232794407196 0.6459943221446742 0.7123360549492106 0.6458906251100737 0.7130964998696162 0.6469275954560811 0.7171061185408454 0.6450092003159673 0.7218696235340484 0.6471731929433052 0.725257059997673 0.6505951950851299 0.7191735006344289 0.6522543476387422 0.7183439243576227 0.6543801368480576 0.7170304285860132 0.65469122795186 0.7148873565375976 0.6527209842944456 0.7067298564823384 0.6570244112303769 0.7057620174927314 0.6579576845417836 0.7072137759771419 0.6624685055469164 0.7059002802055325 0.6646461432735323 0.7059002802055325 0.6679644483807564 0.7077668268283459 0.6686903276229618 0.7127442844891821 0.6684829335537601 0.7152330133196003 0.6685347820710605 0.7181365302884213 0.6700902375900718 0.7212474413264439 0.6700383890727715 0.7221461489596505 0.6718530871782846 0.7266396871256832 0.6724752693858892 0.7273310006896881 0.6737196338010982 0.7318245388557209 0.6739270278702996 0.7334145600529324 0.6735122397318967 0.7349354498937434 0.6725271179031894 0.7377007041497634 0.6725789664204899 0.7398437761981791 0.6743936645260029 0.7432312126618037 0.6743936645260029
27 0.7700788872911495 0.6668115119492605 0.7710740936022686 0.6646469382225765 0.7845093788023757 0.6594967455625355 0.7860021882690542 0.6617359597625533 0.7901820547757542 0.6621091621292229 0.7944614419135659 0.6561379242625087 0.8037168606069731 0.6557647218958391 0.8056077525980992 0.6567350480491801 0.8109818666781421 0.6581532170425248 0.8130717999314919 0.6605417121892104 0.8128727586692682 0.6624823644958926 0.8114794698337016 0.6638258930159033 0.813270841193716 0.665169421535914 0.8135694030870515 0.6679311190492693 0.811977072989261 0.6700956927759534 0.8080957683758967 0.6700956927759534 0.8054087113358754 0.6689014452026104 0.7964518545358042 0.6671100738425961 0.7946604831757899 0.666139747689255 0.7907791785624256 0.6662890286359229 0.7851065025890471 0.6675579166825998 0.7786376615667734 0.6694239285159479 0.7734625887489543 0.6707674570359585 0.7723678618067233 0.6708420975092925
27 0.6348005038637695 0.4176070328843189 0.6341702725370247 0.4139438132976142 0.6532347701710569 0.41087143557973316 0.6585917364483883 0.4134711398025556 0.6589068521117608 0.41748886451055417 0.6652091653792095 0.41831604312690684 0.6696207846664237 0.4178433696318482 0.6743475196170101 0.4222155994611407 0.6800196015577139 0.4220974310873761 0.6804922750527725 0.4196158952383181 0.688842840132142 0.4157163389040842 0.6951451533995907 0.4176070328843189 0.7009747931719807 0.41748886451055417 0.704598623300764 0.41973406361208276 0.712003841390016 0.41512549703526097 0.7164154606772299 0.4176070328843189 0.7190939438158958 0.4164253491466722 0.7219299847862477 0.4191432217432594 0.7250811414199719 0.4189068849957301 0.7217724269545615 0.4212702524710234 0.7222451004496202 0.4342687735851364 0.7279171823903241 0.436513972686665 0.7365828631330661 0.4380501615456056 0.7419398294103972 0.4405316973946636 0.7531264354601187 0.44407674860760343 0.7573804969156466 0.4458492742140733 0.7375282101231833 0.44986699892207194 0.7318561281824794 0.457193438095481 0.7343770534894587 0.4602658158133623 0.7318561281824794 0.46451987726889016 0.7258689305784032 0.46676507637041875 0.7230328896080512 0.47338250530123976 0.7220875426179338 0.475036862533945 0.7261840462417755 0.475036862533945 0.725711372746717 0.47172814806853436 0.7310683390240481 0.47172814806853436 0.7391037884400453 0.467710423360536 0.756277592093843 0.46960111734077054 0.7611618848761158 0.4736188420487691 0.7614770005394882 0.48011810260582555 0.7781781306982274 0.47858191374688486 0.7806990560052065 0.4822451333335895 0.7855833487874796 0.4834268170712362 0.7841653283023036 0.4795272607370022 0.7860560222825381 0.4772820616354737 0.7898374102430075 0.47692755651417973 0.7948792608569663 0.4817724598385309 0.7983455331540631 0.48011810260582566 0.8049629620848843 0.4808271128484136 0.807011213896805 0.4833086486974715 0.8079565608869224 0.48732637340547 0.8101623705305293 0.48898073063817526 0.8100048126988431 0.49075325624464516 0.8059083090750014 0.49465281257887916 0.8052780777482567 0.4973706851754664 0.8117379488473915 0.49571632794276105 0.818670493441585 0.49784335867052504 0.8191431669366438 0.5101328695420501 0.815676894639547 0.512259900269814 0.8197733982633886 0.5146232677451072 0.8189856091049577 0.5220678752922809 0.8204036295901335 0.5250220846363975 0.8177251464514677 0.5266764418691028 0.8189856091049577 0.5291579777181608 0.8158344524712332 0.5319940186885127 0.8155193368078608 0.5336483759212179 0.8224518814020543 0.5370752587603931 0.8232396705604853 0.5403839732258037 0.8221367657386819 0.5433381825699203 0.8158344524712332 0.5422746672060383 0.8164646837979781 0.5452288765501548 0.8189856091049577 0.5492466012581534 0.8252879223724062 0.551846305480976 0.8245001332139752 0.5556276934414452 0.8169373572930367 0.5576365557954445 0.814258874154371 0.5605907651395611 0.8174100307880954 0.5644903214737949 0.8147315476494296 0.5709895820308515 0.8163071259662918 0.5765434955977906 0.8122106223424502 0.5817429040434358 0.8218216500753095 0.5911963739446088 0.8262332693625235 0.5909600371970795 0.8314326778081687 0.5968684558853126 0.8358442970953829 0.597459297754136 0.8314326778081687 0.6013588540883698 0.8278088476793858 0.5986409814917826 0.822294323570368 0.5984046447442533 0.8204036295901335 0.6014770224621344 0.8218216500753095 0.6064400941602502 0.8166222416296642 0.6101033137469548 0.8125257380058227 0.6106941556157781 0.8114228331840191 0.6132938598386007 0.8073263295601776 0.6158935640614233 0.8131559693325676 0.61707524779907 0.8139437584909985 0.6187296050317752 0.8098472548671569 0.6212111408808332 0.8109501596889604 0.6232200032348324 0.8122106223424502 0.626174212578949 0.8077990030552361 0.6336188201261228 0.8044902885898256 0.6357458508538867 0.8038600572630805 0.6395272388143559 0.8038600572630805 0.6440176370174132 0.8005513427976702 0.6469718463615297 0.8008664584610427 0.6513440761908222 0.7935605231378651 0.6512713195826947 0.7888222884086986 0.647566353682747 0.779636496007274 0.6465027302416204 0.7788237883211679 0.6444449270555084 0.7889278136175093 0.6394678718133022 0.7951823552011044 0.6436277320174857 0.7932941917041701 0.6339582697343572 0.7886032855164739 0.6323651317838188 0.7880598972650277 0.6303048942372008 0.7855426823481738 0.6297900093678444 0.785428263488317 0.6317637347003775 0.7811375562436796 0.6341236236849279 0.7746728906617597 0.6350675792787481 0.7756454509705442 0.637942353132655 0.7749589378114023 0.6406025916243301 0.7667779893316273 0.6409887552763475 0.7577961088328535 0.6439922503475934 0.7554505222057855 0.6469957454188396 0.7457249191179409 0.6486262141718017 0.7410337458638042 0.647167373708625 0.7387453686666645 0.6455369049556628 0.7302211636073186 0.6442067857098253 0.717461106211637 0.6392297514710914 0.7107353842674025 0.6380191215211293 0.7098691055053369 0.637108983497007 0.7072388412026638 0.6360404386240458 0.6965268656516744 0.6325785647929296 0.6897320162031018 0.6293318322943172 0.6874305349382626 0.6300715941294441 0.6889648557814886 0.6283043853010855 0.6913759313922725 0.6241945973281585 0.692362280505775 0.618975166602541 0.6960336910949233 0.6191395581214582 0.6968008515165363 0.6202492008741485 0.6991023327813753 0.6202902987538778 0.6986091582246242 0.6179477196093094 0.7127787424844356 0.6119531260983477 0.7126315410589504 0.6094580619363735 0.7190200829250081 0.6076033239752602 0.7272339224670823 0.6021715913748562 0.7320561626062705 0.6026308166608552 0.7330766632418237 0.6036513172964083 0.7383152331709959 0.602375691501967 0.7387914668009208 0.6007939155168597 0.7416488685804695 0.6004367402944162 0.7416998619199664 0.5974520970845407 0.7443531635724043 0.5952580207181017 0.7438769299424796 0.5942885451143264 0.7551704703092668 0.5837263635363522 0.7571434382046696 0.5793892358352515 0.7689812455770848 0.5700006299881634 0.7699337128369343 0.5617345748401836 0.7724509477379655 0.5560197712810865 0.7796624855625403 0.5533664696286484 0.78619368963008 0.553009294406205 0.7944257280902078 0.5564789965670852 0.8041545008158137 0.5554584959315322 0.8080324032309156 0.5507641930079882 0.8108217716347607 0.5448963143535581 0.8050389346999597 0.5356097585700251 0.7928609604490267 0.5326503067269214 0.7771107767538933 0.5370662639405432 0.772129949603749 0.5303119521063703 0.7598692703190325 0.5282311279783992 0.7601363909905765 0.5229554947154039 0.7718006603146677 0.5206181888393933 0.7677938502415066 0.5099333619776304 0.7680609709130508 0.5021200823349664 0.7667955620818447 0.5009634509166995 0.7562557948472134 0.500301932312921 0.7536023787621421 0.5011376734394203 0.7469231479575167 0.4978559051798445 0.7386640591779953 0.4978067439371092 0.7344689664645876 0.5040502217644856 0.7336168382571765 0.5096054421935685 0.7333546449625886 0.5107853120192144 0.727455295834359 0.5071473800568062 0.727127554216124 0.5040993830072209 0.7323058717842366 0.5032636418807216 0.727389747510712 0.501149708443106 0.7241778796520092 0.5026245457251635 0.7165742741089577 0.50193628832687 0.7174919506400157 0.5043451892208971 0.710674924980728 0.50193628832687 0.7085118303003771 0.5018871270841347 0.7081185403584951 0.4991340974909609 0.7049066724997924 0.4984950013354026 0.7015637079937956 0.4985933238208732 0.7009082247573256 0.49741345399522724 0.7060209940017913 0.4960369391986403 0.7083151853294362 0.49697100281061 0.7169020157271926 0.4958402942276994 0.7247022662411851 0.4936280383046132 0.7297494871620038 0.48831862408920673 0.7365665128212914 0.48512314331141554 0.7359765779084685 0.4843857246703869 0.7304049703984739 0.4854181107678271 0.7297494871620038 0.4831075323592704 0.7328302583734128 0.48099359892165483 0.729225100572828 0.4799120515814794 0.7203105285568365 0.4803545027660966 0.7174264023163687 0.4854181107678271 0.7128380196610791 0.48782701166185416 0.7062176389727324 0.49249732972170257 0.7068075738855554 0.49534868180034686 0.7045789308815574 0.4956436492567583 0.7005149348154437 0.4966760353541985 0.6997283549316797 0.49407048948923044 0.7013670630228548 0.493578877061878 0.7040545442923815 0.4911208149251156 0.6997283549316797 0.4888593977592943 0.6955332622182719 0.48605720692338517 0.6923213943595692 0.4823701137182417 0.6828559114179251 0.4810360498091167 0.6986694167349718 0.4679359982453359 0.6974474640513817 0.4596339079538864 0.6938606979067967 0.45273030081381804 0.6800122469128485 0.44933683460456764 0.666753853700419 0.44848607281773134 0.6598505612124093 0.44687421914718184 0.6563337895675737 0.4488768252227131 0.639922188558343 0.4514167158550941 0.6395314361533614 0.4496583300326764 0.6561384133650832 0.4351028029471086 0.6584829277949731 0.42855770016366534 0.657050168976707 0.4215241568739949 0.649365371678734 0.41937501864659565 0.6351680342977326 0.4189354221909912
22 0.4294336066007262 0.7544230198981028 0.4172742199252709 0.757766851233853 0.404304207471452 0.7638465445715807 0.3889023176825419 0.7595907592351714 0.3872810661258145 0.760806697902717 0.40025107857963355 0.7687102992417627 0.3933607594635422 0.776005931247036 0.3909288821284511 0.7784378085821271 0.3929554465743603 0.7851254712536274 0.38120137278808686 0.791205164591355 0.3641782314424495 0.7893812565900368 0.365394170109995 0.783301563252309 0.36579948299917686 0.776005931247036 0.35647728654799443 0.7708381919099674 0.3621516669965403 0.7665824065735581 0.35059564914229424 0.7617855752172739 0.3522169006990216 0.7411146178690001 0.3522169006990216 0.7316910931955221 0.35667534248002186 0.7289552311935448 0.34451595580456656 0.718011783185635 0.35708065536920375 0.6988607491717925 0.36802410337711344 0.6982527798380199 0.3992331958441154 0.6946049638353834 0.40774476651693414 0.6939969945016107 0.4057182020710249 0.684877454495019 0.4211200918599349 0.6833575311605873 0.4255785336409352 0.6885252704976559 0.43368479142457206 0.6863973778294511 0.44787074254593656 0.6903491784989741 0.45516637455120973 0.6870053471632238 0.4713788901184835 0.6900451938320876 0.48191702523721136 0.6979487951711336 0.49448172480184843 0.7143639671829982 0.48434890257230234 0.7292592158604311 0.47745858345621106 0.7326030471961811 0.4717842030076653 0.7402026638683407 0.46205669366730107 0.738074771200136 0.4434123007649362 0.7289552311935446 0.43814323320557236 0.7216595991882716 0.42152540474911676 0.7243954611902488 0.4012597602900246 0.7253074151909079 0.4065288278493886 0.7350349245312722 0.4146350856330254 0.7329070318630676 0.4296316625327536 0.738074771200136 0.4385485460947541 0.7350349245312722 0.4535451229944824 0.7405066485352271 0.44989730699184577 0.7447624338716365 0.4612460678889374 0.749322203874932 0.4563823132187552 0.7699931612232063 0.43773792031639047 0.7681692532218879 0.43084760120029914 0.7590497132152965
23 0.22902982106229547 0.6700370007228051 0.217938788565332 0.6567277617264489 0.21128416906715392 0.6434185227300927 0.2135023755665466 0.628445628859192 0.22514795968835827 0.6134727349882914 0.25564829905500774 0.599331668554663 0.2822667770477201 0.5955884450869379 0.3160944261634586 0.5914293079005765 0.3238581489113331 0.593092962775121 0.32995821678466297 0.599747582273299 0.3349491814082965 0.6163841310187442 0.3421583525313228 0.6392593855437315 0.3355037330331447 0.6596391577569016 0.3227490456616367 0.6617187263500824 0.3105489099149769 0.6704529144414412 0.3083307034155842 0.6779393613768915 0.29391236116953173 0.6833462397191614 0.2615363899614239 0.6833462397191612 0.2442016972726065 0.6766280271309093
26 0.3336049521031593 0.4648549773296425 0.3439410029696034 0.4691319638950677 0.35498988493028494 0.4696665872157457 0.36853367572079776 0.46645884729167697 0.377087648851648 0.45790487416082676 0.39134427073639844 0.4407969278991262 0.4070265548096238 0.42422360495810396 0.4351833830320059 0.39481932232080624 0.43946036959743096 0.3897404007743639 0.4387475385031934 0.38439416756758255 0.43090639646658074 0.3763748177574104 0.4020367371499612 0.36381116972147415 0.371028584550629 0.35151483334587696 0.3500000672706222 0.34349548353570486 0.33823835421570314 0.344030106856383 0.3293279655377342 0.34830709342180816 0.31435851255874625 0.3638111697214741 0.2961813196556895 0.3851961025485997 0.3050917083336585 0.3964231922828407 0.3111507726346774 0.40791759367742064 0.3211304079540027 0.4290352148442072 0.32540739451942785 0.4370545646543793 0.332535705461803 0.4533605759350625
20 0.3815739431152408 0.3426133835615612 0.3612834527871039 0.34620649122383546 0.3488837086976869 0.34219066501305834 0.3426838366529784 0.34113386864180123 0.33141134202623573 0.33669532388252127 0.3297204678322243 0.31154357024660156 0.32887503073521857 0.2808964754801449 0.32887503073521857 0.25659015894123094 0.33620215224260136 0.23376335732207695 0.33141134202623573 0.22425218998076274 0.3322567791232414 0.22171587868974568 0.3350749027799271 0.22087044159273997 0.3350749027799271 0.2229840343352542 0.3511382076230355 0.22636578272327704 0.3928464377419834 0.2261544234490256 0.4294820452788973 0.2253089863520199 0.4610450302337769 0.22340675288375705 0.46358134152479397 0.21981364522148283 0.4734447743231938 0.22044772304423713 0.47175390012918245 0.22234995651249992 0.4816173329275823 0.22213859723824853 0.4900717038976394 0.22319539360950563 0.5007805737930449 0.22404083070651132 0.5453069275686786 0.22361811215800848 0.5715154775758553 0.2238294714322599 0.5751790383295468 0.22192723796399708 0.5906787184413179 0.22446354925501422 0.6002603388740493 0.22678850127177988 0.6050511490904149 0.2798396791088878 0.5949059039263465 0.28279870894840775 0.5957513410233523 0.2901962835472076 0.5954695286576837 0.303300558550796 0.5951877162920151 0.32020930049091006 0.5915241555383237 0.3250705637986929 0.5949059039263466 0.32972046783222425 0.5929332173666666 0.3417679464645555 0.5960331533890209 0.34451561702982403 0.596596778120358 0.3485314432406011 0.5670064797251583 0.34536105412682977 0.5599611705834441 0.34345882065856687 0.5424888039119928 0.34472697630407545 0.5004987614273764 0.34979959888610973 0.4568178447487483 0.35677445493640675 0.4393454780772971 0.3550835807423954 0.4325819813012516 0.3493768803376069 0.4227185485028517 0.3525472694513782 0.4013008087120405 0.35212455090287537
14 0.7524378645152183 0.2905319183416847 0.6808971097845082 0.2966015525100141 0.6773362577390885 0.3080124647464735 0.6808971097845082 0.31383931354806976 0.6831631065406846 0.32525022578452917 0.6857528171191718 0.34054570388871935 0.6870476724084155 0.3558411819929097 0.6898341553445384 0.37340389403562874 0.7163786887740327 0.37243275256869607 0.7587851994967614 0.3700048989013643 0.7688203279883993 0.35859398666490483 0.7626697653644922 0.33115924022405563
11 0.6123707400257904 0.3712025369232748 0.612125060544235 0.3665960466441134 0.6108966631364587 0.365674748588281 0.60770282987624 0.360883998697953 0.6000867659480262 0.35590898919645864 0.599841086466471 0.3478015663051343 0.6020522018004686 0.34485341252647095 0.5983670095771393 0.34485341252647095 0.5939447789091442 0.3411682203031417 0.5959102147615866 0.3291913455773217 0.5923973775908667 0.32481813808174215 0.5962727270511892 0.32170401797969733 0.6009785085387237 0.3220154299899018 0.6090060181351059 0.3208735859524854 0.6211856878675479 0.32118499796268984 0.6257530640172138 0.32398770605453026 0.6285211707745868 0.3220154299899018 0.6328117362485154 0.32263825401031077 0.6350036901414094 0.3204429585004137 0.6456609011572962 0.31452613030652854 0.6539652214294158 0.3085054981092419 0.6568717335246577 0.3044571419765836 0.663653595080222 0.305806594020803 0.6651760537967771 0.30290008192556117 0.6709890779872609 0.3044571419765836 0.6751412381233207 0.3069484380582195 0.6792933982593806 0.3127614622487031 0.6813694783274102 0.32096197851742114 0.6844143957605209 0.33767442306506185 0.6835839637333089 0.3478472153984083 0.6844143957605209 0.3595770677827772 0.6855216384634701 0.3632102079018295 0.6849680171119955 0.3669471520242833 0.6838607744090462 0.3681928000651012 0.6838607744090462 0.37680853234742523 0.6787397769079058 0.3788846124154551 0.6730651580552909 0.3783655923984477 0.6679441605541504 0.3788846124154551 0.6662832964997265 0.38096069248348496 0.663653595080222 0.3825177525345074 0.650228277306962 0.38272536054131046 0.6409551196697617 0.3832443805583179 0.6406783089940246 0.3810644964868865 0.6409551196697617 0.3788846124154551 0.6380486075745201 0.3777427683780388 0.63597252750649 0.37909222042225815 0.6283602339237138 0.37795037638484175 0.6251769111527347 0.3762895123304178 0.6231008310847048 0.3761857083270163 0.6177030229078271 0.3739020202521834 0.6131356467581612 0.3727601762147669
24 0.026485298981906366 0.45119598622747636 0.024593491911770196 0.42944020492091034 0.03783614140272338 0.3977524364961295 0.058015416817509186 0.3717400892817572 0.09774336529036873 0.3514031632777935 0.14882215618404532 0.34052527262451043 0.19359492351060129 0.33957936908944236 0.2270168484163403 0.34620069383491897 0.2642223874623516 0.3632269574661445 0.2875546746606977 0.38025322109737 0.30112131078771254 0.39522602674106255 0.3161990316492958 0.4227022294903124 0.32879531585187244 0.4527395225887643 0.3317021506678517 0.4650935705566759 0.3384847652384698 0.4706650039539696 0.34332948993176854 0.4796277446365721 0.35043508614860663 0.4927085013084787 0.3578636640116646 0.5082116203270345 0.3381617835922499 0.5421246931801256 0.28971453665926283 0.5590812296066711 0.23028591375479868 0.5525408512707177 0.21316788650514323 0.5467271816387593 0.1899132079773094 0.5423669294147905 0.15696908006287819 0.5363110235481671 0.11950320910136818 0.5266215741615697 0.07654665015411961 0.5086960927963644 0.04747830199432736 0.48495694179920074 0.02745343992869269 0.45395070376208907
17 0.7670571548416499 0.5018711873956299 0.7559539829774792 0.5006983171282878 0.7536082424427952 0.5014020392886931 0.7462582554341189 0.4982352895668697 0.7392210338300671 0.4982352895668697 0.7342167873560748 0.5059762333313267 0.7337476392491379 0.5146554733096573 0.7393774165323793 0.5181740841116833 0.7404720954485652 0.5284953424642925 0.7471965516479926 0.5483168499823718 0.7486039959688029 0.5512490256507268 0.7604890813445347 0.5436253689130041 0.7755018207665121 0.536470860282218 0.7717486359110177 0.531075657052445 0.7593944024283491 0.5286126294910268 0.7595507851306613 0.5227482781543169 0.7643986489023412 0.5215754078869749 0.7709667223994565 0.5201679635661646 0.7690901299717092 0.5147727603363915 0.7669169245180921 0.5102179501366271
17 0.6980899401594324 0.6180218541174973 0.6855903567714424 0.6178449732204975 0.6818860136867406 0.6136348250839343 0.6863560475107459 0.6056043573419712 0.6902023556848902 0.6006925178493141 0.6959738709701386 0.5979969668044394 0.6976371393697685 0.5955800299112273 0.7093839724421548 0.5872376993443335 0.7102156066419697 0.5832614483264682 0.7270561991882224 0.5752309805845052 0.723521753839009 0.5717225238040358 0.7324618214870198 0.5662649243677501 0.7505498653329952 0.5529327886019667 0.7551708643858646 0.5491576188533692 0.773235537421699 0.5389012741157343 0.7931573263771053 0.5332033048170483 0.8049753367743802 0.5361156002363766 0.8103778558131345 0.5448524864943619 0.8075077675737963 0.5505504557930482 0.8036247070146917 0.555108831231997 0.794676784856755 0.5559951820117925 0.7865730062986236 0.5528296435125225 0.7794822000602586 0.5528296435125225 0.7720537363819716 0.5554886958519094 0.7696901343025166 0.5613132866905663 0.7685083332627891 0.5696703083286393 0.7566903228655143 0.5791669238264494 0.7550020356659036 0.5835986777254275 0.7465605996678503 0.5918290778235297 0.7355867328703805 0.6009458287014277 0.7310283574314318 0.6024652871810772 0.7273141255922881 0.6019588010211939 0.7188726895942347 0.6072769056999675 0.712288369515753 0.6091762287995296 0.7124571982357141 0.6117086595989456
