18 0.491207202769256 0.33862443755915045 0.4701609234363017 0.3313536858264597 0.4335725247253055 0.332725750778122 0.4161930353375823 0.31900510126149845 0.398813545949859 0.28401744499410825 0.37503108678771147 0.23256500930676982 0.3640545671744126 0.20649577522518497 0.3655403633304204 0.1745040041401775 0.38107054000788876 0.14855136528272808 0.4126733041744061 0.1267785306680054 0.44390859433898716 0.11658112711427451 0.47183661848614195 0.11217143909103956 0.5027044346487868 0.11189583358958739 0.5343071988153041 0.11658112711427454 0.5684822809953751 0.12843216367671853 0.5853860850844425 0.13780275072609285 0.6052296811889999 0.15433908081322398 0.6155189532432148 0.16784375038438107 0.6213985372741948 0.18272644746279915 0.6243383292896847 0.19816035554412148 0.6280130693090473 0.20091641055864337 0.6533687754426484 0.20312125457026084 0.6798269035820581 0.21083820861092203 0.6930559676517631 0.2254453001878879 0.6934234416536992 0.23950118076194937 0.6904836496382093 0.250801006321489 0.673579845549142 0.26899096941733325 0.6518988794349033 0.2750542904492813 0.623235907283876 0.27918837297106414 0.6033923111793187 0.27863716196815974 0.5971452531464024 0.2951734920552909 0.5923680911212312 0.30730013411918705 0.583181241072825 0.3119854276438742 0.5537833209179251 0.3128122441482308 0.5376144648327302 0.31170982214242204 0.5174033947262366 0.3108830056380655 0.501602012642978 0.31529269366130047 0.4979272726236155 0.32245843669905727 0.49351758460038053 0.3337582622585969
20 0.1890054353890643 0.4312966190756157 0.17521740253272702 0.42322557545239387 0.1785803373757361 0.41187567035723816 0.18496991357745338 0.40077798537530823 0.18193477500679148 0.3906889553865803 0.18664288378700417 0.3707635664417515 0.19034211211431418 0.3427671338737009 0.18630659030270327 0.3210762041362923 0.17991701410098598 0.3130051605130705 0.16276604640163972 0.2938364319079187 0.1718459704777642 0.28652204862437397 0.1916872860515178 0.2746677033027669 0.2064841993607578 0.27567658375566967 0.2266618084188123 0.27214550217051015 0.260963743817505 0.2708844016043817 0.27562789245165037 0.2709177566204251 0.2858494616557722 0.2711366217176074 0.2993234377051708 0.2697693749503113 0.31817602156859726 0.27016766897559497 0.3260091373991758 0.27016766897559497 0.3264074314244595 0.26817619884917665 0.34917109549867237 0.2669565704463708 0.35209191835075243 0.2670561439526917 0.35368509445188706 0.27064079018024456 0.356074858603589 0.3108684867338939 0.34332944979451196 0.3287917178716585 0.3454536845960249 0.34372774381979565 0.34996768354923957 0.3510961832875433 0.34958923070307896 0.3741218082962774 0.3506114214361289 0.39190792705134636 0.35061142143612883 0.3995743575492207 0.35267679571767924 0.4038814258396822 0.3528769939007697 0.40735037981001887 0.34919210086195984 0.4123686223036612 0.3467678291259007 0.41731413664522193 0.34182231478434 0.4219687383784555 0.33610103348724046 0.42502332076589 0.3292161017568326 0.42662334011168906 0.31709474307653673 0.42793244684916104 0.30332487961572074 0.43084157293243197 0.30254911266018186 0.42822335945748813 0.30962798612947456 0.4225505635951097 0.3087552483044933 0.42116872870555594 0.298088452665833 0.4200778064243294 0.28393070572724755 0.42153236946596484 0.2772397157357243 0.42109600055347424 0.2651183570554286 0.41876869968685737 0.24126352317260655 0.41731413664522193 0.2280754849284448 0.4172414084931401 0.21595412624814903 0.4188414278389392 0.20005090365960101 0.425968786742953
16 0.18711670143213724 0.5570704043642497 0.18006290715988574 0.552869844878789 0.1740570243888076 0.5477249686286642 0.17590588504240642 0.5318775915978167 0.17722649979497707 0.5111769553512722 0.17947154487434708 0.48304786112151804 0.17960360634960415 0.46333768593940156 0.18422575798360133 0.45610732016907746 0.19426243010313804 0.4505607382082808 0.20218611861856178 0.44957027714385284 0.21988235630300804 0.45036264599539527 0.23969157759156734 0.4513531070598232 0.2653115037914373 0.45343307529512195 0.2869695857335955 0.4545225824659927 0.29568564310056156 0.455314951317535 0.30268490128918585 0.45650350459484856 0.30545819226958415 0.4585834728301473 0.30559025374484117 0.4652195619618147 0.30479788489329884 0.4774022330542786 0.3025528398139288 0.501074252494107 0.3004398562098158 0.5208834737826663 0.29727038080364626 0.5513896745670476 0.2954215201500474 0.5550543805054311 0.29185586031810673 0.5586200403373717 0.2860451554067961 0.5612942852113273 0.27732909803982997 0.5629780690208548 0.2609534751079543 0.5617895157435412 0.23744653251219724 0.560402870253342 0.21882586450095154 0.5592143169760285 0.1969036596082793 0.5578276714858293
26 0.23112412074691271 0.6967039893466789 0.20718719191347312 0.6954956347661446 0.1892344952883934 0.6939420360197437 0.18348042585727814 0.6906622164440078 0.17680570531718443 0.6844478214584035 0.17561419903763856 0.6658033738743498 0.17492371070590468 0.6352492651951276 0.17653485014661696 0.5981355173644339 0.1781459895873293 0.5924389886276299 0.1887334773405814 0.5860519715590918 0.19747966287587665 0.5850162390614911 0.22763098669492074 0.5858793494761584 0.2614649149498786 0.5870877040566926 0.29760047097728265 0.589504413217761 0.30151323819044107 0.591748500295896 0.30427519151737636 0.5945104536228314 0.304505354294621 0.5996891161108351 0.30381486596288715 0.6209216323116505 0.3031243776311533 0.6569996476447435 0.30335454040839793 0.6792678963431595 0.30358470318564257 0.6851370471628971 0.30197356374493023 0.6889347329874334 0.2978306337545273 0.6932502850607698 0.2872431460012751 0.6968753488023723 0.2702111004851739 0.6970479708853058
14 0.7151122929087491 0.7146486568267282 0.7039850269402518 0.7246631961983756 0.6869232191218899 0.7355122805176603 0.6724577733628433 0.7243850145491632 0.6731995910940767 0.7210468347586141 0.6769086797502424 0.7199341081617644 0.6735704999596932 0.709919568790117 0.6646686871848955 0.7071377522979928 0.6516868768883154 0.6987923028216199 0.6453814261728339 0.6898904900468221 0.6468650616353 0.6815450405704493 0.6520577857539319 0.6757032259369883 0.6349959779355697 0.661237780177942 0.6249814385639224 0.6517796041047194 0.6242396208326891 0.6476068793665332 0.6368837413184419 0.6439247942771005 0.6490206877707869 0.6434539644578285 0.6877333617998187 0.6313693324298469 0.7042647198987025 0.6296429564258496 0.7265427255610709 0.6268314327241323 0.7399352181981413 0.624634226900863 0.7514443915581236 0.6326383338284871 0.7686035227493702 0.639386894571386 0.7778108614373562 0.6494312640491887 0.7849256231507998 0.6588478604346288 0.7978996003929617 0.6783088262978718 0.796225538813328 0.6814476917596852 0.7922496425616978 0.6817615783058666 0.7851348808482541 0.6870976495909492 0.7656739149850111 0.6957295296109361 0.7411907643828667 0.7084419347312803 0.7340760026694231 0.7123655165585471
13 0.4590607016587364 0.7484750062865612 0.457330366351101 0.7521765304264982 0.4491218725960813 0.75085730821587 0.4450176257185714 0.7528361415318124 0.44941503308733194 0.7625104377430857 0.4488287121048306 0.764049530322152 0.4432586627710672 0.7662482340065321 0.44149969982356296 0.7684469376909125 0.44149969982356296 0.7748231783756154 0.4356364899985488 0.7774616227968717 0.434463848033546 0.7884551412187731 0.4365159714723009 0.794171770798162 0.44120653933231224 0.7968102152194182 0.4432586627710672 0.7998884003775507 0.45263979849108965 0.8038460670094351 0.4716952304223856 0.8040659373778731 0.5098060942849774 0.8036261966409971 0.5637476246751073 0.795930733745666 0.5907183898701722 0.7910935856400294 0.5995132046076933 0.7825186412709464 0.6047900934502061 0.7743834376387392 0.605962735415209 0.7554745859530686 0.6033242909939525 0.7447009378996053 0.6042037724677047 0.7411830120045968 0.5998063650989441 0.7310689750564474 0.5921841923264257 0.7306292343195715 0.5866141429926623 0.7194158455292319 0.5552459704288368 0.720295327002984 0.5405879458663015 0.7231536417926783 0.5353110570237888 0.7106210307917108 0.5279820447425212 0.6954499753694867 0.5165487855837435 0.6767609940522541 0.5059950078987181 0.6734629385256838 0.49983863758245334 0.6723635866834937 0.4614346132286109 0.6842365865791471 0.4283074777172812 0.6947903642641725 0.42478955182227274 0.6974288086854288 0.4198058234710107 0.7005069938435614 0.41101100873348956 0.7044646604754458 0.40632044087347824 0.7042447901070078 0.39957774957471204 0.7071031048967023 0.38990345336343873 0.7119402530023389 0.39019661385468946 0.7150184381604713 0.39605982367970355 0.720075456634546 0.4001640705572134 0.7196357158976698 0.4089588852947345 0.7231536417926783 0.40983836676848673 0.7273311787930009 0.41101100873348956 0.7306292343195715 0.41394261364599655 0.73634586389896 0.4121836506984924 0.7422823638467869 0.41247681118974305 0.7458002897417955 0.41775370003225576 0.751077178584308 0.424496391331022 0.7534957526371264 0.4288937986997826 0.7466797712155474 0.4382749344198052 0.743161845320539 0.4453107862098221 0.742941974952101 0.44951571740054624 0.743161845320539 0.4536974423229438 0.7471067356998895 0.45778786295419244 0.7459459406558864
28 0.5327896051652705 0.45564761397015796 0.529707810313471 0.4523732069401209 0.5240578530851718 0.44909879991008383 0.5253419342734216 0.44775051466242144 0.5312487077393708 0.44871357555360886 0.5386963786312198 0.45622545050487034 0.5453736008101189 0.4594998575349074 0.5374122974429699 0.46778218119911874 0.5338168701158704 0.47009352733796844 0.5407509085324195 0.47413838308095535 0.5420349897206693 0.47856846318041735 0.5374122974429699 0.4828059311016417 0.5212328744710223 0.4760645048633301 0.5181510796192226 0.47356054654624297 0.5209760582333722 0.46662650812969386 0.5119874899156234 0.46296687674318193 0.5137852035791732 0.46007769406961985 0.5181510796192226 0.45911463317843243 0.5245714855604717 0.45372149218778324
28 0.5757367078859977 0.5536824610629515 0.5816942933949398 0.5591081192943095 0.5821198352170072 0.5630975738761904 0.5840347734163099 0.5654912466253189 0.5670131005336182 0.5788958140204385 0.5619065986688107 0.5705977484901263 0.562970453223979 0.5648529338922179 0.5653109332453491 0.5618209484099884 0.5720130075044497 0.5536672781006247
28 0.5302226759064971 0.32769373923692624 0.5279190292334782 0.3240942913103343 0.5311825286869215 0.3191990421301693 0.5352139103647044 0.3158875500377048 0.539821203710742 0.3168953954571505 0.540013174266827 0.3199189317154877 0.5363657337012139 0.32395031339327063
28 0.588653225727971 0.3572206336749598 0.5841037089025365 0.3534147878690676 0.5757046009171191 0.3553833288031498 0.572029991173499 0.35328355180679544 0.5617060876080899 0.35328355180679544 0.5559317008681154 0.3578768139863206 0.5524320725408581 0.3654885055981052 0.5484074999645122 0.37100042021353535 0.5456077973027065 0.37572491845533273 0.5463077229681579 0.38661751162392094 0.5461170004684978 0.39003357707282327 0.5490916845466665 0.3909522295087282 0.5511914615430208 0.38963986888600677 0.5545161084539153 0.39068975738418393 0.5534662199557381 0.3934457146918991 0.5541661456211895 0.39777650474688 0.5517164057921095 0.3990888653696014 0.5468169261339493 0.40171358661504436 0.5487417217139406 0.40433830786048736 0.5511914615430208 0.4114250552231833 0.5489167031303036 0.41234370765908834 0.5511914615430208 0.41562460921589206 0.5560909412011811 0.41903674683496794 0.558715662446624 0.4185118025858794 0.5651899748520499 0.42139899595586655 0.5657149191011385 0.42638596632220815 0.559940532361164 0.42901068756765115 0.5562659226175439 0.4354412546189865 0.552241350041198 0.4452839592893975 0.5506665172939322 0.45000845753119484 0.5524163314575609 0.4560453163957136 0.5590656252793497 0.4593262179525173 0.5665898261829528 0.45985116220160593 0.5686896031793072 0.4603761064506945 0.56886458459567 0.46313206375840965 0.5699144730938472 0.4651006046924918 0.5786635439119904 0.4654943128793082 0.5823381536556106 0.4682502701870234 0.5774386739974504 0.4694313947474727 0.5739390456701932 0.4738934208647257 0.5707893801756616 0.47625566998562435 0.5711393430083873 0.47953657154242807 0.5758638412501846 0.4818988206633266 0.5784885624956276 0.4846547779710418 0.5788385253283532 0.4883293877146619 0.5807633209083448 0.49108534502237705 0.5863627262319564 0.49423501051690855 0.5905622802246652 0.49371006626781994 0.5804133580756191 0.4992219808832502 0.5764373976442804 0.502845151138028 0.5744639899192817 0.5063087282459462 0.5732391200047416 0.5093271576782057 0.5755138784174589 0.5123455871104651 0.5817344197311829 0.5132115165698237 0.5848009267499209 0.5103704880083458 0.5901222183412603 0.5075294594468679 0.5931887253599983 0.5051619356456364 0.5964356151445446 0.5034708472161852 0.5994119307803785 0.5036061342905414 0.5995021221632826 0.5048913614969242 0.5995923135461866 0.5070559546866216 0.6022078636504044 0.5113174975288385 0.5928279598283821 0.5113851410660165 0.5861537974934817 0.5162554757428356 0.5860636061105777 0.5179465641722868 0.5899418355754523 0.5201111573619842 0.5901222183412603 0.5215316716427232 0.5858832233447696 0.5241697695926668 0.5825461421773194 0.5222081070145036 0.5781267644150205 0.522952185923462 0.5792090610098692 0.5305282620874031 0.5815540369653748 0.5316105586822518 0.5793894437756774 0.5345192307809077 0.5792992523927734 0.5397954266807952 0.5840793956866884 0.5464921368614216 0.5893104958951239 0.5527829858189798 0.5976081031222973 0.554609361322787 0.606176284498183 0.5565033803637721 0.6094231742827291 0.5571798157355526 0.6099643225801534 0.5550152225458552 0.6148346572569726 0.5558269449919918 0.6219597765063933 0.5550828660830333 0.6268301111832126 0.5560975191407038 0.6359394408565225 0.5590061912393599 0.6418920721281904 0.557788607570155 0.6455899188272569 0.5554210837689235 0.6447781963811203 0.5526476987446237 0.6439664739349839 0.5509566103151725 0.6449585791469284 0.5487243735882971 0.645770301593065 0.547168572233202 0.6436958997862717 0.5458833450268192 0.6447781963811203 0.5386454865487684 0.6478447033998584 0.5356691709129345 0.6546992485005668 0.5326252117399226 0.6620047505157955 0.5351280226155102 0.6664241282780946 0.5375631899539197 0.670121974977161 0.5378337641026318 0.6775176683752939 0.5408100797384658 0.6783293908214304 0.5416218021846023 0.6877092946434528 0.5370220416564953 0.6979009209116113 0.5253197097246937 0.6995243658038846 0.5220051764029695 0.6990734088893642 0.5192317913786697 0.6964578587851464 0.5176759900235747 0.6983518778261316 0.5153761097595212 0.7052966143097443 0.5153761097595213 0.7044848918636079 0.5189612172299575 0.7059279539900726 0.5203817315106963 0.7091748437746187 0.5215993151799011 0.7134138387711098 0.5249138485016254 0.7142255612172461 0.5268755110797887 0.7166607285556558 0.5314076280707177 0.7172920682359841 0.5344515872437298 0.7153980491949988 0.534925092003976 0.7121511594104527 0.5367514675077832 0.7128726904736851 0.5396601396064391 0.718554747596641 0.545545127340929 0.724777953017021 0.5481832252908727 0.7312717325861133 0.5497390266459676 0.7347891965193716 0.5502125314062141 0.7382164690697259 0.5497390266459676 0.7443494831072018 0.5496037395716116 0.7476865642746521 0.5543387871740747 0.7521961334198549 0.5571798157355526 0.7566155111821539 0.5559622320663479 0.7589604871376594 0.5535270647279382 0.7605839320299326 0.5507536797036384 0.7632896735170543 0.5505507490921043 0.767438477130641 0.551565402149775 0.7641915873460948 0.5542711436368967 0.7604937406470285 0.5597502701483184 0.7624779510709179 0.5629971599328646 0.7714970893613239 0.5657705449571643 0.7791633569081688 0.5659058320315203 0.7868296244550137 0.5656352578828082 0.7907980453027925 0.5644176742136034 0.791699959131833 0.5598179136854964 0.7956683799796117 0.5540682130253626 0.8025229250803201 0.5481832252908728 0.803785604440977 0.5468303545473119 0.8040561785896891 0.5496037395716117 0.8062207717793864 0.5517683327613091 0.8117224461365343 0.5496037395716117 0.8135262737946154 0.5527829858189798 0.815961441133025 0.5530535599676919 0.8196592878320915 0.548656730051119 0.8192083309175712 0.547100928696024 0.8165927808133534 0.547100928696024 0.8172241204936819 0.5441922565973681 0.8194789050662834 0.5408100797384658 0.8140674220920399 0.5387131300859465 0.8110911064562057 0.5398630702179733 0.8055894320990581 0.539524852532083 0.8048679010358257 0.5382396253257002 0.8004485232735267 0.5388484171603026 0.8020719681658 0.5356691709129345 0.7995466094444863 0.5333016471117029 0.7896255573250396 0.5339104389463052 0.785476753711453 0.5321517069796761 0.7820494811610987 0.5317458457566077 0.77808106031332 0.5337075083347712 0.7753753188261985 0.5359397450616467 0.7751949360603904 0.5383749124000562 0.7727597687219808 0.5389837042346587 0.7713167065955158 0.5376308334910977 0.7703246013835711 0.5343839437065516 0.7721284290416522 0.533572221260415 0.7744734049971578 0.5337751518719491 0.7774497206329918 0.5333016471117029 0.7780810603133204 0.5323546375912103 0.7783516344620324 0.5284313124348837 0.780876993183346 0.5250491355759814 0.7818690983952906 0.524440343741379 0.7828612036072353 0.5259961450964741 0.7860179020088773 0.5280930947489935 0.7932332126412021 0.5284313124348837 0.7999975663590068 0.5267402240054325 0.8037856044409769 0.5226816117747499 0.8059501976306742 0.5176759900235747 0.808475556351988 0.5169319111146161 0.8103695753929734 0.5111822104544823 0.812714551348479 0.5097616961737435 0.8176750774082022 0.5034708472161853 0.8230865603824458 0.4989387302252563 0.8237179000627741 0.49569184044071024 0.817738424907919 0.4898240317753089 0.8232917965640048 0.48443871256035126 0.8273947893266886 0.487035137667987 0.8323953117562094 0.4829962541672201 0.8367547415665609 0.47876504288070243 0.8335492784707142 0.47511081495143714 0.8375233976828372 0.46822199441033374 0.8322664382056486 0.4643754386953178 0.8323946567294825 0.46072121076605244 0.8286763195383002 0.4509124936927613 0.8271376972522936 0.4460081351561158 0.8216243007274374 0.44398869340573244 0.8213678636797698 0.440526793262218 0.8217525192512712 0.43581476251132323 0.8197010228699294 0.4267753565810354 0.8158544671549134 0.417832114543623 0.8063662963912069 0.42062086743700966 0.8027761777238586 0.41562034500748873 0.7982885293896732 0.41129296982809566 0.7911082920549763 0.4091773641848367 0.7817483398151039 0.40561930014844694 0.778799313766925 0.40446533343394203 0.775722069194912 0.40667710297007625 0.7686700503840491 0.4108121503637186 0.7662338984312056 0.41100447814946933 0.7636695279545281 0.4079272335774565 0.7572586017628349 0.4035998583980634 0.760848720430183 0.3992724832186704 0.7604640648586816 0.39494510803927724 0.7535402645716526 0.39157937178863816 0.7514887681903106 0.39273333850314307 0.7536684830954866 0.3985993359685425 0.7509758940949751 0.4050423167911944 0.7486679606659655 0.4050423167911944 0.7417441603789365 0.40783106968458116 0.7381540417115882 0.4091773641848368 0.7335381748535689 0.40831188914895816 0.7312302414245593 0.4061962835056994 0.7262297189950382 0.40456149732681745 0.725588626375869 0.4008111055046768 0.7187930446126737 0.3960990747537821 0.7102024035158044 0.38927143835962846 0.7152029259453255 0.3854248826446124 0.7231524744230253 0.3801358685364653 0.7289223079955495 0.3827322936441011 0.7349485786157414 0.38167449082247173 0.7463600272369558 0.3793665573934621 0.7536684830954866 0.37984737685783915 0.7663621169550396 0.3792703935005866 0.7779017841000879 0.37840491846470803 0.7843127102917813 0.37715478785732787 0.779696843433762 0.36811538192703996 0.7790557508145927 0.36244171224739125 0.7750809765757425 0.3551332563888607 0.7645670576213653 0.3545562730316083 0.7635413094306943 0.3519598479239725 0.74418031233178 0.35138286456671997 0.74418031233178 0.3508058812094676 0.7545660127623235 0.34772863663745474 0.7690547059555509 0.3409971641361766 0.7798250619575958 0.3350350027779016 0.7832869621011102 0.3303229720270069 0.7790557508145927 0.327726546919371 0.7759785062425797 0.3303229720270069 0.7731576987182346 0.32638025241911545 0.7721319505275637 0.3245531384544828 0.767772520717212 0.32666874409774166 0.7646952761451992 0.32666874409774166 0.7591818796203428 0.3311884470628856 0.7532838275239848 0.33436185552777387 0.7478986495229621 0.3342656916348984 0.7393080084260929 0.3386892307071669 0.7299480561862205 0.3434012614580616 0.7335381748535689 0.34724781717307773 0.7337946119012366 0.35465243692448367 0.7367436379494157 0.35667187867486716 0.7402055380929301 0.3603261066041325 0.7345639230442399 0.3652304651407779 0.7290505265193833 0.3704233153560496 0.7262297189950382 0.3721542654278069 0.7189212631365077 0.3718657737491806 0.7091766553251336 0.3710002987133021 0.7000731401329287 0.3695578403201711 0.6935339954174015 0.36821154581991544 0.6854562284158677 0.367153742998286 0.6754551835568258 0.36484580956927637 0.6594278680775922 0.3611915816400111 0.6540426900765695 0.3592683037825031 0.6486575120755469 0.36128774553288645 0.6499396973138858 0.35465243692448367 0.6414772747408503 0.34282427810080923 0.6357969433059806 0.33625938675267814 0.6334739078189154 0.33277483352208037 0.6279343616574524 0.33411504630307953 0.6273982765450529 0.33585732291837833 0.619356999859058 0.3381356846460769 0.6215013403086567 0.34162023787667456 0.6218587303835899 0.3453728336634721 0.6254326311329207 0.3504656422312687 0.630268011565316 0.3565038915386889 0.620694814861441 0.35503860632891204 0.6163966449127625 0.3556247204128228 0.6146383026610304 0.362804617940729 0.6124892176866911 0.3663213024441932 0.6099493899897447 0.36954492990570215 0.6050651059571555 0.3647094887134388 0.5995947078406555 0.35928793343726473 0.5992039651180484 0.35503860632891204 0.5951011665306735 0.354159435203046 0.5890446543302628 0.3543059637240237
28 0.6948921867857812 0.3605409072009145 0.6997097262819245 0.35456051334363325 0.7041692573140692 0.3549590945765418 0.7103735337423471 0.35335454032784924 0.7134756719564862 0.3515895306542875 0.7176475130030867 0.35191044150402595 0.7186102455523024 0.35231158006619906 0.716577810170625 0.3571252428122767 0.7136896125229785 0.3589704801982732 0.7095177714763778 0.362259816408093 0.7024577327821305 0.3644259646438279 0.6976440700360527 0.3626609549702661
28 0.8089096420149473 0.41217968877746136 0.8043207545781084 0.4116978555965932 0.8038618658344245 0.4059846907377289 0.8029440883470568 0.4024741918485472 0.8060645318041072 0.4021300252907843 0.807349420286422 0.4034378582102834 0.8111123079846299 0.4047456911297824 0.8102863082459989 0.4083938566420693
28 0.7883683841509904 0.6002681425750277 0.7790839085157156 0.5943970770997804 0.7690712387129685 0.5983566328854122 0.7747147435108804 0.6042276983606595
28 0.7711576233534084 0.5782316811086551 0.7726140116883536 0.5820547004878859 0.7669705068904417 0.5821912368942871 0.755501448752749 0.5763201714190398 0.7507681866641778 0.5757740257934354 0.7529527691665954 0.5733163704782156 0.7636936331368152 0.5726336884462101 0.7689730408509909 0.5749548073550288
28 0.6402156380937654 0.6079581815211688 0.6333846472901568 0.6052542476614071 0.6286409036765396 0.6082428061379859 0.6322461488228885 0.6103774907641136
11 0.30524688059256844 0.6024132490398189 0.31480548222508953 0.6136490701291074 0.3249182665345063 0.6273658786339015 0.3337400571022954 0.6312388598587845 0.3391191976924107 0.6304319887702672 0.3520291351086875 0.6278500012870118 0.35912960068763966 0.6218791552319839 0.3614964225472905 0.615262812306142 0.3647239069013596 0.6121967021697764 0.36924238499705647 0.6112284568635555 0.376127684952404 0.6083237209448933 0.37634285057600864 0.6020301264544583 0.3772035130704271 0.5981571452295753 0.375051856834381 0.5908953054329197 0.3649390725249642 0.5804059812821949 0.361711588170895 0.5784694906697534 0.35934476631124423 0.5766943742750152 0.35654761320438433 0.56991665713147 0.3535352944739198 0.5702394055668769 0.3531049632267106 0.567818792301325 0.3567627788279889 0.5655595532534766 0.35418079134473357 0.5592659587630417 0.3397465196716828 0.553513566722865 0.3309247291038936 0.5512543276750166 0.32059677917087226 0.5489950886271682 0.31177498860308317 0.5525453214166443 0.3033835292825033 0.5549659346821961 0.29843471993959725 0.5551273088998996 0.2962830637035511 0.5567410510769342 0.2945617387147142 0.5593230385601896 0.29391624184390036 0.5661007557037349 0.2943465730911096 0.5767514540721632 0.2960678980799465 0.579494815773122 0.29801830714948063 0.5888498657052537 0.3019810510033921 0.591293684003779 0.30451658279378657 0.593780455567435
