32 0.4120924789804365 0.12379738029733799 0.5131645633021302 0.12153897551892558 0.5932428746576797 0.12011746703332411 0.6712894624688479 0.11886827115148912 0.683041995274084 0.13541887833977725 0.6896830208934983 0.1543976415574334 0.6888483095510584 0.18192758175366724 0.679196305213691 0.2103120945089514 0.6548122942561314 0.2564131152255875 0.647192290831894 0.26498561907785456 0.637794286608668 0.28498812806647766 0.6283962823854419 0.3074671381679779 0.6187442780480745 0.32880314775584263 0.5844542626390065 0.3575686606823386 0.5300982382127798 0.36423616367854633 0.47574221378655324 0.34766265623083004 0.45008820225828733 0.3089911388528254 0.43738819655122513 0.26974812121800296 0.42113218924618545 0.2364106062369644 0.4089401837674056 0.1996440897150191 0.39725617851690825 0.16973557627488742 0.3995421795441796 0.14497056514611598
23 0.6670634625682628 0.2909978668991253 0.6551294011561278 0.3304970158121156 0.6556482733914379 0.3421716411065955 0.660577559626885 0.35384626640107525 0.6719927488037096 0.3635751208131419 0.682370193509914 0.37096905016631254 0.6911910215101877 0.37563890028410446 0.7088326775107351 0.37174735851927787 0.7207135348458915 0.37008562183501226 0.7419872964936103 0.37183681562918414 0.7679309082591211 0.3691127363938056 0.776751736259395 0.3636645779230483 0.7860914364949788 0.3516007984520858 0.7871291809655994 0.33700751683398594 0.7811621502595316 0.322414235215886 0.7692280888473968 0.31035045574492354 0.7572940274352618 0.3039294118329596 0.7399118075523693 0.29731379083275433 0.7178597375516851 0.2934222490679277 0.6934727424921051 0.28933613021485977 0.678684883785764 0.2870012051559638 0.6714206724914207 0.28855782186189444
20 0.20241997637606193 0.7277903543585006 0.1978930120481628 0.6773470375619101 0.19627623907391312 0.653337958894302 0.19886307583271262 0.6259336569807696 0.19983313961726243 0.6150204394045843 0.19505792862063767 0.6047784387222179 0.19882829959845089 0.6030319612392672 0.2012625075691751 0.6057095900070639 0.21603003592490203 0.601754002054637 0.23352168465814388 0.6012493687688832 0.27040045276271313 0.5977540468055778 0.27418705155629414 0.5986278772964041 0.27554788144058534 0.597263140479831 0.2987043894474844 0.5952970218754716 0.33045356394750963 0.5923478439689326 0.4021418115435493 0.5862407978496366 0.4049176960580432 0.5945792850545627 0.409669367787574 0.6079455868845005 0.41186362689739264 0.6155813302764614 0.4190427118203036 0.6196542580144783 0.4500836585116555 0.6165610023535586 0.47157478631472194 0.6185537583443321 0.4736449126813361 0.6323718518414821 0.4597750660250208 0.6356323008688994 0.4606031165716664 0.6581449251058296 0.46681349567150915 0.6846942957576568 0.4734379000446747 0.7129515206619412 0.44197197927213844 0.7177645644643192 0.4216847408793189 0.7120199637969649 0.4136112480495234 0.7096910716345238 0.39353102229336534 0.7110884069319884 0.37552092290382155 0.7113989258869805 0.3378446230314425 0.7163672291668546 0.30720675280555193 0.7180750834193114 0.27843199630961407 0.7210250134917368 0.2500712650869991 0.7241302030416581 0.24013465852725083 0.7244407219966501 0.23516635524737667 0.7286327278890439 0.21715625585783283 0.728632727889044 0.2024583586548718 0.7301853226640047
16 0.5254885400351511 0.7897713256221204 0.4960857980422929 0.7118198701061709 0.49711147508855547 0.704127292259202 0.5049749991099012 0.6977168107200614 0.5446345115653843 0.6936141025350117 0.6037665335370052 0.6842735319507405 0.6101644752124926 0.6861404790238599 0.6127920303524385 0.6889408996335392 0.6118239837219321 0.6936082673163375 0.6206561825303635 0.7176337110507326 0.6223156910398029 0.7185671845872925 0.6293686022049207 0.7378589710095261 0.6423680855288633 0.7738495618079948 0.6416766236499301 0.7802801572820727 0.6308898183385735 0.7880591034200704 0.6119437628558062 0.7905483661842294 0.5931359997488255 0.7932450675120686 0.5682433721072334 0.7966678038127875 0.5421061130835617 0.8006091365227063 0.532840523905858 0.7979124351948671 0.5270322441228198 0.7941785410486284
26 0.6515089657384265 0.6167550937049125 0.6593441683147269 0.6162208753474375 0.6813064785664777 0.6196932946710252 0.7268931117376796 0.6271723516756755 0.7537227448019808 0.6318912805000382 0.7572842005184808 0.6342952631086758 0.7579964916617808 0.6364321365385759 0.7566906245657309 0.641418174541676 0.7527730232775807 0.6528148328344766 0.7470746941311803 0.6676839104508646 0.7424448016997303 0.6814845513523027 0.7374587636966301 0.6931483188238406 0.7321165801218799 0.7085516147977038 0.7283176940242797 0.7164758537669165 0.7252310990699796 0.7241329835573919 0.7188204787802793 0.7292970943463171 0.7100355546795789 0.7302764946683545 0.6982827508151285 0.730009385489617 0.6797631810893275 0.7274273300951546 0.6519838265006266 0.7227974376637043 0.6217114529103753 0.7174552540889542 0.612332952856925 0.6934154280025782 0.6169628452883751 0.6826420244601653 0.6226611744347754 0.6661702917713519 0.6294279402961257 0.6466713217235138 0.635838560585826 0.628151751997713 0.6395187314928761 0.6210288405647126 0.6465229277353264 0.617200275669475
14 0.38203919254468965 0.7649645173932315 0.40169015503992206 0.7494223925106387 0.40669221822052665 0.7285209142202552 0.4366086576213445 0.7181533566439462 0.44347751086811676 0.7184926373567722 0.4649849584580323 0.7151983628139504 0.47619306494855157 0.71792465898732 0.48119127459972916 0.7182654460089914 0.5007297305088777 0.7287162480069079 0.5040618702763294 0.7416661548304134 0.5066367055511785 0.7545024659800285 0.5101203062171508 0.7655212463473973 0.5146641331727666 0.7788119401925738 0.5119649993860536 0.7829113488006344 0.5084756349872978 0.7843156835612843 0.4897541254718313 0.7862979610393928 0.46825799093978787 0.7881204873378626 0.44469091425561225 0.7919198525042366 0.42971370664323905 0.7934065606128177 0.42068333146519044 0.7922502320839213 0.4145162459777426 0.774244544991105 0.40923017270278733 0.7570648068475001 0.4030630872153395 0.7590470843256085 0.3995390383653693 0.7623508801224556 0.3896276509748282 0.7711059389841002 0.38147828800927214 0.7687932819263071
12 0.7217704178910824 0.5249633151540793 0.718071532062797 0.5201085275044545 0.7187650731556005 0.5156005104012314 0.7266252055407072 0.5064110909215845 0.7379530433898317 0.5031167707307678 0.7515926848816348 0.507104632014388 0.7623360221694024 0.5065497684054296 0.7713520563758486 0.5004812838433987 0.7787498280324194 0.5023885218486084 0.7854540585961871 0.5006546691165996 0.7956259946239723 0.5010014396630013 0.8025614055520077 0.5010014396630013 0.8055667502874898 0.5022151365754075 0.8108838986656502 0.5025619071218093 0.8162010470438108 0.5018683660290058 0.8201311132363641 0.5018683660290058 0.830996590356953 0.5036022187610146 0.835389017278042 0.5101908591426482 0.8411685263847383 0.5185133522562907 0.8450985925772916 0.5278761570091385 0.8437115103916846 0.5367188059423836 0.8395502638348633 0.5469485370612358 0.8346954761852384 0.5547508743552756 0.8286847867142744 0.5590855061852977 0.8229052776075784 0.5651539907473287 0.8094968164800433 0.5750369513197792 0.8032549466448115 0.573649869134172 0.7988625197237224 0.5804118947890067 0.7935453713455618 0.5856134529850332 0.7916959284314191 0.5849199118922296 0.7778251065753483 0.5930690197326712 0.7625672025336704 0.5925488639130686 0.7503146432274745 0.5909883964542606 0.7371373624642072 0.5845731413458278 0.7339008373644574 0.5800651242426048 0.7214170976939939 0.5720894016753642 0.7223418191510652 0.5698353931237526 0.7087021776592622 0.5599524325513022 0.7067077452049534 0.5541219763805485 0.7022291274597624 0.5431340610508163 0.714944047494494 0.5337712562979685 0.7237289013366722 0.5282229275555402
12 0.49774463200081503 0.5747318866251601 0.5005373475654938 0.5682986668422392 0.5075191364771909 0.5620150568217119 0.5127056082401659 0.5618654470593183 0.5186899987359063 0.5597709103858093 0.5194879174686716 0.5560306663259715 0.5244749095484553 0.5567787151379391 0.5341306602660294 0.5546033191389038 0.5364218078904016 0.557292391966904 0.5366218211781387 0.5621806783678467 0.5397593230899101 0.5636525582144651 0.5351430864702305 0.5655934991286118 0.5275139196572664 0.5730578923626599 0.5224801127165419 0.5777240818730303 0.514500925388888 0.5780233013978172 0.5093144536259131 0.5786217404473913 0.5039285021797467 0.5784721306849978 0.5001383881991113 0.5762279842490952
12 0.4512441669238631 0.5134023805759526 0.45018531681847784 0.5064536767593608 0.46050910534598544 0.5048654016012828 0.4634209431357953 0.5032771264432047 0.46183266797771716 0.5004976449165679 0.4716270314525321 0.49851230096897026 0.4721564565052248 0.4899753219943005 0.4602443928196391 0.4917621315471383 0.4613032429250245 0.48798997804670285 0.4703034688208003 0.4846148933357869 0.46712691850464416 0.4725042952554414 0.4706599042375256 0.4612420346439044 0.47013047918483286 0.4521094524849553 0.45980669065732527 0.45310212445875414 0.45848312802559354 0.45766841553822873 0.45054175223520304 0.4487343677740394 0.4428650889711589 0.440594457588889 0.4494829021298177 0.43225601300897915 0.4571595653938618 0.4266970499557058 0.47277760444829636 0.42093955250767257 0.48654265581830664 0.4157776582439188 0.49395460655600437 0.4129981767172821 0.5045431076098583 0.4116084359539638 0.5183081589798685 0.41200550474348335 0.5236024095067956 0.41597619263867863 0.5312790727708397 0.4173659334019969 0.5378968859294984 0.4211380869024324 0.5482206744570061 0.4247117060081081 0.5561620502473966 0.42828532511378387 0.562515150879709 0.4314618754299401 0.5678094014066359 0.43404282256181687 0.572627123512516 0.43892235297466603 0.5745330078285861 0.447582833879215 0.5732800504950878 0.4504152693795268 0.5644256043572463 0.4479925042258429 0.5380475915646874 0.4506850935415091 0.5248685063454145 0.47564105912829224 0.5153963211900586 0.4733526327242499 0.5087785080314 0.47851452698800373 0.5053372451888974 0.4838749556465172 0.5024254073990876 0.4906251250683492 0.4971311568721606 0.4878456435417125 0.4931604689769653 0.4922134002264273 0.49395460655600437 0.4995591728325385 0.4942193190823507 0.5025371887539349 0.48939467693250727 0.5082780229851912 0.4873367933973457 0.5164345963871182 0.4680127789740622 0.5190155435189951 0.4582184154992472 0.5182214059399561
15 0.5233356735493938 0.4883235683074388 0.5253070185262727 0.4772392397306164 0.5383719962588494 0.4509975116572701 0.5640962579693068 0.4484562369991274 0.5737300292724288 0.4522981110641159 0.5717257745784893 0.4532783289296248 0.5886181090293496 0.4682542212180261 0.5946617004290163 0.4488488212799704 0.6277507662223101 0.43614262001534565 0.6547514439096379 0.44666494293761305 0.6708989080167652 0.46036381617603667 0.6703694829640726 0.462547694518394 0.6645458073844529 0.46453303846599164 0.6658693700161846 0.4689007951507065 0.6714283330694579 0.4690993295454662 0.6740754583329215 0.46433450407123184 0.6714283330694579 0.46215062572887455 0.6727518957011897 0.4607608849655562 0.6804285589652338 0.46473157286075145 0.6629575322263748 0.4947102664694755 0.6595162693838721 0.4855776843105265 0.6624281071736821 0.48180553081009103 0.646545355592901 0.47148174228258327 0.641251105065974 0.47148174228258327 0.6362215670653935 0.46810665757166736 0.6282801912750028 0.4798201868624934 0.6290743288540418 0.4855776843105265 0.6333097292755836 0.4845850123367277 0.6407216800132813 0.4778348429148958 0.6483983432773255 0.4831952715734093 0.658308895532522 0.4853131309565093 0.6591850717052903 0.4852644545024667 0.662738089923793 0.49467393796720893 0.6566048567144165 0.4949903349184864 0.6506147334963299 0.4943821326605604 0.6392616246817124 0.4968149416922641 0.6292600764402637 0.49701767577823935 0.6137777946451499 0.4865585330524345 0.6056684312061374 0.48595033079450867 0.5966129753659069 0.47986830821524934 0.5905309527866476 0.4755095253667801 0.5891793922134788 0.47915873891433575 0.588909080098845 0.48716673531036053 0.5874223634683594 0.4918296192877926 0.575934098596425 0.4995335145548545 0.5637700534379063 0.5055141700911262 0.5453888296428115 0.5052100689621634 0.533900564770877 0.5009526531566817 0.526331825561132 0.4931473908466322
27 0.6293331881971603 0.4850846981547336 0.6286678796185962 0.4796722367953794 0.6363375499563246 0.4684707502906985 0.641462671965118 0.47173800195827353 0.6465830313151367 0.47155685716994733 0.6617508882576452 0.481700965316211 0.6593839296901836 0.485070258379077 0.6488050740519374 0.4830776657074896 0.6409313139193614 0.4775346351847098 0.6331927844094305 0.4842653958555863
27 0.6731031201572287 0.4643041086061753 0.6707247109328658 0.46853546455184414 0.6655253977447237 0.46832804514274273 0.664585096423464 0.46442856025163615 0.6702822161934495 0.46256178556972344 0.6707800227752928 0.46007275266050646 0.658224234544354 0.4479179752871638 0.673434991211791 0.4479179752871638 0.6940663084370782 0.44530449073248596 0.6956236611801121 0.4377099632698515 0.6948793887993938 0.4327791587475932 0.6963679335608304 0.42812745636810434 0.7004614316547806 0.42477823065487236 0.7089568845218757 0.4215936272616647 0.7180622224760014 0.4252460752312464 0.72643139970938 0.4315816304484567 0.7224746556197154 0.43287219279518313 0.7222233876742676 0.43454680565179904 0.7281550926032985 0.4401430433353715 0.72553848462706 0.4335692539154374 0.7287699992939435 0.43088735319168747 0.7271745475668097 0.4277629268927172 0.7330245372329667 0.425502703612611 0.7323154475764627 0.4223118001583435 0.7388745268991238 0.4223118001583435 0.7410873600918291 0.42551675207091194 0.7425086113887062 0.42743054111623097 0.7456995148429738 0.42536974930201654 0.7497767803678711 0.425502703612611 0.7511949596808789 0.4256356579232055 0.751904049337383 0.4227771402454242 0.7589038772750244 0.42152785620990296 0.76099547554657 0.42677975418007946 0.7608536035614839 0.42886648821099027 0.767687051116243 0.4296122415805001 0.7710552269846366 0.43154007908412007 0.774866583888345 0.4252912264861795 0.7740688580247782 0.42103668854715615 0.7780574873426126 0.4197736225965086 0.7811597545898169 0.41984009975180586 0.7843506580440845 0.42329691182726237 0.7842620218370215 0.4272190639897995 0.7826665701098878 0.43114121615233664 0.7839074770087696 0.431805987705309 0.7871870166701 0.43193894201590344 0.794455185649265 0.43426564245130694 0.7954301839269577 0.4378554088373579 0.8027941612062759 0.4400730328768027 0.808792861475013 0.44289595065032605 0.8099690772139807 0.44598351696511707 0.8183202089606537 0.45251151431638953 0.817614479517273 0.45577551299202573 0.8136153460047817 0.45621659389413877 0.8042056200930375 0.45189400105343125 0.8050289711103151 0.4426313021090582 0.7930315705728413 0.4409551946810288 0.7860918977129302 0.4413080594027192 0.7798579542963996 0.44642459786723004 0.7740944971754564 0.4517175686925862 0.7620970966379826 0.45330545994019295 0.7640179044382913 0.4598167133261123 0.7515111549872705 0.47324231671570083 0.7403371054670744 0.4790645846235924 0.7405675051229348 0.48143316936018243 0.7480955131129486 0.4802613567956991 0.7591744682680635 0.47930260106112194 0.7588903924948553 0.48633347644802155 0.7461069827004921 0.48867710157698807 0.7431241870818074 0.4900619709713775 0.7482375509995528 0.4937904654947335 0.7449706796076601 0.5007148124666803 0.7390050883702906 0.4964536758685591 0.7304828151740483 0.4897423857265184 0.7343178381123573 0.4875052890125049 0.7311930046070687 0.4877183458424109 0.7230549438940902 0.4940578518162656 0.7116919129657674 0.4999169146386821 0.7062944732748142 0.5043911080667092 0.6952155181196996 0.5109958697937969 0.6898180784287462 0.5139786654124816 0.6510417353858446 0.5291057003358112 0.6425194621896024 0.536243104137664 0.6354396018426214 0.5429929709938993 0.6341392268799644 0.544232735259141 0.6316337302621978 0.5479909801857863 0.6307303176014674 0.5493460991768861 0.6395366665709177 0.5546725199245375 0.6510301309484364 0.5488966791230714 0.6569377386686774 0.5528333109844826 0.6640436760322068 0.5537521821952838 0.6767853568219833 0.5478714064461562 0.6797257446965471 0.5495253746255984 0.6821760679253502 0.5543035049217645 0.6851953699891377 0.5550838402036985 0.6938947423990899 0.5512778647743445 0.7018524370615729 0.5433243020072307 0.7063919245322045 0.554431387272952 0.7078285003074964 0.5601081224181454 0.7220207315939604 0.5698582151077317 0.7211628053207895 0.5720944546565102 0.7335553239629604 0.5805043152961137 0.737699090177644 0.5855528814420806 0.7328294943249968 0.5854435095731515 0.7307176758064228 0.5878401471416362 0.7258686967351214 0.5882985843302364 0.7221765824307027 0.5869334911736124 0.7199917413550463 0.5876056168843802 0.7163620532762467 0.5861207444885075 0.7132603198270907 0.5867146934468566 0.709168671447353 0.5850813338113967 0.7075188132297167 0.5838439401481696 0.703263891094561 0.5834402158884829 0.7005269105048282 0.5834870895465953 0.6973522624763864 0.5818734864575441 0.696740410610177 0.5828060933652448 0.6991003887279607 0.5857679988861887 0.6979110798856217 0.5873693409663719 0.6921249779852914 0.5890242837923397 0.6878351666564433 0.5903718717632622 0.6818470193632975 0.5891329142058492 0.6767825303852597 0.5887598822240554 0.6712160759628272 0.5868503797061289 0.668786965787814 0.5905660597891296 0.6724151828309745 0.5938566053625596 0.6654455253405044 0.594287719996793 0.6488933146376314 0.5951051818057939 0.62682917619407 0.5957112521714562 0.6216170932468149 0.594385524041589 0.6184216977458665 0.5921447420091438 0.6104384620579328 0.5923652894893813 0.6026268884560635 0.5913551722132775 0.6003372892968948 0.5924663012169917 0.5985864193516481 0.5913551722132775 0.5969702317098821 0.5939814771311475 0.5813470845061434 0.5931733833102644 0.5682659764081036 0.5935677044124258 0.5627335611771591 0.5922116085633821 0.5557768984614074 0.5916206631451127 0.5467070820429425 0.590393933701368 0.5388955084410731 0.5911815034357454 0.5308887527461517 0.5925546194492791 0.5263095544278142 0.5830565493668607 0.524322955088135 0.5779269075846658 0.5261839853569275 0.5748425863403255 0.5301779744620037 0.5713670164964445 0.5320281367287611 0.5694108661082565 0.5366101338706306 0.5655557315289174 0.5406780360034029 0.5639179205739787 0.5433173501699023 0.5665196524592043 0.5538523125200686 0.5616986856571297 0.5568118828620819 0.5641909885875303 0.5671920583316225 0.5659407942974882 0.5688885861093326 0.5625651429625571 0.558761724129438 0.5624523515854091 0.5558496173035073 0.5595860768865015 0.5757977230872835 0.556150398985283 0.5760783992126841 0.5519402571042727 0.5766397514634856 0.5473091010351616 0.5786044843412902 0.5457302978297828 0.5646057898631194 0.5455698735408001 0.5553629033090213 0.5417374762751191 0.562342821955589 0.5384171535549205 0.5704742696241667 0.5390800686901952 0.5764686861184312 0.5364184964295595 0.5896873419457787 0.5338764472319928 0.5931682503187252 0.534600415052601 0.5881363478014641 0.543585542795559 0.5950350084752134 0.5479772068411419 0.5962212981007446 0.542384698606495 0.5989328172448161 0.5422575961466166 0.6030516252124718 0.5380438915013005 0.6011359265493739 0.5342501411742812 0.6052032052654808 0.5306912722976875 0.6110051636379409 0.5309851240955911 0.615710341948757 0.5341230387144028 0.6178212751841339 0.5315026957000274 0.6122538649489376 0.5284329131936164 0.6050284023083883 0.5246488246012624 0.5898968729775871 0.5234568783381602 0.582451630637992 0.517681501044836 0.586661806067677 0.5141333462546858 0.5984034086350943 0.5136328400755356 0.6102360453819984 0.5192037299863763 0.6176236314987773 0.5209616713148877 0.627405979760027 0.5242131266175168 0.6320333535572138 0.5200708807184223 0.6293464913523956 0.5153688718599908 0.62352495657529 0.5129059148389076 0.6199424736355325 0.511674436328366 0.6132253181234875 0.5069724274699344 0.6100906455511995 0.5032779919383096 0.6121804272660583 0.49991941418228697 0.6215844449829214 0.5048453282244534 0.6303913822098248 0.5080919533886086 0.6342724053945621 0.5050692334081882 0.6377056182118297 0.5046214230407186 0.6414373712740769 0.5067485222861995 0.644124233478895 0.506076806734995 0.6448705840913445 0.5046214230407186 0.6506921188684502 0.5032779919383096 0.6533789810732684 0.5010389401009612 0.6429300724989759 0.49868793567174535 0.6491994176435515 0.4947695949563857 0.6603946768302932 0.49723255197746885 0.6708435854045857 0.48581338760699216 0.677607996736308 0.4716433293254876 0.6802174515600403 0.4645589719886108 0.6723213284788463 0.46042812869533245 0.6708743516349809 0.4618639494513275 0.6717069107798328 0.46298270080222215
27 0.6990444478908491 0.41906451760076074 0.6913944659058583 0.4178566257083937 0.6880392106492834 0.4115151932734672 0.6903207842237543 0.4056770491270269 0.6946155109521702 0.4059790221001186 0.6966286641061151 0.40769020228097186 0.7124654689171486 0.40829414822715526 0.7182365079584575 0.4112132203003755 0.7178338773276685 0.4137296617428066 0.7152838833326716 0.4143336076889901 0.6997154989421639 0.4145349230043846 0.7007891806242681 0.4163467608429351
17 0.5360012411813587 0.4109526527878098 0.5413984058681287 0.4126194242351946 0.5540976168958229 0.4026187955508855 0.564891946269363 0.4026187955508855 0.5775911572970572 0.4042855669982703 0.5883854866705973 0.4047617874118088 0.5956875330115214 0.40738099968627073 0.6042595004552151 0.4090477711336556 0.6169587114829094 0.40928588134042493 0.629975402786296 0.4121432038216561 0.6455319362952214 0.411190762994579 0.6587586049149416 0.41549465759899834 0.6667901759905357 0.41438994602211193 0.6846685888871294 0.4171987480930665 0.6985232684083129 0.4255975393413019 0.6959744801774689 0.4273695584097573 0.6942726261897273 0.4325318475837767 0.6950976756314504 0.43745752383256487 0.6933059734260012 0.44504565414176833 0.6745427322479087 0.44626958100277514 0.6550314862948332 0.4452270720271859 0.6281285233290734 0.4350468859738029 0.5937509997601048 0.44825272455131765 0.5881524133015202 0.4669690229052003 0.5745170877569661 0.45495785161649466 0.5765148745963942 0.44721314153090785 0.5834511755673697 0.44266119401870524 0.5798385188116533 0.4375673479931452 0.5697230798956473 0.4322567425622421 0.5649543729781017 0.43138970494087014 0.5545499215216385 0.4259707198072955 0.5408218258499162 0.42120201288975 0.5361976252025993 0.41838414062029117 0.5337410186087123 0.4157830277561754 0.5327294747171117 0.41339867429740257
17 0.6634838068905345 0.5524064222726717 0.6568059595678813 0.551577118235142 0.6505936392713889 0.5476812910856371 0.6449952767370484 0.5509257966453119 0.6398802140255951 0.5530064387345732 0.6346195973808666 0.5506045983664228 0.6321248707676282 0.5487335534064941 0.6384507846797682 0.5410489044639296 0.6495139257103617 0.5310151238963317 0.6712543331909783 0.5220526442591917 0.6907173954898035 0.5146175725632619 0.6972657155155764 0.5108659308818295 0.7072700933327295 0.504522245856862 0.7122272613423576 0.5002953186798176 0.7230493077433748 0.49419761740817847 0.7313194328666972 0.4878050953154307 0.734159337814671 0.4875600610194373 0.7303779758075024 0.48971059865384575 0.7306467930118036 0.49001973843879215 0.7388327863447615 0.4965051606503698 0.7450521138372814 0.5008226807300699 0.7483517993028654 0.4937570640616605 0.7434200193459793 0.49003894808049386 0.7459976544015506 0.4888014363518024 0.7589945312327131 0.4863758373774385 0.759245427290061 0.47922529974302996 0.7477938143868351 0.48016615995808365 0.7408291308046805 0.48126450799284987 0.7405918721799098 0.47914465458173955 0.7519212356141179 0.47311431902222983 0.7637578112067047 0.4608358971405434 0.7738481453421138 0.4528308886123028 0.7827469521634081 0.44454487600560505 0.7859127730609751 0.4416989037369837 0.7927725053583695 0.4412497545984639 0.8043687194801546 0.4430055194126778 0.8041390629956068 0.4530823028180721 0.793224529182087 0.4585331738020406 0.7933265460787196 0.4604049252488673 0.7930904740243855 0.4654334861812978 0.7858351738817454 0.4775252914219266 0.7735315743359064 0.4886550628233073 0.7634025646647628 0.505637892687532 0.762334326057771 0.5064381649584966 0.7517249918921145 0.5068504344246704 0.7383592113941322 0.5029001756340244 0.7265174747056424 0.506311377557327 0.7185833649162039 0.5155017834050194 0.7179281809073863 0.5202475529171445 0.7235253362563325 0.5281792196721617 0.7156743156586726 0.5332177927818185 0.7020872464894132 0.5424970533141704 0.6931435536683115 0.5507220927341014 0.6851670678966432 0.5542741215542973 0.6825497835028145 0.5539002237837505 0.6805556620598974 0.5488526038813666 0.67694131694461 0.5469831150286318
15 0.7801286795528053 0.4829295538008042 0.7859009183779567 0.4778075959118112 0.793224925912735 0.4652821945639863 0.7935475992490191 0.45869015460727086 0.7967703778983622 0.45739795297960356 0.8058959647173968 0.45315455510875247 0.8145652721954797 0.45732951107846076 0.8190238689284014 0.45789595484319434 0.82107865220895 0.46232359771758225 0.8174745993023869 0.4685220361112513 0.7976297538012467 0.48516754447419813 0.7888790378684049 0.4858090213143734 0.786473431940653 0.48514590820532955 0.7816470239775355 0.48494278160979826
27 0.7968027659083698 0.5000327609535924 0.7908560078051985 0.49636459251943355 0.7848577054547576 0.4958370969621651 0.783396271159915 0.4951337695524738 0.7845823243354471 0.49201342004310855 0.7860708564536565 0.4876275664805273 0.7857518852854686 0.4853150255111663 0.7813321070461527 0.4850670636076717 0.7799620068729324 0.48309438014874495 0.7736742300705092 0.488860578229777 0.7659756728578299 0.5026192113853503 0.7718803246541357 0.49944186887260605 0.7788541003053883 0.501545885452886 0.7857518852854686 0.5001471848318954
27 0.4515045516728856 0.5875186038094802 0.4454934600963318 0.5778257186422872 0.4454934600963318 0.5715140724869056 0.4518051062517133 0.5708378246845432 0.45631342493412874 0.5733173999598717 0.45451009746116255 0.5755715593010795 0.46022063445888867 0.5839119488635479
27 0.45442016026698845 0.5257174587323663 0.4538190511093331 0.5205328922475886 0.45111405989988385 0.5196312285111055 0.44540352290215773 0.5200820603793471 0.44450185916567464 0.5180533169722601 0.4402940950620869 0.5173770691698978 0.4384907675891207 0.5128687504874824 0.4336818943278777 0.510389175212154 0.43067634853960074 0.5110654230145162 0.43217912143373916 0.5169262373016562 0.4267691390148407 0.5187295647746224 0.4192552745441484 0.5148974938945693 0.4168508379135269 0.5207583081817094 0.43398244890670534 0.5263937065347286 0.4429990862715361 0.5241395471935208 0.44780795953277924 0.5230124675229171
27 0.4305543080287811 0.43982968929536265 0.42857333090797267 0.44276776446302224 0.42346390306790194 0.44479650787010905 0.42226168475259124 0.45313689743257746 0.4180539206490035 0.4565181364443891 0.42105946643728037 0.4589977117197176 0.4206394149381736 0.462158646813468 0.41204282907244966 0.46395686227037447 0.41091239552752773 0.45889003456413424 0.4148982058440893 0.4569766363367202 0.41299582951508285 0.4546430783374224 0.4144747463342761 0.451087705961252 0.41350470583811066 0.4463129128070733 0.41107641313254406 0.443292882973294 0.41324504738776036 0.440964436990056 0.4138461565454158 0.438034029846486 0.4171522569125204 0.4373577820441237 0.42820120810430956 0.43724243686445097
27 0.4519196546100892 0.5043195963782378 0.44831299966415683 0.5002621095640639 0.45312187292539996 0.4939504634086824 0.46225226159250804 0.4924093363771416 0.4711551476550615 0.49079464033099157 0.4711776815786425 0.49798560135905473 0.46127710792147 0.5001805398585223 0.4628960696515736 0.5031226914641915 0.4603430915387179 0.5041501094852188
17 0.6203076475585174 0.5219933484509482 0.6078317742205688 0.5160549420604907 0.5856998121131529 0.5134728798146254 0.5852079907329881 0.5070177241999625 0.5829947945222465 0.5033290638487266 0.5940607755759545 0.49871823840968155 0.6004544535180968 0.48802112339109727 0.5992623876674178 0.4860834592351705 0.6023975781304198 0.48473140834800094 0.6052976293086965 0.48646556057284884 0.6128416329039671 0.4869751909537144 0.6287135346229147 0.4975858511769367 0.633887667998568 0.4990814976393786 0.6407430407310797 0.504100609818539 0.643191388135548 0.5059368703718903 0.6415224008710791 0.5066511292763212 0.6378702776335173 0.50452072405441 0.6338799948369219 0.5050533253598878 0.6303631354229734 0.5080460374573343 0.6217535289218735 0.5049839598158293 0.6121497974453218 0.49998765233110926 0.6097826805320874 0.503386155899396 0.6128599325192923 0.5072665368393056 0.6197583875235759 0.5120599485886055 0.6292606711324175 0.5156867098592398 0.6314925242220386 0.5202011399723373 0.6273091552748986 0.523985766547316
17 0.5686009711633073 0.5627954356125955 0.5670420012158518 0.5657552727398423 0.5570809942524235 0.5641294808868398 0.5538664991858384 0.561426382762666 0.5434437424547897 0.5661750686564849 0.5407162920952628 0.5633258571201936 0.5372095702044426 0.5619377797050773 0.5372095702044426 0.5574082639294347 0.5318653926218441 0.5505700392054922 0.5232387374941716 0.5424547810202309 0.5274134064118148 0.5350000150958684 0.5365529494350834 0.5275944506266066 0.5405288245947433 0.5247616395753488 0.5488781624300294 0.5246125442568615 0.5548419751695195 0.5256562114862724 0.5592154378451455 0.5287872131745046 0.5627937254888395 0.5301290710408899 0.5683599507123636 0.5298308804039155 0.5715406508400915 0.5234197817089635 0.5816791324972247 0.518350540880397 0.5900284703325108 0.5237179723459381 0.597383839377882 0.5241652583013998 0.6047392084232529 0.5249107348938362 0.6109018149207261 0.5278926412635812 0.617462008934165 0.5316200242257625 0.6158246523353569 0.5338652083481257 0.6109385062583964 0.5306756407701098 0.604876065755501 0.5303363250703209 0.6007137931714237 0.5340687977679991 0.6026139610902416 0.5380727230255082 0.5988136252526057 0.5420087851430597 0.5957371629078528 0.5423481008428488 0.5947475826009884 0.5476376932868581 0.588685142098093 0.5436337680293489 0.5935712881750534 0.534472244135048 0.589861436524028 0.5335900233155969 0.5762888085324711 0.5361688226339927 0.5704978205894069 0.5389512113722619 0.5623542437944729 0.5382047168327262 0.5549345404924217 0.541733600110531 0.5643448958999011 0.5462804304877026 0.5776460713316268 0.5463482936276602 0.5760173559726401 0.547705556426816 0.5752029982931466 0.5557134069418346 0.5552964772388633 0.5594458796395125 0.5587272276767332 0.5625176934025263 0.5678512032765195 0.5627587084138522
27 0.5084051042432939 0.5303413598458736 0.5093363200882116 0.527408029934383 0.5033765386807385 0.5248937471531052 0.4992791889631007 0.5216810524881393 0.5000241616390348 0.5167921693023215 0.49667178459733113 0.5123223332467166 0.4974167572732654 0.5082715443213247 0.49499559607647936 0.5036620258889821 0.4936565865290603 0.4934474103545952 0.49747130778725734 0.48925121697057833 0.5025576027981868 0.49166720710076994 0.5077971224463207 0.48112897604631266 0.5110184426199094 0.4815104481721324 0.5142397627934983 0.48131971210922253 0.5149179354616222 0.47775930560157187 0.5150027070451376 0.476233417098293 0.5182240272187264 0.47604268103538316 0.5222082916439544 0.47597910234774654 0.5240732664812952 0.4768056252870225 0.5232255506461404 0.4822098137361352 0.5222082916439544 0.4863424284325154 0.5257686981516051 0.49250956113326744 0.5328047395833909 0.4992489020227491 0.5447575328590752 0.5041444609707687 0.562710926616223 0.5046933270416105 0.577055890290789 0.49801576106550655 0.5883937145256126 0.490115857727694 0.59022239585381 0.4757424224880627 0.5921973716882633 0.47590700380760054 0.6014870728355057 0.48232567526957326 0.5988537717229017 0.48397148846495086 0.5998046860135643 0.48600132473924995 0.5936603167508211 0.4968088313888963 0.5823956397691255 0.5010879456968782 0.5843706156035785 0.5050927578056305 0.5849557936286017 0.511566289707449 0.5823956397691255 0.5096461743128419 0.581298430972207 0.5098656160722256 0.5825419342753811 0.512334335865292 0.5831271123004044 0.5132121029028266 0.5811521364659512 0.5145836138989747 0.5788114243658586 0.5169974732521951 0.5724476133437316 0.5197953556843372 0.5687835330824579 0.5260819142503543 0.5659472110223966 0.5270895549822182 0.5625137685286383 0.5273134751448546 0.5598267265770014 0.5266417146569453 0.555796163649546 0.5230589920547628 0.5399627689495253 0.5222024974326787 0.5271246796250378 0.5321669446699989 0.523392676914431 0.5379888688985457 0.522347716155461 0.539780230199637
27 0.46511003890057445 0.46624952477079673 0.46184351245897093 0.46134973510839145 0.4621546102153141 0.45586663715284276 0.4686876630985211 0.453066757345754 0.46962095636755075 0.45644994544598616 0.47024315188023713 0.46053310349799054
27 0.4261679495818691 0.4805965173828845 0.42721485925383157 0.47771751578498767 0.43140249794168156 0.4775866520759924 0.44012577279052123 0.485949353599988 0.43944771152355533 0.49062634932097393 0.43340100007675825 0.49126013721942496
15 0.43232326188180836 0.44095740804192984 0.4426536925185529 0.44162532381585734 0.45049057093263506 0.45070897834127066 0.4658081060147047 0.47047928524952326 0.46972654522174573 0.48370401757328685 0.46064289069633235 0.4874443459072805 0.4597523363310958 0.4911846742412743 0.45191545791701365 0.49252050578912915 0.447640796963878 0.4990660803736182 0.4503124600595878 0.5044094065650379 0.4503124600595878 0.5057452381128926 0.44158502728026905 0.5054780718033218 0.43143270751657176 0.5053444886485362 0.4268018248173414 0.5032071581719685 0.4123748441005084 0.47902860715579465 0.4157589506884075 0.47542186197658637 0.41721092417979444 0.47218987515964533 0.4239520508485842 0.47769277560793966 0.4260209821984669 0.4808987713227914 0.43303570537399766 0.4914518405508453 0.4396258076767485 0.4907839247769178 0.4405163620419852 0.4858413480498546 0.4313296535871009 0.47731234102383946 0.42707875023252784 0.47753853614331576 0.4259754301914582 0.4806686071293933 0.4240894194704454 0.47763571621275475 0.4173255879143234 0.4721311086165491 0.4159824156904126 0.465367277060427 0.4179492035897105 0.46428794223764164 0.4204916367278273 0.4636043635165442 0.42157427470581427 0.45920185905304683 0.418760613755066 0.45640888678576 0.4228983504473428 0.4530573200650159 0.4230638599150339 0.44852649838697284 0.4248844640596357 0.44672658292583245 0.4302635217595954 0.4420716291470212
15 0.7646217542119953 0.4591042368278845 0.763241819625798 0.4538259870356793 0.7734533355636589 0.45268754100206643
31 0.19498085615951402 0.434613346183462 0.19246869052893378 0.42293177600126386 0.17635402726673224 0.4163914532686734 0.1683150972488755 0.39566608681638643 0.17434429476226806 0.390767363836755 0.16982239662722365 0.380216268188318 0.17183212913168786 0.36438962471566255 0.1798710591495446 0.36476644956024956 0.18087592540177666 0.3568531278239218 0.1778613266450804 0.3447947327971367 0.2049927154553469 0.3270839651015461 0.21554381110378387 0.32934491416906825 0.22107057549106035 0.32746078994613304 0.2316216711394973 0.32896808932448124 0.23614356927454178 0.32746078994613304 0.25624089431918357 0.3236925415002628 0.27885038499440573 0.32482301603402386 0.2748309199854773 0.31841699367604426 0.2833722831294501 0.3127646210072388 0.2873917481383784 0.3157792197639351 0.2888990475167266 0.325576665723198 0.2984452769129315 0.325953490567785 0.31854260195757333 0.33462046199328677 0.3326107294888226 0.35195440484429036 0.336630194497751 0.37230294645199025 0.3376350607499831 0.3832308669450143 0.3406496595066794 0.39905751041766974 0.3386399270022152 0.40433305824188825 0.3391423601283312 0.41111590544445487 0.3396447932544472 0.4216670010928918 0.3265815319754301 0.4295803228292195 0.31100610506583265 0.4333485712750899 0.30246474192185985 0.43372539611967686 0.2959331112823513 0.43372539611967686 0.28186498375110197 0.4363631700317862 0.2662895568415045 0.4382472942547213 0.24769953117521085 0.4363631700317862 0.2349100124778781 0.4344140405215963 0.22709977300445292 0.43523269549802507 0.2106481182738662 0.43562650061553604 0.20858990337398253 0.4373416796987724 0.19738406669683817 0.4366556080654779
