20 0.5046078539936557 0.8037800893732956 0.47528659963246483 0.8033571866661628 0.45329565886157164 0.8020884785447653 0.41382473952919924 0.8012426731305001 0.38513190408981934 0.8004553849774859 0.3571565467373999 0.7985304750679159 0.3403240720120019 0.7942178286886423 0.33211112306450263 0.7967202115710834 0.32903126720919035 0.7967202115710834 0.32903126720919035 0.7892130629237599 0.3259514113538782 0.7718888737376287 0.32004835429786305 0.7520623016690561 0.31440195189645725 0.724921071944117 0.31157875069575436 0.7229961620345469 0.3095255134588795 0.7126016485228681 0.3031091470936457 0.6906576755537683 0.29988427909484094 0.658126698082033 0.2976774767151658 0.6410328566101019 0.3028524924390364 0.6383001260134604 0.30567569363973923 0.6342578152033632 0.34504137292215326 0.6275456577441496 0.3550928270836015 0.6284388140019287 0.3783089608941861 0.6280981034927386 0.39293827620691923 0.6292530494384808 0.41706381374019835 0.6290605584475237 0.43785284076355596 0.6292530494384808 0.4655473676859808 0.6289405947827224 0.5028199230297351 0.6289622061922467 0.5074062521626905 0.6481171665522684 0.4948301740868322 0.6590891530368181 0.4930335915045669 0.670638612494239 0.4968834113237071 0.6937375314090807 0.4971400659783164 0.7093293016765989 0.49970661252440995 0.7308882926637845 0.5009898857974567 0.7447476440126896 0.5043263963073783 0.7572595584248955 0.5022731590705035 0.764959198063176 0.5035564323435503 0.7741987656291127 0.4986799939059726 0.776701148511554 0.5092028347449561 0.7855557340955767 0.5117693812910497 0.7884430989599319 0.5092028347449561 0.7988376124716106
14 0.5412830759843976 0.8030952161577241 0.5324835033796985 0.7565203354428521 0.5380146633026522 0.7563317731727515 0.548322734068157 0.7599144563046646 0.5651676301971524 0.7650056375973836 0.5810068608856109 0.7663255734880883 0.6038857496578287 0.7650056375973836 0.6174622331050789 0.7616115167355708 0.6335528801536715 0.7535033391212409 0.6355642110347456 0.7623657658159737 0.6363348074998153 0.7789507377859749 0.6406088856220977 0.7968641534455411 0.6106903387661207 0.7993154629568501 0.5847944536722918 0.8010125233877562 0.5440650033305414 0.803086708358864
23 0.6690984560468884 0.7227933755757527 0.6676187933078187 0.715690994428217 0.633591584869707 0.6975869983344778 0.605773925375194 0.6849358819154306 0.5764766031416111 0.681384691341663 0.5504345389339818 0.6871553760240353 0.5276477327523063 0.7006942900865245 0.5193616214135152 0.7142332041490136 0.5196575539613292 0.7304355111418284 0.5288314629435622 0.7453061216694802 0.539189102117051 0.7535182498713181 0.5507304714817958 0.7579572380885273 0.5652311663246803 0.7628401251274579 0.5835789842891463 0.7643937710034812 0.6025186673492403 0.7632840239491788 0.6187949574790086 0.7590669851428298 0.6371427754434748 0.7490792616541083 0.6504597400951032 0.7379817911110844
26 0.6946805691146377 0.7352760059792086 0.6880597263021682 0.7291701870978727 0.6853314397526055 0.7215491590717121 0.6830429388393665 0.7030731514434777 0.6788504729691022 0.6639129545678649 0.6973259112271978 0.6644137754807637 0.7304448849638797 0.6625505191524569 0.771141575751081 0.6590054299333059 0.8240508219979035 0.6574388604901609 0.833335905770937 0.6572662117912448 0.8364343286693879 0.6609147505437035 0.8379966543948999 0.6643436590766472 0.8383453467668387 0.6694229151716143 0.840983373134847 0.6890245808802278 0.8421149258565949 0.7024837881942083 0.8439142397955414 0.7225418395257023 0.8389572559047852 0.7247348970600633 0.8392467012233653 0.7315730427115212 0.8317211229402794 0.7327670046506646 0.800605751192905 0.7338524245953405 0.7490844844856251 0.7364625249237222 0.7102988117958746 0.7375428524072383
19 0.6430113984668515 0.349592207902387 0.6381857969774193 0.34427650626168427 0.6409001978152249 0.33307960280573595 0.6476861999097391 0.3057093943578622 0.6535674017249846 0.27947018625907416 0.6547738020973426 0.27641648531654284 0.6571866028420588 0.27449378472309716 0.662163004378036 0.2740413845834629 0.6684966063329157 0.2746068847580057 0.6795050097306832 0.27641648531654284 0.6957914147575172 0.27890468608453134 0.6979026154091437 0.28026188650343414 0.7043870174105684 0.28026188650343414 0.7268562243457375 0.2827500872714227 0.7532462324910703 0.2862561883535883 0.7800886407760372 0.28987538947066255 0.7992402466872215 0.2925897903084682 0.8040658481766539 0.29496489104154816 0.8111534503642575 0.29971509250770806 0.8123598507366157 0.30446529397386796 0.8113042504108023 0.3109119959636564 0.810248650084989 0.3182634982327134 0.8058754487351909 0.3362464037831759 0.8022562476181168 0.35298520894964414 0.7815966412414849 0.351967308635467 0.7672706368197327 0.3510625083561984 0.7425394291863923 0.35072320825147263 0.7173558214134175 0.34902670772784417 0.6971486151764199 0.3502708081118385 0.6577898030282379 0.3497053079372956
11 0.2902376736071324 0.6224506197685318 0.2665484828671776 0.6136422928392877 0.2412793606381791 0.5920922148093153 0.2253842676231639 0.5722233485405464 0.21601023840918063 0.5551055560628377 0.21601023840918063 0.542878561435903 0.22212373572264799 0.5294288673462748 0.23333181413067153 0.5165905229879932 0.25126473958350914 0.507573114450629 0.26695604935474204 0.5028351540326917 0.3060824321609333 0.49733300645057116 0.3460239479422535 0.49121950913710355 0.3802595328976707 0.4889269476445533 0.4110308027087899 0.4896911348087367 0.4320204768183612 0.49228937116696037 0.45321393417171474 0.4971801690177343 0.4699241601618589 0.5026823165998551 0.4817435883012291 0.5092543262118324 0.49397058292816387 0.519647271644727 0.5023256959232361 0.5317214288388251 0.505586227823752 0.5470051721224936 0.5011029964605426 0.5667212009584257 0.4921365337341236 0.5804765699137273 0.48031710559475344 0.5949961260332122 0.4599387812165288 0.6096685195855339 0.4346696589875304 0.6191444404214085 0.4028794729575001 0.6241880757050191 0.3635493069075266 0.6267863120632426 0.3401142338725684 0.626633474630406 0.31566024461869885 0.6257164500333859
13 0.31360155589388355 0.4859485637755318 0.25690224490211744 0.4774904882691988 0.2565159257368511 0.47517257327760076 0.22561039251554374 0.4615548227019622 0.2294735841682072 0.45199342336162024 0.2314051799945389 0.44040384840362995 0.24801690410099161 0.4180939166094987 0.26192439405057993 0.39897111792881484 0.2646286282074443 0.38593284610107575 0.27296485273106796 0.3640578936450706 0.2788183903391168 0.36095027687781545 0.2779561457061978 0.35279989899461195 0.284853115363679 0.3424564115816365 0.29255259211915496 0.3408957068339049 0.29778246586719137 0.34491574924868607 0.3050657546899389 0.34655448923380416 0.31141262066404746 0.34881751111801507 0.31515831205860334 0.3484273349310822 0.3309734535022836 0.3547481891593952 0.33825674232503117 0.35818173960440475 0.3529273669537083 0.36255171289805327 0.3630199243223727 0.3679361442777273 0.37925125369878143 0.3756616327789988 0.38247671017742685 0.37792465466320957 0.39517044212564384 0.3829969450933373 0.3967311468733755 0.38424550889152265 0.39204903263018065 0.3889276231347175 0.3834131330260657 0.3908004688319954 0.373008434707855 0.4026618249147556 0.36593323985147175 0.40890464390568204 0.35823376309599575 0.41389889909842326 0.35396783678552934 0.41982957713980334 0.35271927298734407 0.42248277521094707 0.3482452527105135 0.42544811423163714 0.34699668891232816 0.43512448366757317 0.34730882986187445 0.4438644302548702 0.3411700578541301 0.45002921400841006 0.34210648070276917 0.45432115206467194 0.3413781518204944 0.4595495129695728 0.3362798496445711 0.4633732396015154 0.3358636617118427 0.4689917766933491 0.33419890998092894 0.47133283381494656 0.32743585607409204 0.47063051667846734 0.32004852026816233 0.4764051242450742 0.3211930370831655 0.4810092032508825
24 0.49516463600702465 0.361883278967189 0.4466719805510239 0.3469458092061888 0.4243107352400068 0.313470379912005 0.40554869592667314 0.2643282692490042 0.39429147233867295 0.251988620316004 0.37928184088800604 0.21626858393100346 0.36254032888533916 0.1833628534430029 0.35878792102267243 0.16561107778500264 0.36109709509200577 0.1383339590910022 0.37119973164533915 0.11928327301900188 0.4211356208946734 0.11971624315700194 0.4716488036613409 0.12014921329500192 0.523316573462675 0.12058218343300191 0.6188586505813432 0.12144812370900195 0.6393525704466769 0.12123163864000192 0.6468573861720103 0.1316229219520021 0.6508984407933437 0.14179772019500225 0.6546508486560104 0.1623638017500026 0.6514757343106772 0.18574418920200295 0.6396412172053435 0.21150591241300337 0.6306931676866767 0.23445332972700375 0.6237656454786766 0.24809188907400392 0.6168381232706766 0.25718426197200406 0.6133743621666765 0.26216341855900416 0.608467367269343 0.27623494804400445 0.5894166811973428 0.3240781482930052 0.5614179456066757 0.3483244760210056 0.5501607220186755 0.3478915058830056 0.5397694387066753 0.3489739312280056 0.5201414591173417 0.34875744615900556 0.5143685239440082 0.3619630353680058
15 0.7528348011274102 0.6279041641404783 0.7570497638651329 0.6069251450595399 0.7861713245984903 0.5961482516960441 0.7988162128116588 0.6026143877141417 0.8131046299497942 0.6141392298077439 0.8140625760265494 0.6184499871531423 0.8054410613357527 0.6361240922692752 0.7918382270458292 0.6371299356498682 0.7824503554936285 0.6372736275613815 0.7753615545256402 0.6381357790304611 0.7678895751269498 0.6382794709419743 0.7665484506194925 0.6407222334377002
15 0.7372353006707842 0.6012069577715491 0.7140530056133088 0.5898552967620002 0.7119455242444475 0.5782162519294247 0.7125202918905006 0.5626975254859908 0.7514129026067607 0.5468914152195306 0.7738288408028319 0.5546507784412474 0.7871741102081508 0.574531573616975 0.7878148535234576 0.5754861056106725 0.7887727996002127 0.578359943840938 0.7738288408028319 0.5898552967620002 0.7648241476813333 0.5941660541073985
12 0.7868569074467024 0.48769034767606056 0.7832167123550327 0.48036206018888344 0.7977774927217114 0.4746143837283523 0.8006513309519768 0.47159685358657355 0.806973775058561 0.4710220859405204 0.8146373436726025 0.4661365609490691 0.8158582125915437 0.4629122079819909 0.8123700156802822 0.4579415273834433 0.8077481547728609 0.4555215907762557 0.8076047898798083 0.4516124938548815 0.8068199455747745 0.4501736126289861 0.7990088760627709 0.44214530942541086 0.7900766004007194 0.43997998004813005 0.7828510496559634 0.4409143185065036 0.7776187542890711 0.4381113031313828 0.7686491050886847 0.43857847236056957 0.7637905451051417 0.43904564158975645 0.763292231260676 0.4413814877356905 0.7594302989660652 0.44026028158564207 0.7492148651545136 0.4435304661899497 0.7362587051983996 0.4439976354191365 0.734514606742769 0.4404471492773168 0.7195651914087915 0.43605575852296086 0.7134608468140838 0.44007341389396737 0.7112184345139874 0.44100775235234096 0.6948986561077283 0.4331593093020027 0.6750906807902077 0.42661894009338747 0.6750906807902077 0.42157351241817004 0.6769593577069551 0.4079321709259155 0.6860535853684582 0.4041013832465837 0.6968919114855919 0.40765186938840337 0.704989511458163 0.4113892232218978 0.7115921698973366 0.4113892232218978 0.7272890559980134 0.41615434935960316 0.7317738805982065 0.4188639308888866 0.7368815975039823 0.41839676165969986 0.7413664221041755 0.4211997770348206 0.7599286128105311 0.422601284722381 0.7698948896998496 0.4215735124181701 0.7672787420164036 0.4165280847429526 0.7674033204775199 0.4100811493801747 0.7695211543165001 0.40531602324246935 0.7811069512003327 0.40298017709653533 0.7814806865836823 0.40204583863816173 0.7828510496559634 0.4015786694089749 0.786588403489458 0.4040079494007463 0.78970286501737 0.40606349400916825 0.7926927480841655 0.4044751186299331 0.7989216711399895 0.40587662631749344 0.8098845757182397 0.41456597398036804 0.815116871085132 0.4177427247388383 0.817733018768578 0.4235356231807546 0.8209720587576065 0.4263386385558754 0.8270764033523141 0.4317578016144423 0.8310629141080415 0.4361491923687983 0.8310629141080415 0.4428764292690882 0.8300662864191096 0.4468006507942573 0.8298171294968768 0.4502577030902397 0.8259551972022657 0.4494167984777034 0.8239619418244021 0.44922993078602874 0.8183559110741605 0.4558637338404813 0.8169855480018792 0.46034855844067457 0.8170577887663135 0.466174075799185 0.8148463367938316 0.47098398383933315 0.8083594110078846 0.47629146857328974 0.804157652260169 0.4801062232258211 0.7954592745017401 0.48668529284395473 0.7943535485154993 0.48834388182331606
12 0.5937235958920505 0.46378826729138645 0.5914791822665086 0.4664461255321597 0.5899435308385063 0.4666233160815446 0.5906522930360458 0.4685724121247783 0.5882897523775807 0.4700785317945498 0.5859272117191157 0.47043291289331957 0.5834465440277273 0.4685724121247783 0.5794302249083367 0.4677750546525463 0.5771858112827948 0.46502860113708067 0.5835646710606506 0.4624593381709998 0.5846278143569599 0.45935850355676444 0.5756330314350186 0.4544937591722213 0.5712623312168582 0.4516587103820631 0.5688997905583931 0.4471403513727487 0.5608671523196119 0.4381036333541196 0.5566145791343747 0.43447122709172964 0.5534251492454468 0.4292441058848756 0.5531888951796003 0.4246371516008687 0.5485819408955934 0.4185240776470904 0.5487000679285167 0.41453729028593045 0.5455106380395889 0.41010752655130844 0.5424393351835842 0.4005392368845248 0.5445656217762028 0.3974384022702894 0.5459831461712819 0.3888446606251226 0.5474006705663609 0.3881358984275831 0.5512988626528282 0.383883325242346 0.5556695628709887 0.3783018229367222 0.5628753118793072 0.3746694166743321 0.5701991879205489 0.37103701041194204 0.5757511584679419 0.36988527184094033 0.579058715389793 0.37023965293971 0.5797674775873326 0.36722741360016703 0.5855557022005721 0.368201961621784 0.5876819887931907 0.3714799867854042 0.5938245945051999 0.3721887489829438 0.6010303435135184 0.37422644030086993 0.6064641870279881 0.37865620403549194 0.6103623791144555 0.38282018194603673 0.6109530142790718 0.3852122543627326 0.612961173838767 0.3863639929337343 0.6165049848264647 0.38698415985658147 0.6193400336166227 0.38981920864673947 0.6305621017443319 0.38680696930719655 0.6368228344892644 0.3814026575509576 0.6350509289954156 0.3783018229367222 0.6388309940489597 0.3763527268934885 0.6496986810778991 0.376264131618796 0.6569044300862175 0.3798965378811863 0.6650551953579221 0.38538944491211746 0.67332408766255 0.3903507802948942 0.6773404067819406 0.3949577345789011 0.6786398041440964 0.39805856919313654 0.6748597390905523 0.40399445259753003 0.673796595794243 0.40585495336607125 0.6730878335967035 0.41161364622108 0.6714340551357779 0.4176381249001659 0.6702527848065454 0.4203845784156316 0.66824462524685 0.4215363169866333 0.6668271008517709 0.42357400830455944 0.6648189412920756 0.42809236731387385 0.6700165307406989 0.43207915467503377 0.6772222797490174 0.4399641341226609 0.6765135175514778 0.44474827895605273 0.676154090586661 0.44710910526084857 0.6782705873719574 0.44870449953604885 0.6751219131912481 0.45210637692937555 0.6728637847363523 0.45475954499629856 0.6742101913718601 0.4573645178045508 0.6703970717597527 0.46095227125439225 0.6625049928807304 0.4651302723973197 0.6587910734082493 0.4675991847739123 0.648493387598188 0.47019470804161223 0.6428381011287279 0.46956165358607566 0.6323791974506564 0.4706126822458802 0.6279900198922695 0.47175218026584603 0.6197181083399251 0.47137234759252405 0.616004188867444 0.4694731842259144 0.6149913017385855 0.4680171589781803 0.6111929750053661 0.4671308827404291 0.6071414264899321 0.4683969916515023 0.6037651360604038 0.46643452283933895 0.5985318858946349 0.4647885812549438 0.5965061116369178 0.463838999571639
27 0.8465805724186636 0.47473520058526825 0.8459440725747018 0.4731439509753642 0.838942574291124 0.4717118263264506 0.8324361314417384 0.4829566569031058 0.8301730208854307 0.48258536532746155 0.8248688555190837 0.47622036688784525 0.821827800709045 0.47526561712190285 0.8190696347185447 0.47622036688784525 0.8170186907768904 0.47818290807339364 0.822033690204922 0.48569439811481724 0.8267297477793416 0.49025391129495555 0.8308501129251004 0.48972277047538504 0.8327171533817722 0.48798449142951816 0.8322664884439548 0.4868256387322735 0.8341979096060289 0.4864393544998586 0.8353455117750046 0.4880102276165026 0.8379851206965065 0.4886620822587027 0.8422020569003688 0.48619952027705793 0.844391000884053 0.48735837297430257 0.8439081455935344 0.4848475254636058 0.8449060465272729 0.4830368181241611 0.845195759701584 0.48001897255841974 0.8455498535812978 0.47808755139634534
27 0.8122898616109114 0.6373476231604098 0.805984274886708 0.6362911019805566 0.8110824088339362 0.6247196795345451 0.8144364443255339 0.6184308629877997 0.8139668793567103 0.6163681311604672 0.8196016589825941 0.6150600573187441 0.8218153224070484 0.613852604541769 0.8289929583590672 0.6144563309302566 0.8300662497163783 0.6166699943547109 0.8300662497163783 0.6181793103259299 0.8261755685461252 0.6203426632180102 0.8214799188578887 0.6211979422683677 0.81980290111209 0.6216507370597333 0.8206078696300733 0.6242165742108055 0.8224190487955361 0.626228995505764 0.8228215330545278 0.6293985590453237 0.8218153224070484 0.6329202963115012 0.8209432731792332 0.634479922815094 0.8174550762679716 0.6347314754769638 0.8159793006516687 0.6328196752467531 0.8120886194814154 0.6319643961963958 0.8108811667044403 0.6321656383258917 0.8122227809010794 0.6334737121676147 0.812759426579735 0.6356873755920691
17 0.8416644681993065 0.47083972641554506 0.8424344172397885 0.4680734656865291 0.8428257012236436 0.4638182523621061 0.8403801763245498 0.45787562685730854 0.8351956635384713 0.4549409969783962 0.8371520834577462 0.45251992732829327 0.8346087375626888 0.4514194411237012 0.827174341869444 0.45068578365397305 0.824826637966314 0.4498053946902994 0.8236527860147491 0.4504656864130547 0.8203268721519819 0.4545741682435321 0.819055199204453 0.4564083119178523 0.8188595572125255 0.45890274731492786 0.8182726312367431 0.46183737719384027 0.8179791682488518 0.4660925905182632 0.8175878842649967 0.46902722039717565 0.8143597913981931 0.4722553132639793 0.8116208035112084 0.47504321164894603 0.8107404145475346 0.4790049619854779 0.8092730996080784 0.4840671985266018 0.8077079636726584 0.4862681709357861 0.8081970686524771 0.49030328701929066 0.8086861736322959 0.4960258152831698 0.8080992476565133 0.5040226817032062 0.8063384697291659 0.5036558529683421 0.8058493647493472 0.4999141998727287 0.8028169138744711 0.49463186609068643 0.7936217402538788 0.48920280081469847 0.7856004185848516 0.48883597207983437 0.7817853997422656 0.4803255454309884 0.7883394064718365 0.4769507210702393 0.7968498331206827 0.4738693596973811 0.7994910000117038 0.47122819280635997 0.8052624387735647 0.47071463257755025 0.8143377961446632 0.4659987127503172 0.815206029836649 0.4631335415667636 0.8120300309913646 0.45808009589177134 0.8070521578239785 0.4556490415542107 0.8071679223162433 0.45178540162487335 0.8058945129013307 0.4496582290795078 0.798601349888649 0.4423216543822267 0.7900347774610544 0.4401944818368613 0.7827416144483728 0.4410627155288472 0.7775900945425898 0.4384580144528895 0.763987766701477 0.4391960130910775 0.7638720022092123 0.44127977395184376 0.7629458862710937 0.44180071416703526 0.7594207863473276 0.44036421124868963 0.749243691889967 0.44379901506608455 0.7359953983477321 0.44413774984415305 0.7344436529403835 0.4407661300878651 0.7197031765776409 0.4363557481974169 0.7119409044504521 0.4410601555472283 0.7133522266553957 0.4430007235790255 0.7122472727614503 0.4446252996490527 0.7077780857791295 0.4428611468928733 0.6991533389711418 0.442743536709128 0.6944489316213304 0.44262592652538274 0.6855105576566887 0.4428611468928733 0.6808061503068772 0.44456649455717995 0.6824526928793113 0.44603662185399606 0.6819038453551666 0.44850643571264703 0.678532353421135 0.44938851209073666 0.673435912125506 0.4546809703592745 0.6748472343304495 0.45673914857481707 0.6719461831313991 0.4602674540871756 0.6616748937509774 0.4669712345606569 0.648424146382342 0.4707347604405061 0.6425436371950775 0.4699702942461618 0.6323507546038195 0.4707347604405061 0.6281167879889892 0.4724401081048128 0.619256820813511 0.4717932520942137 0.6176886850302405 0.4747335066878458 0.6111025147405046 0.47532155760657224 0.607417395649819 0.4761448288927892 0.607574209228146 0.4779677867408411 0.6078878363848002 0.47961432931327513 0.6051435987640768 0.4819665329881808 0.6070253617040013 0.48590647414364796 0.6085934974872719 0.4927278648008745 0.6093775653789071 0.49519767865952546 0.6044379376616051 0.5004901369280633 0.60098803893841 0.5000785012849548 0.5952643433294728 0.4999020860093369 0.5918144446062777 0.5020190693167521 0.587815698358938 0.5052533493697474 0.5860123422081769 0.5090756803414692 0.5875804779914475 0.5114866891082476 0.584655205367034 0.5138714924597775 0.5805733621806589 0.5171129561666047 0.5769717358397398 0.5215549619870715 0.5723296396669997 0.5258769135961744 0.5667271098033477 0.5298987296768675 0.5642547934106591 0.5341211863583025 0.5622538898879262 0.536222135057172 0.56065316706974 0.5371225416424018 0.5598528056606469 0.5419247100969606 0.5645749379742963 0.5467268785515194 0.5692970702879458 0.5490079085674348 0.5765803591106933 0.5474472038197032 0.5826631058198011 0.5428851437878723 0.5883456718243624 0.5450461195924239 0.5901064669243672 0.5470270140799294 0.5930549979688648 0.5524965319428603 0.5909286906388262 0.5563383826869072 0.5882224813096864 0.558150576434099 0.5838732163164257 0.5657617901723051 0.5917985436374784 0.5715608101633192 0.5930549979688648 0.5673565206698339 0.6103554076087236 0.5627897924269103 0.6196338395943463 0.5609051109298308 0.6242730555871575 0.5588754539329758 0.6249496079194425 0.555468529688255 0.6167343295988391 0.5557584806878056 0.6131582672710472 0.5535838481911753 0.6048463386172602 0.5506843381956683 0.6088090022777866 0.5418408327093718 0.6149946236015349 0.5369116657170098 0.6158559230457005 0.5333648636735245 0.6325764306864579 0.5288706231804886 0.6356692413483321 0.5277108191822858 0.6373122970124527 0.5214768726919456 0.6342194863505786 0.5185773626964384 0.6282271656931974 0.5164752179496959 0.6199152370394104 0.512633367205649 0.624264502032671 0.5094439062105912 0.6406950586738777 0.5039348372191277 0.6461074773321576 0.5069068349645225 0.6519064973231717 0.5057470309663197 0.655869160983698 0.5090814674611528 0.6744260249549431 0.5127783427054243 0.6787752899482038 0.5111836122078954 0.6751025772872282 0.5058195187162073 0.6816747999437108 0.5032824474701387 0.6839944079401163 0.5053845922168813 0.6831245549414643 0.5113285877076708 0.6859055788956762 0.510686936672406 0.6988298816203007 0.5083931195857838 0.7019869632018885 0.5084671136853522 0.70030976361167 0.5186782994257999 0.6911344952651808 0.5192702522223476 0.6894572956749623 0.5213420870102645 0.6940942592479192 0.525115786088256 0.6937686775538949 0.5304636998063005 0.6963338063389349 0.5327575168929227 0.7096527442612579 0.5355692926765242 0.7148816606307625 0.5320915699968065 0.7194199654042949 0.5272079594252881 0.7257341285674702 0.5201785199662842 0.7320482917306457 0.521584407858085 0.7351067145128087 0.5181066851783672 0.7342187853179871 0.5147029565982181 0.7285952337507839 0.5110772457193634 0.7321469505300704 0.507155558442235 0.7278579555061768 0.5040166462647407 0.7238072379836109 0.5055356653357029 0.7129656116732136 0.5011573162488118 0.7107019754106031 0.49633219684693164 0.7165397741931249 0.4949025318389671 0.7230924054796286 0.49749379966590274 0.7278579555061768 0.5016934406267984 0.7292876205141414 0.5037485840757473 0.7339340317900259 0.5030337515717651 0.7393750866189621 0.5027953124885072 0.7435449428921921 0.5002933987245693 0.747119105412103 0.5011869393545472 0.7519186950816982 0.5047323809256377 0.7617901915652625 0.5102212733669298 0.7687683183898512 0.5155825171467966 0.7739708447808369 0.5192790977542848 0.7849481261184059 0.5244152569122299 0.7993417445810326 0.5193347484703712 0.8073984648287894 0.5144791358210534 0.8148867587023462 0.510701429117247 0.823306227067117 0.5142095409359015 0.823306227067117 0.5176474905181829 0.8248030214430762 0.5215064135187029 0.8296918325239045 0.5280409909438696 0.8259498465840064 0.5357588369449093 0.8216465627531236 0.5382145152179675 0.8199626690801695 0.5395475977090561 0.8229567435988898 0.5435582239872309 0.8261198762615255 0.5398302462062674 0.8298478540424891 0.5398302462062674 0.8269106594271846 0.5502516386394155 0.8258939382141945 0.5527934416718907 0.8275884735691779 0.5563519659173559 0.8298478540424891 0.5601646704660687 0.8338017698707837 0.5627912002662929 0.8375297476517473 0.5664344512795073 0.8439689820006844 0.5671969921892499 0.8459120492077319 0.5617384701770095 0.8445564209237452 0.5570784979508051 0.8444434519000795 0.5547061484538283 0.8406025050954504 0.5507239903696172 0.843313761663424 0.5419971332914525 0.846363925302394 0.530897926716311 0.8447823589710762 0.5258143206513607 0.8464768943260598 0.5197987201411695 0.8447823589710762 0.5147151140762192 0.846137987255063 0.5125122181147407 0.8468158013970563 0.5093773277080214 0.8457990801840662 0.5056493499270578 0.8476065845627153 0.503277000430081 0.8474936155390498 0.501836645378345 0.8442175138527485 0.5011588312363516 0.8430260804537588 0.5001585356426685 0.8436239211813237 0.4940097977305452 0.8445483678117328 0.48998005073809453 0.8448252429791494 0.48825946934057624 0.844587921407078 0.4877551609999243 0.8421751520910179 0.48642022715702216 0.8381011317704573 0.48885277327075494 0.8350962467523901 0.48806583878334486 0.834136176393275 0.48653892845083646 0.8323898410503122 0.4868359854937116 0.8328219240217669 0.48803771625806985 0.830949564478797 0.4897660481438887 0.8266107313071057 0.49034665963678087 0.8218938255353921 0.4857557780650749 0.816842569845291 0.4781846813554337 0.818907717042614 0.47619732502889056 0.8219731529287343 0.47513746687677455 0.8250820701749414 0.47608318645866277 0.8302765708577128 0.48252895839340737 0.8323201947817932 0.48290398512415605 0.8386246240388295 0.471466796519883 0.8414519444164104 0.4720942885424584
17 0.7143397346503815 0.5518637004829618 0.7089428649250286 0.5488279612624509 0.7050178687611356 0.5479080402865385 0.7003569358165126 0.5509437795070495 0.6938561609200647 0.5496558901407721 0.6899311647561717 0.5504838190190933 0.6873553860236169 0.5546234634106992 0.6856382002019139 0.5594070524854439 0.6887046034549552 0.5637306810722323 0.700234279686391 0.5616148628276336 0.7056311494117439 0.5603269734613563 0.7105373946166101 0.5571072500456629
17 0.5887265070577739 0.6058576834105057 0.5903541722694349 0.602317511575143 0.5996318639759024 0.6002422384302754 0.6020733617933939 0.5979228155036583 0.613955317838519 0.5968241414857873 0.6167223486983426 0.5992656393032787 0.6108627539363631 0.6035382604838888 0.6126531856691901 0.607200507210126 0.6198149126004985 0.6087874807914954 0.6255117408413119 0.6062239080831293 0.6292553708281321 0.6065901327557531 0.6321851682091219 0.6089095556823699 0.634138366463115 0.6135484015356037 0.6359287981959422 0.6153795248987224 0.6398351947039285 0.6107406790454886 0.639021362098098 0.6062239080831293 0.6419511594790878 0.6050031591743837 0.6517171507490535 0.6087874807914954 0.654158648566545 0.6108627539363631 0.6515543842278875 0.6136704764264783 0.6564373798628705 0.6200183707519562 0.6645757059211752 0.6209949698789528 0.6692959350349921 0.6220936438968239 0.670923600246653 0.6251455161686882 0.6639246398365108 0.634056983202532 0.6631108072306805 0.6379633797105183 0.6715746663313175 0.638329604383142 0.6764576619663003 0.6364984810200235 0.6834566223764427 0.632347934730288 0.6912694153924153 0.6241689170416915 0.7010354066623808 0.626610414859183 0.6860608867150999 0.6407711022006335 0.6788991597837918 0.6411373268732572 0.6761321289239681 0.6399165779645115 0.6712491332889852 0.642358075782003 0.6601810098496906 0.6418697762185047 0.6549724811723755 0.6355218818930268 0.637393696886437 0.6273428642044304 0.6250234412778136 0.6228260932420714 0.6162340491348444 0.617210648261841 0.6050031591743836 0.6108627539363631 0.5960510005102483 0.6089095556823699 0.5904293693650123 0.6079767412681677
27 0.6374525740530855 0.6390736444138686 0.6416395271209406 0.6358462014240637 0.6519906055386936 0.6365440269353728 0.6537351693169665 0.6358462014240637 0.6426862653879043 0.6303508255225038 0.6340797507484244 0.6267744697770441 0.6238449765825563 0.6238959395428938 0.608609119585639 0.6136030132510832 0.6048873835253233 0.6115095367171557 0.5951178263669947 0.6094160601832281 0.5959319561301888 0.6115095367171557 0.5994210836867347 0.6149114360847879 0.6022123857319716 0.6156092615960971 0.6063993387998267 0.6192728455304704 0.6122145513940698 0.6199706710417796 0.6168667214694644 0.6252043623765986 0.6237286723306714 0.6328804430009995 0.6288460594136055 0.6333165839455678 0.6293112764211449 0.6345377785903589 0.6276830168947568 0.6347994631570999 0.6273341041391022 0.6368057115021137 0.6317536657107271 0.6381141343358185
27 0.5638135548135539 0.5332587920542463 0.5616528300425793 0.5307033194885744 0.5583286380872338 0.5265273033446717 0.5589103716794193 0.5215410154116533 0.5573007813136809 0.518885588029719 0.5566359429226118 0.5118424563243306 0.5589628772913536 0.5086636977670314 0.5625363836433501 0.5076664401804277 0.5680213003696702 0.5073547971846141 0.5667747283864157 0.5030541238423858 0.5627025932411174 0.49962605088843565 0.5630350124366519 0.49439044855876646 0.5622039644478155 0.48728498825421535 0.5616222308556301 0.4840439010977534 0.560957392464561 0.4798055563546878 0.5559711045315426 0.47812268417729414 0.55979392528019 0.4706432522777667 0.5638660604254884 0.4700199662861394 0.5681044051685539 0.47164050986437034 0.5730075883026885 0.46783846531544393 0.5772459330457542 0.4669658649271657 0.5794897626156125 0.4687733943028849 0.5830632689676088 0.4687733943028849 0.5858057273307689 0.4707679094760921 0.5901271768727182 0.47070558087692943 0.5943655216157837 0.47213913865767215 0.5983545519621984 0.4736973536367405 0.6061664030572604 0.4771254265906905 0.6074960798393987 0.47930692756138604 0.6045043070795877 0.48148842853208157 0.6057508790628423 0.485290473081008 0.6084102326271187 0.49476442015374283 0.6043380974818203 0.500000022483412 0.5951965696046202 0.4995637222892729 0.5874678233084417 0.5043630244248031 0.585556412934118 0.508975340762845 0.5868029849173726 0.5113438275310287 0.5803208106044487 0.5161431296665588 0.5739217410904087 0.5235602329669236 0.5718441211183177 0.5253677623426427 0.5662760995931139 0.5291698068915692
27 0.7277441812586836 0.5035510308244734 0.7227245493778169 0.49786552940838985 0.7165780613604295 0.49533010310121756 0.7118657538804324 0.496328907404043 0.7131974929508664 0.5006314490162143 0.7237489640473815 0.5051644839290376
17 0.7600586861948636 0.5363322390623915 0.7684472908566253 0.522715120536107 0.7723543122059391 0.5220256461803457 0.7774104574815215 0.5251282807812714 0.7780999318372828 0.5284894682656074 0.7746525600584766 0.532712498694645 0.7759165963773721 0.536590791945802 0.7767209831257602 0.5382282935407349 0.7664937801819686 0.5391763207799066
27 0.5875457025693052 0.6056044084640885 0.5829806765438581 0.6060072048780986 0.577610057690391 0.6023820371520082 0.5666002890407833 0.6007708514959681 0.5692855984675169 0.5963400909418576 0.5668688199834566 0.588485560868662 0.5706282531808837 0.5768044648623709 0.5719709078942505 0.5723737043082606 0.5641835105567231 0.5681443419611553 0.5620352630153362 0.5645191742350648 0.5639149796140498 0.555254856712834 0.5668688199834566 0.5494143087096885 0.5702707415708156 0.5496626417742202 0.5767487297190577 0.5483792667637195 0.5823711345269659 0.543612445296145 0.5868935036115878 0.5450791595938602 0.5904380631643994 0.5496626417742202 0.592027003653591 0.5521377221516147 0.5905602893558758 0.555071150747045 0.5871379559945403 0.5576379007680466 0.5829822654843473 0.565154811543837 0.5915380988876858 0.572030034814377 0.5928825869939248 0.5713883473091267 0.5933714917598298 0.5679965704956602 0.6216057419908473 0.5610296775815131 0.6250280753521829 0.5596546329274049 0.6251503015436591 0.5551628203906522 0.6170833729062255 0.5553461596778666 0.6130499085875087 0.5525960703696506 0.6058385632904091 0.5505793382102923 0.6091753383177111 0.5421342722929792 0.6152866478915244 0.5380091383306551 0.6163866836148107 0.5338840043683312 0.6358206480595372 0.5285671650391135 0.6382651718890625 0.5215086024813591 0.6356984218680609 0.5183001649551071 0.6215201836568139 0.5123416381206392 0.6238424812948631 0.510416575604888 0.6400985647612064 0.5044580487704199 0.6455987433776386 0.5076664862966719 0.6512211481855467 0.5065664505733855 0.6557435172701687 0.5095915488124231 0.6567213268019788 0.5108749238229239 0.6547657077383584 0.5130749952694967 0.6622215054184106 0.5140833613491759 0.6608770173121716 0.5180251560242854 0.6668661006945087 0.5215086024813591 0.6700439816728917 0.5228836471354671 0.6705328864387967 0.5216919417685735 0.6671105530774613 0.5180251560242854 0.6689439459496053 0.5144500399236047 0.6741996721830847 0.5148167184980335 0.6804332079483743 0.5178418167370711 0.6806877855779581 0.5152418432505611 0.6760231537825332 0.5135894562798641 0.6743541570850876 0.5130117266538251 0.6792327628160824 0.5112143455950375 0.6753667996432654 0.505911519489349 0.6816584319772748 0.5034425894635419 0.6838400506194081 0.5054440297803205 0.6828661137255988 0.5114045235704346 0.6831388160558653 0.511433741677249 0.6990084220712816 0.5085441305421058 0.7017115938581814 0.5085739449368141 0.7002009978596196 0.5185617671641465 0.6909784117631377 0.5190387974794817 0.6890702905017969 0.521483577845575 0.6938008411288714 0.5251507483947148 0.693522573444926 0.5307558545999043 0.6962257452318259 0.533051562992455 0.7096175822358199 0.5357439000056294 0.7049051767972891 0.5479360344582367 0.7003696223530086 0.5508166248359133 0.6939605215511091 0.549547563333108 0.6893497364884492 0.5503488602855436 0.687147409523284 0.5543290009215288 0.6853053698907651 0.559289422608586 0.6885574257553825 0.5640363990977347 0.7002512535407057 0.5617612250758137 0.7055440666847846 0.560561192035383 0.7105329499239343 0.5573508685037866 0.7145040408162422 0.5518713722638579 0.7086632053035266 0.5486861108572132 0.7050396699234922 0.547868625962811 0.7096620991137693 0.5358839304897584 0.7152672053189587 0.5322167599406183 0.7257618722563345 0.520440074030779 0.732082523934527 0.5219307937662017 0.7357000038258193 0.5182636232170619 0.734706190668871 0.5144771950890882 0.7291010844636816 0.5110485396976159 0.7327078252208485 0.5071141698646852 0.7297686706559877 0.504722984284605 0.7340929315456871 0.5034939838212169 0.7391454890062831 0.503323289312413 0.7435607869673443 0.5006945938768326 0.7469591705259465 0.5015346057676727 0.7517841353081374 0.5050167737472726 0.7612519907297949 0.5102058868149117 0.7680342525462701 0.5157705278019196 0.7730363206630507 0.519375640423968 0.7722510715440513 0.5216860849471779 0.7680832108355152 0.5225468387891583 0.759687085640059 0.5362735974270536 0.7663919050407473 0.5393088872908787 0.7770833738148174 0.5383122249475331 0.7760565095822798 0.5365001115959959 0.7748484340145881 0.5328305820591327 0.7784122569392781 0.5286174185168083 0.7776874115986633 0.5251744031488874 0.7723748808816135 0.5217230288145052 0.7731216535488027 0.5193984450993766 0.773756124803849 0.5194460304435051 0.7848711554090086 0.5246397488601349 0.7996150588596052 0.5194506803813645 0.8146388942341968 0.5111378121009638 0.8227162250807516 0.5142824218198514 0.822654566066656 0.5178894741444581 0.8244426774754349 0.5226988772439332 0.8288821264903352 0.5281094557308429 0.8255525397291599 0.5353235603800557 0.8210514317001639 0.5381444602749402 0.8196332743759595 0.5396242766132403 0.8229628611371348 0.5437400158041374 0.8261634067495569 0.5399239628507037 0.8296147657998353 0.539900282926651 0.8293667394418143 0.5410032836693911 0.8290429114205832 0.5424119355617455 0.8253615312530813 0.5528307127015294 0.8294277286259877 0.5604207387832595 0.8326376856877513 0.5624977698232244 0.8371693897749478 0.5665102161504295 0.8442816475784641 0.5675015264195035 0.8463586786184288 0.5616952805577834 0.8445334089166416 0.554378466666998 0.8462957382838846 0.5541896456633648 0.8479951273165831 0.5536231826524652 0.8488762920002045 0.5520654093724916 0.8511421440438027 0.552773488136116 0.8535968170910339 0.5544256719179063 0.8548556237819217 0.5567859344633209 0.8493168743420152 0.5645748008631892 0.8447222299202748 0.5682568104340362 0.8438410652366533 0.5697673784631015 0.8422046165384991 0.5741574667975727 0.8410087501821556 0.5755264190739133 0.8417640341966884 0.5797748916556598 0.8479951273165831 0.5817103069428997 0.855512001556456 0.5824301870192513 0.8576699558836922 0.5840486527646784 0.8600347141672887 0.5851428030446603 0.8591355665309404 0.5871658852264442 0.8561683793309904 0.5877728098809794 0.8561683793309904 0.5899307642082157 0.8550894021673724 0.5918189742445474 0.8400736366403533 0.5940443646445097 0.8381854266040214 0.5995741226080528 0.8322510522041219 0.6011251522807538 0.8317115636223129 0.5996415586807788 0.8291939502405371 0.5991020700989698 0.8250578711133342 0.5993718143898743 0.8197529000588785 0.5967418075535551 0.8171453719134679 0.5984277093717084 0.8179546047861814 0.5999787390444096 0.8075244922045396 0.6041597755534297 0.8021296063864489 0.6040923394807036 0.7992523339501338 0.6024064376625502 0.785958781972736 0.5957263759200058 0.7888953533044691 0.5782129735111732 0.7881359546142616 0.5749648281040888 0.7738160130203892 0.5545564010119596 0.7508062986504257 0.5463733387060666 0.7117961219522235 0.5626056433432387 0.7111468862293114 0.5795240033487238 0.7133262669133462 0.5903065786769972 0.7375390770412045 0.6016499393457649 0.7649290792359639 0.5944690490009946 0.7740344657864866 0.590018584670205 0.7887767922669008 0.5784383408793217 0.7852608518406105 0.5959714447486256 0.756864933453747 0.6064800210886552 0.7518257543928931 0.6278965320972844 0.7458952919607319 0.6314708172913394 0.7406214258583206 0.6292604469395935 0.7208134052324995 0.6306535619376017 0.7124372649521995 0.6329802675710184 0.7037508972541101 0.6365866613028144 0.6987872585694879 0.6310025677826142 0.7023548738740603 0.62623282123411 0.6919622553781324 0.6228590980656558 0.6837412288067267 0.631351573627627 0.6724179280574318 0.6374010082745103 0.6640417877771315 0.6374010082745103 0.6643520151949205 0.6344926262327394 0.671797473221854 0.6251858036990725 0.6697958323947176 0.6215883293042409 0.6643648702822408 0.6204885594764644 0.6566529040825241 0.6197146473754366 0.6518240727394574 0.6135900994676212 0.6548111019013199 0.6109017732219452 0.651932691981707 0.6084171080554871 0.6416681735891259 0.6047919408454089 0.6386268348061388 0.6060953717524034 0.6394414791230103 0.6106981121427273 0.6359656633710253 0.6148935303746156 0.6344993036006567 0.6133457061725598 0.6328157053457889 0.6086615013505486 0.6296657473205525 0.6062583006157776 0.6254295968728205 0.6059731751048726 0.6198357058969695 0.608417108055487 0.6129926936352488 0.6069914805009619 0.6113634050015058 0.6035699743701017 0.6173374633252303 0.5991708950589956 0.6139702668154946 0.5964011043816323 0.6012618154722991 0.5976638030727832 0.5992534599842241 0.6001275490384591 0.5898106869823733 0.6020922550340053
