20 0.22304274097201732 0.4037619700670526 0.225523831185133 0.39385534873990014 0.23519506785480548 0.3729010026222765 0.22659841303731887 0.3757217799842643 0.2142407217371818 0.38378114387565804 0.2013457395109519 0.35718524303405874 0.18630159358035026 0.30923202788026616 0.19382366654565109 0.30238156857258147 0.205626668167845 0.29595633705946967 0.217828117909916 0.2990716008234027 0.23106798890663133 0.29868219285291103 0.2536536511951457 0.2934251852512741 0.29569045225997553 0.28348900251790443 0.312305192334285 0.282904890562167 0.32814111646761107 0.28621485831134585 0.3341120386818161 0.28757778620806657 0.34060217152334316 0.28309959454741285 0.3564380956566693 0.2821260746211838 0.37279323041731766 0.2636291960228315 0.3792833632588448 0.2591510043621778 0.3823986270227778 0.2523363648785743 0.38551389078671083 0.2523363648785743 0.39226362894189903 0.26070863624414425 0.3992729724107484 0.27784258694577585 0.40368626274298686 0.29770239344084887 0.41121481683915834 0.32048275971460904 0.4182241603080076 0.34696250170803966 0.41952218687631304 0.35922885277852584 0.4239354772085514 0.37499987558343684 0.422637450640246 0.3796727712293364 0.43198324193204507 0.3796727712293364 0.4366561375779446 0.38045158717031957 0.4244546878358736 0.38454037086048165 0.3995325777244095 0.38862915455064384 0.3868119173550163 0.3870715226686773 0.3543612531473807 0.39466497809326406 0.2946520310053312 0.4014796175768675 0.25389399676054086 0.4049842893112922 0.2248182016304994 0.4080995530752252
22 0.6524968062447347 0.2875558701375043 0.6394820451498263 0.29283212463544017 0.640185545749551 0.28650061923791714 0.6447582996477621 0.2849177428885364
30 0.5259771499764555 0.8155356580645555 0.48690213120555037 0.8082090920450107 0.4624802444737346 0.7972192430156935 0.4337845275638511 0.7734079034521731 0.4191313955247616 0.7505123846410957 0.4157826216091637 0.7230404840538207 0.4267724706384808 0.6937342199756418 0.4524154517068873 0.671296611540786 0.4878271874680201 0.6529801964919243 0.5189650930510854 0.6479431823534872 0.5458291684560826 0.645195720096158 0.5873463759001695 0.6511485549870382 0.5983362249294866 0.6543539276205889 0.6142104513051668 0.6442798993437148 0.6453483568882319 0.6213843805326376 0.6606120360956169 0.6264213946710746 0.6709913379566385 0.6346637814430623 0.6606120360956169 0.645195720096158 0.631305772017438 0.6708387011645643 0.6484010927297089 0.6827443709463248 0.66549641344198 0.7028924275000729 0.67343352662982 0.7212088425489346 0.6777073568078879 0.7473097339935628 0.6612225832639124 0.775242266943077 0.6355796021955057 0.7967640546254897 0.5922307532465326 0.8127909177932439 0.5598717533268768 0.8173700215554592
29 0.6893364222350045 0.4164191641632762 0.6817184043316972 0.405165274078845 0.6729461412915253 0.40810859917785014 0.6747929335105088 0.4157266170811573 0.6768705747568653 0.4236909085255239 0.6780248198937301 0.43304029413412815 0.6861045358517831 0.43961949141425705 0.690721516399242 0.4455061416122672 0.6921066105634796 0.451565928580807 0.7020331187405163 0.4576257155493467 0.7103436837259423 0.46160786127153003 0.7096511366438236 0.4654168702231836 0.7048033070689916 0.4683601953221887 0.7112670798354341 0.4723423410443719 0.7156532113555201 0.46939901594536687 0.7225786821767085 0.4642049128294757 0.7304275491073885 0.46766764824006984 0.7447401888045111 0.4690527424043075 0.761823016830109 0.469918426256956 0.7699027327881619 0.46645569084636196 0.7751910339183481 0.4700663319881585 0.7816548066847906 0.46573791272491577 0.7871951833417412 0.4705857422997476 0.7913504658344541 0.4646990921017376 0.8102800860790357 0.46348713470802955 0.8151279156538674 0.4648722288722672 0.8183598020370888 0.46677673334809405 0.8248235748035312 0.46037067283849487 0.8172055569002239 0.45517656972260356 0.7950440502724214 0.4562153903457818 0.7913504658344543 0.4589855786742571 0.7874260323691142 0.45188697108253906 0.7908887677797084 0.45084815045936083 0.7945823522176755 0.45136756077095 0.8065865016410686 0.4485973724424747 0.8125885763527652 0.44409581640870216 0.8181289530097158 0.44409581640870216 0.8181289530097158 0.44115249130969725 0.8236693296666665 0.4409793545391675 0.8292097063236171 0.4359583881938059 0.8162821607907321 0.43266878955374144 0.8107417841337815 0.4233194039451372 0.7978142386008967 0.42314626717460746 0.7876568813964872 0.4212417626987806 0.779577165438434 0.41656706989447856 0.7821165047395364 0.41379688156600325 0.7742676378088563 0.39804143544779985 0.7712666004530081 0.396136930971973 0.7615709413033445 0.3964832045130324 0.7525678292357996 0.4056594533511069 0.7484125467430868 0.40133103408786425 0.7387168875934229 0.4047937694984584 0.7359466992649477 0.4103341461554091 0.7306371716353699 0.4075639578269337 0.7255584930331651 0.41466256541865176 0.7135543436097719 0.41362374479547354 0.7100916081991777 0.41362374479547354 0.7036278354327352 0.4124117874017656
29 0.8334667535713414 0.4223094516477768 0.8259436031244217 0.4212381169322344 0.8266102113918703 0.4183098020430854 0.8313716990165028 0.4159528656688922 0.8355618081261796 0.4180241127856074 0.835180889116209 0.42045247147417003
28 0.1951588393639322 0.48058620150974674 0.19775876412615653 0.4755955337040736 0.19619908389027801 0.4746857202331445 0.19637238169426452 0.47377590676221537 0.19758546632217 0.4718263064673672 0.19637375480154484 0.4678749105703829 0.1933915221549686 0.4667046354782439 0.18975318367610558 0.4680574225074807 0.1888306088782575 0.47169856441370783 0.18612537809660357 0.47393558217546006 0.18425252601699701 0.4769529549703818 0.18529299939455618 0.4813749668250084 0.18779013550069826 0.48049056445408306 0.1932005970640061 0.481791156176032
28 0.2556696535903785 0.4690569493270761 0.25337122752741986 0.4653441072253737 0.24911402482374975 0.4645693679755183 0.24531278171962578 0.46556387925276005 0.2415115386155019 0.46596168376365665 0.24053912758886553 0.4664920897781856 0.24089273159855143 0.4685474130844852 0.24310275665908865 0.4696082251135431 0.24575478673173323 0.4687463153399335 0.24973283184070014 0.46974082661717526 0.25256166391818774 0.4708016386462331
28 0.3151512019894328 0.49119359325712864 0.316960447594101 0.4859746155513549 0.31125436530245515 0.4835738858066991 0.3045740738390649 0.4813819151702742 0.30109475536854907 0.4827388493737753 0.3041565556226029 0.4863921337678169 0.30958429243660757 0.49108921370301317
28 0.44730887167068206 0.4842890608599681 0.4479217061576126 0.4798460108297219 0.44113869150881124 0.4747935187494115 0.438380936317624 0.4744871015059463 0.43695098918145286 0.4765554178993368 0.4387894926422443 0.4806920506861177 0.4388916317233994 0.4852883093380964 0.44389644669999856 0.4874332300423532 0.4473691754592714 0.48659058262282384 0.45002479156930364 0.4855181222706954
28 0.4732216800995019 0.5253406370695249 0.46983932890970687 0.5219967216887049 0.46953184243790735 0.5202671102848324 0.4730679368636021 0.5195752657232834 0.4730679368636021 0.5163466577693883 0.46922435596610784 0.5123108978270191 0.46245965358651775 0.5149629686462903 0.46030724828392094 0.5165772726232379 0.4592310456326224 0.5192293434425089 0.46245965358651775 0.5219967216887049 0.46322836976601667 0.5266090187656981 0.467071950663511 0.5273008633272471 0.47183799097640394 0.5275314781810967
28 0.5227019860867173 0.5549635266932681 0.5261450116057612 0.5538735505525962 0.5280789509224256 0.5490043438086054 0.5254630467681374 0.5476666655478898 0.5208257621309897 0.549361058011463 0.519280000585274 0.5534632713443242
28 0.5935754085503532 0.450543170942388 0.594022209761155 0.4441762536884606 0.5846393843343147 0.44233319869390264 0.5783841673830877 0.4436736023263084 0.5763735619344792 0.45221867548289507 0.5777139655668849 0.4555696845639096 0.5839691825181118 0.4560723359260618
28 0.6053181205333461 0.47548322510833324 0.6067784778808331 0.47123906156719925 0.5980163337959112 0.46658417252208456 0.5954607084378091 0.46877470854331504 0.5958257977746809 0.4717866955725069 0.5960083424431167 0.47562013360966016 0.5994766911433983 0.4821917416733515 0.6040403078542951 0.48287628417998596 0.6053181205333461 0.48150719916671697
28 0.44825282745237993 0.6254589694394227 0.4499616889245472 0.6133748776005253 0.44092913542880574 0.6117270468952212 0.4372672894170187 0.6113608622940424 0.4338495664726841 0.6152058006064188 0.43507018180994644 0.6188676466182059 0.43702316634956623 0.6294870000523884
28 0.5692949932991629 0.599444192129543 0.5871159772231933 0.6027398535401514 0.5951720384491248 0.5988949152277749 0.594195546179315 0.5954161615165773 0.581257023604334 0.5976132691236494 0.57295683931095 0.5939514231118624 0.5710038547713302 0.5919374078053795 0.5661213934222808 0.596331623019524
28 0.41843333544394695 0.5973960836524795 0.4093137136325581 0.5958761466839148 0.41868665827204105 0.5913163357782203 0.42273982352154726 0.5913163357782203 0.4265396659429593 0.5926462806257144
28 0.20645810489672128 0.6400834558868594 0.2112712386305099 0.6370435819497298 0.19505857763248513 0.6277339680172703 0.18923215258632 0.6313438183176118
28 0.2495229856727245 0.5986651734934682 0.24496317476703003 0.5923954334981384 0.24116333234561801 0.5914454728927854 0.23255035619041733 0.5876456304713733 0.23027045073757016 0.5920154492559971 0.2391367497208649 0.5971452365249034
28 0.22545731700378155 0.5716862923014426 0.22115082892618124 0.5642765995796891 0.2216574745823695 0.5616167098847007 0.22520399417568743 0.5616167098847007 0.22925715942519362 0.5688364104853836 0.22799054528472293 0.5718762844225133
28 0.2125378527709806 0.5718762844225133 0.20848468752147442 0.5629466547321949 0.2056981364124389 0.5644665917007597 0.20316490813149757 0.5709263238171602 0.20823136469338027 0.5730162371489368
