29 0.5542367488583434 0.7823820569278565 0.5527952696240149 0.7846794144575674 0.5475699073995745 0.78684163330906 0.5437860244094623 0.784949691814004 0.5421643602708429 0.7810306701456737 0.5468491677824103 0.778327896581308
29 0.3816316272884462 0.7479925839382259 0.3870371744171777 0.7443438396263319 0.38469477066139407 0.7386680151411638 0.37748737448975206 0.7390734311758186
29 0.49662754550695637 0.7070811105988041 0.4920054076327321 0.7097477286031642 0.4864943970903877 0.7064144560977139 0.4863166225567637 0.7045478234946618 0.49058321136374 0.7026811908916097
28 0.45571077855950065 0.3572977999855255 0.45462225733480194 0.3550119054136582 0.45113898941576625 0.3506033944536287 0.4587586379886568 0.34978700353510467 0.46616058231660756 0.35256273265808624 0.4729094139097393 0.355175183597363 0.4761749775838352 0.355991574515887 0.47399793513443794 0.35942041637368777 0.4672491035413063 0.3587673036388685 0.4587586379886568 0.3597469727410973
28 0.4866315776283728 0.3995468623805366 0.4844545351789755 0.4029757042383374 0.48837321158789065 0.40477176425909017 0.49512204318102226 0.40346553878945174 0.4955574516709017 0.4010163660338798 0.4885909158328304 0.3938321259508687 0.4814066757498193 0.39334229139975435
28 0.46406352732036227 0.44044547397113964 0.46490211457997094 0.4343514707311264 0.45731469572723066 0.43391434662294776 0.4542668362980744 0.436200241194815 0.45535535752277306 0.4415884212570733
28 0.4631427342881587 0.5315041896704233 0.4698723481776314 0.5247745757809507 0.46127339709663856 0.5225313711511266 0.44856190419430136 0.5233725728873106
28 0.3728173316622084 0.520865859572173 0.3675831875259518 0.5155382485763405 0.36309677826630343 0.5062850294783156 0.35337622487039844 0.5144166462614284 0.35337622487039844 0.5177814532061646
28 0.3789230361921929 0.5345125547664216 0.37705369900067276 0.5300261455067732 0.3841571803284494 0.5283437420344049 0.3987380104223069 0.528624142613133 0.4028505522436513 0.5356341570813337 0.39499933603926657 0.5375969611324298 0.39200839653283426 0.5333909524515095
28 0.3369484947421273 0.5660527271818782 0.3425565063166879 0.5626879202371419 0.3320882180441749 0.5567995080838534 0.32498473671639816 0.5632487213945978
28 0.23338162268454163 0.5824498704341794 0.2292690808631972 0.5877774814300121 0.2300168157398053 0.5945070953194846 0.22478267160354876 0.5978719022642209 0.21468825076933978 0.5908618877960202 0.22590427391846088 0.5813282681192673
28 0.24039862671195178 0.5541998616052911 0.25049304754616075 0.5452270430859941 0.24152022902686382 0.542142636719986 0.22693939893300638 0.54298383845617 0.22619166405639834 0.5452270430859941
28 0.21012981788101995 0.49159916956977523 0.20302808608871115 0.49860655973477386 0.18283049674295335 0.49804510250151734 0.18245662930464931 0.48991348571840454 0.18956011063242603 0.4873898805098523 0.20660650716848605 0.4889356921097591
28 0.2616263211598269 0.4892892244975154 0.2646172606662592 0.48508321581659486 0.2590092490916987 0.47667119845475403 0.2496625631340978 0.4800360053994905 0.2545228398320502 0.4901304262336994
28 0.45189893597599706 0.6258737915026761 0.4575350330733417 0.6180753235516587 0.4490125529088915 0.6138501956735205 0.441790112091561 0.6166669475922794 0.44381239552041357 0.6244671836749963
28 0.2226072810376314 0.32728139207976503 0.21896349267576962 0.324989331658594 0.2101478756712654 0.329220827820756 0.20838475227036451 0.33706672695476475 0.2143793718334274 0.3364496337644495
28 0.22707547060706232 0.3801679235446269 0.22707547060706232 0.3757635600908681 0.22248759200939688 0.3746624692274284 0.2201018951386109 0.3794797417549771 0.22303813744111675 0.38952719588386436 0.22964468262175494 0.3885637413783546
28 0.2930736848188663 0.37189343912675793 0.2936242302505862 0.37519671171707697 0.2868341699260413 0.37244398455847777 0.2905044728041737 0.36817725746264895 0.28811877593338764 0.3650116212302599 0.2947253211140259 0.3629470758613104 0.30004726028731776 0.36377289400889024 0.2972945331287185 0.3676267120309291 0.2919725939554266 0.3683148938205789
28 0.3283085924489366 0.36611271209369955 0.3255558652903374 0.3626718031454505 0.33858544050770717 0.36198362135580076 0.3406041070906799 0.36459871215646994
28 0.3308170492937279 0.3497339855000341 0.3245641337327201 0.3441510251777056 0.3141426077977071 0.34459766200349196 0.3090807237721293 0.34951066708714096 0.3126538183784195 0.3544236721707899 0.3189067339394273 0.3524138064547517
30 0.6562488625926989 0.5179474072128339 0.6307483120240688 0.50272513978156 0.620860343436233 0.4863319287017265 0.6135744718451959 0.4718902903694923 0.6120132136471165 0.4523745628935 0.6182582464394341 0.4363716663631864 0.625544118030471 0.41295279339199575 0.5995231480624814 0.3953886386636027 0.57818595268873 0.3754825966380906 0.5776655332893701 0.35752812736017775 0.5885943406759258 0.34269617447842365 0.6036865032573598 0.33918334353274504 0.6297074732253495 0.34074460173082444 0.6541671849952597 0.3505024654688205 0.6853923489568473 0.33840271443370534 0.7207808681133132 0.3298157943442688 0.7535672902729802 0.3286448506957092 0.781669937838409 0.3302061088937886 0.8149767793974356 0.3399639726317847 0.8555694925474997 0.3629925310534556 0.8701412357295739 0.3754825966380906 0.8852333983110079 0.40631744605015835 0.8878354953078067 0.43051694812038865 0.8800292043174099 0.4562777083886985 0.859212428343018 0.4761837504142105 0.8009254556147214 0.5038960834301195 0.7613735812633772 0.5191183508613935 0.7181787711165143 0.5292665291489094 0.6807085743626092 0.5249730691041911
20 0.548108449500078 0.3378704222041937 0.5735802367078475 0.3381513610336912 0.5885636409477121 0.3378704222041937 0.5979282685976274 0.3311278902962547 0.5840686196757527 0.3142715605264072 0.5870653005237256 0.2999436802220368 0.5869748610966903 0.2767247470549967 0.5839781802487175 0.26043029494414416 0.5809814994007446 0.23739331092535257 0.5794831589767581 0.23149359550590592 0.5944665632166225 0.22362730827997704 0.6004599249125684 0.22222261413248978 0.597837829170592 0.2025568960676677 0.5510146909210155 0.2025568960676677 0.5386533824231274 0.19918563011369816 0.5161782760633307 0.19412873118274393 0.4944523399155273 0.19525248650073374 0.4708534782377407 0.19862375245470326 0.45924133995184574 0.2031187737266626 0.4427595952879948 0.19497154767123628 0.4315220421080965 0.19412873118274393 0.4034281591583506 0.1983428136252058 0.38881934002448276 0.20143314074967783 0.39031768044846926 0.20536628436264226 0.39406353150843537 0.20452346787414988 0.3966856272504116 0.20873755031661176 0.39855855278039465 0.23317922848289066 0.3996823080983845 0.25621621250168225 0.40118064852237095 0.2994807922442909 0.4026789889463574 0.32785561402353414 0.41691322297422867 0.325889042217052 0.4438833506059847 0.3250462257285596 0.47909435056966615 0.3261699810465494 0.4925794143855442 0.3301031246595139 0.5158036909573341 0.3317887576364986 0.5195495420173002 0.33094594114800624 0.5191749569113037 0.32364153158107234 0.5262920739252392 0.32364153158107234 0.537155041999141 0.3247652868990622 0.5386533824231274 0.3286984305120266 0.5427738185890901 0.33150781880700114
13 0.7826598791697508 0.6324083635001622 0.7788261424675735 0.6321668807340188 0.7778791846069947 0.6275190167882527 0.7843983135562076 0.6240964740899161
13 0.7675140770673817 0.6382430177015146 0.7619657825343648 0.6381169200984916 0.7586872448557636 0.635342772831983 0.7586872448557636 0.6333882599851246 0.7634789537706422 0.6334513087866362 0.7670096866552895 0.6376125296863991
