22 0.2469422474663462 0.41560302848369823 0.23730037830570086 0.4064593397968125 0.2255055568068385 0.39949054473202333 0.21119797365104598 0.39242363312849465 0.1940178621497548 0.38823509650796256 0.17738870332476778 0.384080570220385 0.17781056358952108 0.36340767652881767 0.18266324059662284 0.35246877308448965 0.19047251648377755 0.35561033902747974 0.19232176421662975 0.3517269187884901 0.19417101194948191 0.3456244012700778 0.18529462283179135 0.33868972227188204 0.1823358264592278 0.33286459191339757 0.18529462283179135 0.32676207439498517 0.1938011624029115 0.3264846872350574 0.20341725061374297 0.32703946155491315 0.2141428874642858 0.33120026895383053 0.21710168383684939 0.32925855883433575 0.21969063066284245 0.323988202795707 0.23485446207223057 0.31677613663758336 0.2448403998296325 0.3137248778783772 0.2441007007364916 0.3098414576393876 0.2492785943884778 0.30623542456032576 0.292181141790649 0.3148344265180885 0.2881127967783742 0.3198273953967895 0.29550978770978303 0.32010478255671726 0.29994798226862834 0.3242655899556348 0.31474196413144595 0.3250977514354183 0.33249474236682713 0.32703946155491315 0.333234441459968 0.3323098175935419 0.33249474236682713 0.33480630203289236 0.3458093260433631 0.3428505296707995 0.35579526380076504 0.3517269187884901 0.3539460160679128 0.3630997923455312 0.35135706924191973 0.36726059974444863 0.35727466198704677 0.3755822145422837 0.3517269187884902 0.37946563478127326 0.35246661788163103 0.3822395063805516 0.36097315745275127 0.38334905502026295 0.36319225473217387 0.3925028312978814 0.36097315745275127 0.4002696717758606 0.35727466198704677 0.40692696361412856 0.36060330790618084 0.4135842554523965 0.3535761665213424 0.424402354689582 0.34026158284480645 0.42689883912893245 0.32361835324913657 0.42995009788813854 0.31400226503830514 0.4274536134487881 0.30401632728090316 0.4291179364083551 0.28994208841224395 0.42874649882727733 0.2722032035147397 0.4258256670558538 0.2636663462195295 0.42735653676517865
19 0.2458677587323871 0.5606051134849147 0.23202387568497707 0.5570823396737433 0.21348296088933855 0.547255654832055 0.18713963333731115 0.5345345735582576 0.15895744284794064 0.5228537972370054 0.11965070348118705 0.5063523830688872 0.09913209110734712 0.493744561007853 0.0847937836653867 0.4811367389468188 0.07366923478800359 0.4672310528500899 0.06773614205339928 0.4503588203860589 0.06600565667247302 0.4333011787740714 0.07193874940707733 0.4173559920498224 0.08306329828446044 0.40586062487652647 0.09443505935911871 0.3971463949225764 0.10753730581470324 0.39158412048388486 0.11989791567846224 0.3876905283768008 0.13794440607955036 0.384909391157455 0.15475483549426258 0.38398234541767307 0.16835150634439747 0.3841677545656294 0.18615078454821046 0.38880298326453905 0.20716382131660072 0.3954777125909689 0.22323261413948747 0.4004837595857913 0.24127910454057555 0.4127207633509128 0.25907838274438855 0.4258848128558161 0.27934978292095325 0.44442572765145466 0.3060487002266727 0.46871432603374097 0.328545010178714 0.49133424208441995 0.33620858829424466 0.49837978970676255 0.34140004443702343 0.5061669739209307 0.34313052981794967 0.5137687489871424 0.34164725663429857 0.5282306625277405 0.333983678518768 0.5406530754408183 0.32137585645773387 0.5512213968743324 0.30209330507026977 0.5595648085323695 0.277619297540027 0.5619751274558026 0.2573478973634622 0.5614189000119334
29 0.421668258100242 0.7470343822550991 0.4181736035088876 0.7365691978349791 0.41156616982964755 0.7258321181062137 0.4141357273715743 0.7217024720566887 0.4089966122877208 0.7104147728546535 0.40826245299002745 0.7024307904922383 0.41046493088310754 0.7010542418090633 0.4115661698296475 0.6905924718169331 0.4218443999973544 0.690317162080298 0.4277176743789012 0.6905924718169331 0.4475399754166216 0.6837097284010579 0.4512107719050884 0.6826084894545178 0.45818528523317525 0.680406011561438 0.46846351540088216 0.6806813212980728 0.4739697101335822 0.6737985778821977 0.48277962170590244 0.6704948610425777 0.48938705538514266 0.6740738876188327 0.504804400636703 0.6823331797178828 0.5132472325601765 0.6779282239317227 0.5275633388651967 0.6779282239317229 0.5371074097352103 0.6817825602446128 0.5514235160402307 0.6850862770842329 0.5568598273004056 0.6904768194805952 0.5583281458957924 0.6965336336865653 0.5678722167658059 0.6957077044766602 0.572277172551966 0.7053435452588854 0.5645684999261859 0.7061694744687904 0.571175933605426 0.7111250497282205 0.5796187655288996 0.7185584126173657 0.5752138097427394 0.7254411560332409 0.5715430132542726 0.7314979702392111 0.5781504469335128 0.7403078818115313 0.5777833672846662 0.7441622181244213 0.5719100929031193 0.7507696518036614 0.5759479690404327 0.7604054925858867 0.5752138097427394 0.7689400944215719 0.5656697388727259 0.7752722183641769 0.5590623051934858 0.7810537228335122 0.5451132785373121 0.7884870857226574 0.5410754023999986 0.7865599175662122 0.5274934553926717 0.7854586786196723 0.509139472950338 0.7992241654514225 0.49996248172917107 0.8006007141345975 0.4962916852407043 0.7939932804553574 0.4805072603402973 0.7906895636157373 0.47867186209606394 0.7868352273028472 0.4841780568287641 0.7813290325701472 0.47243150806567047 0.7719685015245568 0.46582407438643036 0.7623326607423319 0.4529762866767967 0.7562758465363616 0.4489384105394832 0.7579277049561717 0.4452676140510165 0.7648104483720466 0.43168566704368955 0.7637092094255068 0.41773664038751596 0.7609561120591567 0.4192049589829026 0.7573770854829017 0.42764779090637617 0.7579277049561717 0.44012849896716305 0.7598548731126168 0.43498938388330965 0.7518708907502014 0.43574402974894083 0.7469281195957326 0.4289490727459561 0.7474616669290541
20 0.4775685730388183 0.311446782734589 0.45769794834961497 0.3109415973611347 0.4304179381830817 0.30791048512040875 0.42536608444853846 0.28745047749550867 0.41930385996708663 0.2672430625573359 0.41324163548563475 0.24804601836607168 0.4118944744897566 0.2402156450775297 0.41425200623254343 0.22910156686153463 0.4017907670206701 0.2243023058137186 0.4007803962737615 0.22253415700662849 0.4095369427469698 0.21520896909154077 0.41930385996708663 0.21520896909154077 0.4351330016686553 0.21520896909154077 0.44557349938671137 0.21344082028445066 0.4886826512548134 0.2010637786348198 0.5226984664007377 0.193485998033005 0.5476209448244842 0.19272821997282352 0.5870254039539212 0.18666599549137167 0.6190204776060283 0.18616081011791735 0.6257562825854193 0.19752748102063958 0.6324920875648102 0.21293563491099637 0.6358599900545057 0.22783860342789886 0.6196940581039674 0.2508245379200705 0.6297977655730538 0.27103195285824333 0.6412486340380184 0.2874504774955088 0.6530362927519525 0.30917344855404455 0.6567409854906177 0.3182667852762224 0.6217147995977846 0.3195297487098581 0.5732170037461698 0.31776159990276803 0.5115843881847427 0.3139727096018607
28 0.4331844346115711 0.3606453048273765 0.4222278073898789 0.3611433333374536 0.4109391611614688 0.3576571337669151 0.40097859095993044 0.3516807916459921 0.3986544579129048 0.34246726420956913 0.3956662868524433 0.3282734516723769 0.3993184959263407 0.32802443741733855 0.4225598263965969 0.33474782230337685 0.4248839594436225 0.34545543527003064
28 0.43650462467875056 0.36213939035760734 0.4351765486518787 0.35491797696149197 0.4331844346115711 0.34819459207545367 0.4404888527593659 0.3417202214444537 0.4428129858063915 0.3444593782498767 0.4517774989877761 0.35018670611576125 0.45210951799449395 0.3551669912165305 0.45310557501464777 0.3598982620622612 0.4564257650818273 0.36213939035760734 0.44845730892059654 0.3626374188676842
28 0.4272317694373664 0.5188068164466276 0.42811441112412124 0.5095390787357011 0.4254664860638566 0.5018159639765958 0.43135076397555594 0.5020366243982844 0.4390003252607651 0.5049052098802379 0.4392945391563501 0.5090977578923237 0.45635894510027825 0.5152762496996081 0.4684217148192619 0.5177035143381841 0.47901341506032075 0.5307224792178189 0.48077869843383053 0.5333704042780836 0.4607721535340527 0.5309431396395076 0.44017718084310503 0.524985308253912
28 0.40134094662588926 0.5360183293383483 0.3960450965053598 0.5287365354226203 0.3960450965053598 0.526529931205733 0.38280547120403624 0.5254266290972894 0.38280547120403624 0.5276332333141768 0.3907492463848304 0.5329290834347061
28 0.4895719222533866 0.5333362392216505 0.5007520502856154 0.5278197286794323 0.4919256334180664 0.5234065202456578 0.4845702860284422 0.5189933118118832 0.4804512914902526 0.5200966139203269 0.4825107887593474 0.5284817099444985
28 0.8045419199903101 0.410004620219095 0.8124437067771214 0.4037579374214132 0.8017656165246737 0.3967103978547977 0.7936502679328136 0.4026367379449061
28 0.6915131247485096 0.3792857657669403 0.6836113379616983 0.3791255944131537 0.6776316074203277 0.37784422358285985 0.6797672254708172 0.37239839755411164 0.6695162588284674 0.3677534282942968 0.6727196859042018 0.36390931580341573 0.6769909220051809 0.3629482876806954 0.6767773602001319 0.360385546020108 0.6727196859042017 0.3579829757133073 0.6776316074203277 0.35381852051485274 0.6814757199112088 0.35381852051485274 0.6851062705970409 0.35381852051485274 0.689804630308118 0.3546193772837863 0.698560664315125 0.3586236611284541 0.7064624511019363 0.3586236611284541 0.7103065635928174 0.35942451789738766 0.7143642378887475 0.3619872595579751 0.73016781146237 0.36246777361933524 0.7308084968775169 0.36438982986477586 0.7201304066250692 0.37175771213896475 0.7081709455423278 0.37127719807760456 0.7062488892968873 0.37351959703061866 0.7000555969504677 0.37400011109197867 0.6947165518242439 0.3748009678609123 0.6930080573838522 0.3780043949366466
28 0.6524560543197304 0.5458627088178349 0.6486275598688117 0.5419334645129447 0.6439930665861204 0.5405733414843288 0.6349255797286815 0.5410267158272007 0.6226340975441529 0.545409334474963 0.6230370969600392 0.5481295805321946 0.6335150817730798 0.5523610743989997 0.6435900671702345 0.5491874539988959
28 0.7475639164688697 0.5386087193318837 0.7634823933963737 0.5361907228365665 0.7669078884314063 0.5352839741508226 0.7634823933963737 0.5325637280935909 0.7588479001136826 0.5325637280935909 0.754817905954821 0.5296923572554019 0.7475639164688697 0.5274254855410421 0.7435339223100078 0.5239496155790236 0.737287431363772 0.524554114702853 0.7215704541442107 0.5275766103219994 0.721973453560097 0.5293901076934872 0.7308394407095931 0.5331682272174202 0.7409144261067476 0.5358884732746519
28 0.8153802782637574 0.5023297971968542 0.8195560500660466 0.500959622074228 0.8212524573607266 0.49293431064170323 0.8222355664445257 0.49101204215825084 0.8221050735757042 0.48699938644198837 0.8200171876745594 0.4815186859514838 0.820408666281024 0.4760379854609791 0.8183207803798794 0.46948071880269665 0.8142755014464116 0.47192746009310055 0.8107521939882301 0.4783868570997668 0.8137535299711256 0.4823995128160291 0.8137535299711256 0.4853356023645138 0.8107521939882301 0.4904248242485539 0.8057934649730114 0.49639487299713936 0.8029226218589376 0.5002117894101694 0.8051410006289038 0.501190485926331 0.8089252938247286 0.501190485926331
28 0.7992191994102801 0.4334289671222071 0.8029976179337344 0.43053217958755874 0.8015702153804294 0.42807620754731346 0.8019060748047364 0.4270056556323347 0.7983795508495123 0.4264388928538166 0.7958606051672095 0.4271945765585075 0.7915783975072948 0.4296505485987528 0.7901509949539897 0.43216949428105556 0.7921661514998319 0.4336178880483798 0.7957766403111327 0.4335549144063222
28 0.4076550775710884 0.37099347999086957 0.40347246141923887 0.3728893626668641 0.4027303853588201 0.3771493452562048 0.40510153346102334 0.382484428486162 0.4076550775710884 0.39096584285173497 0.4089318496261207 0.3949329560227287 0.4144037298619743 0.40450874643547235 0.41932842207424254 0.40683429553571016 0.41823404602707176 0.40915984463594796 0.41987561009782787 0.41230617577156375 0.425712282349405 0.41777805600741724 0.4275362424280228 0.4218819661843074 0.4229763422314782 0.4216083721725147 0.4191460260663807 0.4222923572019965 0.41987561009782787 0.42735384642016094 0.4215171741685839 0.4335097116854961 0.425712282349405 0.439939170962624 0.4253474903336814 0.4470526152692337 0.41859883804279535 0.45690199969377 0.4133093538148036 0.4534820745463616 0.41039101768901504 0.45060933742253845 0.4089318496261207 0.4603219248411785 0.40820226559467365 0.4701713092657148 0.41385654183838894 0.4731808433954343 0.4198756100978278 0.4734544374072269 0.423888322270787 0.47523279848387934 0.4198756100978278 0.4796103026725622 0.4213347781607222 0.4848085888966231 0.4246179063022343 0.490827657156062 0.43264333064815275 0.490827657156062 0.43756802286042096 0.493290003262196 0.4344672907267706 0.4972571164331898 0.4353792707660795 0.4997194625393239 0.44103354700979486 0.5031393876867324 0.4490589713557134 0.5058753278046592 0.4547132475994287 0.51107361402872 0.4614618998903147 0.5140831481584395 0.4663865921025829 0.5140831481584395 0.473864828424916 0.5135359601348541 0.48061348071580207 0.5121679900758908 0.48243744079441986 0.5088848619343785 0.4837142128494524 0.5036865757103177 0.4868149449831026 0.5071065008577261 0.490827657156062 0.5083376739107932 0.49702912142336264 0.5102528319933419 0.5054193377850048 0.5097056439697566 0.5136271581387851 0.5113472080405127 0.5220173745004272 0.5133991631289577 0.5269420667126954 0.5125783810935797 0.5313195709013782 0.5099792379815493 0.5316843629171017 0.5144935391761285 0.5327787389642725 0.5177766673176406 0.5400745792787438 0.5184606523471222 0.542445727380947 0.5202390134237747 0.5493767756796949 0.5221541715063234 0.5579493880491987 0.5243429236006648 0.5716290886388325 0.5276260517421769 0.5803840970161982 0.529267615812933 0.5854911852363283 0.5258476906655245 0.5891391053935638 0.5276260517421769 0.5986236978023766 0.5272156607244879 0.6039131820303684 0.5263948786891098 0.6141273584706284 0.5236589385711831 0.6181400706435876 0.5196918254001893 0.6259830989816443 0.5217437804886343 0.6287190390995712 0.5217437804886343 0.6289014351074329 0.5165454942645735 0.6341909193354247 0.519144637376604 0.6392980075555545 0.5161351032468846 0.6396627995712781 0.5179134643235369 0.6385684235241075 0.5196918254001893 0.6456818678307169 0.5236589385711832 0.6549840642316681 0.523111750547598 0.6611855284989687 0.5221541715063234 0.6679341807898547 0.5221541715063234 0.6704877248999197 0.5205126074355674 0.6750476250964642 0.5192814343825003 0.6785131492458382 0.5140831481584395 0.6830730494423828 0.5176398703117443 0.689639305725407 0.5202390134237747 0.6987591061184962 0.5225645625240124 0.7082436985273091 0.5235221415652868 0.714262766786748 0.5233853445593905 0.7219233991169429 0.5199654194119819 0.7279424673763818 0.5188710433648113 0.730313615478585 0.521196592465049 0.7374270597851945 0.5227013595299087 0.7428989400210481 0.522838156535805 0.7449052961075275 0.521606983482738 0.7492828002962105 0.5209229984532563 0.7441757120760805 0.5173662762999516 0.732684763580788 0.5154511182174029 0.7346911196672677 0.5109368170228237 0.7348735156751295 0.5075168918754152 0.730131219470723 0.5046441547515921 0.7193698550068778 0.5020450116395617 0.714992350818195 0.4939739882916777 0.7232001711719753 0.492879612244507 0.7232001711719753 0.4872709350027571 0.7188226669832926 0.485629370932001 0.7164515188810894 0.48275663380817796 0.7208290230697724 0.4828934308140742 0.7253889232663169 0.48549257392610473 0.7312255955178939 0.48645015296737903 0.7374270597851946 0.48645015296737903 0.7422781310734049 0.4888506666240913 0.7436285240524952 0.4916484391914399 0.7407864961155979 0.49619562135650286 0.7406472822145254 0.4996400360771901 0.7432148879884888 0.50052265056199 0.7504535171004403 0.49997666737836644 0.7593348435540479 0.49779273464387275 0.7684531315105161 0.49466076436282264 0.7784992220891873 0.49072968544073403 0.7908748409179849 0.48450547714742703 0.8009209314966559 0.47904564531119276 0.7971354480902001 0.47620653275635094 0.7898556723085545 0.474459386568756 0.7846142337457696 0.4753329596625535 0.7847598292614024 0.47293063365461036 0.7889820992147569 0.4715110773771895 0.7872349530271621 0.4673616051816515 0.7898556723085545 0.4653960657206071 0.7875261440584279 0.4635397228962875 0.7902924588554532 0.4597178406109235 0.7958250884495038 0.4567695314193571 0.7945147288088077 0.4517464861300214 0.785487806839567 0.43056233860543275 0.7815567279174782 0.4223725908510813 0.7782080310579215 0.41713115228829645 0.7716562328544403 0.4168035623781224 0.7633572884633643 0.42248178748780596 0.7642308615571616 0.4270680462302428 0.7601541871194403 0.42619447313644526 0.7525832203065285 0.43099912515233135 0.743556298337288 0.4331830578868251 0.7396252194151992 0.4348210074376953 0.7355485449774777 0.4343842208907966 0.7371500956494397 0.4303439453319833 0.7346749718836803 0.4281600125974896 0.7140004086638065 0.42532090004264783 0.7043911046320344 0.424556523585575 0.7024983629288064 0.426631259683344 0.7003144301943128 0.4309991251523314 0.6994408571005153 0.436349760351841 0.7020615763819077 0.4374417267190879 0.70817658803849 0.43798770990271124 0.7137092176325407 0.4410452157310024 0.7106517118042496 0.4432291484654961 0.7132724310856421 0.4472694240243095 0.7183682741327939 0.45032692985260064 0.7204066113516547 0.4524016659503696 0.7172035100077306 0.4550223852317621 0.7115252848980469 0.45589595832555957 0.7074486104603256 0.4518556827667462 0.6984216884910848 0.4518556827667462 0.6893947665218441 0.4550223852317621 0.6842989234746922 0.45567756505211016 0.6830439591418039 0.46025026251704276 0.6768916338807526 0.4577214155381926 0.6680506510713848 0.45133216096656903 0.6663179860661747 0.4452407605576267 0.6579585292178574 0.4421009478372115 0.6607944890943612 0.43967012508592246 0.6694215765633338 0.43015434269686476 0.6719874450230279 0.42944535272773876 0.6711771707725981 0.4203297674104046 0.6600828219786739 0.41271833003608355 0.6553642744351436 0.4121886085786251 0.6477528370608225 0.4042844236129838 0.6356526032862604 0.40267431186072355 0.6434592057214616 0.39564836966904254 0.6512658081566627 0.3858413253598209 0.6528271286437033 0.3810109901030401 0.6477528370608225 0.3757415334592793 0.6500948177913828 0.37266768375041875 0.6541932840698634 0.3663736105370379 0.6524367985219431 0.3630070132368573 0.6481431671825824 0.3622751442585572 0.645410856330262 0.35890854695837665 0.6340912827992202 0.35846942557139655 0.6321396321904198 0.35949404214101677 0.6171119225026576 0.3517362309710355 0.5983760766581746 0.3441247935967143 0.5931066200144137 0.3441247935967143 0.5876419983097728 0.3504188668100953 0.5870565031271328 0.3559810710451762 0.5749562693525709 0.3514434833797155 0.5677351621000097 0.3527608475406556 0.5579769090560082 0.34924787644481514 0.5503654716816869 0.35085798819707537 0.5534881126557675 0.35466370688423593 0.5591478994212883 0.3570056876147964 0.5542687728992874 0.3615432752802571 0.5501703066208069 0.3615432752802571 0.5476331608293664 0.3621287704628972 0.5466573355249663 0.3643243773977975 0.5433395294900059 0.3646171249891176 0.5460718403423263 0.3609577800976169 0.5439250246726459 0.3575911827974364 0.5331909463242442 0.35656656622781635 0.5271408294369633 0.35349271651895575 0.5181632366364819 0.3572984352061164 0.5132841101144812 0.3485160074665149 0.5066484980445601 0.34588127914463457 0.49728057512231855 0.3466131481229347 0.48986430280887744 0.3486623812621751 0.48498517628687665 0.35071161440141535 0.48010604976487586 0.35466370688423593 0.48127704013015604 0.35890854695837665 0.47600758348639516 0.36066503250629695 0.4691768063555941 0.36066503250629695 0.4635170195900733 0.36168964907591705 0.4586378930680725 0.36344613462383735 0.4537587665460718 0.36534899396741766 0.44887964002407094 0.3693010864502383 0.4461473291717505 0.3679837222892981 0.4436101833803101 0.36549536776307767 0.43853589179742936 0.36564174155873774 0.43424226045806863 0.3659344891500578 0.4299486291187079 0.3652026201717577 0.42487433753582704 0.36564174155873774 0.42311785198790686 0.3665199843326979 0.4258501628402273 0.3722285623634387 0.4199952110138263 0.3731068051373989 0.4201903760747064 0.37910813075945987 0.42136136643998656 0.3837920922205806 0.4266308230837474 0.39008616543396163 0.42955829899694786 0.39842947178658283 0.42487433753582704 0.4003323311301632 0.4233130170487868 0.39316001514282206 0.4198000459529463 0.38569495156416084 0.418238725465906 0.38013274732908003 0.4135547640047853 0.3725213099547588 0.4096514627871846 0.3700329554285384
