26 0.6047731767451987 0.31408099262765565 0.5924058485870924 0.3090237116817803 0.5879119428949104 0.3017175113046011 0.5868845224725389 0.29293195676329603 0.5894730607388343 0.2807477198320276 0.5986784335074605 0.24560049453741722 0.5934896865928142 0.2449114317798468 0.5831309422657966 0.2441079949974019 0.5810296930842831 0.2091233272783168 0.604170930602946 0.20556832890215312 0.6419884105069358 0.20153239342665896 0.6690283962077872 0.1972545831888289 0.6762989719922392 0.19747419045561554 0.6812466296100075 0.19989173925035575 0.6846608879410921 0.21404894930771717 0.6958571320203509 0.24605330738333442 0.7052896515956253 0.27778924905768165 0.7077000049411837 0.2885253061816447 0.6837751587727009 0.28911481187077426 0.6807990242755908 0.2896930269775968 0.6636078617087839 0.2930329936053268 0.6519479798127635 0.29648421654518636 0.6478213841017602 0.2977056527405393 0.6278122314386144 0.3035841035287047 0.6107583237988999 0.31119420523009234
20 0.1675731494869785 0.3606101664898042 0.16562089769644975 0.3243059306959059 0.1579319750861112 0.3142764161948305 0.15655874151294366 0.3037809841622686 0.15305437747252634 0.29084921056435853 0.13928636750498274 0.2865123780133454 0.1367622323442664 0.2808674033378894 0.13515596451471967 0.2664109928719686 0.1443346378264154 0.2676156937441287 0.15902051512512858 0.26830409424250584 0.18540920089625382 0.2701971956130431 0.22877843229401612 0.27415549847871185 0.24392324325831408 0.2751880992262776 0.28270313800022856 0.27949060234113504 0.29670061480056453 0.28224420433464376 0.31069809160090056 0.2872351079478783 0.31712316291908754 0.28930030944300983 0.321483032742143 0.2877514083216612 0.31987676491259626 0.28534200657734105 0.3260723693979909 0.28224420433464376 0.32951437188987676 0.28620250720031254 0.3255467185236746 0.2943538743606009 0.33094871079057375 0.3043744455987643 0.3308134770358393 0.31992495782726554 0.3297438387226691 0.33662784370644094 0.3302027723882539 0.3450607498115614 0.3288259713914996 0.35796825915613345 0.3288259713914996 0.3636475632677453 0.33112063971942346 0.36795006638260264 0.3327269075489703 0.370531568251517 0.33606309518342703 0.3733908341211831 0.34128079006176376 0.3883849495024075 0.34741278484768334 0.4009932903047072 0.34989828227403236 0.4086472795538026 0.35086905703391674 0.41668605551125365 0.35022642911708035 0.42251918371744457 0.35482290062010186 0.42102556362995697 0.35682092499217155 0.42870141036438875 0.35039585367398457 0.43162711248249175 0.3246141215838275 0.435270646343563 0.2993198625479497 0.43067922401337816 0.2918818113119243 0.4204406043838626 0.2927996786430939 0.4125239986525251 0.28253371344332434 0.41704721505421427 0.26753692249440975 0.4200576294507694 0.24371161354345586 0.4019001814660417 0.22153000230624087 0.38621721264262443 0.20706645699314646 0.37601069982539026 0.18354789034371952 0.36449604488371307 0.1773528897834124 0.3625926941862311
23 0.609016496745255 0.8071442441759784 0.5961108131948902 0.7983449144825479 0.577045598859124 0.7827261042767085 0.551424660788316 0.7664216162978029 0.5443851970335716 0.7609220352394088 0.5411587761459803 0.7541025547270002 0.567263454236491 0.7376038115518179 0.5860353575824763 0.7354039791284602 0.6080336818160527 0.734744029401453 0.6194728104175123 0.7433233758525478 0.6458707994978041 0.7622419346934233 0.6608296599766361 0.7734610800525472 0.660243037997074 0.7761008789605764 0.6520303302832055 0.7824803929883137 0.6300320060496291 0.7954594042861237
16 0.21240247754899444 0.6798471163091209 0.20694459804024085 0.6781415289626354 0.20512530487065633 0.6726836494538818 0.20148671853148728 0.6522166012960556 0.1942095458531491 0.6106002700418095 0.1914806060987723 0.5819464026208531 0.1955740157303375 0.5764885231120995 0.20694459804024085 0.5696661737261575 0.24378528472432767 0.5689839387875633 0.2874483207943565 0.5659138815638894 0.30245748944342893 0.5689839387875633 0.3101894854141632 0.5723951134805343 0.3133732484609361 0.5768296405813965 0.31883112796968976 0.6051423905330559 0.3270179472328202 0.6604034205591861 0.3247438307708394 0.6679080048837224 0.31382807175333227 0.6743892368003672 0.27016503568330347 0.6767770590854469
19 0.24757555110534463 0.5392593900512965 0.2338213538217144 0.5339237100705778 0.210107220574076 0.5225409261117114 0.16694749806337414 0.5072453101669846 0.134696276846586 0.49479539021197444 0.0991250769751284 0.4798554862659624 0.07778235705225386 0.4702512623006689 0.05691391979433211 0.45531135835465675 0.044582570505560144 0.4364586224227842 0.04031402652098524 0.41582732649733883 0.044108287840607364 0.39484031857317886 0.06165674644385977 0.3734975986503043 0.09248511966578965 0.360336254697865 0.12615918887743616 0.35677913471071926 0.16173038874889373 0.3592691187017213 0.18117597801195717 0.3646047986824399 0.2053643939245483 0.37634329464002086 0.23951274580114756 0.3998202865551829 0.27399179695668346 0.4262506619995736 0.2937880045829285 0.4429345636009811 0.30989719814277306 0.4572690154974529 0.32436816862873513 0.46832702124615977 0.33774699039877554 0.48225191737416107 0.3388391391146972 0.4935147010071033 0.3372009160408147 0.5076443750193398 0.329555875029363 0.5172689355783995 0.31836135069116595 0.5258696067162826 0.2973374879096739 0.5371323903492249 0.27494843923327966 0.5408183922654605 0.2588392456734351 0.5404088364969899
13 0.3748851739787412 0.3450244463984154 0.36926780938442244 0.337263613735212 0.3701547616887886 0.33149842375683236 0.36690260323944623 0.32373759109362893 0.3618765401813715 0.30932461614767964 0.3618765401813715 0.29446816504954737 0.3636504447901038 0.29313773659299824 0.36217219094949354 0.2880377608428931 0.3580330801957851 0.2864855943102524 0.35921568326827324 0.28338126124497104 0.35596352481893084 0.2762856428100422 0.357441778659541 0.27384652397303544 0.35389396944207663 0.26741611976638113 0.3541896202101987 0.25389009712479804 0.34857225561587996 0.2452423121572285 0.3535983186739546 0.23925538410275726 0.35537222328268675 0.23459888450483526 0.374293872442497 0.228611956450364 0.3935111723704294 0.22683805184163178 0.41184151999399554 0.22750326606990634 0.4396326921974669 0.2248424091568081 0.4558934844441788 0.2239554568524419 0.47540643514023323 0.2248424091568081 0.49107592585070114 0.22417719492853347 0.5132497334598538 0.22705978991772333 0.5247801134166132 0.23171628951564538 0.5176844949816843 0.23393367027656062 0.5256670657209793 0.24125102678758104 0.530693128779054 0.2514509782877912 0.5253714149528572 0.25921181095099466 0.5197540503585386 0.2680813339946558 0.5123627811554877 0.2709639289838456 0.506745416561169 0.27983345202750665 0.5061541150249249 0.28958992737553385 0.4996497981262401 0.2964638077343712 0.4961019889087757 0.3059985450063068 0.4975802427493859 0.31797240111524927 0.5049715119524368 0.32573323377845265 0.5091106227061453 0.3341592806699307 0.4857542120245044 0.3399244706483104 0.465649959792206 0.34369401794186627 0.4351979306756364 0.3483505175397884 0.43017186761756177 0.35544613597471725 0.42544145532760924 0.35300701713771043 0.4275110107044635 0.3485722556158799 0.4106589169215074 0.35078963637679517 0.39025901392108703 0.3481287794636969
13 0.48279363417854887 0.21988320711101259 0.48518363959679806 0.2156708225613485 0.47885012523843784 0.21127918760531564 0.47311411223463984 0.21154806321486866 0.46630259679262975 0.21396794370084593 0.4645100927289429 0.2167463249995606 0.46630259679262975 0.21943508109509088 0.4745481154855893 0.21943508109509088
23 0.47236666736041677 0.3566024323786162 0.46195159029207167 0.3539986631115299 0.4498006670456689 0.35827628405031464 0.42280253336972856 0.36750343369732413 0.39924462095323343 0.37754654372751417 0.387837631783141 0.3838699833761523 0.3779185107656694 0.39837669786420465 0.37717457668935883 0.41381332994764475 0.38734167573226747 0.4318537312981714 0.40122844515672773 0.4426407754046717 0.42230657731885496 0.4498941326486979 0.4356973906924416 0.4523119183967066 0.45280787444758025 0.4523119183967066 0.46942240215184533 0.4495221656105427 0.4840531056526159 0.44543052819083573 0.4942202046955243 0.4392930720612751 0.49942774322969696 0.4270181598021539 0.507611018069111 0.42385643997783484 0.5108347323997893 0.4171610332910415 0.5108347323997893 0.4030262858411444 0.5024034795349384 0.38833358783401456 0.48851671011047815 0.37271097223149674
11 0.6000433088369496 0.41913626259338277 0.5939929152369531 0.4142494062241549 0.5846846173908046 0.40273038763954616 0.5767725642215783 0.38213577865494264 0.5758417344369634 0.3723620659164867 0.5790996386831154 0.3451352947165024 0.5884079365292638 0.3304747256088184 0.6026087873234851 0.3184007147376028 0.6107916418555208 0.31240969624093384 0.6271573509195921 0.30437296411125586 0.6546283625628548 0.2972129663957247 0.682878693685359 0.29078358069198235 0.7093755559795699 0.2901990910825512 0.7329499702266249 0.28946847907076234 0.7510691481189897 0.2904913358872668 0.7767866909339589 0.297651333602798 0.7931523999980302 0.30291174008767807 0.8069853207545669 0.30992561540085156 0.8212079012507242 0.32161540758947393 0.8293907557827599 0.3300905069262252 0.8334821830487777 0.33885785106769206 0.8379632700544163 0.35463907052233234 0.8385477596638473 0.36282192505436794 0.8356253116166918 0.3742194724382748 0.826273477865794 0.389416202283484 0.8087387895828603 0.4063664009569864 0.7915937610395474 0.41747170353617763 0.7596416623906461 0.41834843795032434 0.7319758208775731 0.4198096619739022 0.6967116144418956 0.42112476359512224 0.6719682209759782 0.42054027398569116 0.6293004794875062 0.4195174171691866
28 0.5867981455217789 0.5891628848423626 0.591363015414172 0.5885288751350858 0.5910248769036244 0.5838372033012373 0.5893341843508861 0.5815547683550408 0.5869672147770528 0.5763558887553709 0.5802456840997431 0.5747932006171623 0.5699324595280402 0.5709891423735014 0.5685799054858496 0.5688335093687602 0.5707778058044092 0.5670582821883852 0.5602955119774325 0.5661706685981976 0.5594501657010634 0.562113006471626 0.5606336504879801 0.5599573734668848 0.5537018110217536 0.557928542403599 0.5526873954901107 0.5524760589210184 0.5489678718740867 0.5479111890286253 0.5481225255977176 0.5397958647754819 0.5405144091103957 0.5372598259463747 0.5388237165576577 0.5301589172248743 0.5418669631525864 0.5288908978103207 0.5450792790027889 0.5325681541125262 0.5450792790027889 0.5304125211077851 0.542205101663134 0.527242472571401 0.5430504479395031 0.5245796318008383 0.5400072013445744 0.5153230900745969 0.5315537385808835 0.5054325386410785 0.5300321152834191 0.5009944706901408 0.5373020932601933 0.49769762021230135 0.5476153178318962 0.49554198720756015 0.5460936945344319 0.4918647309053546 0.5516729799584679 0.48932869207624735 0.5548852958086704 0.4897090979006135 0.5553925035744919 0.4865390493642294 0.5538708802770275 0.4832421988863899 0.5444030019816937 0.48387620859366676 0.5422051016631341 0.47804331928671995 0.5410179042735962 0.47794477610023145 0.5378242204757172 0.4780405866141679 0.5365467469565657 0.4780405866141679 0.5327782000750683 0.4748788396542676 0.5350776524095413 0.47267519783373113 0.537568725771887 0.47301053463250836 0.539676557078487 0.4738728292579357 0.5405707885418932 0.4732021556603811 0.5408184143328362 0.4703338129136457 0.5424152562317758 0.4687529394336957 0.5482916344198732 0.4691840867464094 0.5541041389320129 0.4646809925913999 0.5605553802037286 0.45912398278309036 0.564771042816929 0.45687243570558567 0.5697531895416204 0.4567287199346811 0.5756934414056754 0.4597467511236768 0.5802923460746212 0.4626689717987361 0.5844441350118639 0.4609922878048496 0.5937696917016706 0.45854911969947215 0.602392637955944 0.45945931958186764 0.6098019843670234 0.4617108666593724 0.6159977309349087 0.4656390977307637 0.6200217725202364 0.4710044865112004 0.6230877089662002 0.4671241606967774 0.6249400455689701 0.4631001191114498 0.6308164237570675 0.4606090457491041 0.6347127179904799 0.46252525602783157 0.6384173911960196 0.4653037609319863 0.6400142330949592 0.4648726136192726 0.640652969854535 0.4635791716811316 0.6441660220322017 0.46348336116719524 0.6474235795060386 0.4615671508884678 0.6516392421192388 0.4597946563806449 0.6508727580077478 0.45783054084494934 0.6520224841749844 0.4565850041637765 0.6479984425896567 0.4529442046341943 0.6464654743666748 0.45078846807062606 0.6467848427464628 0.4479620579095031 0.6565575151679723 0.44724347905498035 0.6620506513003245 0.4472913843119485 0.6692683766835311 0.44863273150705774 0.6720788184256646 0.45083637332759424 0.6740589023803496 0.4534711624608444 0.6745060181120528 0.45486041491292184 0.677508080882059 0.45620176210803104 0.6792326701329137 0.45811797238675844 0.6805101436520653 0.4585970249564403 0.6824263539307929 0.4562975726219674 0.6844064378854777 0.4544292676002082 0.6900273213697448 0.45160285743908524 0.6952649627982664 0.45136333115424426 0.696095320585715 0.44772253162466213 0.6990335096797637 0.447914152652535 0.7045905194880733 0.4522256257796717 0.7070177191744613 0.45409393080143096 0.7045266458121157 0.450501036528817 0.7027381828853035 0.44805786842343953 0.7020994461257275 0.4444170688938574 0.7017800777459396 0.44297991118481184 0.7061234877110552 0.4401055957667207 0.7089978031291463 0.44197390078848 0.7117443711953222 0.44647699494348947 0.7139799498538376 0.4471955737980122 0.7158961601325651 0.44930340510461236 0.7215170436168321 0.45653709890680827 0.7240719906551354 0.45912398278309036 0.7324394422055786 0.4609922878048497 0.7381241993658031 0.4617587719163406 0.7431063460904944 0.4615192456314997 0.7428508513866642 0.4560580463371265 0.7441283249058158 0.4561059515940947 0.7442560722577309 0.4520340047517989 0.7450864300451795 0.445614700318062 0.7434257144702824 0.44307572169874826 0.7423398619790036 0.4405367430794344 0.7429785987385793 0.4374708066334705 0.7472581350277372 0.436560606751075 0.7502601977977434 0.4385247222867706 0.7525596501322164 0.44120741667698904 0.7532622605677498 0.44460868992173014 0.7561365759858409 0.4529442046341943 0.7582444072924411 0.45155495218211705 0.7632265540171324 0.44882435253493047 0.7642485328324536 0.44695604751317125 0.7674422166303327 0.4458063213459348 0.7761929102365213 0.44494402672050737 0.7836661303235581 0.4454709845471575 0.790117371595274 0.44518355300534845 0.7922252029018741 0.4468602369992349 0.7884566560203768 0.44786624739556674 0.7848797301667523 0.4483932052222168 0.7854545932503706 0.4497824576742942 0.7841132460552613 0.45189028898089434 0.7823886568044067 0.4533753519469081 0.7836661303235585 0.4544292676002082 0.7878817929367586 0.45744729878920387 0.7911393504105952 0.4604653299781995 0.7903728662991043 0.4627168770557042 0.785837835306116 0.46506423464714536 0.780791814905467 0.46659720287012724 0.7799614571180185 0.46750740275252284 0.7802169518218488 0.4694715182882184 0.7876262982329281 0.4687050341767275 0.7869236877973949 0.4655911924737953 0.7912670977625104 0.46333964539629063 0.7953550130237954 0.4632438348823543 0.7978460863861411 0.4609443825478814 0.8050638117693478 0.4608006667769768 0.8111956846612756 0.46123181408969044 0.8165610734417121 0.46123181408969044 0.8189882731281003 0.4624773507708633 0.8215432201664037 0.4645851820774635 0.8263337458632222 0.4646809925913999 0.8278667140862042 0.46535166618895446 0.8272279773266284 0.46698044492587276 0.8276750930583314 0.47038171817061397 0.8303905027984855 0.4702842737219955 0.8336111766736858 0.4724481639818957 0.8338795661632858 0.4771282057067962 0.8295182369572855 0.4785372505271963 0.8278408026472852 0.4801475874647964 0.8284446789988852 0.48382116860369684 0.8290551333744846 0.4855165866864494 0.8306654703120847 0.48717724665334955 0.8302628860776848 0.4902469514406497 0.8287196465124844 0.4925618107884501 0.8295919123536845 0.4948263471069503 0.8320074177600848 0.4957824846636505 0.8362345522212852 0.49809734401145067 0.8379119865312853 0.501670279091751 0.8372410128072851 0.5068535511096515 0.835697773242085 0.5105774552778519 0.8363016495936851 0.5141503903581524 0.8306654703120846 0.5188304320830528 0.8322087098772848 0.5219001368703532 0.8275118938092842 0.5262782404194536 0.8300615939604845 0.5264795325366536 0.8353622863800851 0.5247685495404534 0.8389855444896854 0.5247685495404534 0.8403945893100855 0.5266808246538536 0.8420720236200857 0.531109251232254 0.8418707315028857 0.5340783099609543 0.8392539339792855 0.5375002759533547 0.8395894208412854 0.5399661043890549 0.8365700390832851 0.5432874243228553 0.8340874363044848 0.5458035757878554 0.8373081101796852 0.5492255417802558 0.8399920050756855 0.5518423393038562 0.8419378288752857 0.5566230270873566 0.8423404131096858 0.560447577314157 0.8432797763232859 0.5617559760759572 0.8432797763232859 0.5645740657167574 0.8401932971928856 0.5675934474747577 0.8399920050756855 0.5711160595257581 0.8355635784972851 0.5738335031079583 0.8311351519188847 0.5755948091334585 0.8304641781948845 0.5770541769831586 0.8304641781948845 0.5819355108252592 0.8322087098772848 0.5849045695539595 0.8343558257940851 0.5877729822240598 0.8366371364556852 0.5928556081833604 0.8387171550000855 0.5966801584101608 0.8381803760208855 0.6033731213070613 0.8376435970416855 0.6055873345962616 0.8363016495936852 0.6055873345962616 0.8352951890076851 0.6079021939440618 0.8372410128072854 0.6085060702956618 0.8372410128072854 0.610619637526262 0.8344900205388851 0.6114248059950621 0.8299273992156846 0.6124815896103623 0.8287196465124844 0.6178158307161628 0.8265725305956841 0.6250623469353637 0.8256331673820841 0.6292894813965639 0.823486051465284 0.6311514334806643 0.8252305831476842 0.6315036946857643 0.8265054332232843 0.6330133855647644 0.8273776990644843 0.6343721073558646 0.8254318752648842 0.639404410285865 0.824157025189284 0.6456444659190658 0.8230163698584839 0.6488148167649661 0.815434366777283 0.6532432433433665 0.8097981874956826 0.6562123020720666 0.8086575321648825 0.6614962201485671 0.8064433188756823 0.6716614720671683 0.805302663544882 0.6768447440850689 0.8032226450004818 0.6825312463959693 0.8014110159456816 0.6863054735934697 0.7998677763804813 0.6943571582814705 0.7984587315600814 0.7007985060318712 0.794097402354081 0.7095043901007724 0.7893334889136806 0.7134799094154726 0.7791346883088796 0.7131779712396725 0.7776585461160792 0.7102592355402723 0.7794701751708792 0.7059314550204718 0.7799398567776794 0.699137846064971 0.7816172910876795 0.6899790547323703 0.7843682833560799 0.6801157409895692 0.7857773281764799 0.6763918368213688 0.7865824966452801 0.6699001660416681 0.7839656991216799 0.669145320602168 0.7794030777984794 0.6701517811881682 0.7745720669856788 0.6702524272467681 0.7731630221652788 0.6720137332722683 0.7706804193864785 0.6761402216748688 0.7678623297456783 0.6788073422277691 0.7626287346984776 0.6824809233666694 0.754912536872477 0.6862551505641699 0.7538389789140768 0.6902306698788704 0.7536376867968768 0.6963700794534708 0.7514234735076767 0.6987855848598712 0.7432375940748757 0.6992888151528711 0.7374672200484753 0.7007481830025714 0.734582033035275 0.7039185338484715 0.7259935693680739 0.7026101350866715 0.7255909851336739 0.7011507672369713 0.7310258722980746 0.698131385478971 0.7253896930164739 0.6987352618305711 0.7225045060032736 0.697577832156671 0.7141173344532725 0.6977791242738711 0.7096218105024722 0.697980416391071 0.7074075972132721 0.7006475369439713 0.7058643576480719 0.7030127193210715 0.6984165493116712 0.7005468908853714 0.6957997517880709 0.7002952757388712 0.6962023360224708 0.7066359774306719 0.6882177487068701 0.7108631118918722 0.6800989666464693 0.7142850778842729 0.6682570722438035 0.7138012711162499 0.6605827419088481 0.7126501215660066 0.659638208944546 0.7153951704935098 0.653852944538195 0.718405869317223 0.644997947997862 0.7184944192826264 0.6317744864976311 0.7151295205972997 0.6272879549171958 0.7140669210124598 0.6171342255509472 0.7114989720157632 0.6087514954927652 0.7105249223963266 0.6036746308096409 0.7107020223271331 0.5958822338541478 0.7051233745067235 0.5862007709700503 0.7042378748526901 0.5767554413270283 0.7007844262019601 0.5725050429876684 0.6968882277242137 0.5689630443715351 0.6906011801805773 0.568490777889384 0.6826316832942774 0.5650668458937885 0.682808783225084 0.5606983809338908 0.6787354848165309 0.5606983809338908 0.6759018859236242 0.5571563823177577 0.6749278363041875 0.5497181852238778 0.6677552891065178 0.5426341879916113 0.6610254917358647 0.5436967875764513 0.6567750933965047 0.5525517841167845 0.6506651457836751 0.5538505169426999 0.6493368963026249 0.5488917188801135 0.6443780982400384 0.5488917188801135 0.6310956034295389 0.5490097855006513 0.6279078046750189 0.5510169180497934 0.627110854986389 0.5516072511524823 0.6225948067508191 0.5479471859158113 0.6173703587920226 0.550190451706029 0.6151566096569394 0.5551492497686155 0.616927608965006 0.5603441810722776 0.6106405614213695 0.5683727112688463 0.6073642127014461 0.5733315093314327 0.6086924621824962 0.5691991776126106 0.6047077137393463 0.5682546446483084 0.5937275180293332 0.5679004447866951 0.5900084194823932 0.5628235801035708 0.58593512107384 0.5623513136214198 0.581064872976657 0.5643584461705619 0.5785854739453637 0.5642403795500242 0.5762831748448771 0.5717966432644416 0.5744236255714072 0.5745121755368104 0.5759289749832638 0.5764012414654148 0.579205323703187 0.5800613067020858 0.582924422250127 0.5849020381441347 0.5864664208662602
