30 0.7254834517722571 0.4929100796097813 0.6966921809659374 0.4935552332510637 0.6599804002121131 0.4840435446012091 0.6312784625318508 0.4640189369173051 0.6119213417707436 0.4389881773124251 0.6125888286935404 0.41946418482061865 0.6159262633075243 0.40294388348139776 0.6266060540722732 0.3553854402321257 0.6421224197305232 0.3233974140950503 0.6674869227968016 0.30137034564275583 0.6928514258630801 0.28935558103241343 0.7409104843044497 0.28234696834304696 0.773617343521493 0.2838488139193398 0.8123315850437075 0.2943617329533894 0.8370286011871891 0.30587588237163427 0.8638326677494526 0.3264011052476359 0.879184866973779 0.34993001927622314 0.885859736201747 0.37095585734432235 0.8838572754333566 0.3964872321413001 0.8638326677494526 0.4255229132829609 0.8336911665732052 0.44454629058266976 0.8023192812017556 0.4625684374981834 0.7976468727421779 0.4660727438428667 0.8011840511284746 0.4832768409437336 0.801137454997042 0.5090262229719036 0.793969081205014 0.5182734251636196 0.7727506947806114 0.521929295797554 0.7584139471965555 0.524509910362684 0.744937404467543 0.5206389885149889 0.7346149462070228 0.5113917863232729 0.7285935122217194 0.49891881592514425
20 0.6106426960887342 0.6508080270250709 0.6244255294055417 0.6389680665768899 0.605266129591041 0.6422012152955869 0.5877145893098092 0.614298256552429 0.5766979344164713 0.5920254542680718 0.5623283845555958 0.5683156969976273 0.5733450394489337 0.5636455932928427 0.594899364240247 0.5593347283345801 0.6092689141011225 0.5622086383067552 0.6231594789666355 0.546402133459792 0.645671773748674 0.533828777331526 0.6763268134518751 0.5277217186406539 0.7007550482153636 0.5284401961336976 0.7223093730066767 0.5313141061058728 0.7331210664238301 0.5362995282408539 0.7515755165243307 0.5322969397416666 0.7687703290668919 0.5234563691335842 0.7971017304890705 0.5180599117198358 0.808794054885525 0.541500773610805 0.8209360840664587 0.5735422395049354 0.8290307701870812 0.5893943331578211 0.8301550321482786 0.6094624091651974 0.8258828366957279 0.6236281098762867 0.8288059177948416 0.6273381743482387 0.8355514895620272 0.6291932065842146 0.8425219137214518 0.6254831421122627 0.8443207328593679 0.6281813708191368 0.8362260467387457 0.6382997284699149 0.8270070986569256 0.6433589072953038 0.8076697929243275 0.6472376110614354 0.7820366202090231 0.6533086256519023 0.7635987240453831 0.6531399863577226 0.7435868611360665 0.6608973938899859 0.7226755886577919 0.667811604951351 0.6831015676236376 0.679279076955566 0.659492066438489 0.6865305666052902 0.6552198709859383 0.691758384724859 0.6421784322360466 0.6961430063735294 0.6235156836801671 0.6807968306031827 0.6127227688526705 0.6711843908349436 0.6106990973225149 0.6644388190677583
29 0.5542367488583434 0.7823820569278565 0.5527952696240149 0.7846794144575674 0.5475699073995745 0.78684163330906 0.5437860244094623 0.784949691814004 0.5421643602708429 0.7810306701456737 0.5468491677824103 0.778327896581308
29 0.3816316272884462 0.7479925839382259 0.3870371744171777 0.7443438396263319 0.38469477066139407 0.7386680151411638 0.37748737448975206 0.7390734311758186
29 0.49662754550695637 0.7070811105988041 0.4920054076327321 0.7097477286031642 0.4864943970903877 0.7064144560977139 0.4863166225567637 0.7045478234946618 0.49058321136374 0.7026811908916097
13 0.5572804631016572 0.2712318780362312 0.554622573953485 0.2714810551438724 0.5493067956571408 0.26874010695981987 0.55130021251827 0.265251627452844
28 0.4146201905871636 0.35372470537923534 0.41353166936246494 0.351438810807368 0.4100484014434292 0.3470302998473385 0.4176680500163198 0.3462139089288145 0.42506999434427056 0.34898963805179606 0.4318188259374022 0.3516020889910728 0.4350843896114982 0.3524184799095968 0.4329073471621009 0.3558473217673976 0.4261585155689693 0.3551942090325783 0.4176680500163198 0.3561738781348071
28 0.45238942098475865 0.39284730999374257 0.45021237853536145 0.39627615185154336 0.4541310549442765 0.3980722118722961 0.46087988653740813 0.39676598640265764 0.46131529502728763 0.39431681364708576 0.45434875918921624 0.3871325735640746 0.4471645191062052 0.38664273901296026
28 0.438456349308616 0.43709569777774265 0.44346354694222984 0.428768510408798 0.4317075177154844 0.43056457042955076 0.4286596582863282 0.43285046500141794 0.4297481795110268 0.43823864506367627
28 0.44864092596484456 0.5265922868512362 0.4553705398543172 0.5198626729617635 0.4467715887733244 0.5176194683319394 0.43406009587098715 0.5184606700681235
28 0.36265141515491606 0.5263118862725082 0.3574172710186595 0.5209842752766757 0.3529308617590111 0.5117310561786508 0.3432103083631061 0.5198626729617635 0.3432103083631061 0.5232274799064999
28 0.3705026313593008 0.5355651053705331 0.3686332941677806 0.5310786961108847 0.37573677549555734 0.5293962926385165 0.3903176055894148 0.5296766932172445 0.3944301474107592 0.5366867076854452 0.3865789312063745 0.5386495117365414 0.3835879916999421 0.534443503055621
28 0.3364806944736334 0.5720171806051767 0.34208870604819397 0.5686523736604404 0.33162041777568096 0.5627639615071519 0.32451693644790425 0.5692131748178965
28 0.2385274256379757 0.5947296274821471 0.23441488381663128 0.6000572384779796 0.23516261869323937 0.6067868523674522 0.22992847455698281 0.6101516593121886 0.21983405372277384 0.6031416448439878 0.23105007687189494 0.5936080251672349
28 0.23852742563797574 0.5661287684518882 0.2486218464721847 0.5571559499325912 0.23964902795288778 0.5540715435665831 0.22506819785903034 0.5549127453027671 0.2243204629824223 0.5571559499325912
28 0.19777587486283565 0.5066838457615463 0.18992465865845085 0.514815462544659 0.17347449137307322 0.514535061965931 0.1731006239347692 0.5064034451828182 0.1802041052625459 0.503879839974266 0.1820734424540661 0.503879839974266
28 0.24899571391048872 0.49911303013588953 0.251986653416921 0.49490702145496906 0.2463786418423605 0.48649500409312824 0.23703195588475962 0.48985981103786463 0.24189223258271203 0.49995423187207355
28 0.4611581536481044 0.6196603691174463 0.4667942507454491 0.6118619011664289 0.45827177058099894 0.6076367732882906 0.4510493297636684 0.6104535252070495 0.453071613192521 0.6182537612897665
28 0.1982726836115335 0.4038628120681842 0.19025356597304882 0.40551675508112167 0.18885022038631397 0.39890098302937177 0.18724639685861708 0.39198449406617875 0.19065452185497306 0.39063126796468445 0.1948645586151775 0.3921348525219003 0.19185738950074577 0.39574345545921846 0.1948645586151775 0.39890098302937177
28 0.25941845560497906 0.38506800510298567 0.24999599237975964 0.38536872201442884 0.25280268355322927 0.3819104775328324 0.25159981590745656 0.3781515161397927 0.25159981590745656 0.37394147937958827 0.26062132325075177 0.3724378948223724 0.2614232350146003 0.37409183783530975 0.2590174997230549 0.3777004407726279 0.2570127203134337 0.3814594021656676
28 0.2902920585131451 0.3590559922631511 0.28127055116984984 0.3590559922631511 0.27305095559040304 0.36116101064325334 0.26864044088923644 0.35995814299748063 0.2788648158783044 0.35394380476861703 0.28949014674929663 0.35454523859150344
28 0.286683455575827 0.3728889701895371 0.2882872791035239 0.36973144261938384 0.30091738938413726 0.3671753488721168 0.3025212129118342 0.3695810841636622 0.30212025702990997 0.3712350271765997 0.2904925364541072 0.3737911209238666
