24 0.5364275997143173 0.295799451552549 0.5186296401133166 0.3224963909540501 0.46597734296035603 0.3402943505550508 0.41035871920722866 0.33195155699208173 0.3737571516210154 0.3003405682668873 0.3604086819202649 0.2664132077774797 0.34409388561934745 0.2497276206515415 0.33445332416880547 0.2341544060006659 0.32407118106822175 0.218025005112259 0.289216843516262 0.15795689145888148 0.2810594453658033 0.13793418690775566 0.281801027015845 0.11179343374378585 0.2951494967165955 0.08454030810475349 0.32332959941818 0.061180486128440015 0.39897092772243314 0.06562997602869021 0.5383882779302722 0.07341658335412803 0.5561862375312729 0.09177072919266002 0.5680515439319401 0.11568673740650476 0.5725010338321903 0.14071511809541204 0.5658267989818151 0.16894602754194962 0.5620530885350509 0.19144474873163975 0.5557376580256642 0.21956815021875234 0.5502116563299508 0.22756111695719483 0.5447058814346017 0.25755115046092575
20 0.5135637662422972 0.33887975279509325 0.521279278223402 0.3374330942986361 0.537192521684431 0.31934986309292135 0.5367103021856119 0.29909664414252085 0.5378861293313568 0.2941918625823706 0.5512974473608732 0.22741837167229373 0.5571831852330532 0.21908024302003853 0.5635049036883578 0.1881801191910928 0.6105908066657989 0.19619126240600465 0.6426353795254462 0.2007690585288114 0.6633444572238579 0.20714527455700654 0.679693729091025 0.2130310124291867 0.6857974572547673 0.2102516362117683 0.6899392727944496 0.20927067989973827 0.6942990786256942 0.21139608524247003 0.6951710397919433 0.22087866292542688 0.6964789815413164 0.24049778916602732 0.69778692329069 0.26191533531201616 0.6919011854185098 0.270416956682943 0.7025827097050589 0.29690277710775365 0.7206759039047238 0.3469315490212848 0.6829635834644584 0.34676805630261315 0.630863903781086 0.3430077237731648 0.572224515350847 0.34169978202379137 0.5268825347059036 0.34104581114910465 0.5201248356674746 0.3412093038677763
22 0.4443752041829596 0.7535374561318 0.4432449310086298 0.742093440241711 0.44720088711878403 0.7213246706634016 0.4528522529904329 0.6980127864428498 0.4601990286235764 0.6950458193602342 0.4828044921101719 0.6980127864428498 0.4912815409176453 0.6895357376353766 0.513321867817076 0.6912311473968713 0.5240594629732087 0.6954696718006077 0.5314062386063524 0.6925027047179922 0.5545768386801126 0.6946219669198606 0.557967658203102 0.7005559010850918 0.5681401167720701 0.7005559010850918 0.5743566192308839 0.7022513108465865 0.5811382582768625 0.6963173766813552 0.5913107168458304 0.6958935242409815 0.603178585176293 0.7043705730484549 0.6048739949377877 0.7128476218559281 0.6020483120019632 0.7153907364981701 0.6076996778736121 0.7183577035807859 0.6144813169195907 0.7314971292323694 0.6222153824685412 0.7370793938098046 0.6216502458813764 0.7514903767825093 0.6176942897712222 0.7663252121955874 0.6126080604867382 0.7671729170763348 0.6052612848535948 0.7909086537372602 0.5962190994589565 0.7900609488565127 0.5781347286696801 0.7998095549851071 0.5651365871648876 0.8040480793888437 0.553268718834425 0.7981141452236125 0.5351843480451486 0.7985379976639861 0.522751343127521 0.8053196367099648 0.5091880650355638 0.811253570875196 0.5001458796409255 0.8078627513522068 0.4888431478976278 0.8070150464714595 0.4769752795671652 0.8070150464714595 0.457760635603559 0.8057434891503383 0.44928358679608565 0.80362422694847 0.4521092697319101 0.7964187354621177 0.44532763068593134 0.793451768379502 0.4453276306859315 0.7828554573701604 0.45041385997041544 0.7794646378471711 0.44815331362175587 0.7705637365993241 0.44419735751160166 0.7625105402322244
29 0.1553402966939102 0.5060094942321219 0.14247326566918855 0.5123117135095367 0.13459549157242015 0.5044339394127684 0.13512067651220472 0.5010858854216418 0.12724290241543634 0.4949806104966463 0.13564586145198926 0.49360200002971183 0.1456243753078959 0.49084477909584295 0.1493006698863878 0.49242033391519663 0.15927918374229444 0.4912386678006813 0.16032955362186352 0.4930111669724543 0.15822881386272533 0.4971469983732576 0.1519265945853106 0.5014797741264803
29 0.17162102982723154 0.5410655889627414 0.171095844887447 0.5361419801522611 0.16243029338100176 0.5280672617030735 0.15744103645304847 0.520977265015982 0.15822881386272533 0.5136903239764713 0.16636918042938598 0.5042369950603491 0.18422546838206094 0.49852560884019215 0.1879017629605529 0.5016767184788995 0.19114304813170932 0.500015068315194 0.19899632083558 0.49927882399920614 0.20320343121265355 0.5016979124660235 0.2123188370296463 0.5030652233385724 0.216666184419289 0.5009616681500356 0.20783125262743452 0.4983322241643646 0.20783125262743452 0.49591313569754725 0.20138035004925497 0.4937044027495837 0.20095963901154767 0.4896024701319369 0.21259931105478458 0.4809778938589361 0.20783125262743452 0.4764552502035821 0.2088129117154183 0.46635818529860545 0.21063599287881687 0.4633080302752271 0.21437642780646424 0.46207602196425723 0.22463875146514062 0.46352823757633405 0.22928584142378652 0.46657789036169545 0.230447613913448 0.46933710002464146 0.23722462010313994 0.46512567474961863 0.2486487162514778 0.45307228516938075 0.26139881017383243 0.45454348658005295 0.2753400800497702 0.4543982650188452 0.2819234574911852 0.45585048063092204 0.2840533737222313 0.4606427921507757 0.2819234574911852 0.46717776240512143 0.27940628376358534 0.46848475645599064 0.2770827387842624 0.4734222895370519 0.27940628376358534 0.4760362776387902 0.2906367511636463 0.4744388404655057 0.30147996106715336 0.4753101698327518 0.2954774698705691 0.48199036164830533 0.29102400866020006 0.48474957131125135 0.2925730386464154 0.48983232595352033 0.3003181885774919 0.501450050850135 0.2999309310809381 0.5040640389518733 0.29392843988435374 0.5082754642268962 0.29315392489124614 0.5104537876450115 0.29760738610161513 0.5119060032570883 0.29760738610161513 0.5169887578993574 0.29392843988435374 0.525411608449403 0.29470295487746145 0.5306395846528796 0.29276666739469226 0.5344153452442795 0.28579603245672347 0.5373197764684332 0.28444063121878504 0.5393528783253407 0.28773231993949255 0.5412407586210407 0.28947497867398475 0.5469043995081404 0.2854087749601696 0.5524228188340324 0.28502151746361576 0.5554724716193938 0.27843814002220074 0.5589577890883782 0.2706929900911242 0.5598291184556243 0.2633350976566015 0.5614265556289089 0.2590752651945094 0.563604879047024 0.2346780429116184 0.5637501006082318 0.22034951553912688 0.5654927593427239 0.2058273594183584 0.5678163043220469 0.1885944008217132 0.5670901965160086 0.17775119091820601 0.5647666515366856 0.17852570591131373 0.5617169987513242 0.18994980205965153 0.5567794656702629 0.1787193346595906 0.5541654775685246 0.17368498720439085 0.5426929742331176
29 0.2264236243069726 0.4539277121030851 0.2099954424130832 0.45453366963195807 0.20730229784031443 0.449887995243932 0.2210373351614351 0.44786813681435544 0.23234854236706387 0.4486760801861861
28 0.6335774911757648 0.509412355103339 0.6366524246735563 0.5144314044727806 0.6482529614890382 0.5155914581543288 0.6467062232469739 0.5242918607659401 0.6339456327499439 0.5219717534028439 0.6119046128005282 0.5199416594601345 0.6053309752717552 0.5121112971096842 0.6018508142271105 0.5008007737145893 0.6026241833481427 0.4976106260903318 0.5987573377429821 0.4851400490136888 0.585996747245952 0.48339996849136646 0.5887035391695644 0.47440955245936806 0.6072643980743355 0.462519002223499 0.6149980892846567 0.45497865329343584 0.6295082487611381 0.45075246928939533 0.6406422427671505 0.45386343820284 0.6340928345283198 0.4649974322088524 0.6275434262894888 0.4677809307103555 0.6343111481362808 0.47138310524171245 0.6349660889601638 0.4740028685372448 0.6327829528805535 0.479569865540251 0.6379123624621222 0.4841650040555686 0.6344193447347458 0.48858585461677945 0.6342010311267847 0.4926792347660487 0.6311446406153304 0.49464405723769794 0.6322362086551355 0.49906490779890883 0.6342010311267847 0.5028308175362365 0.6269966820640709 0.5079066089213303 0.6298347589675641 0.5079066089213303
28 0.6125550440546782 0.45310285839151976 0.6057323142742582 0.4589779868135481 0.6026999899274048 0.45765134491179976 0.598404197102696 0.45026005431634464 0.598656890798267 0.4241062568247346 0.592086854713418 0.42031585139116784 0.5890545303665647 0.42069489193452453 0.5834952690640003 0.42619097981319626 0.5812210258038603 0.41993681084781115 0.5867802871064247 0.41633592568592287 0.5946137916691292 0.4165254459576011 0.6031756567484522 0.4197045777554228 0.6122912724626323 0.408696313015841 0.6036391626322242 0.41205673067318704 0.5946780488793014 0.41460601303393235 0.5905064959253546 0.4137948777373315 0.5909700018091264 0.4103185836090425 0.5963775704531316 0.4056835247713239 0.6007036253683357 0.4005849600498334 0.6138362920752052 0.39815155416003106 0.621715892099327 0.39664516003777256 0.6371660882250557 0.3909672129615673 0.6433461666753473 0.39490701297362807 0.6380930999925994 0.3988468129856889 0.6382476019538568 0.40162784828832016 0.6422646529465461 0.40371362476529354 0.6422646529465461 0.40707404242263956 0.6399471235276869 0.40892806595772696 0.6380930999925994 0.41506951891770405 0.6401016254889441 0.418777565987879 0.6414921431402598 0.4213268483486243 0.6405651313727161 0.4257301542444571 0.6357755705737401 0.4315239777916054 0.6343850529224245 0.43824481310629737 0.6288229823171622 0.4413734778217574 0.6278959705496184 0.4465879190141909 0.621715892099327 0.4502959660843658
28 0.5620297302377901 0.5081417337134736 0.5571940159367907 0.5098966300323847 0.5522023108518881 0.5072057890100543 0.5525193565851604 0.4983905545707474 0.5536112920724828 0.48563830798666013 0.5590709695090952 0.48423439093153126 0.5695223520306101 0.48119257064541876 0.5752940110350286 0.4814265568212736 0.5746700478994159 0.4854043218108054 0.5715502322213517 0.4894990798882645 0.5654665916491267 0.49429579649328814 0.5623467759710624 0.5062290914618836
28 0.5491304674226409 0.516159286666226 0.5414807126737723 0.5104219706045745 0.5453055900482066 0.5022258048022152 0.5406610960935363 0.4960786804504458 0.5341041634516488 0.5079631208638667 0.531645313710941 0.5235358358883495 0.5387486574063192 0.5395183592029501 0.5461252066284424 0.5356251804468295 0.5447591789947159 0.5317320016907088 0.5387486574063192 0.5315270975456498 0.5390218629330644 0.516773999101403 0.5431199458342441 0.5196426571322287
28 0.5920237351216546 0.5501733747460172 0.5876524466937297 0.5456654835547196 0.5761778145704267 0.541772304798599 0.5707137040355205 0.5374693177523604 0.5698940874552846 0.5274290146444701 0.5797294864181157 0.529273151950001 0.5944825848623625 0.527633918789529 0.596668229076325 0.5329614265610627 0.6029519561914672 0.5300927685302369 0.6084160667263734 0.5305025768203548 0.6084160667263734 0.5368546053171833 0.608428708061807 0.543610696841482 0.6188105180781289 0.5495529170481925 0.6209961622920914 0.5548804248197261 0.6256406562467617 0.5528313833691363 0.634656438629357 0.5522166709339593 0.6387032435768814 0.5580224039847789 0.6431988923501726 0.5611533022376067 0.6345287125731108 0.5672946795796922 0.6309964171083821 0.5717501886317934 0.6215234429075183 0.5760852785203242 0.6041830833533948 0.5569386315126462 0.5919806081116041 0.5582632423119195 0.5894116659554377 0.5541689907505294
28 0.5545791717959114 0.5922803602270773 0.5490567441947266 0.5855897267871802 0.5431095144703737 0.5932361650042054 0.5375870868691888 0.5970593841127181 0.538649092177109 0.6023163103869229 0.5409855038545333 0.6045465215335553 0.5403483006697812 0.609166244623008 0.5454459261477981 0.609166244623008 0.5530923643648232 0.6050244239221193 0.5726332620305543 0.5984930912784103 0.5694472461067938 0.590209449876633 0.5671108344293695 0.5879792387300006
28 0.6215581578498385 0.6182934386355203 0.6198515938092463 0.6130315328436942 0.6200412120359786 0.6072007723716701 0.600131298229068 0.6054942083310778 0.5728366629588288 0.6056880207402312 0.5741639905459561 0.611092140202107 0.5794733008944657 0.6223270201360065 0.5866787935103 0.6243180115166976 0.6088641260380003 0.6275889259278329 0.5872476481904975 0.6345573957602516 0.5851618476964401 0.6362639598008439 0.5857307023766376 0.6392504468718806 0.5923673403122744 0.639819301552078 0.5980558871142488 0.6426635749530653 0.6035548156894909 0.6391082332018312 0.6081056531310705 0.637828310171387 0.6168280915607647 0.637828310171387 0.6282051851647136 0.6322819770394619 0.6261193846706562 0.6282999942780798 0.6321871679260957 0.6265934302374874 0.6321871679260957 0.6230380884862534 0.6179658009211595 0.6217581654558091 0.6166384733340321 0.6186294647147231
28 0.6241647667408242 0.617079559043412 0.6336405048017648 0.6123828888740762 0.6302621981887337 0.6083042016217584 0.6217752327950217 0.6125064854574798 0.622269619128636 0.615349206875762
28 0.5899548801472454 0.38961779880599556 0.5986306872082343 0.3802542753316354 0.5893200649964413 0.3745409389743989 0.5791630225835762 0.3835870548733568
28 0.6812649631075106 0.41035811066533917 0.6664772834438947 0.41371113105418234 0.6558163981050089 0.42015924718657294 0.6578797952673738 0.4266073633189636 0.6716357763498073 0.4302183083531023 0.6785137668910239 0.44079321881022293 0.6950209441899439 0.43563472590431046 0.6999362827088766 0.4359061419542127 0.7047311981015428 0.4312574130064447 0.7089413677146158 0.4301171587362375 0.7077718761554288 0.4273980908611279 0.7081227236231848 0.4232756331149943 0.7081227236231848 0.42231080257866493 0.7154905204460623 0.4159955481590557 0.7154905204460623 0.41380275148558027 0.7102278084297214 0.41082054800965373 0.7046142489456241 0.4109959717435318 0.7034447573864372 0.40766292079984917 0.6997023843970392 0.4082769038684223 0.6954922147839665 0.4040667342553494 0.6899956044557879 0.4014353782471789 0.6880074688051703 0.4027510562512642 0.6849667907512844 0.40862775133617824
28 0.7317247840907959 0.4500194832870589 0.7268686334132619 0.4459403167179305 0.7175448241123971 0.45089359040901494 0.7095807370012416 0.4536615962952093 0.6998684356461741 0.45642960218140355 0.6975374833209578 0.4514763284903191 0.6909331183995117 0.4497281142464068 0.6893791501827008 0.44477484055532235 0.6934583167518293 0.4388017752219558 0.7023424092738674 0.4362331211270807 0.7055103197596894 0.432612652000427 0.7121478464918877 0.43204695369938734 0.7168242857804821 0.43363090894229844 0.7170505651008979 0.4359502719765609 0.723763518273235 0.43940103161290267 0.7218024308296309 0.43012357947585256 0.7191156802815881 0.42433029560983265 0.717984283679509 0.4195218600509958 0.7245463839715687 0.41324260890945574 0.721529326366024 0.4107535363848813 0.7195682389224198 0.4051531232045889 0.7094610959438451 0.39994869883502426 0.7087822579825975 0.39853445308242513 0.7066703176587161 0.3950271236159794 0.7192665331618655 0.39004897856683063 0.7257696613724712 0.38724646136216484 0.7205022817668649 0.38574149576056305 0.7192481437655301 0.38235532315695897 0.7148586607608581 0.37915727125355514 0.716112798762193 0.37614734005035155 0.7110962467568536 0.373231469197248 0.7055780395509802 0.37511267619925026 0.6965482459413695 0.3721968053461468 0.6952941079400347 0.36843439134214223 0.7000598323451069 0.3667413050403402 0.7152349021612586 0.3664591239900399 0.7228851439694011 0.3680581499417418 0.7419480415896906 0.3725730467465472 0.7380602137855525 0.3780285470523538 0.7370569033844848 0.38179096105635824 0.7360535929834168 0.3834840473581603 0.7331690755803468 0.38386028875856076 0.7332944893804804 0.3854593147102626 0.7404430759880891 0.3850830733098622 0.7469645935950302 0.3875286424124652 0.7438292485916931 0.39448910831987355 0.7469645935950302 0.3928900823681716 0.7504761799987676 0.3941128669194731 0.7556181458042406 0.3930782030683719 0.7638954566130504 0.3947712893701739 0.7667799740161204 0.39251384096777125 0.7734269054231951 0.39778122057337756 0.7731760778229281 0.4005089707262808 0.7812025610314712 0.3976871602232774 0.7938693548449527 0.3916672978168701 0.8089190108609711 0.3831078059577598 0.8220874598749869 0.3755829779497508 0.8272294256804598 0.3779344867022536 0.8318697362853987 0.38254344385715927 0.8276056670808604 0.3860236768108633 0.8154405284679123 0.3947712893701739 0.8042787002560321 0.4018258156276823 0.7813279748316045 0.4127368162392954 0.7730506640227948 0.4179101354948016 0.7715456984211929 0.42082600634790507 0.7765622504265324 0.4229893944002077 0.7755589400254643 0.42637556700381185 0.7720473536217268 0.43032610170801655 0.7611363530101137 0.4397321367180279 0.7526082146010369 0.4445292145731336 0.7408193173884893 0.45186592188094243 0.7468391797948964 0.4574154825368491 0.7415718001892903 0.4743463455548694 0.7282779373751409 0.48074244936167704 0.710720005356453 0.47980184586067587 0.7053272119507134 0.47716815605787277 0.7077100741532495 0.4702076901504644 0.7118487295576545 0.4575095428869492 0.7221326611686003 0.452336223631443
28 0.7906453277531372 0.4353843348102357 0.7865729850915192 0.4311083750155367 0.7827042595629821 0.42225102972651757 0.7890163906884899 0.4176696442321973 0.8051021442018811 0.4068270318956394 0.8103961896619846 0.4031619235001832 0.8136540637912789 0.40453633914847925 0.815893852255169 0.41568437718465856 0.8081564011980946 0.42194560402689624
28 0.8434869977353013 0.4986208300990804 0.8504148878509495 0.4910631317911009 0.8420174452865277 0.48649702239669634 0.8329901945297742 0.48445014577161855 0.8266921126064578 0.48602466625244767 0.8262722404782366 0.48964606335835453 0.8262722404782366 0.4938972686565931 0.8323603863374426 0.4938972686565931 0.8359292994273217 0.49720376166633423
28 0.8464261026328491 0.501140062868407 0.8378187240043168 0.49988044648374363 0.8317305781451109 0.5030294874454018 0.8264821765423472 0.504446555878148 0.8245927519653523 0.5074381447917232 0.8269020486705684 0.5109020898495472 0.836769043683764 0.5127915144265421 0.8418075092224171 0.5138936787631225 0.846006230504628 0.5143660349073712 0.8554533533896024 0.5057061722628112
28 0.834879619106769 0.5146809390035371 0.8252225601576839 0.5118468021380447 0.8189244782343676 0.5118468021380447 0.8243828159012417 0.5205066647826047 0.8287914732475633 0.5206641168306876 0.842227381350638 0.5247578700808432 0.8418075092224171 0.5223960893595996 0.8349151339815273 0.5179004150273359
28 0.7177987464234714 0.5311753874700089 0.724082473381913 0.5279213145808158 0.724381698475172 0.5244428228716786 0.7353034143791303 0.5193933994229308 0.7345553516459823 0.5074992019658805 0.7237832482886539 0.5024497785171328 0.7182475840633599 0.5031230349769658 0.6973018275352212 0.5141195571542387 0.6964041522554437 0.5182713053232091 0.7053809050532175 0.5265748016611498 0.7157041707706573 0.5309509686500645
28 0.7686630850144636 0.5541781597217832 0.7731462990588834 0.5494402176066576 0.7823165096042879 0.5424097228551809 0.7810938148649007 0.5375189438976319 0.7772219481901743 0.5343093702067403 0.7698857797538508 0.5407285175885234 0.7641798709700436 0.545466459703649
28 0.6618217903103275 0.6257831610477401 0.6553593860102169 0.6318416650790938 0.6471636306253559 0.630430619491141 0.6404704261716703 0.630430619491141 0.639778025710944 0.6285265182241442 0.6478560310860821 0.6222949140776091 0.6330848212572581 0.6207370130409753 0.6280072178785998 0.6177943110828892 0.6333156214108334 0.6151978093551662 0.6418552270931224 0.611908907166717 0.6545492355397681 0.6136399083185324 0.645317229396753 0.6036001016380036 0.6510872332361375 0.6003111994495544 0.6478560310860821 0.5990994986432836 0.6448556290896021 0.5947719957637454 0.6409320264788207 0.595983696570016 0.6370084238680395 0.5949450958789269 0.6409320264788207 0.5802315860884966 0.6358544231001626 0.576769583784866 0.6344696221787103 0.574519282287506 0.6400088258645193 0.5712303800990569 0.6483176313932328 0.5658642765284294 0.6430092278609991 0.5551320693871744 0.6543184353861927 0.5532279681201775 0.6693204453685921 0.5478618645495501 0.6750904492079767 0.5494197655861839 0.6873228573474716 0.5579016712300789 0.6921696605725545 0.5604981729578019 0.699324465333391 0.5601519727274389 0.7297900856053406 0.5544396689264482 0.7244816820731071 0.5509776666228177 0.7295592854517653 0.548208064779913 0.7300208857589162 0.544226762130738 0.7362524899054513 0.544226762130738 0.7475616974306447 0.531244253492123 0.7531009011164538 0.5310711533769414 0.7540241017307552 0.5324559542983938 0.7440996951270142 0.5487273651254578 0.7454844960484663 0.5528817678898146 0.7445612954341649 0.563094674685525 0.7505620994271247 0.5701917794079678 0.751254499887851 0.5836935883921273 0.7415608934376849 0.5868093904653949 0.7330212877553961 0.6056773030201821 0.7147880756229413 0.6055042029050005 0.7168652770051199 0.6115627069363542 0.7074024707085294 0.6132937080881694 0.6940160618011575 0.6096586056693573 0.6914772601118283 0.6136399083185325 0.6822452539688133 0.6167557103918001 0.705325269326351 0.6229873145383352 0.7367140902126021 0.6292189186848705 0.7387912915947805 0.6328540211036826 0.7318672869875192 0.6357967230617686 0.7452536958948912 0.6357967230617686 0.749408098659248 0.6394318254805809 0.7311748865267931 0.6439324284753006 0.7244816820731071 0.6408166264020331 0.7134032747014891 0.6392587253653993 0.7062484699406524 0.6354505228314056 0.6984012647190896 0.6373546240984024
28 0.753728012134752 0.6210190626055987 0.7493405168406723 0.6256503076382385 0.7486905175378457 0.6269909312003183 0.7418655248581661 0.6285753045009582 0.7410530257296328 0.6315003013636781 0.7464155199779525 0.633084674664318 0.7568155088231785 0.6319878008407981 0.7681904966226444 0.6302815526708782 0.7664029985398713 0.6263815568539184 0.7612030041172582 0.6276003055467183 0.7564905091717654 0.6216284369519988
28 0.824622889487609 0.6204831154892214 0.8202546993990422 0.6172069729227962 0.8194356637574358 0.6145451070875757 0.8224387944433257 0.6118832412523553 0.8224387944433257 0.6073785452235207 0.8276260201734986 0.609221375417135 0.8251689132486798 0.6174117318331978
