32 0.3243324375040471 0.6767661981162 0.2941624670083978 0.68552232913046 0.265521214040973 0.6906368385889285 0.2218773999953732 0.6988200537224788 0.1755058475719235 0.7034231122351006 0.13118009893186125 0.700865857505866 0.09435563083088644 0.6896139366972349 0.06571437786346163 0.6732475064301352 0.04048279786834927 0.6522780176504134 0.025480236790174353 0.6277283722497634 0.02070669462893688 0.6006214721198794 0.026162171384636848 0.573514571989995 0.04252860165173675 0.5499878284810391 0.07526146218593659 0.5244152811886953 0.13186203352632375 0.5070259490299017 0.16527682865498608 0.506003047138208 0.1873456482093861 0.5094496433801345 0.20683402439500148 0.5133785960565329 0.23494227440626048 0.5212523766577833 0.26178876916072646 0.5327437537418765 0.28528134910593095 0.5500445912350446 0.31715628250613725 0.5706942790381637 0.329637088491088 0.5785047311048914 0.3416789715729615 0.5861559945015887 0.36731541954373986 0.6151262223322864 0.36157306094271763 0.6357417621288873 0.35805614324198354 0.6496313874375081 0.34339236313674165 0.6646026269212117 0.33238321607759125 0.6707359715677677
31 0.20450352432786573 0.4088776022649775 0.18819596591259052 0.40162979852485514 0.1860820231550549 0.39166406838218704 0.18970592502511605 0.38441626464206474 0.18034417852745807 0.3832837953076706 0.17823023576992242 0.3776214486357001 0.17339836660984087 0.37173260809685077 0.17974019488244788 0.3692411755611837 0.18789397409008546 0.37127962036309303 0.19453779418519754 0.37716846090194245 0.19091389231513642 0.365164285957365 0.18064617034996316 0.34817724594145333 0.19725572058774343 0.3443268502045133 0.20057763063529943 0.33753203419814864 0.19212185960515682 0.3302842304580264 0.19514177783020772 0.3277927979223593 0.22564295190322237 0.32077148804911587 0.24134652667348735 0.32031850031535825 0.24074254302847709 0.3178270677796913 0.23379673111086 0.31148523950708423 0.24164851849599248 0.3040109419000831 0.2513122568161555 0.3069553621695078 0.2645998970063797 0.30016054616314314 0.2703377416339765 0.3003870400300219 0.2715457089239969 0.3026519786988102 0.2878532673392721 0.3010665216306584 0.29751700565943506 0.30582289283511366 0.31080464584965933 0.31193822724084186 0.32016639234731725 0.309220300838296 0.33013212248998536 0.309220300838296 0.3349639916500669 0.3108057579064477 0.33586996711758227 0.32031850031535825 0.3343600080050567 0.3298312427242687 0.3434197626802096 0.3334551445943299 0.3506675664203319 0.33889099739942163 0.3512715500653421 0.3461388011395439 0.3524795173553625 0.3662967552917589 0.3503655745978268 0.37082663262933546 0.3503655745978268 0.378980411836973 0.34070183627766376 0.38441626464206474 0.33979586081014845 0.3893991297133988 0.347647648195281 0.39347601931721754 0.3425137872126943 0.39642043958664225 0.32560224515240904 0.39959135372294574 0.2917791610318383 0.4034417494598857 0.25161424863866055 0.4050272065280375 0.22292502550067653 0.4072921451968257
23 0.7938199788824738 0.641949136643769 0.79772918326851 0.6457187265874466 0.7963330388449257 0.653886171465415 0.7946576655366244 0.6631007246610716 0.7910554304028872 0.6802015631702907 0.7885423704404356 0.6875313213941083 0.7821201060919476 0.6994683562157546 0.7673209752019536 0.7093111744020242 0.7480541821564899 0.7170597759529173 0.7265535580332909 0.7195728359153689 0.7053321627948089 0.7172691976164546 0.6896953452506642 0.7116148127009382 0.6737792988218027 0.7019814161782062 0.6640062878567125 0.6883690080482588 0.6598178545859593 0.675175443245387 0.6631686012025617 0.6617724567789774 0.6748962143606702 0.647531783658417 0.6941630074061339 0.6378983871356851 0.7167805470682004 0.6332911105378568 0.7352096534595137 0.634338218855545 0.7670417463172368 0.6372701221450722 0.7879839126710019 0.6389454954533733
20 0.3970585649383977 0.7917010118534968 0.4127649705263729 0.786761093966956 0.43303130031730874 0.7825811634475757 0.4168182364845601 0.7544616308626522 0.3935119572249839 0.7172222498718075 0.3821008845910134 0.7031455903894923 0.3926412943386462 0.7046880893769507 0.42529085623984986 0.7079658997252998 0.43917334712697575 0.708158712098732 0.4476570915579971 0.7039168398832214 0.45922583396393546 0.7027599656426275 0.5072250837092505 0.6993304784389703 0.5488725563706284 0.6954742309703241 0.5506721385226633 0.6964382928374857 0.5522146375101217 0.6906539216345167 0.5964329418172636 0.6767714307473907 0.6041454367545558 0.6792779916020106 0.6059450189065907 0.6837126761909537 0.6059450189065907 0.6860264246721414 0.6159712623250706 0.6916179835016781 0.6157141791604941 0.7029939135341842 0.6128862643501537 0.7085854723637209 0.6195704266291402 0.7195757776493624 0.6252262562498212 0.7326870190427592 0.6283112542247381 0.747919196543911 0.6313962521996551 0.7619944998044695 0.6349954165037247 0.7751057411978661 0.637052081820336 0.7968935393957167 0.638851663972371 0.8044132219595764 0.6375662481494888 0.8107760302828426 0.6331958343516898 0.8117400921500042 0.6018316882733683 0.8092335312953842 0.5820362846009849 0.8086550941750875 0.573295457005387 0.8028707229721183 0.5617267145994488 0.8009425992377952 0.532162150673162 0.8080766570547905 0.49180009383466616 0.8142466530046242 0.46043594775634455 0.8184885252201348 0.43704137977989155 0.8213807108216196 0.4257297205385296 0.8130897787640304 0.41673180977835533 0.8115472797765719 0.40824806534733393 0.8071125951876289 0.394365574460208 0.7943869785410969
16 0.5908245374559783 0.2684766762229062 0.5849429074853348 0.2467588643493964 0.572307107923277 0.22062573343695846 0.5612029204293473 0.19391824799897242 0.553161957071674 0.18042091664859242 0.5428235756118086 0.17467737139311154 0.5298048730327186 0.1738158396047894 0.49840682563608996 0.1786978530719482 0.4712207114268139 0.1830055120135588 0.4453162088082829 0.1892498161680944 0.43497782734841733 0.19499336142357523 0.4338291182973212 0.19700360226299357 0.43497782734841733 0.20303432478124847 0.44646491785937903 0.2260085058031719 0.4598665234555011 0.25443905481780216 0.47901167430710395 0.2940695170806201 0.4859039286136809 0.2972284669711346 0.49317908593729 0.29607975792003843 0.5180976747055419 0.2921265347288301 0.5487000234069384 0.2871772627740431 0.5667035515559999 0.2837354118043695 0.5835627518301598 0.28071463286608306 0.5901593601766606 0.2758149781062288
14 0.5816563669882739 0.2371790367276568 0.5826694114590808 0.2297078337554562 0.5873969523228463 0.22666870034303563 0.5978650785211839 0.22717522257843906 0.6274122089197173 0.2285681587257985 0.6333216349994241 0.2346464255506396 0.6338281572348274 0.24287741187594541 0.6319709090383482 0.2559203594375838 0.6291006163710621 0.27301548488244953 0.626230323703776 0.28846441306225423 0.6248795977427001 0.29631550771100745 0.6177882864470521 0.3211350972457756 0.6078266824841179 0.3213883583634773 0.589085359774191 0.32012205277496875 0.5725389667510121 0.3177160721568024 0.5706817185545329 0.3099916080669001 0.5716947630253398 0.2951758326813497 0.573889692712088 0.2844122351790268 0.5850331818909634 0.28137310176660624 0.5912802894609391 0.27732092388337876 0.5924621746768804 0.268203523646117 0.5872281115777117 0.24920893981848832 0.5855397041263669 0.24452360914100654
26 0.44030223781614736 0.2159481556666009 0.43057674683532954 0.2152026731273794 0.42063697964570934 0.21837097391907082 0.41392763679271566 0.2256394286764806 0.4134306484332347 0.234212477877528 0.4156670960508992 0.25229042945364966 0.4192096812222317 0.2844015887130077 0.4229370939183392 0.3164573378995329 0.4251735415360038 0.31981200932602966 0.43163439020925687 0.3222348275784996 0.4443075933760226 0.32148934503927806 0.4731329182259212 0.3211166037696673 0.495248900222826 0.3201847505956404 0.5191043414779145 0.3199983799608351 0.5307835679257182 0.319998379960835 0.5394808642166359 0.3177619323431705 0.5466871954291106 0.3106798482205661 0.5466871954291106 0.30415687600237784 0.5446992419911866 0.28961996648755833 0.5002187838176362 0.2957701974361358 0.48589608365091386 0.2978114287186801 0.4780128395625043 0.2942278051102279 0.46679741461215474 0.2700084682858436 0.45089491267749016 0.2372933441220005
28 0.6268685051420163 0.578490609636491 0.6197140276376781 0.5848785359796502 0.6108561031084975 0.5841119848184712 0.6108561031084975 0.5767019902604065 0.6139223077532138 0.5736357856156902 0.6139223077532138 0.56801441043371 0.6203954064476151 0.567247859272531 0.6275498839519533 0.5685254445411628
28 0.7522422061704197 0.5792571607976701 0.7362298041369009 0.5738913026694165 0.7324822206822474 0.5705695809709738 0.7403180769965226 0.5705695809709738 0.7515608273604828 0.5733802685619638 0.7549677214101677 0.5749133708843219
28 0.7927842453616697 0.45737552617019395 0.79721320762626 0.46146379902981577 0.796531828816323 0.46325241840590026 0.7968725182212915 0.46861827653415405 0.7917621771467641 0.4701513788565122 0.7876739042871423 0.4678517253729749 0.7903994195268903 0.4647855207282585 0.7859704572623 0.4599306967074576
28 0.7978945864361969 0.4387227812481693 0.8002794122709763 0.4333569231199156 0.7863111466672684 0.42773554793793556 0.7825635632126151 0.43156830374383104 0.7859704572623 0.4369341618720847 0.7859704572623 0.4397448494630748
28 0.6101747242985605 0.3840421317507271 0.6057457620339701 0.38710833639544345 0.5999540421495059 0.38583075112681164 0.5955250798849155 0.3827645464820953 0.5955250798849155 0.3789317906761998 0.5989319739346004 0.3717773131718616 0.6088119666786865 0.3730548984404935
28 0.6309567780016382 0.4195590022186919 0.6190326488277411 0.4193034851649656 0.6105154137035289 0.4134265929292591 0.6139223077532138 0.41087142239199553 0.623120921687363 0.4106159053382691
28 0.5089899710229199 0.4246693432932192 0.5066051451881404 0.4285020990991147 0.5001320464937392 0.4272245138304829 0.49093343255959 0.41470417819789096 0.49570308422914894 0.41470417819789096
28 0.39631565881080905 0.3974624055087569 0.39081127466065896 0.38897647994394213 0.3880590825855838 0.3798025063603586 0.3895880781828478 0.37452747154979804 0.39815045352752576 0.3777383623040523 0.39815045352752576 0.38255469843543366 0.3990678508858841 0.38805908258558375 0.39845625264697854 0.3942515147545027
28 0.3758271178074724 0.555713449825573 0.36787634070170006 0.5550254018068043 0.36390095214881385 0.5492916683170644 0.3587023671181165 0.5476862229399374 0.3632893539099083 0.5453927295440414 0.3706285327767752 0.5463101269023998
