22 0.2469422474663462 0.41560302848369823 0.23730037830570086 0.4064593397968125 0.2255055568068385 0.39949054473202333 0.21119797365104598 0.39242363312849465 0.1940178621497548 0.38823509650796256 0.17738870332476778 0.384080570220385 0.17781056358952108 0.36340767652881767 0.18266324059662284 0.35246877308448965 0.19047251648377755 0.35561033902747974 0.19232176421662975 0.3517269187884901 0.19417101194948191 0.3456244012700778 0.18529462283179135 0.33868972227188204 0.1823358264592278 0.33286459191339757 0.18529462283179135 0.32676207439498517 0.1938011624029115 0.3264846872350574 0.20341725061374297 0.32703946155491315 0.2141428874642858 0.33120026895383053 0.21710168383684939 0.32925855883433575 0.21969063066284245 0.323988202795707 0.23485446207223057 0.31677613663758336 0.2448403998296325 0.3137248778783772 0.2441007007364916 0.3098414576393876 0.2492785943884778 0.30623542456032576 0.292181141790649 0.3148344265180885 0.2881127967783742 0.3198273953967895 0.29550978770978303 0.32010478255671726 0.29994798226862834 0.3242655899556348 0.31474196413144595 0.3250977514354183 0.33249474236682713 0.32703946155491315 0.333234441459968 0.3323098175935419 0.33249474236682713 0.33480630203289236 0.3458093260433631 0.3428505296707995 0.35579526380076504 0.3517269187884901 0.3539460160679128 0.3630997923455312 0.35135706924191973 0.36726059974444863 0.35727466198704677 0.3755822145422837 0.3517269187884902 0.37946563478127326 0.35246661788163103 0.3822395063805516 0.36097315745275127 0.38334905502026295 0.36319225473217387 0.3925028312978814 0.36097315745275127 0.4002696717758606 0.35727466198704677 0.40692696361412856 0.36060330790618084 0.4135842554523965 0.3535761665213424 0.424402354689582 0.34026158284480645 0.42689883912893245 0.32361835324913657 0.42995009788813854 0.31400226503830514 0.4274536134487881 0.30401632728090316 0.4291179364083551 0.28994208841224395 0.42874649882727733 0.2722032035147397 0.4258256670558538 0.2636663462195295 0.42735653676517865
19 0.2458677587323871 0.5606051134849147 0.23202387568497707 0.5570823396737433 0.21348296088933855 0.547255654832055 0.18713963333731115 0.5345345735582576 0.15895744284794064 0.5228537972370054 0.11965070348118705 0.5063523830688872 0.09913209110734712 0.493744561007853 0.0847937836653867 0.4811367389468188 0.07366923478800359 0.4672310528500899 0.06773614205339928 0.4503588203860589 0.06600565667247302 0.4333011787740714 0.07193874940707733 0.4173559920498224 0.08306329828446044 0.40586062487652647 0.09443505935911871 0.3971463949225764 0.10753730581470324 0.39158412048388486 0.11989791567846224 0.3876905283768008 0.13794440607955036 0.384909391157455 0.15475483549426258 0.38398234541767307 0.16835150634439747 0.3841677545656294 0.18615078454821046 0.38880298326453905 0.20716382131660072 0.3954777125909689 0.22323261413948747 0.4004837595857913 0.24127910454057555 0.4127207633509128 0.25907838274438855 0.4258848128558161 0.27934978292095325 0.44442572765145466 0.3060487002266727 0.46871432603374097 0.328545010178714 0.49133424208441995 0.33620858829424466 0.49837978970676255 0.34140004443702343 0.5061669739209307 0.34313052981794967 0.5137687489871424 0.34164725663429857 0.5282306625277405 0.333983678518768 0.5406530754408183 0.32137585645773387 0.5512213968743324 0.30209330507026977 0.5595648085323695 0.277619297540027 0.5619751274558026 0.2573478973634622 0.5614189000119334
29 0.421668258100242 0.7470343822550991 0.4181736035088876 0.7365691978349791 0.41156616982964755 0.7258321181062137 0.4141357273715743 0.7217024720566887 0.4089966122877208 0.7104147728546535 0.40826245299002745 0.7024307904922383 0.41046493088310754 0.7010542418090633 0.4115661698296475 0.6905924718169331 0.4218443999973544 0.690317162080298 0.4277176743789012 0.6905924718169331 0.4475399754166216 0.6837097284010579 0.4512107719050884 0.6826084894545178 0.45818528523317525 0.680406011561438 0.46846351540088216 0.6806813212980728 0.4739697101335822 0.6737985778821977 0.48277962170590244 0.6704948610425777 0.48938705538514266 0.6740738876188327 0.504804400636703 0.6823331797178828 0.5132472325601765 0.6779282239317227 0.5275633388651967 0.6779282239317229 0.5371074097352103 0.6817825602446128 0.5514235160402307 0.6850862770842329 0.5568598273004056 0.6904768194805952 0.5583281458957924 0.6965336336865653 0.5678722167658059 0.6957077044766602 0.572277172551966 0.7053435452588854 0.5645684999261859 0.7061694744687904 0.571175933605426 0.7111250497282205 0.5796187655288996 0.7185584126173657 0.5752138097427394 0.7254411560332409 0.5715430132542726 0.7314979702392111 0.5781504469335128 0.7403078818115313 0.5777833672846662 0.7441622181244213 0.5719100929031193 0.7507696518036614 0.5759479690404327 0.7604054925858867 0.5752138097427394 0.7689400944215719 0.5656697388727259 0.7752722183641769 0.5590623051934858 0.7810537228335122 0.5451132785373121 0.7884870857226574 0.5410754023999986 0.7865599175662122 0.5274934553926717 0.7854586786196723 0.509139472950338 0.7992241654514225 0.49996248172917107 0.8006007141345975 0.4962916852407043 0.7939932804553574 0.4805072603402973 0.7906895636157373 0.47867186209606394 0.7868352273028472 0.4841780568287641 0.7813290325701472 0.47243150806567047 0.7719685015245568 0.46582407438643036 0.7623326607423319 0.4529762866767967 0.7562758465363616 0.4489384105394832 0.7579277049561717 0.4452676140510165 0.7648104483720466 0.43168566704368955 0.7637092094255068 0.41773664038751596 0.7609561120591567 0.4192049589829026 0.7573770854829017 0.42764779090637617 0.7579277049561717 0.44012849896716305 0.7598548731126168 0.43498938388330965 0.7518708907502014 0.43574402974894083 0.7469281195957326 0.4289490727459561 0.7474616669290541
20 0.4775685730388183 0.311446782734589 0.45769794834961497 0.3109415973611347 0.4304179381830817 0.30791048512040875 0.42536608444853846 0.28745047749550867 0.41930385996708663 0.2672430625573359 0.41324163548563475 0.24804601836607168 0.4118944744897566 0.2402156450775297 0.41425200623254343 0.22910156686153463 0.4017907670206701 0.2243023058137186 0.4007803962737615 0.22253415700662849 0.4095369427469698 0.21520896909154077 0.41930385996708663 0.21520896909154077 0.4351330016686553 0.21520896909154077 0.44557349938671137 0.21344082028445066 0.4886826512548134 0.2010637786348198 0.5226984664007377 0.193485998033005 0.5476209448244842 0.19272821997282352 0.5870254039539212 0.18666599549137167 0.6190204776060283 0.18616081011791735 0.6257562825854193 0.19752748102063958 0.6324920875648102 0.21293563491099637 0.6358599900545057 0.22783860342789886 0.6196940581039674 0.2508245379200705 0.6297977655730538 0.27103195285824333 0.6412486340380184 0.2874504774955088 0.6530362927519525 0.30917344855404455 0.6567409854906177 0.3182667852762224 0.6217147995977846 0.3195297487098581 0.5732170037461698 0.31776159990276803 0.5115843881847427 0.3139727096018607
28 0.41730954836993206 0.5412046737552744 0.41192932222602996 0.5365858484257758 0.4088047953399947 0.5324264451897257 0.39668247970185627 0.5314859207005598 0.3979365123540775 0.5355615268202789 0.4033706538470361 0.5374425757986107
28 0.6695614619279812 0.5456418542504683 0.6624922245143117 0.5392795405781661 0.6543626014885922 0.5400748297872038 0.6381033554371531 0.5443163722354053 0.6381033554371531 0.547762625474569 0.6490606734283404 0.5514739751167457 0.6557764489713261 0.5509437823107202
28 0.7441620838780595 0.5291537194666994 0.7353741309688031 0.525345606539355 0.7351788431263752 0.5235880159575038 0.74318564466592 0.5224162889029362 0.7500207191508972 0.5199263689119803 0.7547076273691671 0.5194869712665174 0.7572463693207301 0.5218304253756525 0.7613474140117164 0.5234415500756828 0.7722835331876798 0.5269567312393854 0.7798997590423687 0.5294466512303413 0.7808761982545083 0.5304719124030879 0.7791186076726571 0.5320830371031182 0.7703306547634007 0.532668900630402 0.7648625951754191 0.5338406276849694 0.759980399114721 0.5314971735758345 0.7547076273691671 0.5295931171121623
28 0.8054462325055305 0.40057271404032996 0.8112611727619365 0.3967180832578935 0.8159788389474943 0.3937695418919199 0.8112611727619365 0.39152865045377994 0.8065435065763786 0.3879904008146115 0.8004105405351535 0.39259012534553045 0.7996242628375606 0.39589249167542095 0.8040274179440812 0.3994307413145892
28 0.8057412506078226 0.4261472973314902 0.810510302236604 0.42197437715630653 0.8087219078758112 0.4183975884347204 0.805145119154225 0.4172053255275251 0.8005747780099763 0.4183975884347204 0.798388962680118 0.4212292128393094 0.7977928312265204 0.42316664006350185 0.801568330432639 0.4225705086099042 0.8039528562470296 0.42495503442429483
28 0.7726922840548314 0.38921257352255023 0.7763099660211816 0.3835987271177703 0.7736476662158475 0.38171540508494994 0.7690424956940979 0.3841657412236711 0.7691410565395302 0.3888981261015095
28 0.7140888182000263 0.4684192323331895 0.7256364525008634 0.4580427024543713 0.7331533087910307 0.45142460072063684 0.7365304471242945 0.44987220648679793 0.7378377264791063 0.45207824039804273 0.7386003061027463 0.456000078462478 0.7409969849199013 0.4565720131802081 0.7435026036832906 0.46147431076075207 0.7430668438983532 0.4648242141074573 0.7413238047586045 0.46654001826064756 0.73489634793078 0.46874605217189247 0.724111293253583 0.4691545769702711 0.7151782176623697 0.46980821664767697
28 0.8253102387991821 0.49154506869657166 0.8156007065780152 0.49154506869657166 0.8215343096020616 0.4866903025859882 0.8242314018857191 0.4816332545541304 0.8253102387991821 0.4733396957818838 0.8280073310828395 0.474755669230804 0.8301650049097655 0.48082412686903325 0.832862097193423 0.4816332545541304 0.8334015156501544 0.48446520145197086 0.8323226787366914 0.493770169830589
28 0.44472670104926715 0.5074968776264396 0.4497218561001553 0.5103734074602259 0.45257297312141376 0.5133815816805495 0.460041339147976 0.5161781413791792 0.46261056698888686 0.5155358344189515 0.4596743065992744 0.5121407833434619 0.44719519994342116 0.504157825409203 0.4491527068698295 0.500212225510661 0.445971758114416 0.49819354649280245 0.437774697860081 0.49745948139539936 0.4309234236176518 0.4900270722841926 0.43457198038081174 0.48376757701552475 0.43168001723194055 0.48116507555950894 0.4247400133492312 0.48321968197215315 0.4174347461042741 0.47637099393000587 0.4187744448171669 0.46968302593046185 0.43119339913359406 0.46790236703950355 0.4350286644371966 0.47023092097383357 0.43904656142192294 0.4700939472129907 0.4430644584066494 0.46913513088709 0.4315586624958419 0.46036881019314146 0.43046287240909836 0.4557117023244813 0.44397761681226905 0.44776722419559045 0.4251665536565044 0.4416034049576579 0.4238881318886369 0.43639840204562597 0.43082813577134615 0.4269472125474627 0.421148656671778 0.4220161571571166 0.41621760128143204 0.4121540463764245 0.41110391420996206 0.40078522422646 0.41585233791918413 0.39982640790055934 0.4176786547304234 0.40105917174814587 0.41621760128143204 0.39421048370599865 0.40946022907984664 0.3858550842945789 0.40690338554411165 0.37928034377411746 0.4089123340364749 0.3732534982970278 0.4143912844701927 0.3742123146229284 0.42206181507739776 0.38188284523013344 0.42954971400347874 0.3940735099451556 0.43119339913359406 0.3965390376403286 0.433932874350453 0.3959911425969569 0.4342981377127009 0.3916079822499826 0.43557655948056834 0.388046664468066 0.4392291931030469 0.3828416615560341 0.4637018383736533 0.3788694224915886 0.46662394527163614 0.38078705514338984 0.4679023670395036 0.3933886411409409 0.47027657889411467 0.3933886411409409 0.46680657695276007 0.37530810470967196 0.466598788334043 0.3669646683583786 0.46745955826903796 0.3599094290697593 0.47659187165675754 0.3601921909801041 0.4805893803659009 0.36069187956874704 0.48410176768847896 0.36096971772901737 0.48636355961244127 0.3591095323713778 0.4838901556981604 0.356979492620913 0.48112686088674633 0.35836114002661984 0.4770586768588314 0.35830357138471547 0.47267692913020115 0.3551985205505044 0.4721396218057595 0.3526655003067081 0.46853198691308007 0.350765735123861 0.46768764683181474 0.34742675389340244 0.47206286361655353 0.34305153710866365 0.47605428945526257 0.3416698897029567 0.47828027694223496 0.34213043883819233 0.4830392846730035 0.3443180472305617 0.48564906310600553 0.3443180472305617 0.4901777962691563 0.347369185251498 0.49670224235166144 0.3506505978400521 0.5036104793801964 0.34961436228577186 0.5099814090842898 0.3523776570971859 0.5172734370588545 0.35358659857717945 0.5251027723578607 0.3554863637600266 0.5412171059046413 0.35434353829800985 0.5508537916209415 0.35639458964978993 0.5567139383403132 0.35952000123345484 0.5580161931668403 0.3609850379132978 0.5610113792678525 0.35873864833753866 0.5737734765678175 0.35922699389748625 0.5783313684606622 0.3588363174495281 0.5776802410473987 0.3551248911939261 0.5861448974198246 0.3544412074099993 0.5944793283095976 0.35590624408984234 0.5983860927891788 0.3561992514258108 0.600079024063664 0.3542458691860202 0.6039857885432451 0.35532022941790514 0.6047671414391613 0.3570782734337167 0.6108877391238384 0.35815263366560146 0.6179199151870844 0.35854331011355955 0.6183105916350427 0.35307383984214596 0.6304215615217441 0.3571759425457061 0.6448765900961946 0.35942233212146535 0.6480020016798593 0.35942233212146524 0.6517785406767878 0.3628407510410988 0.6545132758124946 0.35502722208193654 0.6709216866267355 0.3555155676418842 0.6832931074787423 0.35864097922554905 0.6955343028480967 0.35971533945743395 0.7039989592205224 0.365087140616858 0.7058221159776602 0.36616150084874277 0.7042594101858277 0.36840789042450195 0.7085568511133671 0.37114262556020866 0.7102497823878522 0.37329134602397845 0.7062127924256183 0.3771981105035595 0.7093382040092833 0.38032352208722453 0.707645272734798 0.382276904327015 0.7066034688735763 0.3890160730542924 0.705431439529702 0.39302050664586313 0.7053012140470493 0.39487621977366416 0.7034780572899115 0.39829463869329773 0.7059523414603128 0.3989783224772244 0.7085568511133673 0.3989783224772243 0.7099893314225468 0.39614591822952794 0.7155890271766131 0.3919461464139784 0.719626017138847 0.39223915374994706 0.7224909777572064 0.3884300583823553 0.7192353406908887 0.38413261745481597 0.7210584974480266 0.38247224255099405 0.7241839090316915 0.38188622787905685 0.7271790951327038 0.38520697768670087 0.7374669082622674 0.37963983830329767 0.7439781823949028 0.375635404711727 0.7374669082622674 0.3701659344403135 0.7415038982245014 0.36606383173675316 0.7499685545969272 0.36303608926507785 0.7563496032469098 0.36655217729670087 0.7610377206224073 0.37065428000026107 0.7596052403132273 0.3722169857920935 0.761558622553018 0.37368202247193644 0.7611679461050599 0.37837013984743384 0.7620795244836287 0.3844256247907845 0.7662467399285152 0.38911374216628203 0.7657258379979045 0.3923368228619364 0.7679396712030006 0.4006386973810464 0.7695023769948329 0.40630350587643904 0.7589541128999638 0.4092335792361249 0.7485360742877475 0.41196831437183173 0.74528043722143 0.40952658657209345 0.7407225453285853 0.40708485877235523 0.7394202905020582 0.4118706452598421 0.7448897607734718 0.41860981398711966 0.7507499074928434 0.4208562035628788 0.7560891522816042 0.4225165784667009 0.7554380248683408 0.41860981398711966 0.7603865932091436 0.41431237305958035 0.7689814750642221 0.4148983877315176 0.7745811708182885 0.4192934977710464 0.7787483862631751 0.423102593138638 0.7855201113611155 0.4276930414021458 0.7916407090457929 0.43023243831387353 0.7952870225600686 0.4344322101294233 0.7990635615569969 0.4409760406327217 0.8010169437967875 0.44585949623219817 0.79776130673047 0.44781287847198875 0.7874734936009062 0.4439061139924076 0.776013651127468 0.4372646143771196 0.7622097499662814 0.431795144105706 0.7553077993856882 0.4379482981610463 0.7520521623193708 0.4386319819449731 0.7428061530510286 0.4343345410174338 0.7472338194612205 0.4399993495128265 0.7555682503509935 0.4520126502875385 0.7567402796948679 0.45289167229544425 0.7612981715877125 0.4510359591676432 0.767288543789737 0.45113362827963277 0.768200122168306 0.45582174565513006 0.7688512495815695 0.4663700097499992 0.7682001221683059 0.47877398697266926 0.7679396712030006 0.4889315746195802 0.7629911028621977 0.4928383390991614 0.7549171229377302 0.4915686406432976 0.7481453978397893 0.48795488349968497 0.7502290055622326 0.4823877441162818 0.7478849468744839 0.47867631786067977 0.7407225453285853 0.47838331052471117 0.7379878101928783 0.47662526650889964 0.7322578889561594 0.47594158272497294 0.733690369265339 0.4729138402532975 0.7402016433979743 0.470960458013507 0.7480151723571367 0.4729138402532975 0.7486662997704001 0.4614865541505227 0.7480151723571367 0.4582634734548683 0.7441084078775555 0.45533340009518236 0.7426759275683757 0.448594231367905 0.7340810457132974 0.4417573935286379 0.7291324773724945 0.4379482981610463 0.729783604785758 0.44214806997659606 0.7304347321990214 0.44654318001612486 0.7273093206153566 0.44839889314392584 0.7232723306531227 0.44839889314392584 0.7222305267919011 0.45797046611889974 0.721449173895985 0.4595331719107321 0.7192353406908889 0.46080287036659606 0.7017851260154263 0.46597933330204105 0.7026967043939953 0.4699837668936118 0.7075150472521456 0.47320684758926623 0.7082964001480616 0.47887165608465876 0.6969667831572762 0.48316909701219807 0.6903252835419883 0.4836574425721457 0.6964458812266655 0.4871735306037688 0.7082964001480616 0.4903966112994232 0.7081661746654091 0.48785721438769547 0.70725459628684 0.48238774411628194 0.7112915862490737 0.48131338388439704 0.714677448798044 0.47779729585277403 0.7175424094164036 0.4775042885168055 0.7206678210000687 0.4809227074364389 0.7249652619276078 0.48443879546806196 0.7284813499592309 0.49127563330732893 0.7300440557510632 0.4970381109147111 0.7360344279530877 0.49811247114659596 0.7426759275683756 0.49762412558664837 0.7446293098081663 0.5000658533863865 0.7458013391520406 0.5043632943139258 0.7428061530510284 0.5095397572493708 0.7274395460980092 0.5181346391044493 0.7158494781419187 0.5195996757842922 0.6954040773654439 0.5165719333126169 0.683944234892006 0.5088560734654441 0.675088902071622 0.500163522498376 0.6696194318002084 0.49508472867492054 0.6667544711818487 0.4944010448909939 0.6679265005257231 0.5005541989463342 0.6586804912573812 0.5046563016498944 0.6562062070869797 0.5057306618817792 0.6539923738818837 0.5077817132335594 0.6444859136482363 0.5077817132335594 0.6384955414462118 0.5106141174812556 0.6292495321778697 0.5105164483692661 0.6276868263860373 0.5105164483692661 0.6192221700136115 0.5106141174812556 0.6262543460768576 0.5139348672888996 0.6348492279319361 0.5130558452809939 0.6386257669288645 0.5153022348567531 0.6297704341084805 0.5215530580240828 0.6147945036034196 0.5274132047434545 0.6071112001269099 0.5261435062875907 0.5999487985810112 0.5246784696077477 0.5955211321708193 0.5295619252072241 0.5963024850667354 0.5330780132388472 0.5950002302402083 0.5387428217342399 0.5771593391167879 0.5384498143982713 0.5726014472239432 0.5363987630464913 0.5659599476086553 0.5309292927750776 0.5591882225107145 0.5270225282954965 0.5495515367944144 0.5207717051281666 0.5399148510781142 0.5156929113047112 0.5301479398791614 0.513446521728952 0.5242877931597897 0.5189159920003655 0.5160835877526694 0.5258504989516221 0.5093118626547287 0.5293665869832451 0.5108745684465612 0.5318083147829834 0.5134790780996152 0.5341523734707321 0.5081398333108543 0.5380591379503131 0.49186164797926624 0.5313199692230357 0.49537773601088925 0.5362034248225122 0.4884757854302958 0.5386451526222504 0.4727185020293184 0.5423565788778525 0.45891460086813185 0.5412822186459677 0.4677699336885158 0.5359104174865436 0.45136152287427495 0.5288782414232975 0.4419852881232802 0.5250691460557059 0.4387296510569626 0.5185253155524074 0.4371669452651301 0.5119814850491091 0.43820874912635177 0.508074720569528
