32 0.4120924789804365 0.12379738029733799 0.5131645633021302 0.12153897551892558 0.5932428746576797 0.12011746703332411 0.6712894624688479 0.11886827115148912 0.683041995274084 0.13541887833977725 0.6896830208934983 0.1543976415574334 0.6888483095510584 0.18192758175366724 0.679196305213691 0.2103120945089514 0.6548122942561314 0.2564131152255875 0.647192290831894 0.26498561907785456 0.637794286608668 0.28498812806647766 0.6283962823854419 0.3074671381679779 0.6187442780480745 0.32880314775584263 0.5844542626390065 0.3575686606823386 0.5300982382127798 0.36423616367854633 0.47574221378655324 0.34766265623083004 0.45008820225828733 0.3089911388528254 0.43738819655122513 0.26974812121800296 0.42113218924618545 0.2364106062369644 0.4089401837674056 0.1996440897150191 0.39725617851690825 0.16973557627488742 0.3995421795441796 0.14497056514611598
23 0.6670634625682628 0.2909978668991253 0.6551294011561278 0.3304970158121156 0.6556482733914379 0.3421716411065955 0.660577559626885 0.35384626640107525 0.6711178098029297 0.36335638606294685 0.7099992628451086 0.3629979685114776 0.7297545711872852 0.3646172530801371 0.7481118694990705 0.36593097737391905 0.7711390179286478 0.36692538889185544 0.776751736259395 0.3636645779230483 0.7860914364949788 0.3516007984520858 0.7871291809655994 0.33700751683398594 0.7811621502595316 0.322414235215886 0.7692280888473968 0.31035045574492354 0.7572940274352618 0.3039294118329596 0.7399118075523693 0.29731379083275433 0.7178597375516851 0.2934222490679277 0.6934727424921051 0.28933613021485977 0.678684883785764 0.2870012051559638 0.6714206724914207 0.28855782186189444
16 0.5254885400351511 0.7897713256221204 0.4960857980422929 0.7118198701061709 0.49711147508855547 0.704127292259202 0.5049749991099012 0.6977168107200614 0.5446345115653843 0.6936141025350117 0.6037665335370052 0.6842735319507405 0.6101644752124926 0.6861404790238599 0.6127920303524385 0.6889408996335392 0.6118239837219321 0.6936082673163375 0.6206561825303635 0.7176337110507326 0.6223156910398029 0.7185671845872925 0.6293686022049207 0.7378589710095261 0.6423680855288633 0.7738495618079948 0.6416766236499301 0.7802801572820727 0.6308898183385735 0.7880591034200704 0.6119437628558062 0.7905483661842294 0.5931359997488255 0.7932450675120686 0.5682433721072334 0.7966678038127875 0.5421061130835617 0.8006091365227063 0.532840523905858 0.7979124351948671 0.5270322441228198 0.7941785410486284
31 0.15074111412078733 0.42354168949085746 0.14739956232993245 0.4062770052381072 0.1455431446683464 0.3940246486716392 0.14925597999151852 0.3876200077391674 0.1563103671055455 0.37703842706812685 0.1540826659116422 0.3723045620310824 0.1529688153146906 0.3555968030768079 0.15816678476713156 0.3489136994950982 0.16856272367201344 0.34445829710729164 0.174874543721406 0.3369398055778682 0.19789412272507304 0.3361044176301544 0.19975054038665907 0.32691515020530354 0.21942856759947124 0.32329513576521074 0.2305670735689875 0.3263582249068277 0.24356199720008992 0.33749673087634396 0.25581435376655787 0.3333197911377754 0.29034372227205835 0.3452936850550054 0.31521971893731143 0.3480783115473845 0.3293284931653655 0.35671065367375965 0.33489774615012363 0.3725830246803204 0.33081362729463426 0.3904046342315465 0.3282146425684139 0.4023785281487765 0.3241305237129245 0.4168585859091477 0.3155910024696287 0.4335663448634221 0.3115068836141393 0.4424771496390353 0.28811602107815515 0.4424771496390353 0.261383606751316 0.44386946288522466 0.26064103968668156 0.4357940460573254 0.2409630124738694 0.4366294340050391 0.22759680531044985 0.43857867254970434 0.19975054038665907 0.4327309569157084 0.18081508023848136 0.43078171837104307 0.1637360377518897 0.4293894051248535 0.1611370530256692 0.42576939068476066
14 0.38203919254468965 0.7649645173932315 0.40169015503992206 0.7494223925106387 0.40669221822052665 0.7285209142202552 0.4366086576213445 0.7181533566439462 0.44347751086811676 0.7184926373567722 0.4649849584580323 0.7151983628139504 0.47619306494855157 0.71792465898732 0.48119127459972916 0.7182654460089914 0.5007297305088777 0.7287162480069079 0.5040618702763294 0.7416661548304134 0.5066367055511785 0.7545024659800285 0.5101203062171508 0.7655212463473973 0.5146641331727666 0.7788119401925738 0.5119649993860536 0.7829113488006344 0.5084756349872978 0.7843156835612843 0.4897541254718313 0.7862979610393928 0.46825799093978787 0.7881204873378626 0.44469091425561225 0.7919198525042366 0.42971370664323905 0.7934065606128177 0.42068333146519044 0.7922502320839213 0.4145162459777426 0.774244544991105 0.40923017270278733 0.7570648068475001 0.4030630872153395 0.7590470843256085 0.3995390383653693 0.7623508801224556 0.3896276509748282 0.7711059389841002 0.38147828800927214 0.7687932819263071
20 0.18185834126026953 0.6494970127529995 0.1825948767064987 0.6434205953216089 0.18296314442961328 0.6296105557048116 0.18664582166075921 0.6260199454044444 0.18664582166075921 0.6166291184650222 0.1825948767064987 0.6135909097493268 0.1818583412602695 0.6091716970719517 0.19437944384616568 0.6053048859792485 0.24262251557417738 0.6050286851869124 0.24446385418975036 0.6116575042029753 0.24777826369778175 0.6149719137110066 0.2514609409289276 0.6149719137110066 0.26066763400679255 0.6221531343117411 0.2698156918788134 0.6249415642937444 0.2709791302540011 0.6307153588741554 0.2897607841328454 0.6448015992832886 0.31038377662726263 0.6522590206763591 0.31965638366346705 0.6617770984369244 0.33144095080313396 0.6656439095296275 0.3321774862493632 0.6686821182453229 0.3321774862493632 0.6714441261686823 0.3505908724050929 0.6797301499387607 0.3535370141900096 0.6869113705394951 0.3675311876683642 0.6916067840092065 0.3708455971763955 0.6957497958942455 0.3944147314557295 0.688016173708839 0.4128281176114591 0.6791777483540887 0.4257174879204699 0.6703393229993385 0.43345111010587645 0.6628819016062679 0.45517890576963743 0.6407858382193923 0.4562837089389811 0.6471384564431192 0.4529692994309498 0.6518338699128303 0.4533375671540644 0.6772443428077373 0.4526010317078353 0.7150838513577618 0.44418307017587433 0.7180873838004262 0.4362482537777286 0.7174007169967406 0.4136645455676213 0.7253546074727665 0.39972149213579267 0.719365222908822 0.39616248051966985 0.718030593552776 0.37947961356909415 0.7198657089173394 0.34633631789395053 0.7206998522648681 0.32142323658109084 0.722868624968443 0.31163595463675314 0.7227017962989373 0.2903674381038654 0.723651436417662 0.2566594915473177 0.7273729990450982 0.21935831210910753 0.7301962534521187 0.18358312862406623 0.7326981347284047
26 0.17332605732096876 0.5467615438073261 0.17592860994739684 0.5055938931710998 0.17687499272064344 0.48980113064254743 0.1813703108935647 0.48376794046310045 0.19154392570596546 0.47897687767353964 0.2187524304368047 0.47986411152345826 0.2637056121660174 0.4818160259932794 0.29503482955962207 0.4831875546657081 0.32342631275701955 0.4844296820555944 0.33076077924968045 0.486559043295399 0.33738545866240666 0.4906403190050249 0.33927822420889975 0.49702840272443927 0.33927822420889975 0.5106918040131869 0.3380952457423415 0.5289688213215116 0.32531907830351264 0.5330500970311374 0.31112333670481396 0.5410352016804054 0.2966909994128035 0.550084986949576 0.2869905759870261 0.5548760497391367 0.2782365353344952 0.5635709414683397 0.2380152674715155 0.5623288140784537 0.20631144456775494 0.5607317931486 0.18809357618275827 0.5596671125286975 0.17862974845029242 0.5562956238990067 0.17449000813180082 0.5514085709927946
15 0.5991795184873627 0.6596947744972972 0.5993013033913764 0.6450593511276517 0.6076118955330333 0.6431638320045223 0.6167721097676919 0.6381829655144267 0.6190621633263566 0.6345761311595299 0.6206652008174218 0.6306257887708334 0.6341765168135431 0.6311410508215329 0.6534129667063262 0.6311410508215329 0.657764068467789 0.6347478851764298 0.6653212452113823 0.6352631472271293 0.6694433416169787 0.641274537818624 0.6726494165991092 0.6440226020890215 0.6838706790365658 0.6423050619200231 0.6886797915097616 0.6512362707988152 0.6921148718477584 0.6572476613903099 0.6916568611360256 0.6627437899311048 0.679519577275103 0.6697857046239988 0.6574456377244092 0.6686107983106622 0.6609701434499194 0.6620567738635056 0.6689853309052457 0.6603392336945071 0.6749394701577738 0.6519232868664147 0.6712753844639103 0.6483164525115177 0.6650922398555159 0.653640827035413 0.66028312738232 0.659308709593108 0.6607412246163284 0.6619432590987931 0.6572882764950465 0.6686110798144572 0.6502160602625221 0.6686027462911638 0.6493040467694005 0.665410699065238 0.6429199523175487 0.6638146754522751 0.6392718983450618 0.6665507159316401 0.6336478151374781 0.6644986855721161 0.6274652832677189 0.664401829739147 0.6213851933135742 0.6650858398589883 0.6154571056082834 0.662235797692983 0.6151531011105762 0.6582457386605757 0.609681020151846 0.6561937083010518 0.6042089391931159 0.6617797909464221
15 0.7228169965772667 0.6508392584326175 0.7261114114487246 0.6428091221834387 0.7234346993656651 0.6256678698053842 0.7166399686932831 0.6137770911287158 0.7135514547512913 0.6034305694230433 0.7090216343030366 0.6009597582694498 0.726418479156472 0.5860455204929444 0.7395961386423038 0.5843468378248489 0.7494793832566774 0.5889796087378367 0.750508887904008 0.5951566366218203 0.7412433460780327 0.5987084276551109 0.7395961386423038 0.6027234957797002 0.7445377609494905 0.6050398812361941 0.760803934377314 0.5976274477754138 0.7708930799211541 0.5912959941943304 0.7776878105935359 0.588053054555239 0.8133086713911747 0.5956199137131191 0.8320456559725916 0.6141509973650698 0.8081611481545217 0.6302112698634272 0.7968365970338851 0.6314466754402239 0.7867474514900453 0.6316011011373236 0.7855120459132485 0.6336086351996182 0.7861297487016469 0.6465803937559838 0.7638924483193059 0.6561547869761583 0.7556564111406608 0.6567724897645567 0.7381548321360407 0.6552282327935608
15 0.685403390662369 0.5357061383049051 0.6962410592975745 0.5127871341419296 0.7378498006886606 0.510480842723018 0.7493981361196169 0.5187423442236254 0.7550834704856267 0.5238058451433526 0.7577484709696933 0.5310013464503331 0.74513413534511 0.5525878503712752 0.708001795267111 0.5576513512910024 0.6991184603202213 0.5544533507101221 0.6973417933308432 0.5491233497419883 0.6936107926531495 0.5475243494515482 0.6875701248892647 0.5440598488222612
12 0.5789335459414934 0.6445811516841262 0.5669002573808422 0.6324876966806717 0.5575142923035341 0.6247262255590517 0.5512569822519955 0.6126327705555972 0.5514976480232086 0.6027053074930598 0.5522196453368475 0.5942218390578007 0.5589582869308123 0.5842943759952635 0.5669002573808422 0.5731034176338577 0.5754417561721779 0.5642407938046017 0.5853973443766172 0.5575633866968037 0.5909782269646874 0.563669390605198 0.5977204287031965 0.5622937507531757 0.6105369490636535 0.567954380579044 0.5976547860050124 0.5665227345717582 0.5971579911111011 0.5693325351776254 0.6025622252838135 0.5755374884589812 0.6039862831016422 0.5773531621767125 0.6096825143729564 0.5774599665130496 0.6146667167353562 0.5785280098764212 0.620790165352019 0.5833342050115925 0.6220718173880647 0.5854702917383353 0.6240654983330247 0.5878199871377525 0.6385908880748761 0.5946554646633293 0.6412532353681974 0.602483261277815 0.6382627139507575 0.6082506954400206 0.6391171486414547 0.6113480211937977 0.6421076700588947 0.6125228688935063 0.6618884519138959 0.633542344463262 0.657352263595693 0.6336650193084543 0.6536675183548311 0.6308938616798828 0.6205104703223395 0.6303329341755739 0.6166712331817353 0.6379241530672232 0.6074969522223692 0.642822919938189 0.5989708541568715 0.6447300734528397 0.5949820363484515 0.6462258801309972 0.5887495085227952 0.6472729448057076 0.5860570565021116 0.6466746221344447
27 0.6017869606504151 0.6689034041491715 0.6010447603692028 0.6643945374408069 0.6064628224220525 0.6630029119135338 0.6057206221408402 0.6606649810277152 0.6097285036593866 0.6567127645302598 0.6146270255153876 0.6584383801840784 0.6148496855997514 0.6624462617026247 0.6213068280462981 0.6654521728415344 0.6285803908021785 0.6648398576095343 0.6338500127987857 0.6648398576095343 0.6393007238877676 0.6666903199062084 0.6429720521325983 0.663978498083814 0.6492293906810036 0.6655107526881721 0.6500537634408603 0.6686827956989247 0.649435065885033 0.6699156321514779 0.6422248085101937 0.6698764459700929 0.6330919464560019 0.6703971911345183 0.630270541396282 0.6699269569578984 0.6211793473149628 0.6679676478886484 0.6164247573069167 0.6705147496786732 0.6093189964157706 0.6684378820652683
27 0.6610170030403687 0.661846169682527 0.6605982159648256 0.6593334472292692 0.665246752503353 0.6536798217094387 0.6712735555848546 0.6485128497335979 0.674718017330445 0.6519139459536143 0.668894646753368 0.660221541638572
27 0.7691511799059845 0.4172445229842069 0.7875075762128144 0.4192891710876904 0.7907790131783881 0.422287988306133 0.7789654908027053 0.42842193261658357 0.7864170972242899 0.43033027084650155 0.7938687036458744 0.43510111642129645 0.7953226756305738 0.4405535113639193 0.7931417176535246 0.44300708908809944 0.794595689638224 0.4447791174444519 0.8007750705731965 0.4505041321342058 0.8080449304966936 0.4495499630192468 0.8109528744660923 0.44791424453645995 0.8147695509259283 0.44791424453645995 0.814224311431666 0.4505041321342058 0.8153147904201906 0.45323032960551723 0.8134973254393162 0.4571833159389186 0.8096806489794801 0.46386249974363153 0.8147695509259283 0.4657708379735494 0.8149512974240158 0.46890596506555754 0.8104076349718299 0.4712232329161722 0.8124068464507918 0.4750399093760082 0.8064092120139067 0.4764030081116639 0.8026737525494066 0.476819923728705 0.7949591826343989 0.48212802280141775 0.7965949011171857 0.4868988683762127 0.8062274655158193 0.48594469926125383 0.8035012680445078 0.49126078433031095 0.8040465075387702 0.4954863904108436 0.8013203100674587 0.4998483063649418 0.7995028450865845 0.5065274901696547 0.7949591826343989 0.5028471235833843 0.7940504501439617 0.5051643914339989 0.8005933240751091 0.5081632086524415 0.803137775048333 0.5108894061237529 0.8053187330253821 0.5093899975145316 0.8118616069565294 0.5108894061237529 0.8016838030636336 0.5272465909516212 0.7967766476152731 0.5275192106987523 0.7925455309109659 0.5271000155070239 0.791118428400909 0.5300051884739253 0.7972345820154385 0.5301580923142886 0.804166222778572 0.5356626305673651 0.8045739663528738 0.5396381304168092 0.8133404532003661 0.5387207073746297 0.8153791710718759 0.5456013801909755 0.8127288378389131 0.5518704376458682 0.8080397867344405 0.5540110914109535 0.8064088124372327 0.5564575528567652 0.8123210942646112 0.553705283730227 0.8174178889433857 0.5564575528567652 0.8190488632405937 0.5587511104622137 0.8084475303087424 0.5645614563960167 0.8095748667765492 0.5675790554283336 0.8116135846480591 0.5662029208650645 0.813040687158116 0.5684964784705131 0.813040687158116 0.5733894013621366 0.8142639178810219 0.5753771512868587 0.812632943583814 0.5776707088923072 0.8163026357525317 0.5836339586664735 0.8122252000095123 0.5871507469948279 0.8089632514150964 0.5918907660460883 0.8089632514150964 0.5940314198111736 0.7768968597536614 0.5876837872947774 0.7608511630721143 0.5966789221890405 0.7445812798788717 0.6047133059163472 0.7398121527554511 0.6026522127267036 0.7415367571094472 0.598965870920037 0.7511945414918251 0.5954088744399202 0.754643750199817 0.593727385194774 0.7532209516077704 0.590687770020856 0.7501597788794272 0.5915285146434291 0.749857973117478 0.588941608112435 0.739410822117123 0.5837057192771106 0.7262174863528229 0.5855637848182061 0.7107422165266069 0.5983822337668858 0.7101921064518959 0.5948065182812643 0.7081750361779555 0.5945314632439088 0.704140895630075 0.5903368739242375 0.7067997609911781 0.5875863235506825 0.7020252665014723 0.5852085083568794 0.7021104336704801 0.5823979917796261 0.6972636126658377 0.5776250320023057 0.6947937647646151 0.5737925093969604 0.6885809066907798 0.5659814633251133 0.6798873615518918 0.5612710476478486 0.6914715794430754 0.558696018867997 0.6953641731300132 0.5599623814831336 0.7022020742057868 0.5561189118363129 0.7081475070874351 0.5579772086796493 0.7456768069680109 0.5528816190716699 0.7581537301329423 0.5309327073094714 0.7556598608655566 0.523728866365124 0.7645166400410272 0.5200167602469623 0.7664714004428886 0.5136637889409124 0.7752678222512653 0.5120755461143999 0.7722633356333836 0.5021540113965673 0.7722633356333836 0.4975413752442155 0.7674429230777727 0.4933027366177301 0.7704349032847037 0.491058751462532 0.7794108439054963 0.4905600880947102 0.7827352663576417 0.48881476630733384 0.7907138802427909 0.48195814499978373 0.7912125436106127 0.4758495187439666 0.7856974699662118 0.46212977432981567 0.7848593285088556 0.45516818118746094 0.7773566372374872 0.44765006757164344 0.774133731567986 0.434211127530845
17 0.7793442048220962 0.4901665536941559 0.7705210880828761 0.49003929720272477 0.7676366076104386 0.4918208880827596 0.7637340752065529 0.49131186211703537 0.761867646665564 0.4877486803569656 0.7583044649054943 0.4859670894769309 0.7527051792825277 0.48214939473399904 0.7455788157623883 0.47744090455104987 0.7415066080365943 0.47387772279098017 0.7359073224136279 0.4673876417279962 0.7376040756327086 0.4652242813736681 0.734210569194547 0.4605157911907189 0.7321490140333637 0.4540511614260211 0.7311309621019154 0.44807010632876126 0.7250226505132243 0.4437433856201053 0.7148421311987395 0.4333083533227584 0.7126363520139346 0.42949065857982666 0.7138240792672912 0.42223703856825623 0.7290948582390184 0.4158742139967032 0.739105702231595 0.4123110322366335 0.7467410917174587 0.4138381101338063 0.754206805881414 0.41129298030518513 0.7623512213330018 0.4138381101338064 0.7676111563121525 0.4167650094367206 0.7711235373501549 0.42566704839777025 0.7771614163388688 0.44792777561763236 0.7844071749514625 0.45535288469093366 0.7853397973471427 0.46245516293496103 0.7877072234284852 0.469665051455413 0.7907920513526586 0.47639069373195403 0.79036161024696 0.48182501269139927 0.7853397973471427 0.4858065929191114
27 0.6704011512977704 0.6002422486328881 0.6539626128539227 0.5896138832597106 0.6548128820837769 0.586106522686562 0.6682754782231352 0.5932275274865909 0.6716765551425519 0.5968411717134714 0.6713931320659339 0.5988605611343751
27 0.5991721803128457 0.5682192936649862 0.6084669654048741 0.5766096460759041 0.6106932612353001 0.577194048731391 0.6157024268537585 0.5766513891227246 0.6160363712283226 0.5748146950626232 0.6095801133200872 0.5693463559291394
27 0.5652262344221237 0.566518752878661 0.5618498596785158 0.564461274519275 0.5569963209845792 0.564223873170115 0.5577349029597435 0.5601089164513428 0.5627994650751555 0.5578140367427967 0.5712659156504498 0.5519366459393618 0.5788127575654979 0.5512750721351205 0.5831252386598111 0.5562736297671654 0.5801849106409612 0.5602430725926127 0.5734221561976065 0.5650211056232439
17 0.7048204016234567 0.6607964818987869 0.7250998542886731 0.6426325117058415 0.7230573194878599 0.6262192856278787 0.7150330756275225 0.6138546553158132 0.7129905408267092 0.6040067196690354 0.7078842038246765 0.601818289525307 0.7070088317671851 0.5954718421084947 0.702486076136813 0.5900007667491737 0.6997140646214237 0.5822318397389379 0.6931487741902386 0.5755571278005662 0.6937521889400832 0.57349484361219 0.6878035227602184 0.5662159142395319 0.6795552494325289 0.5615762604927066 0.678161608367021 0.5515394964257015 0.665917302853446 0.5495175988557477 0.6486151237376852 0.5519710012543563 0.6504443327105552 0.5616255102842705 0.6491828537724266 0.5625201402493301 0.6506898215598149 0.5668913453073298 0.657657644341148 0.5717737983257367 0.6659648428081691 0.5806683028648559 0.6712048354371113 0.5884583904793155 0.673160117365881 0.5950574669889133 0.6718146029802984 0.5969202466396507 0.6714782065093989 0.5988887050482579 0.6704254745241697 0.6003502730865139 0.6687019568991681 0.5992784181102387 0.6538075468782665 0.58958894437714 0.6548028673835127 0.5859946236559139 0.6682974910394267 0.5931451612903225 0.6717383512544802 0.5967876344086019 0.6730107526881723 0.595040322580645 0.6711290322580645 0.588494623655914 0.6658960573476703 0.5806989247311828 0.6575985663082438 0.5718413978494623 0.6505667746087925 0.5669200813025296 0.6489432103325633 0.562492122003014 0.6408654545877763 0.5586473267241067 0.643696455218447 0.5525050664272052 0.647134098841404 0.5503818159542022 0.6518861356143155 0.5459078238860888 0.6504706352989803 0.5418888140621904 0.6480440633298339 0.5364290271316113 0.6403523572464319 0.5345123080674924 0.6304851950816976 0.5357882342094838 0.6223192677729522 0.5345973698102918 0.6192570450321727 0.5350226785242891 0.6156201865537548 0.5353786091796241 0.6100628193575253 0.5352935474368247 0.6028042173053071 0.5412478694327848 0.601670060734648 0.5431192277743724 0.5898660363163643 0.5393993312179691 0.5794414590048583 0.5400961683269759 0.5790362551873725 0.5506112073907355 0.5856815977941414 0.5562030200720411 0.5930563072723851 0.5623418579069528 0.5980808346092105 0.5617340521807239 0.6108042344782684 0.5675082065798982 0.6102751650409359 0.569633153008458 0.6162418321488913 0.574809556882164 0.6158689229812608 0.5766737841537307 0.6133627050151558 0.5771677103222332 0.6172378252250244 0.5801259499489373 0.6207143098168738 0.5827179667994283 0.6224696390925292 0.5852529237054945 0.6226750499652123 0.5857711193161269 0.6242609819627458 0.5876718368068632 0.6388011373076697 0.5944844084447127 0.6415505493522722 0.6024929289948364 0.6388573637110224 0.6081486188414608 0.6403497726344713 0.6108369466491099 0.6415467440305824 0.6118244480509015 0.6422948511531517 0.6123181987517972 0.6498357709486509 0.6203528692481923 0.6620448791889828 0.6333026035398679 0.6637804877133437 0.6347838556425552 0.6654263233829965 0.6350307309930032 0.6698251932637043 0.6412250579678773 0.6720395903465095 0.6429531854210125 0.674762700272662 0.6431327311304292 0.680328617264578 0.6426614236432105 0.6837699100283972 0.641943240805544 0.6929812225575449 0.6554187650653261 0.6950312312313861 0.6584240286177984 0.6982161380026041 0.6607258476024513 0.7025591926906287 0.661203583618134
27 0.6466606907481952 0.5549358749192635 0.6476743879737583 0.5530035145830337 0.6458581804446243 0.5516096808978842 0.6439152607622948 0.5526233781234473 0.6411698307763944 0.5584838152087348 0.6491561079087521 0.5624257628147988 0.6502307869200743 0.5616197535563073 0.6493060631196343 0.5582270169100991
27 0.6984383380853404 0.5555365035520529 0.6916579384472196 0.556384053506818 0.6852004149823426 0.5575948391564823 0.680034396210441 0.5566262106367508 0.6789043296040876 0.5515409109081603 0.6661507207609556 0.5486350253489656 0.6533971119178237 0.5506933609533952 0.650652664445251 0.5497247324336636 0.6533971119178237 0.5443972755751401 0.6487154074057879 0.5359217760274891 0.639456261109438 0.5339564715020111 0.6296085378255007 0.535288335716642 0.6237967667071115 0.5341986286319439 0.6167628868978764 0.5346878755348804 0.6094847706726135 0.534910675011164 0.6008159210446531 0.541569826976251 0.5906992063588142 0.5387641702868249 0.5788223586914307 0.5398220360735684 0.5782941481696044 0.550452314670715 0.5703609255986862 0.5503389829197018 0.567036527568968 0.5491489995340642 0.5687742810845026 0.5518122956828724 0.564996556050732 0.5534556060725627 0.5615966035203385 0.5537956013256019 0.5564588974744104 0.5496023265381166 0.5581210964892694 0.543765741360941 0.5544944804568496 0.5383824831878179 0.5575166604838662 0.5243293460621913 0.5619743760237154 0.5237060214316192 0.5668854185676172 0.5270493080865061 0.5687742810845026 0.524499343688711 0.5723253426162469 0.5213260546603437 0.5695757821493962 0.5182744696088534 0.5644924483985734 0.5150418805701166 0.5579267446040199 0.513325159853192 0.5587474164979662 0.5090076925681261 0.5663973649558405 0.504218945305126 0.5657950068095512 0.5020956328394562 0.5712764659407839 0.49852666082269204 0.5779626413645953 0.49884289884949395 0.5700717496482053 0.49319579122803164 0.5736256627113122 0.48885881257474856 0.5711897522193953 0.48492842567021077 0.5713434295034041 0.4809423590407144 0.5762554426009604 0.48023205457612006 0.5760270120003838 0.4790453461740754 0.5711550812608154 0.4768565075653433 0.5706332136738765 0.4739427468716015 0.5760838306930154 0.4722466772140503 0.5728366545965071 0.4705940965220774 0.5715760874181826 0.46715846824139684 0.572355724335709 0.4629319993036581 0.5858253589825398 0.4572864730551377 0.5976571514469707 0.45576399133460627 0.5861029551943027 0.4535567038429409 0.5805438607708492 0.448651620528129 0.5749847663473957 0.4496326371910913 0.5706246922897852 0.4453815649849211 0.5709516978441059 0.4423567636074537 0.5655016052720927 0.4430925261046755 0.5607988383915801 0.438212513097356 0.564612719737049 0.42663823859490063 0.557869164844862 0.4265409757839557 0.5529411824236484 0.43072327665459087 0.5469757300190216 0.42858349481380076 0.5481428837503617 0.42673550140584576 0.5424367988415881 0.4262491873511208 0.5430852175812214 0.4232340402118256 0.5463576300150663 0.41891092674013003 0.5433749038127529 0.41628483084461493 0.5490809887215264 0.4117134787301998 0.5457092112754329 0.40772570348145465 0.544931108787873 0.4033488769889295 0.5409109126021461 0.3989720504964043 0.545320160031653 0.3930390190287591 0.5485622537298198 0.38739777599394887 0.5542683386385933 0.38486894290937884 0.5555651761178599 0.38545251977504885 0.5580291673284667 0.3845771544765438 0.5607525260349269 0.38535525696410383 0.5585479023201734 0.390121134700409 0.55595422736164 0.392552704974034 0.5585479023201734 0.39264996778497907 0.5647727222206534 0.390315660322299 0.5767036270299074 0.3876895644267839 0.5791676182405141 0.38944029502379396 0.5958968217230548 0.38963482064568394 0.6003060691525617 0.391871865297419 0.5979717616898815 0.39449796119293423 0.6067902565488952 0.39829121081978935 0.6075683590364552 0.4011118323371944 0.6158681189037621 0.40179267201380936 0.6237788275272891 0.39975015298396427 0.6246866137627758 0.39799942238695424 0.6437501247079964 0.39634595460088917 0.6449172784393365 0.3995556273620743 0.6430361589763178 0.40204617518251295 0.6375883788247934 0.4027147663829274 0.6390741370479364 0.4062805861184707 0.6322396492214782 0.40813778389739946 0.6363997722462789 0.41244648274451434 0.646007675422604 0.4144522563457575 0.6491772929653092 0.41861237937055806 0.6435314117173657 0.42054386506064406 0.6347159129267167 0.4199495617713868 0.6175801680864668 0.4147494079903862 0.6146323067577457 0.40745775447929916 0.6106045362468595 0.40787442039421845 0.6110212021617788 0.4106869153199234 0.6046323247996834 0.4100619164475446 0.5987990019908139 0.4149577409478459 0.6008823315654102 0.424436890512259 0.6036601043315386 0.4281868837465324 0.6227766541659868 0.4241659013878063 0.6233322087192125 0.42885339293064795 0.610276676718409 0.4312492219414337 0.6184711063784878 0.43968670671854876 0.6222210996127611 0.44208253572933454 0.6281933110599371 0.4461450283997973 0.6402766225925958 0.45031168754898976 0.6388877362095315 0.4455200295274183 0.6409710657841278 0.4446866976975798 0.6522210454869479 0.44937418924042144 0.6670821297857347 0.4562491768365892 0.677082111743797 0.4601033365495924 0.6936098597022609 0.4624991655603781 0.6965265211066957 0.46822832189051794 0.6859709845954078 0.47208248160352106 0.685693207318795 0.4746866435717665 0.6820821027228281 0.47833247032730997 0.689998755106294 0.48499912496601816 0.7126376031502404 0.48385329369999025 0.7204153668954 0.48812411932791266 0.7186098145974165 0.4924991114345648 0.6937487483405672 0.48895745115775113 0.7012487348091141 0.49801993480724505 0.7058495984195647 0.5025276494747449 0.7104471789372101 0.5065202851874369 0.7036046488852328 0.5117708933718104 0.7003229617266328 0.5123302718647536 0.6956430938241782 0.5126703887824536 0.6850521943577869 0.5359405340888912 0.6872897083295597 0.5442752736337451 0.6972093536044194 0.549477493618117
27 0.5489820569387417 0.4879940806287271 0.5478418504450624 0.48419339231646297 0.5550631582383644 0.48058273841981203 0.5587371569402197 0.48058273841981203 0.5597506738234902 0.4823880653681375 0.5596239842130815 0.48618875368040165 0.5524026764197795 0.48875421829118
27 0.5472991169660419 0.4574128383809939 0.5466656689139978 0.4549423909780222 0.5513531844991236 0.4527569951984704 0.5599680780069225 0.4519968575360175 0.5618684221630545 0.4528520124062769 0.5621218013838721 0.4563676490951213 0.5550271832009791 0.4589331137058997
27 0.6767690010608008 0.4078660282823122 0.6705486902105764 0.41284227696249187 0.6674385347854642 0.41206473810621375 0.6735991965725584 0.4081717194800203 0.6711737350530241 0.40195259054871907 0.6649823727662161 0.3983744311394778 0.6547289408329141 0.4000785814530351 0.6520124218302463 0.397424691253983 0.6456215060558249 0.398391313142521 0.6383062888066969 0.41006975999461354 0.6393758788364504 0.412730130509769 0.6466209848871965 0.41425496997425315 0.6495735515323436 0.41904143665618077 0.6404032805281268 0.4219057315368724 0.6512657265748802 0.4263714530617302 0.6616329113252546 0.4311921939706543 0.6674385347854641 0.43383582608199966 0.6616329113252547 0.4500086342925835 0.6699266591255539 0.44985312652132786 0.6742808767207111 0.43570191933706703 0.6846480614710854 0.44036715247473546 0.7051750872768264 0.4523412508614177 0.7321092969686519 0.46742996306211604 0.7338661090134143 0.4682842668901975 0.7366758193813264 0.4651518195205659 0.7334504660177682 0.4608791833286473 0.7309445081220628 0.4543864742352288 0.7305648175318044 0.44846330102719806 0.7239582012613084 0.4444765498294849 0.7141621840326421 0.4346805326008185 0.7115043499008334 0.42972557039794657 0.7128712360257636 0.42197988235667544 0.7298054363512877 0.41508849814348564 0.7288941789346676 0.41400637996124934 0.7299573125873909 0.4127534010133966 0.730412941295701 0.41030439670623 0.731096384358166 0.4089944641698386 0.7260085304487037 0.40608983115436187 0.7116562261369367 0.4091653249354548 0.7093780825953863 0.4104183038833075 0.7077074439982495 0.410076582352075 0.7102893400120065 0.40814016034175715 0.7096058969495413 0.40534943450335803 0.7030752187970971 0.4021600335451876 0.6897101100200018 0.4024448014878814 0.690621367436622 0.4132659833102455 0.6877357189506583 0.4159428019715671 0.6836350605758676 0.4157719412059509 0.6804456596176972 0.415259358909102 0.6800659690274388 0.4079123459876022
17 0.7558186127662582 0.5228991173588086 0.7638229213892306 0.5197209359938049 0.7650000255984912 0.5134528560794919 0.7721803612749811 0.5118637653969901 0.770061573698312 0.5108926544243501 0.7673542340170125 0.5090387152947645 0.7722980716959071 0.5040948776158699 0.7714089435635352 0.501880816490779 0.7717779537510502 0.49772945188123363 0.7669261730522945 0.49392013598901174 0.7630515660833856 0.4918905799576785 0.7618215321250018 0.4886156145434816 0.756962897989386 0.4867705636059059 0.7555483589372445 0.48478713384801203 0.7525962774371233 0.48400298719954243 0.7476761416035882 0.4804512641447091 0.7419564836971037 0.47537737406637603 0.7341009238623633 0.470869877664689 0.7332280333464746 0.46816937263115854 0.7199164529791724 0.4611316928468062 0.684782609714654 0.44059148789480124 0.6749625914109064 0.43625431314397944 0.6705002429993588 0.449861197532914 0.6618877380083958 0.45002533624817653 0.6675949679754845 0.43393947414748013 0.6510440810691898 0.4264014258010679 0.6412084629583994 0.4227598833044106 0.6185724769313241 0.41573724990432837 0.6065779967692209 0.4112977345196538 0.6004249842185315 0.41509468846707287 0.6022163676193653 0.42391530456030785 0.6036183198461045 0.4275954291554986 0.6232456510204553 0.42379847520807956 0.6234014234900931 0.42911421073446626 0.6107059672146201 0.4313923831029176 0.6188840218705997 0.4394536084066688 0.6280745975792242 0.44582080810311 0.639757532802052 0.4498514207549856 0.6385892392797692 0.4454703200464251 0.6411594850287912 0.4443604412002565 0.6603194987942289 0.4527137398845784 0.6773765842195576 0.4597235010182751 0.6942000109404297 0.4623521614434113 0.6969260291590895 0.4684272877592818 0.6864113874585445 0.47228265638281497 0.6860219562844503 0.4752033901885219 0.6825949619524208 0.47841619737479957 0.6901499267298493 0.4846665677190125 0.7128927072969543 0.4834982741967297 0.7208371032484772 0.488229862961975 0.718812061143187 0.4927862076988778 0.6944336696448863 0.4893397418081436 0.7111792101309394 0.5066304859379288 0.7050261975802502 0.5117125627598589 0.7379720749086246 0.5101353665047771
11 0.238997021779577 0.5984379540604123 0.2563923746306222 0.5853914394221285 0.2526107761847428 0.5825552405877189 0.2754894467823131 0.5644253849616085 0.2783442153160341 0.5641274753469863 0.2882846647303425 0.5551314987142354 0.30735088006617217 0.544307449382957 0.32650893762608313 0.5337547261983565 0.34186677272307264 0.5282368745930295 0.358935011008806 0.5246600746581516 0.39005944552984934 0.5246600746581516 0.4204308695382867 0.5289898851056354 0.43975813936183783 0.53087241138715 0.4593364126895909 0.5363317376035427 0.47289060191649684 0.544426600614056 0.4889548261854224 0.557604284584659 0.4952299137904715 0.5707819685552621 0.4982419558408951 0.5843361577821681 0.4949789102862696 0.5969490838683166 0.48242873507617146 0.6129505572611916 0.46561150029464005 0.6308345569355815 0.45557352678801466 0.6400608623874343 0.4532750403789342 0.6414298138516663 0.4316422271170015 0.6633330372793732 0.4101778525072023 0.6787427177556222 0.3878529815746413 0.6874894022627823 0.3738582863631852 0.6927374129670784 0.3685269739016781 0.6908631234298299 0.3643561986202874 0.6881348676537167 0.3570890776861313 0.68689063059693 0.35003667584668885 0.6781320025060096 0.33343452567772397 0.6713431557482124 0.33297953201066316 0.6654282380764219 0.3204037036490057 0.6614703850014905 0.31057260029720823 0.6514528635222635 0.2904198195740621 0.6445161468858154 0.27197423643895274 0.6299951559071123 0.2708510444825532 0.6245094353026918 0.26225874212829103 0.6210260694833962 0.25320199099812274 0.614465730523723 0.2481704625924737 0.6138851695538404 0.24669970813543785 0.6117370939652749 0.24352597483341307 0.6044220257447543 0.24166265057769465 0.6015275146234826
