18 0.16149685164566846 0.5161476082425484 0.1388628231953286 0.49825449115680676 0.1278516742194876 0.47990257619707166 0.12051090823559356 0.45466869312743596 0.12295783023022491 0.4335639909237406 0.14008628419264427 0.4032833312401778 0.16700242613358904 0.384013820532456 0.19147164607990244 0.3743790651785951 0.19004004945617767 0.3684314093660046 0.18837595094955614 0.3539537523583975 0.19469952527471793 0.34696453863058707 0.20967641183431163 0.34396916131866834 0.22398765899125672 0.3459660795266142 0.23164251212171572 0.3527056784784314 0.23863172584952608 0.3616918104141875 0.2406286440574719 0.3651864172780927 0.25822132539233905 0.3653989049823163 0.2875562219441988 0.37067794234994367 0.30785822372498134 0.37616946742179475 0.33781199684416874 0.3911463539813884 0.35245606370243815 0.4023790189010837 0.3697626881713019 0.4223482009805419 0.3810785580163283 0.4425669978359934 0.3957226248745977 0.4707734675232282 0.4033774780050567 0.4857503540828219 0.4033774780050567 0.5022249292983749 0.39871800218651643 0.5229429557058128 0.38374111562692276 0.5376702274894133 0.3607765562355457 0.551648654945034 0.3235007496872237 0.5608844016567834 0.2968751735812793 0.5611340164327768 0.2709152368779836 0.5543944174809595 0.23963018495349903 0.5449090559932169 0.2183297240687435 0.5386686865933862 0.19436670557339364 0.5321787024175623 0.1763944417018812 0.5246902591377655
20 0.15682760192493528 0.3892821491308751 0.14861650093262851 0.38233765414270077 0.16573752002297026 0.37932400537424776 0.16870749272231525 0.37932400537424776 0.170978648315932 0.38089634386213633
20 0.1882957924050118 0.36624562994009546 0.18300854806558928 0.3549399266185643 0.1754915142446622 0.33773679400066475 0.16896682974069396 0.32364685030890583 0.1618796724346595 0.3066039244062992 0.15411754776614564 0.29074219138803165 0.15029273271209528 0.2807864227914595 0.15051772183292178 0.27901463346495087 0.15490500968903836 0.2792677462258807 0.17436656864052974 0.28618616169129524 0.2059775401166516 0.297829348694066 0.21576456687260392 0.2967325267300369 0.22667653923268866 0.29437014096135883 0.23837597351566614 0.2920077551926807 0.2562182122355746 0.2903806405336512 0.268934227213192 0.28938423637495725 0.2854460675572624 0.2872490846063275 0.30271707297462325 0.2849715893864557 0.3163820442938539 0.2852562762889397 0.32549202517334097 0.2846869024839717 0.3285286854665033 0.28112831620292206 0.3361203361994093 0.271591304969709 0.34655885595715497 0.26176960683401196 0.3528219678118023 0.26120023302904405 0.3571871669832232 0.2637624151513998 0.3740785898639389 0.2785661340805663 0.37483775493722943 0.28454455903272974 0.3894516825980734 0.3228349474168239 0.39552500318439804 0.342193656785734 0.40140853250240016 0.3582784667760784 0.403116653917304 0.3725128119002769 0.409569557040274 0.39002105640304113 0.40900018323530607 0.39500307719651073 0.3873639786465242 0.40368602772227186 0.3697133906925181 0.3998427545387383 0.36439923517948386 0.3999850979899802 0.3509240551285759 0.39870400692880237 0.3425732393223793 0.3927255819766389 0.32814910292985805 0.3839002879996358 0.3122066363907557 0.3762137416325686 0.2918989706802324 0.37009297322916324 0.26191195028525405 0.36482626553320974 0.24243130255876844 0.364635798375051 0.23591033963765096 0.3558789689697422 0.22427701800544816 0.34497272993955214 0.2097353659651947 0.3429592704262862 0.19418698416830826 0.3463989304281154 0.18747545245742198 0.3536138270173182
29 0.5020592667963258 0.7848549957788239 0.4953444823638647 0.7774945589970877 0.4984436136403852 0.7693593393962214 0.491728829207924 0.7577375971092696 0.49792709176096517 0.7519267259657935 0.486047088534303 0.7341067211258006 0.48398100101662256 0.7220975874292832 0.4875966541725633 0.7174488905145026 0.49327839484618424 0.7054397568179853 0.4772662165841616 0.7062145396371156 0.47674969470474143 0.6953675801692938 0.48449752289604286 0.6914936660736432 0.48449752289604286 0.6852954035206018 0.4984436136403852 0.6810340980153863 0.5098070949876271 0.6752232268719104 0.5191044888171886 0.6790971409675609 0.5330505795615311 0.6767727925101705 0.5593931954119555 0.6717367041858247 0.5847027675035399 0.6690249643188693 0.5950332050919417 0.6740610526432149 0.6115619052333845 0.6767727925101705 0.620342777183526 0.6790971409675609 0.6234419084600465 0.6752232268719102 0.6446193055162702 0.6852954035206019 0.6456523492751103 0.6918810574832084 0.6420366961191697 0.6949801887597286 0.6513340899487313 0.6953675801692938 0.6626975712959733 0.6945927973501637 0.6647636588136536 0.7081514966849408 0.6626975712959733 0.7162867162858073 0.6580488743811924 0.7220975874292833 0.6642471369342335 0.7356562867640606 0.6621810494165533 0.7445662891840571 0.6621810494165533 0.7523141173753585 0.6606314837782928 0.7643232510718755 0.6523671337075716 0.7705215136249166 0.6286071272542475 0.7681971651675261 0.6280906053748274 0.7705215136249166 0.6229253865806266 0.7712962964440467 0.6239584303394666 0.7802062988640434 0.6105288614745443 0.7836928215501289 0.5960662488507819 0.7817558645023035 0.5743723299151381 0.7833054301405638 0.5599097172913757 0.7852423871883891 0.5521618891000744 0.7805936902736083 0.5304679701644307 0.7778819504066529 0.5165218794200883 0.779431516044913
12 0.5864146067861465 0.5848344020978808 0.5758541212313333 0.5828207501912426 0.5765700863536937 0.5770482813922131 0.5792549555625444 0.571275812593184 0.5867725893473267 0.5732894644998221 0.5953641708156494 0.5761085771691156 0.5966171097797798 0.5740949252624774 0.6080725517375434 0.5753031164064603 0.6096834732628539 0.5790619332988515 0.6095044819822638 0.582418019809915 0.6034187784422019 0.5859083497814211 0.5964381184991898 0.5881904886089443 0.5916053539232583 0.5863110801627487 0.5892784672755875 0.5813440721263747
15 0.5544886140920943 0.5281275216586155 0.5624391104157627 0.5124749820213932 0.563764193136374 0.5086653691996353 0.5682915590984631 0.5105701756105143 0.5740335842211125 0.5166986831933421 0.5716042658999917 0.5200113899948706 0.5644267344966798 0.522081831745826
15 0.5618781883761922 0.6234600516969235 0.5481664608000227 0.6154479667684658 0.5520460137336008 0.6001452857526853 0.545005343594885 0.5972356210525017 0.5392578577673618 0.5906619341372721 0.5330793105027744 0.579562102132868 0.5389704834759856 0.5586556224352525 0.5332229976484624 0.5519741701607567 0.5327919362113982 0.5431374107009398 0.5405510420785545 0.5430296453416738 0.5464422150517657 0.5402277460007562 0.552477075170665 0.5438917682158022 0.5635409853886472 0.5491722708198392 0.581214504308281 0.5493878015383713 0.5932842245460797 0.5482023825864446 0.5941463474202081 0.5461548407603894 0.5964453417512173 0.5438917682158022 0.6010433304132359 0.5438917682158022 0.6062160676580067 0.5404432767192884 0.6113888049027776 0.5374258466598386 0.6195789722069981 0.5363481930671781 0.6240332737233286 0.5337618244447926 0.6330855639016776 0.5334385283669945 0.6363903682525034 0.5314987519002053 0.6395514854576412 0.5314987519002055 0.6415631054972742 0.5304210983075449 0.6467358427420451 0.530744394385343 0.6448679098481002 0.5327919362113982 0.6455863455765405 0.5381802041747011 0.6422815412257147 0.5401199806414901 0.6405572954774577 0.5425985839046096 0.6422815412257147 0.5458315446825913 0.6398388597490172 0.5497110976161694 0.6379709268550723 0.5541294773460779 0.6384019882921366 0.5579012649203899 0.6359593068154391 0.5616730524947021 0.6276254523655305 0.563289532883693 0.6261885809086497 0.565121543991216 0.6237458994319524 0.5678156779728675 0.6241769608690165 0.5694321583618583 0.6154120449820438 0.5720185269842438 0.604779196201126 0.5713719348286475 0.6034860118899332 0.5721262923435099 0.5908415430693823 0.5713719348286475 0.5869619901358041 0.5696476890803905 0.5854014020546325 0.5720977966223789 0.5791408918979242 0.5709170185285596 0.5762335512270924 0.576669841558078 0.5754678778882764 0.5831692377503733 0.5772617689404919 0.5836331750914635 0.5742925699575144 0.5889684545140008 0.5742925699575144 0.5901746916008352 0.5784370768712536 0.5882725485023655 0.5827053004092833 0.5877622174271663 0.5867260906987317 0.5897571479938541 0.5975512953241695 0.5946748838094102 0.5985410283184952 0.5945820963411922 0.6020669521107808 0.589385998120982 0.610541540874695 0.5855817119240424 0.6134488815455268 0.5840507186984448 0.6172840968985391 0.5841435061666629 0.6174696718349753 0.5859528617969146 0.6174696718349753 0.5961594833008989 0.6177501812624686 0.5999049721966373 0.6240528162588865 0.605853308794886 0.622491464412109 0.6111228712777601 0.6246383232014282 0.6166851872319051 0.6288344562896427 0.6193931568411598 0.6322499134544685 0.6195395335767951 0.6350798636767527 0.6238576472780393 0.6327378359065864 0.6256141681056638 0.620832528074908 0.621954749714779 0.6130257688410203 0.6211496776687844 0.6079513753389935 0.6188808382664358 0.6001446161051059 0.6199786637837014 0.5906789205340173 0.6234185170711332 0.5763340004417488 0.6283953260827363
27 0.5812322235901451 0.5875549633641676 0.582356266216638 0.5861754565043809 0.5891005219755954 0.5865969724893156 0.59139970007524 0.586750251029292 0.596457891894458 0.5885512738740135 0.5989614413807377 0.5878998400791142 0.6016693622536524 0.5889727898589484 0.5986037914541263 0.5941842602181427 0.5974797488276333 0.5945291369330894 0.5828671946832257 0.5874016848241913
12 0.823770234046244 0.6314435858517274 0.8287240319943705 0.6273743946800521 0.8376880473290756 0.6227744394425061 0.8464161675233938 0.6229513607977962 0.8457084821022329 0.6192360123367013 0.8431136355579761 0.6102130232168994 0.8369803619079147 0.604551539847612 0.8373782575716742 0.5979357558069622 0.8335042656327306 0.593465765108181 0.8229749542089349 0.581396790221472 0.8213856241827016 0.5811732906865329 0.8213856241827016 0.5842277843307001 0.8323122681130556 0.5954772609226326 0.8331069331261722 0.6012882488310483 0.8268489461478786 0.5959987598374904 0.821286291056062 0.5873567778198469 0.8173129659904786 0.5763308007628533 0.8172136328638391 0.5712648113042346 0.8210876248027829 0.5711903114592549 0.8233722867154932 0.5701473136295393 0.8231736204622141 0.5663478215355754 0.8270476124011578 0.5644853254110832 0.8272462786544369 0.5621758302167129 0.8331069331261722 0.5621758302167129 0.8317162693532181 0.5666458209154941 0.8335042656327305 0.5686573167299457 0.8356895944188012 0.5680613179701082 0.8393649201044658 0.5639638264962253 0.8405569176241408 0.5676888187452097 0.8437355776766075 0.5676143189002301 0.845026908322922 0.5663478215355754 0.846914237729074 0.5666458209154941 0.8503908971614593 0.5651558240159004 0.8586355466725447 0.5529378494392319 0.8604235429520571 0.5491383573452677 0.8535695572139261 0.542433371297096 0.8458215733360387 0.5378888807533352 0.8458215733360387 0.5297683976505494 0.8391662538511869 0.5243299089670322 0.8370802581917556 0.5247024081919307 0.8345969300257662 0.5197854184232714 0.8296302736937871 0.5177739226088199 0.8271469455277977 0.5178484224537996 0.8264516136413205 0.5188169204385356 0.813240307798256 0.5185934209035964 0.8079756520863581 0.5162094258642465 0.7982410056756791 0.5161349260192668 0.7846323673260562 0.5174014233839215 0.7779770478412043 0.5159859263293074 0.7700303977100379 0.5184444212136371 0.7668517376575711 0.5189659201284949 0.7634744113518254 0.5215734147027838 0.7534417655612277 0.5140489303598356 0.7460911141898986 0.5109944367156685 0.7404291259714424 0.5138254308248965 0.7428131210107923 0.5200089179582105 0.7446011172903049 0.5258944057116057 0.7459917810632589 0.5287998996658134 0.7431111203907111 0.5317053936200212 0.7396344609583259 0.5317053936200212 0.7341711389931489 0.5247024081919307 0.7317871439537988 0.5187424205935558 0.7295024820410885 0.5155389272594293 0.7332771408533926 0.514197930049795 0.7403254905045229 0.5147186843288352 0.7402984589082461 0.5137527060403525 0.7458816053285292 0.5108384509624789 0.7380174445295663 0.5093067744680937 0.7318100411224979 0.5075965105123355 0.7236437975156104 0.5075248767964856 0.7156039496273892 0.5064172261470421 0.7113010581633945 0.5046795199788905 0.6983923837714111 0.5036244840910842 0.6889591217157309 0.5053621902592358 0.6836632552985068 0.5059827996050043 0.681677305392048 0.504865702782621 0.6786156326195903 0.5049277637171979 0.6758022035854401 0.5063551652124653 0.669099622651141 0.513554233623379 0.6615695625891508 0.5201947536231013 0.660411091810383 0.5228013128753288 0.6491573756737821 0.5287591625947057 0.6465921903779391 0.5301865640899731 0.6473369215928613 0.5308071734357416 0.6455992154247095 0.5327310624076238 0.6461784508140938 0.538564790257847 0.6427030384777903 0.5403024964259986 0.6410480802224079 0.5424746291361882 0.6426202905650211 0.5460121024070683 0.638482894926565 0.5537697192291736 0.6392276261414871 0.557989862780399 0.6368279366711824 0.5617755797895864 0.6281656980202072 0.5635053479386326 0.6243237265683784 0.5677382898190084 0.6248116488972353 0.5696899791344358 0.6252453576339969 0.573349396600862 0.622372037252951 0.5734307169890048 0.6203661343454284 0.5757483480510749 0.6206914158979997 0.5780253189190735 0.6181433770695252 0.5787978626064301 0.6166796100829546 0.5821319985202852 0.6180349498853347 0.5853848140459975 0.6179807362932396 0.5884343286013528 0.6180349498853347 0.5927443091729216 0.6180349498853347 0.5971762703267046 0.6180349498853347 0.5996158819709888 0.6245947945288546 0.6057149110816993 0.6229683867659984 0.6109600761169103 0.6247574353051402 0.6164085421224784 0.6288234547122805 0.6190921149311911 0.632401551790564 0.6192547557074767 0.6354917265399905 0.6235647362790455 0.6361965032372283 0.6256384061766871 0.638527687697322 0.6273867945217574 0.6402083090522734 0.6296231051956847 0.6428647750649383 0.6307209304356125 0.642756347880748 0.6325506391688257 0.6442201148673186 0.6345836488723958 0.6488282701954111 0.6356408139182523 0.6526232216420754 0.6363320372174662 0.6632490856927354 0.6358441148886094 0.6667187555868286 0.6366573187700374 0.6756010140146603 0.6363417093309258 0.6854513582537636 0.6366258538762846 0.6926496867361852 0.6341395891043956 0.6994691558247953 0.635631347967529 0.706856914004123 0.6354892756948496 0.7161389691525089 0.6347789143314527 0.7256104539978007 0.6303036377420523 0.7337559309647517 0.627178047743106 0.74019654065955 0.630161565469373 0.7484367324749538 0.6307298545600905 0.7529830452006938 0.6296643125149952 0.76520126065112 0.6293801679696365 0.7740097415572414 0.6279594452428426 0.7795032027675107 0.6232710602444232 0.7826287927664569 0.6234841686534425 0.7876486797344614 0.6218503375176294 0.7912478439756725 0.6205006509271754 0.7941840042777129 0.6165936634284925 0.7957941567014124 0.6122604591117715 0.7970254497313004 0.6093479775218444 0.8004351842756056 0.6136101457022257 0.8086753760910093 0.6205716870635151 0.8130322591198432 0.6251179997892551 0.8138846927559196 0.6285277343335601 0.818241575784754 0.633784408422697 0.8206094469960769 0.6335002638773383
27 0.7427015630523534 0.5315396761973943 0.7398696758149076 0.5315792155581958 0.7343868844504271 0.5247389061395289 0.732110804601358 0.5185587169122278 0.7300020386919425 0.5157118829345166 0.7334287832947427 0.5144466233888674 0.7384371023296048 0.5147233989144782 0.7405458682390205 0.515079253161692 0.7442362085804975 0.5259525773821162 0.7456069064216179 0.5287598719990256
27 0.6591440504744797 0.47488190608622616 0.6624645811170822 0.47084983316306606 0.6558235198318774 0.46812225442092836 0.6480756149991383 0.46468313339823303 0.6417507947275147 0.4637344103574894 0.6403277101663994 0.468952387081579 0.6461781689176511 0.47061265240288025 0.6529773507096466 0.4733402311450179
27 0.5470059025938654 0.44018172641888753 0.5383595056667375 0.44083960444595166 0.5322193107474726 0.4495799839483745 0.537231714763199 0.45343326953546415 0.5416175682769596 0.4471364369907079
27 0.6953411558377782 0.4464133439196786 0.6899388160565801 0.4446125639926126 0.6870575681732745 0.43596882034269546 0.6929401159350235 0.43993053618224076 0.6999031316530123 0.44155123811660024 0.7074664073466898 0.44146119912024695 0.7146695270549541 0.44200143309836676 0.719351554865326 0.44245162808013316 0.7251140506319372 0.44578307094520553 0.7235533746951467 0.4465934219123852 0.7155098910209183 0.44389225202178617 0.7111880191959596 0.44398229101813946 0.7089070312883426 0.4465934219123852 0.7035046915071445 0.4442524080071994 0.696421623794018 0.44605318793426546
27 0.7621693812413928 0.45046657363331005 0.768666025287161 0.4496158226273167 0.768666025287161 0.4462901596038877 0.7679441759487423 0.44466599859244565 0.7522697331716508 0.44435663459026614 0.7574257998746414 0.44706356960933635
27 0.7152216201247006 0.48148310083119633 0.7101909564612423 0.48175750066738493 0.7098250900129908 0.4779845029197914 0.7113800224180598 0.4748975047626692 0.7090933571164878 0.47338830566363177 0.7129349548231285 0.4728395059912545 0.7177826852624611 0.4746917048855277 0.7243241009259207 0.4764267155825091 0.7301779640979447 0.47670111541869775 0.7431662230108735 0.4791021139853482 0.7451784884762567 0.47937651382153684 0.7483798198984573 0.47889631410820677 0.7613680788113859 0.48164031247009315 0.770148873569422 0.48218911214247046 0.7780150022068295 0.47773011480440514 0.7832285990944133 0.4787591141901124 0.7846005982753566 0.4814345125929516 0.7843261984391678 0.4847959105862623 0.7884421959819974 0.4845215107500737 0.7924667269127639 0.4871969091529128 0.8137574679944399 0.48258273990575745 0.8179587575432595 0.48391584139720983 0.8189282859006793 0.4805224921462401 0.8198978142580993 0.47870462647607787 0.8232911635090691 0.47688676080591547 0.8297546858918685 0.48185559363769265 0.8274924530578887 0.4842794145312423 0.8270076888791784 0.4862184712460821 0.8276540411174585 0.48839991005027694 0.8292699217131585 0.4897330115417292 0.8286235694748786 0.49179325930124657 0.8223628199962749 0.49297365085076544 0.8273308649983185 0.49312636079269884 0.828334634282193 0.49513017959094213 0.8267796932103095 0.49826457356515036 0.8225031769618202 0.4987789658497563 0.8299669081502217 0.5011391186850076 0.8289197985439555 0.5042199307644408 0.8266514476363647 0.5063463724101078 0.8234712545221108 0.5066942060319793 0.8234050004988971 0.5106694474247967 0.8238687786613926 0.5137999500216403 0.8218811579649838 0.5154894276135876 0.8153882636900488 0.5150919034743059 0.814088753372433 0.5107358981184775 0.8182560249193561 0.5055880920899256 0.8171529236275235 0.5031061141833023 0.8110245831173427 0.5027384137526915 0.801586938731664 0.49777445793944497 0.7943554969296504 0.4963036562170015 0.7895753913317094 0.4924428016955876 0.7817311154786779 0.49179932594201853 0.7749899409174787 0.4884900220665208 0.7680036327358725 0.48803039652825725 0.7574628870583615 0.4862838194828557 0.7463093073298321 0.48306644071501076 0.7443482383665743 0.48141178877726193 0.733562359068656 0.4826068151767472 0.7311110228645835 0.4802167623777766 0.7230216133911447 0.48058446280838746 0.7183640746034072 0.48168756410022 0.7164030056401494 0.48168756410022
27 0.8069246362046657 0.429785152551313 0.8109827422535596 0.4236979934779721 0.8057222344124007 0.4206544139413017 0.7971551216425137 0.42178166562155 0.7986581238828449 0.4200907881011775 0.7967042209704144 0.41817446024475546 0.7979066227626792 0.41524360587610987 0.8025659297077056 0.4170472085645071 0.8070749364286988 0.41625813238833326 0.8075258371007982 0.41220002633943936 0.7971923882716022 0.4054724293853157 0.7857695712450861 0.40039979682419824 0.7793066616116624 0.3996107206480246 0.7729940522022719 0.40400700220099295 0.7654790410006165 0.4043451777050674 0.764727539880451 0.401977949176546 0.7720922508580733 0.3966798662793789 0.777352758699232 0.3927344853985098 0.7776533591472983 0.3894654555257898 0.7726934517542058 0.38969090586183947 0.7681844450332123 0.3911563330461623 0.7674329439130471 0.3892400051897401 0.7713407497379078 0.38642187598911937 0.770288648169676 0.3836037467884987 0.7578137295749279 0.3832655712844241 0.7615712351757558 0.3775165877151577 0.761871835623822 0.37266940549009 0.7582646302470273 0.37120397830576723 0.75210232106167 0.37233122998601553 0.7486454159089084 0.37593843536281 0.7480442150127761 0.3804474420838033 0.7421825062754849 0.38123651825997706 0.7414310051553195 0.3775165877151576 0.7366213979862599 0.3748111836825618 0.7250900280379259 0.36912352141632987 0.7184074589284625 0.36921990462463944 0.7131072305463805 0.36760555649268717 0.7064246614369174 0.3690513046173307 0.699742092327454 0.36934045424225936 0.6958867639950712 0.36770193970099674 0.6879190854414804 0.36779832290930636 0.6827786476649703 0.3727138665330942 0.6826501367205576 0.374545147490976 0.6813650272764299 0.37473791390759514 0.6795658740546513 0.3708825855752125 0.6759675676110942 0.3710753519918316 0.6704415970013458 0.37155726803337946 0.6596466776706742 0.3677019397009967 0.6497513349508921 0.36731640686775846 0.6380568390093313 0.3640393777852332 0.635101087287838 0.36635257478466277 0.6272619196786596 0.36297916249382794 0.6219929709577366 0.36278639607720886 0.6108125187938271 0.36548512590987664 0.6059291029061424 0.3690513046173306 0.6090133655720485 0.3715572680333794 0.6074712342390954 0.3728102497414037 0.6034873949623 0.37300301615802284 0.5989895119078535 0.3761836620322386 0.5993750447410918 0.38013537357293076 0.5986039790746154 0.3841834683219327 0.5983469571857898 0.3879424134460057 0.5973188696304877 0.3914122089451501 0.5934635412981051 0.39054476007036404 0.5929494975204541 0.38630389890474315 0.5809979796900678 0.3795570743230734 0.5757290309691449 0.3779185597818108 0.5684039071376177 0.3765691948654769 0.5636490021943458 0.3735813154078803 0.5590306162095879 0.37412956792070234 0.5560800675666802 0.37752269886004625 0.5592273194524485 0.380473247502954 0.5633580875525193 0.38268615898513486 0.5631613843096589 0.3856367076280426 0.5613910551239142 0.38843972883880495 0.5558833643238197 0.392275442074585 0.548015234609399 0.38740703681378724 0.5417207308378625 0.3851941253316064 0.5356229303091865 0.38740703681378724 0.5358196335520471 0.3919803872102942 0.5401471048949783 0.3965537376068013 0.5499822670380041 0.40024192341043596 0.5562767708095406 0.40156967029974444 0.5623745713382167 0.4027498897569075 0.5625712745810771 0.40584796583196064 0.5582438032381458 0.4120441179820669 0.5558833643238196 0.4085034596105777 0.5507690800094461 0.40761829501770536 0.5419174340807229 0.41514219405712005 0.5407372146235598 0.4172075781071555 0.5312954589662552 0.418535324996464 0.5303119427519525 0.4247314771465702 0.542704247052165 0.4247314771465702 0.5503756735237252 0.4207482364786448 0.5501789702808647 0.42502653201086105 0.5458514989379334 0.42561664173944264 0.5407372146235598 0.4293048275430773 0.5482119378522595 0.43520592482889275 0.5550965513523777 0.43343559564314815 0.5676855588954506 0.43181279388954885 0.5849954442671761 0.4321078487538397 0.5967976388388072 0.43550097969318347 0.6023053296389016 0.4391891654968182 0.6259097187821636 0.42856719038235036 0.644006417125331 0.42148587363937173 0.6449899333396337 0.41455208432853846 0.6603439348446998 0.4080560993590219 0.664221863585409 0.4092338794422053 0.6675387436350266 0.4071852182350885 0.6757333884634938 0.40747788412181946 0.6799604101716261 0.4107565720269198 0.6891306079558632 0.4125125673473056 0.7096172200270313 0.4179268862518286 0.7484442276666735 0.42626786402366146 0.7617117478651443 0.4264141969670268 0.7781010375220787 0.4278775264006816 0.7909783365382416 0.4287555240608746
17 0.8119555604333614 0.5174712285867404 0.8146845498897316 0.5155381943884783 0.8133200551615465 0.5104213391577843 0.8174135393461016 0.5057024615561443 0.8167312919820091 0.5034283036758359 0.8107946393123447 0.5030761394944434 0.8011148186379284 0.4980922140571557 0.7936019827682198 0.49655149576356306 0.7894347066217405 0.49263366924557045 0.7810414602985503 0.49223748454150384 0.7748785871241799 0.48884790429560004 0.767952691556792 0.48840769906885934 0.7570356019336216 0.48664687816189633 0.7468228406732362 0.4838735852334296 0.744298997373256 0.481760600145074 0.7335579898407816 0.48303719530262224 0.7309754525105693 0.4804399844648518 0.7235213106710927 0.4808361691689184 0.7185323181013642 0.48206874380379255 0.7161258628618481 0.48206874380379255 0.7150693703176704 0.481760600145074 0.7097869075967814 0.4818926617130963 0.7090825792339962 0.4778427736270814 0.7107847061107271 0.47502546017594066 0.7083782508712111 0.4731765982236295 0.7129563852293147 0.4724722698608443 0.7177106016781147 0.47423309076780723 0.7241669450036458 0.4760819527201184 0.7305059002687124 0.47616999376546654 0.7450408782667987 0.47904753929327265 0.7489818763327176 0.4783266250129216 0.7613816019547558 0.4811381907062907 0.7700325733189682 0.48171492213057154 0.7780106913548532 0.4774615278765004 0.7838741275017087 0.4786149907250621 0.7850470315740142 0.4814581648146226 0.784717491420137 0.4843004486418137 0.7890015134205409 0.4841150823052577 0.792791225190129 0.4865248446804849 0.8137735257880947 0.48235898677527606 0.8177349388924173 0.4835554339930793 0.8185779747544415 0.4806076454471455 0.8193756062329769 0.47852686767705294 0.8234331228846576 0.47665416768396957 0.8256196958574449 0.4776509768177227 0.8266594917290179 0.4750514871387905 0.8240600020500856 0.4735567805734044 0.8208539647794023 0.470307418474739 0.8211139137472956 0.46777291603778 0.8242333013620143 0.4660832477464739 0.8266594917290179 0.4661482349884472 0.8288257331281281 0.4647835029070078 0.8271793896648043 0.45977948527506307 0.823951578565581 0.45692529831432843 0.8244714765013674 0.4534159872477699 0.8227384833820792 0.4517263189564639 0.8229984323499725 0.44951675272937147 0.817192905400357 0.44126337299876134 0.8154599122810687 0.4356094829470835 0.8087878887718091 0.43372485292985763 0.8075747935883073 0.43047549083119224 0.7882519203082439 0.42891579702383276 0.7721558803863866 0.42767796673227637 0.7680878303591926 0.44430061154639783 0.7690930766286955 0.445671099723389 0.7690058628721477 0.44969873214543443 0.7620439086250969 0.4508300497105801 0.7566483940836326 0.4471315115168344 0.751775026110697 0.4443601876626151 0.7673233905957769 0.4441726809618379 0.7716449370628642 0.4276059520180112 0.7618054904200718 0.42663225677731836 0.7481395923050826 0.4264785154235248 0.7252492129624757 0.42196876904557834 0.7075308283415616 0.4177731897821261 0.707591401991194 0.44113651829307476 0.7197172624414945 0.44223165490442395 0.7257105277873529 0.44567298618381734 0.7236154838352067 0.4468633520657185 0.715425766567726 0.44410170321970777 0.7114261372045381 0.44410170321970777 0.7092676070720239 0.44695858133627064 0.7036173370192661 0.4446730788430203 0.6953006473910495 0.4466252788893383 0.6893964326168195 0.44481592274884846 0.6866665268609927 0.43572152741112313 0.6874283610254095 0.4357691420463992 0.692824686356695 0.43957831286848303 0.6998716523775503 0.4413400543736969 0.7073040239808439 0.4412093742135903 0.7073007830599403 0.4177773687327291 0.6981555394923337 0.4153072707916393 0.6903923745346225 0.4130577173095753 0.6797180227177699 0.4110948716242449 0.6755717868880834 0.40772054140114894 0.667514562651671 0.40730150692899975 0.6643681283695685 0.40944078818155094 0.6603689221792324 0.40820573921100606 0.645254275253992 0.41462358296865903 0.6441956618506679 0.4215266245361692 0.6257875510039741 0.42880459168402324 0.6416161244087891 0.4630512669900081 0.648677286812514 0.4640130365322516 0.6627917518020884 0.4706291919961145 0.6592612903687285 0.4751243403586024 0.6521754013103545 0.47362312805396833 0.6456707647618523 0.47090145118235827 0.6395084775053763 0.4692068221868273 0.6413571636823191 0.4630445349303515 0.625335216815482 0.4291519550197346 0.602397814249711 0.4395764909619395 0.5963724667100457 0.4356223566390342 0.5848010606395524 0.43238715582938453 0.5679574754718519 0.43202768907275674 0.5551536119500632 0.43367096567448354 0.5479642768175081 0.4357250614266422 0.5464579399325918 0.43921702420531183 0.5477846039366026 0.4404292107966226 0.5380772753910076 0.45368221353449223 0.5350575702241583 0.45898094146877466 0.5305688899264831 0.46343757313822814 0.5294886158632238 0.4740859889046408 0.5290256412646841 0.48311399357616497 0.529025641264684 0.49225774189732374 0.5270194180043454 0.5004755410214032 0.526247793673446 0.5090405710943875 0.5285626666661443 0.5106609821892764 0.5259391439410861 0.5240872455469273 0.526093468807266 0.5323050446710067 0.5274823926028851 0.5399441255469116 0.5319578137221022 0.54225899853961 0.5401370316296366 0.54225899853961 0.5463100262768324 0.5398283818972767 0.5510940971284092 0.5353143795615147 0.5538659835187111 0.5284676206302455 0.5633385877883369 0.5074050250806154 0.568938205913012 0.5097822214542982 0.5749604367263419 0.5161214117841191 0.5723191074222498 0.5203211253776254 0.5651346917151194 0.5220644027183262 0.5540429874946097 0.5289332979781383 0.5517002966080056 0.5353046678225627 0.5469581762823698 0.539882831860344 0.5526588102908468 0.5435529303038547 0.5637069416878067 0.5488499796037669 0.5804557070932436 0.5491526681351905 0.5929461935429277 0.5478849997089524 0.593751744784652 0.5457614400770675 0.596085864426614 0.5430450077351289 0.6012370250157719 0.5435279290403623 0.6108954511204429 0.5368877610934011 0.6198294952672636 0.5358615533197797 0.6236123788249265 0.5330847558146867 0.632948857392775 0.5329640254883784 0.6360878458767931 0.5309116099411357 0.6396292687818391 0.5311530705937525 0.6413999802343624 0.5299457673306687 0.6461487064024922 0.5300061324938229 0.6599119636016484 0.5227019477521654 0.66079731932791 0.5198044199207641 0.6708581798536088 0.511051471263406 0.6749630109480941 0.5059204323952995 0.6784239469689346 0.5044113033164447 0.6826897518318309 0.5044716684795989 0.6838165682107092 0.5055582414163743 0.6979822598308936 0.5031436348902065 0.7117455170300496 0.5042302078269821 0.7163332694297685 0.5059204323952996 0.7317505183864597 0.5068293089581843 0.7378445817383592 0.5085269408919278 0.7496844762506211 0.5112692694002826 0.7564831374881522 0.5123311315532247 0.7623323217969334 0.5140250784941343 0.7693976731402137 0.5179776213562561 0.778173163931607 0.5157416917014902 0.7846014753996734 0.5171750314207213 0.7972843601880207 0.5159154298492759 0.8083456889303692 0.5157851262384366
22 0.5127445911960233 0.2102652452182874 0.5224681678914513 0.2136310986897817 0.5269559725201103 0.20717987953608433 0.5501429631015154 0.20325305048600764 0.566598246739932 0.2046554894324636 0.575947839716305 0.2108262207968698 0.5737039374019755 0.22821646373292365 0.5804356443449641 0.23017987825796196 0.5927771070737764 0.21671646437198483 0.6032486512073143 0.21447256205765522 0.6077364558359732 0.22428963468284693 0.6155901139361266 0.23102134162583554 0.6182079999695111 0.2335457317294562 0.6129722279027422 0.23607012183307696 0.6081104395550282 0.2433628043546479 0.6152161302170717 0.24841158456188936 0.6152161302170717 0.25317987697983957 0.6155901139361266 0.26103353507999294 0.623069788317225 0.26916768096943744 0.6234437720362799 0.27393597338738773 0.6182079999695111 0.27449694896597004 0.609593462059521 0.28525608170914085 0.6118373643738506 0.2911463252842559 0.6155772015643998 0.30264632464519464 0.6215609410692784 0.3074146170631449 0.619317038754949 0.310499982745348 0.6092194783404661 0.31246339727038636 0.6054796411499169 0.3175121774776278 0.586032487759061 0.31639022632046304 0.5445202949439648 0.3172316896883366 0.5097398090718572 0.31695120189904535 0.45476420237078385 0.3161097385311718 0.4543902186517289 0.30629266590598014 0.44653656055157565 0.29787803222724446 0.4558861535279486 0.2922682764414206 0.44159443528798353 0.2793423806907809 0.44334170307104626 0.2688166151527538 0.4475052994516668 0.26530358070660526 0.4404792305593696 0.25798475894379586 0.4380884066734104 0.24103319672185697 0.4504490834283774 0.22395594594196835 0.45578369129104745 0.22522454171418868 0.4594268381240903 0.22698105893726292 0.4661926822425986 0.22424869881248077 0.4717875148790574 0.22551729458470107 0.48180616866992537 0.22200426013855254 0.48596976505054584 0.22298010304026047 0.48688055175880657 0.22532212600435947 0.49195493484768776 0.2237607773616268 0.48948279949669443 0.22005257433513667 0.5023639257992389 0.21048931389839903
