30 0.43353953166257325 0.3346266532729011 0.4194509911406459 0.32552780418582294 0.4104499791405256 0.31466788753350394 0.39447913461396666 0.27971623161243314 0.3784338523528827 0.2462559478728556 0.36591070522228053 0.22717771591607894 0.3573010415699916 0.20809948395930228 0.35690969322216026 0.18872774074165213 0.36160587339613603 0.1717040876109899 0.37295497548324424 0.15614799078469507 0.3897829544399908 0.13912433765403281 0.40348014661408693 0.13237357865394264 0.4250043057448093 0.12239419578424408 0.4527900384408327 0.11623045930590084 0.48135846783251873 0.11358885795803947 0.5067961104415544 0.11417588047978644 0.5283202695722767 0.1176980156102683 0.543582855137698 0.1218071732624971 0.5690204977467336 0.13178655613219567 0.5870225217469742 0.1420594502627677 0.6018937589645641 0.1535063894368337 0.6144169060951662 0.16642088491526708 0.6226352213996239 0.18021591417632102 0.6261573565301057 0.19577201100261588 0.6269400532257684 0.2083929952201758 0.6269400532257684 0.21631779926375994 0.6472901673129967 0.22013344565511528 0.6633354495740806 0.22394909204647065 0.6793807318351646 0.23187389609005474 0.6883817438352849 0.23979870013363885 0.6907298339222728 0.25212617309032537 0.6852509570526344 0.2714979163079755 0.6692056747915504 0.2847059230472824 0.648855560704322 0.2894021032212582 0.627722749921431 0.2908696595256256 0.6061985907907086 0.2885215694386377 0.5952408370514317 0.28558645682990286 0.5878052184426367 0.2756070739602043 0.5866311733991428 0.30554522256929995 0.5823263415729983 0.31405704913463106 0.5494530803551677 0.31523109417812506 0.5365385848767343 0.3155246054389986 0.5126663356590241 0.3166986504824925 0.4981864467892654 0.3161116279607455 0.49270756991962694 0.3155246054389986 0.4903594798326391 0.32609101083044406 0.4876200413978198 0.33812497252625706 0.4810902737000744 0.3382206210430478 0.47715905880316273 0.3344642889034649 0.46238501582111907 0.3334882780363613 0.438305852435642 0.3369049160843005
11 0.839663975426488 0.7061929817998562 0.8294684724470559 0.708239475405136 0.8259633983705095 0.7055394959542273 0.8208215476738683 0.7079267837776677 0.8198421475411748 0.7112322592255085 0.8164142470767473 0.7136195470489488 0.8112723963801062 0.7172922975465497 0.7996802083442803 0.7183899973307157 0.7930692574485989 0.7207772851541563 0.7867031565860908 0.7200427350546363 0.7820510059557965 0.7070044707881535 0.7786231054913693 0.6941498440465508 0.7773988553255022 0.6794588420561475 0.7800922056904094 0.6697260532375053 0.7825407060221433 0.6607278145183834 0.7881722567851313 0.6531986759983017 0.7957626078135062 0.64456771232894 0.8013941585764941 0.6423640620303794 0.8033529588418812 0.64456771232894 0.8129021101356432 0.6421804245054994 0.8217167113298851 0.6418131494557392 0.8217167113298851 0.6447513498538199 0.8266137119933529 0.6449349873787 0.8300416124577802 0.6456695374782203 0.8307761625573005 0.6495259255007011 0.8364077133202883 0.6504441131251013 0.8364077133202883 0.6522804883739016 0.8408150139174093 0.6552186887719823 0.8422841141164497 0.6566877889710228 0.8439980643486633 0.6618296396676638 0.8447450425841063 0.6643056907846369 0.8380541338461004 0.6647433963144859 0.8361605169174028 0.662968130443832 0.8329650383502257 0.6634119469114954 0.8362788679754464 0.6648321596080186 0.838409187020231 0.6653647393692147 0.8393559954845798 0.6682939280557936 0.8409868769195954 0.6687087602196936 0.8419087261727064 0.6697688868607717 0.8420930960233286 0.672764896933383 0.838698450480564 0.678204495513905 0.8407265188374086 0.6784810502898384 0.8444139158498534 0.681246598049172 0.8466878106741944 0.6852105498375503 0.8478554863948018 0.6906494604309062 0.8475482033104315 0.6916634946093286 0.8500679246022688 0.6935071931155511 0.8500679246022688 0.6962266484122288 0.8466878106741944 0.6991765660221848 0.8449670254017201 0.700513247439196 0.8420785644086384 0.7008819871404406
20 0.33732247514789115 0.447015241271619 0.31901579044243084 0.4480367301455551 0.30219126020838716 0.4469851970059274 0.28882110235108294 0.44690158434178484 0.26582757769788995 0.44500882469045494 0.2333001525787389 0.4447985180625294 0.2218033902521423 0.4445882114346038 0.19656659490107686 0.44101299875986943 0.17076898187554324 0.43743778608513517 0.1665628493170323 0.44122330538779503 0.16207630792128733 0.4363862529455075 0.16179589908405326 0.43323165352662435 0.16095467257235108 0.42671214806093233 0.16796489350320262 0.4210338691069426 0.17020816420107507 0.4145143636412507 0.16880612001490478 0.39201155445321734 0.17020816420107507 0.36404077293911974 0.17273184373618164 0.3501605354960338 0.17777920280639475 0.33691121793672435 0.17918124699256505 0.32008668770268073 0.1800224735042672 0.31251564909736107 0.18254615303937383 0.3043136906082648 0.18703269443511877 0.3015797044452327 0.1912388269936297 0.3034724640965626 0.20441804234363053 0.30704767677129685 0.215634395832993 0.3095713563064034 0.22657034048512137 0.31419810212076543 0.23806710281171792 0.3127259557252866 0.24311446188193098 0.31398779549283984 0.25433081537129343 0.3219794473540107 0.2582565390925703 0.32008668770268073 0.266107986535124 0.32134852747023396 0.2806892460712952 0.32387220700534053 0.307608494445765 0.3261855799125215 0.33649060468087344 0.3261855799125215 0.35724085863619387 0.32660619316837264 0.38219724515002534 0.32997109921518136 0.38275806282449343 0.337542137820501 0.37518702421917377 0.3406967372393842 0.3692984386372585 0.34406164328619293 0.3622882177064069 0.3510017620077359 0.3600449470085344 0.36109648014816215 0.3558388144500235 0.3732942645678438 0.3524739084032148 0.3838095959641211 0.34882859351917195 0.397269220151356 0.3468657316585336 0.4008444328260903 0.3468657316585336 0.4132525238736975 0.3451832786351292 0.4281842944564113 0.3451832786351292 0.43449349329417764 0.3369716507748736 0.4354252973145723 0.34129796298168374 0.43930095199983965 0.3451435738321815 0.4416443711118617 0.34646550256204023 0.44588055181436326
26 0.2871938203296399 0.6973615903217055 0.24442027262097019 0.6950701502658838 0.1919717557877203 0.693924430237973 0.18127836886055293 0.6881958300984191 0.17516786204502865 0.6794119765511029 0.17516786204502865 0.6503870691773628 0.1777139065514971 0.6198345350997415 0.17924153325537812 0.596156321189585 0.18382441336702132 0.5885181876701795 0.19248096468901402 0.5828259942458792 0.21132169403688045 0.5824076808546553 0.22106984042616096 0.583407955938648 0.2293387811205009 0.6022131275177114 0.23467358156846216 0.6056140628032868 0.25687064156933437 0.6047663157820076 0.2718080828236259 0.6037660406980149 0.2800770235179659 0.6009652704628352 0.2907466244138884 0.6021656005636266 0.29981578517542246 0.6021656005636266 0.30675102575777213 0.5973642801604615 0.306217545712976 0.610367856252367 0.3056840656681799 0.6361749534193795 0.3040836255337915 0.6621821056031907 0.30274992542180124 0.6799870020982612 0.30274992542180124 0.6835879924006351 0.29954904515302444 0.6911900830389799 0.29101336443628645 0.6953912383917493
14 0.1904930954774821 0.5309037700972026 0.18781870173594797 0.5384960649600112 0.19370236796732307 0.5445134508784633 0.20333018543684603 0.5547430069398314 0.21001616979068138 0.5625656086338187 0.21750447226697703 0.573396903287032 0.2212486235051248 0.5812195049810194 0.22423258096658297 0.5887110135104252 0.22994222901933598 0.6016470238444276 0.23495430676092874 0.6045986221789424 0.27176225780021546 0.6031973042459747 0.28007674420249085 0.6003246024833907 0.2997886164595708 0.6017259204163585 0.30660836373334727 0.5970315053409165 0.3121506677729637 0.5875670114170908 0.3188464548960687 0.5831246141911846 0.32603332684042385 0.580119133391714 0.33066887177180443 0.5664056463030468 0.33466059101827084 0.5462217110809946 0.33543318184016757 0.5435176432043559 0.3300250460868904 0.5345362748998064 0.3250032057445616 0.5186981630509232 0.3244881451966304 0.5122277149175379 0.32693468279930343 0.507012726869735 0.32358678923775097 0.49880394938708217 0.306332260882057 0.5034394943184626 0.2819956499923098 0.5089442039244768 0.27478480232127356 0.5105859594210074 0.26499865191058153 0.5052743975204672 0.25122078225342304 0.5028600512020399 0.24169216211669656 0.5032463466129884 0.2248239291719511 0.505950414489627 0.2173555512269493 0.5102962378627961 0.2057666888984982 0.5090407777772139 0.19520794766590938 0.5093304993354253 0.18915598622771831 0.5075921699861575 0.18876969081676992 0.5016045911164577 0.18284649451556162 0.4980313585651854 0.175249351433577 0.5004457048836126 0.167909738625558 0.5068195791642608 0.17203022300900725 0.5114551240956412 0.17898354040607792 0.5176358506708151
16 0.17640942225134196 0.5165390094507374 0.1760472763181701 0.5309343102943179 0.1745543397888259 0.5428114855829387 0.1756407775883414 0.5479720651306373 0.17926223692005977 0.5527252305035177 0.18559979075056698 0.5569351769766403 0.18976446898204313 0.5578858100512164 0.19483451204644883 0.5585648336759135 0.205698890041604 0.5587006384008529 0.18668622855008243 0.538601539109816 0.18976446898204313 0.5309964745132073
16 0.17980545581981755 0.4979959263529236 0.18107296658591904 0.4883537908822234 0.18650515558349653 0.4616002600691539 0.18958339601545718 0.45562485217181864 0.19682631467889394 0.45141490569869597 0.205698890041604 0.4508716867989382 0.2230818948338522 0.4515507104236354 0.2462592345568498 0.4533161718478481 0.27016086614619117 0.4553532427219398 0.28718172500526756 0.4564396805214552 0.29913254079993823 0.45766192304591014 0.3038404379311721 0.45861255612048624 0.30999691879509333 0.46200767424397227 0.3098158458285074 0.4648595734677004 0.3087294080289919 0.47952648376115986 0.3049268757306876 0.5024774822759251 0.2752309092105969 0.5099467421475943 0.26563404198154317 0.5043787484250774 0.25132927762125556 0.5020700681011069 0.24173241039220186 0.5022058728260462 0.22416833263336775 0.5053293814996533 0.21710648693651688 0.5096751326977155 0.2055178170750181 0.5083170854483211 0.19573987687937844 0.5087244996231394 0.18969335192692763 0.5073021439727663 0.18969335192692763 0.5010793380023845 0.18258157367506267 0.49725675719200707
28 0.584780320511879 0.35415628893549284 0.5909952591992017 0.36012845658034204 0.5890530908594134 0.36347869696647694 0.5832265858400483 0.3648624919085761 0.5798277912454186 0.36296887777728254 0.5725446599712124 0.3628960464645404 0.5709909252993817 0.36114809495873096 0.5751665872299266 0.35772502325985395
28 0.70826792154128 0.34789247261383444 0.7054128050471867 0.3480709173947153 0.7045800627364096 0.34949847564176195 0.6994646456844927 0.3498553652035236 0.6949440445688451 0.34851702934691736 0.692088928074752 0.34539424568150295 0.696966418752161 0.3411115709403632 0.704223173174648 0.3404870142072803 0.7131454122186892 0.3399516798646378 0.7194504611431449 0.3399516798646378 0.7287295897489479 0.34173612767344613 0.7371759760439736 0.3457511352432646 0.7363432337331963 0.3487846965182386 0.734677749111642 0.35056914432704694 0.7311088534940255 0.3535134832115805 0.7252796573185851 0.35413803994466336 0.7208780193901916 0.3522643697454147 0.7150488232147514 0.3501230323748448
28 0.6209013300903571 0.6049786425640502 0.6149390778222843 0.6046432658739711 0.611808895381546 0.603078174653602 0.601076841299015 0.6020720445833647 0.5928787444304149 0.6016248756632593 0.589450449376273 0.5981593165324419 0.5849787601752183 0.5913399905008336 0.5818485777344801 0.5840734955491199 0.5872146047757457 0.583514534398988 0.5974994899381713 0.584408872239199 0.6061447557268769 0.5828437810188298 0.6124051206083533 0.5840734955491199 0.6171749224228116 0.5845206644692253 0.6268635823584299 0.5848560411593045 0.6340182850801174 0.5867565090697526 0.6335711161600118 0.5901102759705436 0.6405767625749974 0.5860857556895944 0.6432597760956301 0.5865329246096999 0.6422163819487173 0.59145178273086 0.6372975238275573 0.5926814972611499 0.632527722013099 0.5937994195614137 0.6299937647991681 0.5982711087624683 0.6282050891187463 0.5990536543726528 0.6320805530929936 0.6006187455930219 0.6380428053610664 0.6007305378230483 0.6416201567219102 0.6035253435737075 0.637595636440961 0.6049786425640502 0.637446580134259 0.6081088250047884 0.6288013143455535 0.6098975006852103 0.6179202039563206 0.611686176365632 0.611808895381546 0.6128040986658957 0.6064428683402805 0.6145927743463175 0.5995862782319968 0.6145927743463175 0.597797602551575 0.6131394753559749 0.5967542084046622 0.6107918385254212 0.603610798512946 0.607102694934551 0.6079334314072987 0.607102694934551
28 0.8011646469362583 0.5709082602639546 0.8019899865496691 0.5743127861692744 0.804466005389902 0.5766340538319928 0.7953872696423816 0.5840621103526913 0.7832135103445702 0.5919544204059334 0.7780551377607519 0.5939661857136227 0.7731031000802864 0.5917996692284189 0.7574216474254785 0.5856096221278367 0.7563899729087147 0.5835978568201478 0.7634053596227077 0.5798838285597985 0.7640243643327659 0.5767888050095074 0.7772297981473411 0.5767888050095074 0.7877528782183306 0.5758602979444202
28 0.7260925248982738 0.5755196291766155 0.7306318927720341 0.5769123897742464 0.7310445625787395 0.5793884086144793 0.7364092700659106 0.5795431597919939 0.7376472794860269 0.5823286809872558 0.7355839304524997 0.5855784557150613 0.7271241994150376 0.584340446294945 0.7236165060580411 0.5787694039044211
28 0.7141251005038152 0.5849594510050031 0.7079350534032333 0.5829476856973139 0.7005069968825347 0.584959451005003 0.7027766808194148 0.5874354698452359 0.7081413883065859 0.5869712163126922 0.7118554165669351 0.5866617139576632
28 0.7588954576315119 0.6058521153828887 0.7643237665201156 0.5979422938594948 0.7663399955358827 0.600152391049855 0.7682011300119753 0.6032930554782613 0.7736294389005791 0.6032930554782613 0.776731329694067 0.6049215481448424 0.7722335880435095 0.6084111752875162 0.7562588504570473 0.6084111752875162 0.7526916760445362 0.6059684362876446
28 0.8324090892583261 0.5813778309822629 0.8309197676825008 0.585500667353029 0.8283544472740243 0.5864626625062076 0.8281712101019904 0.5876995134174373 0.8318359535426709 0.5911352103930754 0.8340347996070794 0.5897609316028202 0.8356839341553857 0.581377830982263
28 0.8386013605856546 0.47373933930319106 0.8301293171671819 0.4797403700579425 0.8291879790095739 0.4829173863398698 0.8230692809851214 0.4829173863398698 0.8261286299973476 0.49085992704468784 0.8322473280218001 0.49209543337654843 0.8402487023614686 0.49438994513571816 0.845190727688911 0.49562545146757875 0.845190727688911 0.4936839415175121 0.8378953569674485 0.48803591257186363 0.8378953569674485 0.4866239053354516 0.843778720452499 0.4866239053354516 0.8506034220951575 0.4852118980990394 0.8588401309742282 0.48079937548525153 0.8600168036712382 0.4783283628215304 0.8527214329497756 0.47479834473050014 0.8541334401861878 0.4716213284485729 0.8541334401861878 0.4684443121666456 0.842131378676685 0.4640317895528579 0.8301293171671819 0.46473779317106384 0.8223632773669154 0.4714448275440214 0.8247166227609355 0.4739158402077425
28 0.5639310515237422 0.5269378101933606 0.566695877721651 0.5324674625891779 0.5703823126521959 0.5324674625891779 0.5728399359392258 0.5343106800544503 0.5673102835434084 0.5377667128018361 0.5639310515237422 0.5377667128018361 0.5605518195040762 0.5414531477323811 0.555943775840895 0.5423747564650172 0.5544077612865014 0.5320066582228598 0.558401399127925 0.5257857992775653
28 0.6546812791442282 0.5802112652756317 0.6580084523189168 0.5852020250376647 0.6644876842906791 0.5908494637157549 0.6630867692697575 0.5916374784150231 0.6489025046829268 0.5901927847996978 0.6452251027530076 0.5926881646807144 0.6394463282917061 0.5940015225128283 0.6448748739977772 0.5974162528763246 0.651879449102385 0.5966282381770563 0.6578333379413017 0.5978102602259588 0.6531052497456913 0.600830983239821 0.6494278478157723 0.6035890346872603 0.6497780765710026 0.605821743001854 0.6569577660532258 0.6067410934843338 0.6629830336511311 0.6082160120519785 0.6677111218467414 0.6083473478351898 0.6703378375109692 0.6030939165067339 0.6689369224900478 0.6000731934928718 0.6724392100423515 0.6007298724089288 0.6787433276364986 0.6032252522899454 0.6918769059576383 0.6075593331359215 0.700632624838398 0.609398034100881 0.7085127718310819 0.6105800561497836 0.7174436050894567 0.6104487203665722 0.7314527552986725 0.6118934139818976 0.7503651080811138 0.611368070849052 0.7494895361930376 0.6041446027724251 0.7407338173122779 0.6028312449403112 0.7191947488656087 0.5995478503600262 0.7043100267683171 0.5979718209614895 0.7008077392160132 0.5967897989125869 0.6992317098174765 0.5946884263812046 0.6918769059576383 0.5948197621644159 0.6897755334262559 0.5914050318009196 0.6852225596082608 0.5915363675841311 0.6825958439440327 0.5944257548147818 0.6750659257065795 0.5919303749337652 0.6834714158321088 0.5903543455352285 0.6832963014544937 0.5881216372206347 0.6876741608948735 0.5870709509549435 0.6869737033844129 0.5841815637242929 0.6776926413708074 0.5805041617943737 0.6789184420141138 0.5791908039622597 0.6841718733425697 0.580635497577585 0.689950647803871 0.5726240148016899 0.689775533426256 0.5644811962425833 0.6845221020978002 0.5568637208163224 0.6866234746291824 0.5564697134666882 0.6870179271100716 0.5518056347729713 0.6882421770289817 0.5442720695251501 0.6918329120326031 0.5439354381185605 0.6965008675373112 0.5425215862108844 0.6976678564134883 0.5390879458636714 0.6991939187900275 0.5393572509889429 0.7016176649174724 0.5415790182724337 0.7053998914614631 0.5439290267673541 0.7124915930936155 0.5467567305827061 0.7169800118481428 0.5487091927409253 0.7188651477250442 0.5505943286178266 0.7248796288561102 0.5549705369034905 0.7258670809821062 0.5568556727803918 0.730175962986452 0.5543646003716294 0.732150867238444 0.548305235053018 0.7277522168590075 0.5434577427981289 0.728829437360094 0.5400241024509157 0.733497392864802 0.5406973652640947 0.7368188227431518 0.5422458697344066 0.7422049252485844 0.54406367932999 0.747142185878564 0.5435250690794468 0.7501943106316424 0.5457468363629376 0.7568371703883424 0.5464200991761167 0.760427905391964 0.5485745401782897 0.7630311882695896 0.5502576972112373 0.7690456694006558 0.5505270023365089 0.7694945112761086 0.5502576972112373 0.7692252061508369 0.5464874254574346 0.7712898787779193 0.5471606882706136 0.7723670992790058 0.5497864132420119 0.7732647830299112 0.5538259901210862 0.7765862129082612 0.5542299478089937 0.784036988040776 0.5497864132420119 0.7908593845476571 0.545477531237666 0.798848769930715 0.5380716402926964 0.7992078434310773 0.5357152204465697 0.7958864135527273 0.5327528640685819 0.7974124759292665 0.5293192237213687 0.7973227075541759 0.5254142994049302 0.7992976118061677 0.5219133327763992 0.8026190416845176 0.5173351456467816 0.8024395049343366 0.5113431066094881 0.8016315895585219 0.5091213393259972 0.8035167254354231 0.507168877167778 0.8009134425577975 0.5039372156645187 0.7953478033021839 0.5026580163194784 0.7887947119205747 0.5025233637568426 0.7825109256642367 0.50582235154142 0.7744317719060883 0.5024560374755247 0.7784713487851626 0.5001669439107158 0.7825109256642367 0.4988204182843578 0.7813439367880598 0.4924917478404748 0.7808950949126071 0.4900006754317123 0.7811644000378787 0.4846145729262799 0.7778429701595289 0.4803730172032519 0.7729954779046396 0.47855520760766834 0.7769452864086233 0.4776799659505357 0.7769452864086233 0.47660274544944914 0.7755987607822654 0.4736403890714614 0.7820620837887842 0.46744637119021404 0.7830495359147801 0.4657632141572664 0.7841267564158665 0.45889593346284024 0.7843960615411382 0.4551256617090375 0.7755987607822654 0.45532764055299124 0.7762271394078991 0.45007619061019466 0.7742522351559071 0.4471138342322068 0.7697638164013801 0.4436801938849937 0.7729954779046396 0.4398425958498731 0.7746113086562694 0.43910200675537614 0.777573665034257 0.4387653753487865 0.7826006940393274 0.43472579846971227 0.7822416205389654 0.43277333631149306 0.7788304222855248 0.42954167480823374 0.7792792641609775 0.4262426870236563 0.778381580410072 0.42328033064566845 0.7764066761580801 0.41863481723473306 0.7754192240320842 0.416547702513878 0.7705717317771951 0.41351801985457226 0.7704819634021045 0.4125081256348037 0.7743420035309977 0.41257545191612166 0.7762271394078991 0.4142586089490692 0.778561117160253 0.417961554421554 0.7798178744115206 0.41883679607868674 0.7827802307895084 0.41863481723473306 0.7876277230443975 0.4123734730721679 0.7946296563014595 0.41170021025898884 0.8004646006823447 0.4105556634765845 0.8090823646910366 0.41001705322604126 0.8175205919495473 0.4090071590062726 0.8170717500740947 0.40436164559533716 0.8156354560726462 0.40200522574921055 0.8119549526939339 0.39917752193385847 0.8094414381913988 0.3976963437448645 0.8019008946837932 0.3981676277140898 0.8027985784346988 0.3941280508350155 0.802170199809065 0.39029045279989494 0.797861317804719 0.38416376119996565 0.7965147921783611 0.38234595160438223 0.7930138255498299 0.3834231721054687 0.7905003110472948 0.384635045169191 0.7917570682985624 0.3865201810460923 0.7861914290429489 0.3911656944570278 0.779548569286249 0.39628249183718856 0.7772145915338949 0.3985042591206795 0.7638391036454044 0.3981003014327721 0.759440453265968 0.3981003014327721 0.7578246225143382 0.3987735642459511 0.7445389030009383 0.39783099630750046 0.7497454687561897 0.3957438815866454 0.7507329208821855 0.3937914194284261 0.7501943106316423 0.3923102412394322 0.7457956602522059 0.3877993803911327 0.7402300209965924 0.3810667522593421 0.7345746133658885 0.38019151060220935 0.7317020253629911 0.37897963753848707 0.7283805954846411 0.3784410272879438 0.7251489339813817 0.37951824778903026 0.7235331032297521 0.3762865862857708 0.7163516332225089 0.3709678100616563 0.7098883102159899 0.366928233182582 0.7027068402087466 0.36564903383754177 0.6917550984477009 0.3621480672090107 0.6838681459523228 0.35912155067785245 0.6834023873546268 0.3556562260200724 0.6779289570617792 0.3545440024194978 0.6744142705446098 0.3548481579834836 0.6696829617714964 0.3520093727196158 0.6652220134997041 0.352820454223578 0.6557593959534779 0.3548481579834836 0.6526502501882893 0.3588021803152996 0.644269074647346 0.36873792873883715 0.644269074647346 0.3753279659585304 0.641295109132818 0.37877506235037006 0.6391322251222519 0.3819180031782237 0.6379156028663084 0.3848581736300869 0.6364286201090443 0.3874941885179642 0.6323732125892331 0.38871081077390746 0.6279122643174407 0.390332973781832 0.6156108615073466 0.38587202551003963 0.6050668019558374 0.38404709212612465 0.5983077894228186 0.3843512476901105 0.5989836906761205 0.38759557370595943 0.5997947721800827 0.3926648331057235 0.5989836906761205 0.39550361836959136 0.5974967079188563 0.40107980370933183 0.5997947721800827 0.4036144334092138 0.6053371624571581 0.40736568536503925 0.6033094586972525 0.40919061874895435 0.6000651326814035 0.41101555213286933 0.599524411678762 0.41476680408869476 0.590872875636498 0.40949477431294024 0.5801936358343284 0.4042227445371856 0.577895571573102 0.4030061222812422 0.5739753443039511 0.39682162581353014 0.5695143960321588 0.3946925368656291 0.5622146624964985 0.3988493295734356 0.5582944352273478 0.4070615298010533 0.5524816844489516 0.41882221160850597 0.5514002424436686 0.42297900431631247 0.5497780794357441 0.4237900858202747 0.544370869409329 0.42652748589614736 0.5449115904119706 0.43362444905581704 0.5441005089080083 0.44579067161525077 0.5496428991850837 0.45430702740685436 0.5546445684595176 0.46586493883831637 0.5557260104648005 0.46738571665824563 0.5484262769291403 0.46799402778621724 0.5499132596864045 0.47215082049402374 0.55194096344631 0.4793491688416889 0.5516706029449894 0.4834045763615001 0.5455874916652724 0.48421565786546233 0.5419376248974423 0.4773214650817832 0.5373414963749896 0.4882710653852735 0.5316639258472539 0.4964832656128913 0.5327453678525368 0.5026677620806034 0.5412617236441404 0.5013497546366648 0.5431542471533857 0.502160836140627 0.5436949681560271 0.5103730363682447 0.5451819509132914 0.5154422957680088 0.5468041139212159 0.5178755402798956 0.5523465041982911 0.5174699995279144 0.5596462377339515 0.5188893921598483 0.5700551170348004 0.5202073996037869 0.5800584555836681 0.5199032440398011 0.5818157988422529 0.5184838514078672 0.5749216060585739 0.5095619548642825 0.563431284752442 0.51047442155624 0.5557260104648006 0.5103730363682447 0.557348173472725 0.5080411770443534 0.5545093882088572 0.5047968510285042 0.5543742079581968 0.5012483694486695 0.5624850229978193 0.5005386731327025 0.5708661985387625 0.49840958418480164 0.5765437690664983 0.49536802854494316 0.5851953051087623 0.4846211986174434 0.5854656656100831 0.4829990356095189 0.5793825543303662 0.47924778365369347 0.5792473740797058 0.47792977620975485 0.5851953051087623 0.477625620645769 0.5914135966391396 0.4799574799696604 0.59519864365763 0.47782839102175956 0.5980374289214979 0.47407713906593424 0.6042557204518751 0.4696161907941418 0.6107443724835732 0.4644455462063825 0.6099332909796109 0.4628233831984579 0.6145294195020636 0.4623164572584816 0.6189903677738559 0.46353307951442496 0.623721676546969 0.46008598312258536 0.6271011828134784 0.45734858304671283 0.6272363630641388 0.4527862495869252 0.6229105950430067 0.4501502346990478 0.61682748376329 0.44690590868319885 0.6234513160456483 0.4468045234952036 0.6310214100826294 0.44751421981117046 0.6368341608610254 0.44781837537515634 0.6435931733940441 0.44568928642725547 0.6467023191592327 0.4441685086073262 0.6491355636711195 0.44609482717923654 0.6450801561513082 0.44812253093914217 0.6435931733940441 0.44984607913506197 0.6476485809138555 0.45532087928680715 0.646431958657912 0.4568416571067363 0.6394025856235726 0.45542226447480244 0.6365638003597046 0.45572642003878827 0.6298047878266859 0.46322892395043913 0.6273715433147992 0.4699203463581276 0.6292640668240445 0.4720494353060285 0.632373212589233 0.4770173095177973 0.6306158693306482 0.48066717628562744 0.6296696075760255 0.4842156578654622 0.6311565903332896 0.48553366530940095 0.6398081263755537 0.48492535418142924 0.6468374994098931 0.48441842824145276 0.6502170056764025 0.4864461320013584 0.6544075934468743 0.48786552463329236 0.659814803473289 0.4859392060613821 0.6672497172596098 0.4842156578654622 0.6710347642781003 0.4846211986174433 0.6721162062833832 0.4869530579413348 0.678875218816402 0.49141400621312714 0.6830658065868737 0.4930361692210517 0.6817140040802698 0.4943541766649904 0.6815788238296094 0.49769988786883457 0.6790103990670623 0.49628049523690065 0.67454945079527 0.5015525250126552 0.6692774210195154 0.505405162156476 0.6667089962569682 0.5019580657646364 0.6610314257292325 0.49628049523690065 0.6599499837239494 0.49171816177711297 0.6553538552014967 0.4910084654611461 0.6423765511381008 0.4908056950851554 0.6173682047659315 0.4897918432052027 0.6133127972461202 0.48887937651324515 0.6099332909796108 0.4919209321531037 0.6116906342381957 0.49475971741697145 0.6011465746866864 0.49668603598888184 0.5919543176417811 0.4994234360647545 0.5812750778396114 0.5029719176445892 0.5801936358343285 0.5059120880964524 0.5876285496206489 0.5108799623082212 0.591954317641781 0.5139215179480796 0.5964152659135734 0.5185852365958625 0.6000651326814035 0.5230461848676549 0.6046612612038562 0.5246683478755794 0.6081759477210259 0.528115444267419 0.6198014492778181 0.5285209850194 0.6315621310852707 0.5237558811836218 0.632373212589233 0.5250738886275604 0.6339953755971576 0.5278112887034331 0.6410247486314968 0.5294334517113577 0.6434579931433838 0.5308528443432915 0.6410247486314969 0.5319680814112396 0.6402136671275346 0.5368345704350131 0.6358878991064028 0.5345027111111217 0.6258845605575349 0.5340971703591405 0.6180441060192333 0.5344013259231264 0.6200718097791389 0.541092748330815 0.6231809555443275 0.5426135261507441 0.6265604618108368 0.5464661632945649 0.628047444568101 0.5513326523183384 0.6344009163491386 0.5532589708902487 0.635617538605082 0.5559963709661212 0.6318324915865916 0.558429615478008 0.6322380323385726 0.5618767118698476 0.6319676718372519 0.564208571193739 0.6291288865733841 0.5632961045017815 0.6284529853200822 0.5645127267577249 0.6311565903332896 0.5673515120215927 0.6415654696341384 0.5698861417214748 0.6538668724442326 0.5731304677373238 0.6621384050930287 0.575291063928549 0.66196670595102 0.5769734960399137 0.6569503946328062 0.5768351775057527
28 0.6250042506258011 0.36099216734397094 0.6211366500649979 0.3667935681851758 0.6163021493639939 0.36244251755427215 0.6147551091396725 0.36041202725985044 0.6178491895883151 0.35635104667100703 0.62365059042952 0.35707622177615767 0.6277115710183634 0.35504573148173596 0.6288718511866043 0.3530152411873143 0.6327394517474075 0.35258013612422395 0.6385408525886124 0.3554808365448264 0.6375739524484116 0.3578013968813083 0.6300321313548453 0.35707622177615767
