26 0.17520380887022444 0.6829356194731421 0.17556925148145447 0.6730686689699307 0.1770310219263747 0.6475790468366344 0.17776190714883477 0.6130447200753948 0.1784927923712949 0.5941330649442396 0.18470531676220578 0.5875550979420986 0.1949377098766472 0.5837179505241831 0.21942236482906063 0.5839920324826057 0.25779383900821606 0.587281015983676 0.28702924790662016 0.5883773438173662 0.30018518191090204 0.5883773438173662 0.3053013784681227 0.593310819068972 0.3063977063018129 0.6067408350316763 0.3053013784681227 0.6286673917054794 0.30457049324566265 0.6500457844624374 0.3023778375782823 0.6741649968036207 0.30347416541197253 0.6829356194731421 0.2994542966884419 0.688965422558438 0.2895873461852305 0.6949952256437338 0.278624067848329 0.6958174715190012 0.24719600328254457 0.6952693076021562 0.198800780509148 0.6928791908921774 0.18710661694978636 0.6912346991416424
16 0.18336527780416145 0.5541689706259045 0.17845393745569493 0.5496187582442371 0.17556491372130284 0.543118454841855 0.17767495966511251 0.5193742418503349 0.18027508102606535 0.4931563514607268 0.1822973976401398 0.46152154156913366 0.1863420308682887 0.4541545310464339 0.2007871495402491 0.44895428832452816 0.2374777509670284 0.4504710257850839 0.2785018879953958 0.45307114714603686 0.29872505413614037 0.4539378542663545 0.30248078499085 0.4556712685069897 0.3045031016049245 0.45805471308786316 0.3036363944846069 0.4743054715938186 0.30103627312365405 0.5167741204893821 0.29756944464238355 0.5514424053020869 0.29265810429391703 0.5562092944638338 0.2813909117297879 0.5618428907458983 0.26058994084216497 0.5607595068455014 0.2010760519136883 0.5568593248040721 0.18807544510892396 0.5562092944638338
11 0.30063201737305817 0.5875104952675191 0.2975233040420358 0.5779019564116562 0.29643703625150825 0.5673513127330513 0.2973905450657374 0.558173790396095 0.30438294303675173 0.5563859613694153 0.3131234405005195 0.5565051499711939 0.31863086208826197 0.5512472832262636 0.3289605409090784 0.5507705288191491 0.3402437285441241 0.5532734894565007 0.3491431441435967 0.5575642791205321 0.35693013279313535 0.5607823713685557 0.35947282296441324 0.5642388408201365 0.3559766239789061 0.56924476209484 0.3593139048287084 0.5711517797232983 0.36090308618575706 0.5729396087499782 0.36201551313569114 0.5793757932460254 0.3688489929710005 0.5836665829100569 0.3760003090777196 0.590817899016776 0.3799732624703413 0.5996378555483961 0.37822516297758774 0.6011873073715186 0.3787019173847024 0.6086961892835737 0.3764770634848342 0.6111991499209254 0.36869007483529564 0.6133445447529411 0.36598846652831285 0.6135829219564984 0.36344577635703496 0.6150131851778422 0.36328685822133006 0.6185888432312018 0.35994957737152783 0.6196615406472096 0.3602674136429376 0.6219261240810039 0.35756580533595483 0.6239523303112411 0.35629446025031586 0.6250250277272489 0.35518203330038184 0.6283623085770512 0.34358100939392633 0.6303885148072883 0.3426275005796972 0.6299117604001736 0.34040264667982895 0.6312228350197389 0.3356351026086829 0.6327722868428612 0.3311853948089466 0.6300309490019523 0.32355732429511286 0.6235947645059051 0.31338656361000133 0.610960772717368 0.307665510724626 0.6022600047875264 0.3063941656389871 0.5926057280434557
14 0.6690103340602802 0.7171211612701162 0.6674077142665935 0.708907734827472 0.6609972350918469 0.7055021677658879 0.6535183427213092 0.7010949633332495 0.6471078635465625 0.689876624777443 0.646573656948667 0.6830654906542748 0.6519157229276225 0.6764546840053173 0.6569906856076302 0.6714464971500465 0.6481762767423537 0.6628324157589806 0.6375755745883419 0.6476587241236205 0.6357058514957076 0.6426505372683496 0.6514649461336262 0.638643987784133 0.6610806648957462 0.6396456251551872 0.6731003133483963 0.6392449702067655 0.6885923046873672 0.6368410405162355 0.7011461597379127 0.6330348185062297 0.712631601592667 0.6330348185062297 0.7417458611779747 0.6336358009288622 0.7612444020011624 0.6368410405162355 0.7727298438559168 0.6436521746394038 0.7844823890096189 0.6498623263399397 0.7810100461232978 0.6622826297410112 0.7868863187001489 0.6616816473183786 0.792762591277 0.6731003133483963 0.7940981077717388 0.6811134123168294 0.7978375539570078 0.6893268387594736 0.7965020374622689 0.6955369904600094 0.7906257648854177 0.6959376454084311 0.7799416329275067 0.6983415750989609 0.7748666702474991 0.7015468146863343 0.7593746789085281 0.7057536916447619 0.7388077248895492 0.7145681005100384 0.7227815269526826 0.7193759598910983 0.7054198125210772 0.7197766148395199 0.6950027838621139 0.7263874214884776 0.6917975442747405 0.7279900412821643 0.682983135409464 0.7327979006632241 0.6712305902557618 0.7380064149927058 0.6688266605652318 0.73179626329217 0.6645530077820674 0.7231821819011042 0.6645530077820674 0.7197766148395199
13 0.44396904094592526 0.801856350162852 0.4347540749814183 0.7917414120703665 0.43557591633299014 0.7775646487557549 0.4409178851182059 0.7732499816600036 0.4425615678213493 0.7677025525368948 0.44790353660656523 0.7655452189890191 0.4450270918760644 0.7535257892222833 0.4599063340782432 0.7504918945269821 0.4598202362043546 0.7470537885786563 0.4501981225882235 0.747371203857698 0.4512561735183626 0.7441970510672807 0.44025244384491574 0.7419751441139886 0.4307299854736637 0.7454667121834475 0.4252281206369402 0.7532433865199702 0.41793011740495345 0.7517980884103536 0.4113702016380909 0.7467194439456858 0.4120050321961743 0.742910460597185 0.4143327442424804 0.7376731084929962 0.4098889303358961 0.7289441883193484 0.41137020163809085 0.7256113278894102 0.3944413867558649 0.7191043146690547 0.38978596266325277 0.713866962564866 0.39359494601175354 0.7106928097744486 0.40502189605725625 0.7043445041936138 0.41644884610275873 0.7029161354379262 0.4306267285666229 0.6952981687409243 0.4481903740069324 0.6889498631600895 0.46787012130752004 0.6841886339744636 0.488396309352219 0.6768880825565037 0.5008813103278607 0.6729203915684819 0.5057483446065006 0.6729203915684819 0.5123082603733632 0.6754597138008158 0.517386904838031 0.676570667277462 0.5224655493026987 0.6860931256487138 0.5317763974879232 0.7013290590427174 0.5357969910224517 0.7073599493445103 0.5362202113945074 0.7122798861696572 0.5421452966032864 0.7240242514942014 0.5552651281370115 0.7216436369013884 0.5611902133457907 0.7214849292618676 0.5721939430192375 0.7219610521804302 0.5770609772978774 0.7194217299480964 0.5891227579014634 0.7216436369013884 0.5901808088316026 0.7295790188774319 0.5935665718080477 0.7313248029121614 0.5994916570168269 0.731800925830724 0.6039354709234113 0.741799507120539 0.6039354709234113 0.7473542745037691 0.6079560644579398 0.75116325785227 0.6056283524116337 0.7613205467816055 0.6018193690631329 0.7641772842929813 0.6073212338998564 0.7768738954546507 0.5969523347844929 0.7854441079887774 0.5806583504603505 0.7940143205229044 0.5525141957186497 0.7971884733133219 0.5080760566528068 0.80417160945224 0.4924169028867476 0.80417160945224 0.46596562963326965 0.8060761011264904 0.4494600351230993 0.80417160945224
20 0.3108241117511771 0.4281966264334061 0.3201314982744834 0.43040100745208393 0.32503012276043414 0.4351771663258858 0.33433750928374045 0.443810991982374 0.3438898270313444 0.4423414046365888 0.3558914570219236 0.4384837378539026 0.3629944625265521 0.43407497581654697 0.3522111005398557 0.4203019808945705 0.3389848144277888 0.39991145647180054 0.33335139626894544 0.3938494086704366 0.33678043340911096 0.3905428371424199 0.3402094705492764 0.3721729953201048 0.3362905709605159 0.34645521676886354 0.3360456397362183 0.3387398832034912 0.33016729035307757 0.3284527717829946 0.3286977030072923 0.322758120818077 0.33188180892316027 0.3196352477082834 0.33408618994183814 0.3089807394513407 0.3397196081006813 0.292447881811257 0.33212674014745774 0.29208048497481076 0.30934813628778696 0.2944685644117117 0.2792215956991902 0.29685664384861266 0.23660356267141902 0.2996121201219599 0.20647702208282218 0.3023675963953072 0.20770167820430988 0.28859021502857085 0.20280305371835916 0.277935706771628 0.1954551169894331 0.2762824210076197 0.18394334944744894 0.28032378620852905 0.1697373384381919 0.2860184371734467 0.1672880261952166 0.2900598023743561 0.1663083012980264 0.2955707549210506 0.15577625865323239 0.298509929612621 0.15063270294298414 0.3012654058859683 0.1523472215130669 0.3091644378695638 0.15528639620463733 0.32992235912877993 0.15945022701769548 0.35306835982489704 0.16336912660645597 0.36592724910051755 0.16459378272794367 0.39091023397886615 0.16434885150364614 0.39605378968911437 0.15700091477472009 0.39715598019845333 0.15381680885885213 0.40358542483626364 0.14842832192430633 0.4147910283478759 0.14573407845703346 0.4226900603314714 0.15602118987752994 0.4252618381865955 0.17120692578397712 0.4259966318594881 0.1834534869988539 0.42764991762349636 0.20231319126976413 0.43040539389684374 0.2133350963631532 0.4298542986421743 0.232929594306956 0.4320586796608521 0.25154436735356867 0.43224237807907523 0.27309831509175175 0.43224237807907523 0.29269281303555456 0.4311401875697364 0.3049393742504313 0.4298542986421743
30 0.43353953166257325 0.3346266532729011 0.4194509911406459 0.32552780418582294 0.4104499791405256 0.31466788753350394 0.39447913461396666 0.27971623161243314 0.3784338523528827 0.2462559478728556 0.36591070522228053 0.22717771591607894 0.3573010415699916 0.20809948395930228 0.35690969322216026 0.18872774074165213 0.36160587339613603 0.1717040876109899 0.37295497548324424 0.15614799078469507 0.3897829544399908 0.13912433765403281 0.40348014661408693 0.13237357865394264 0.4250043057448093 0.12239419578424408 0.4527900384408327 0.11623045930590084 0.48135846783251873 0.11358885795803947 0.5067961104415544 0.11417588047978644 0.5283202695722767 0.1176980156102683 0.543582855137698 0.1218071732624971 0.5690204977467336 0.13178655613219567 0.5870225217469742 0.1420594502627677 0.6018937589645641 0.1535063894368337 0.6144169060951662 0.16642088491526708 0.6226352213996239 0.18021591417632102 0.6261573565301057 0.19577201100261588 0.6269400532257684 0.2083929952201758 0.6269400532257684 0.21631779926375994 0.6472901673129967 0.22013344565511528 0.6633354495740806 0.22394909204647065 0.6793807318351646 0.23187389609005474 0.6883817438352849 0.23979870013363885 0.6907298339222728 0.25212617309032537 0.6852509570526344 0.2714979163079755 0.6692056747915504 0.2847059230472824 0.648855560704322 0.2894021032212582 0.627722749921431 0.2908696595256256 0.6061985907907086 0.2885215694386377 0.5952408370514317 0.28558645682990286 0.5878052184426367 0.2756070739602043 0.5866311733991428 0.30554522256929995 0.5823263415729983 0.31405704913463106 0.5494530803551677 0.31523109417812506 0.5365385848767343 0.3155246054389986 0.5126663356590241 0.3166986504824925 0.4981864467892654 0.3161116279607455 0.49270756991962694 0.3155246054389986 0.4903594798326391 0.32609101083044406 0.4876200413978198 0.33812497252625706 0.4810902737000744 0.3382206210430478 0.47715905880316273 0.3344642889034649 0.46238501582111907 0.3334882780363613 0.438305852435642 0.3369049160843005
28 0.5568311574563223 0.457657364949057 0.5551851194064091 0.4638300076362313 0.5542445262350303 0.4689444830056042 0.5511875984280488 0.4673572320289022 0.5443682979355515 0.45571739153308805 0.54131137012857 0.44919202640664674 0.54131137012857 0.44107941030350356 0.5415465184214149 0.4350831288359629 0.5488361154996014 0.43137954322365846 0.5523633398922724 0.43261407176109323 0.553539081356496 0.4364940185930313 0.5573014540420117 0.43861035322863384 0.5577717506277012 0.4428430224998391 0.5549499711135645 0.4481338590888455 0.5565960091634775 0.4525428895796842
28 0.5824997183640469 0.355524650224192 0.5887146570513696 0.3614968178690412 0.5867724887115813 0.3648470582551761 0.5809459836922162 0.3662308531972753 0.5775471890975865 0.3643372390659817 0.5702640578233803 0.36426440775323954 0.5687103231515496 0.3625164562474301 0.5728859850820945 0.3590933845485531
28 0.7046189581047484 0.35028710486905806 0.7017638416106551 0.3504655496499389 0.7009310992998781 0.3518931078969856 0.6958156822479612 0.35224999745874724 0.6912950811323135 0.350911661602141 0.6884399646382203 0.3477888779367266 0.6933174553156295 0.3435062031955869 0.7005742097381165 0.34288164646250396 0.7094964487821577 0.3423463121198615 0.7158014977066134 0.3423463121198615 0.7250806263124163 0.3441307599286698 0.733527012607442 0.34814576749848825 0.7326942702966648 0.35117932877346225 0.7310287856751104 0.35296377658227057 0.7274598900574939 0.3559081154668041 0.7216306938820536 0.356532672199887 0.71722905595366 0.3546590020006384 0.7113998597782198 0.35251766463006845
28 0.6181365038924485 0.6063610556630046 0.6121742516243757 0.6060256789729255 0.6090440691836374 0.6044605877525564 0.5983120151011063 0.6034544576823191 0.5901139182325063 0.6030072887622137 0.5866856231783644 0.5995417296313963 0.5822139339773097 0.592722403599788 0.5790837515365714 0.5854559086480743 0.5844497785778371 0.5848969474979424 0.5947346637402626 0.5857912853381534 0.6033799295289682 0.5842261941177842 0.6096402944104446 0.5854559086480743 0.614410096224903 0.5859030775681797 0.6240987561605212 0.5862384542582588 0.6312534588822087 0.588138922168707 0.6308062899621032 0.5914926890694979 0.6378119363770888 0.5874681687885488 0.6404949498977214 0.5879153377086542 0.6394515557508087 0.5928341958298143 0.6345326976296487 0.5940639103601043 0.6297628958151904 0.5951818326603681 0.6272289386012595 0.5996535218614226 0.6254402629208377 0.6004360674716072 0.629315726895085 0.6020011586919762 0.6352779791631578 0.6021129509220027 0.6388553305240015 0.6049077566726618 0.6348308102430523 0.6063610556630046 0.6346817539363504 0.6094912381037427 0.6260364881476449 0.6112799137841646 0.615155377758412 0.6130685894645864 0.6090440691836374 0.6141865117648501 0.6036780421423719 0.6159751874452719 0.5968214520340882 0.6159751874452719 0.5950327763536664 0.6145218884549292 0.5939893822067536 0.6121742516243756 0.6008459723150373 0.6084851080335054 0.6051686052093901 0.6084851080335054
28 0.6345326976296487 0.5965233394206844 0.6387062742172996 0.5947346637402625 0.6418364566580379 0.5936167414399989 0.6433270197250561 0.5908219356893397 0.6600213260756598 0.5924988191397352 0.6613628328359763 0.5922752346796825 0.6580835940885362 0.589033260008918 0.6524194544338671 0.5813195961370988 0.6497364409132343 0.5787483748464924 0.6522703981271654 0.5764007380159387 0.6440723012585652 0.5730469711151478 0.6299119521218923 0.567904528533935 0.6300189217485201 0.5643329900696347 0.6259927981714597 0.5643329900696347 0.6194862143903782 0.5644222642681138 0.6149234695118667 0.5655671381972591 0.6094016424170828 0.5648468998805481 0.5981179087886116 0.5646668403013705 0.5944366907254224 0.5632263636679485 0.5925960816938278 0.5614257678761713 0.5889948901102732 0.560945608998364 0.5864340427619675 0.5625661452109635 0.5829128776580474 0.5605854898400086 0.5793116860744928 0.5574644571342612 0.57803126240034 0.5509823122838627 0.5739499119389782 0.5501420342476999 0.5708288792332308 0.5471410412614044 0.5688282172423671 0.5453404454696271 0.5652270256588124 0.5436598893973016 0.5639466019846597 0.5422194127638797 0.5649869462199089 0.5396385587956655 0.561225701677085 0.5357972877732072 0.559305066165856 0.5332164338049931 0.5599452780029323 0.5311757585743122 0.5629862842290451 0.5305155401173272 0.5628262312697759 0.5227729782126846 0.5601853574418358 0.5209123625611815 0.5573044041749922 0.5204922235431 0.5540233185099757 0.5233731768099438 0.550422126926421 0.5254138520406247 0.5455405116687135 0.5258339910587061 0.5438599555963881 0.5254738719003507 0.5428203977527819 0.5189164244958938 0.5436887560143843 0.5128379166646772 0.5445571142759866 0.50538450825259 0.5452057279099652 0.5008656125866859 0.5418387167353452 0.5038117473644784 0.5415581324707935 0.5091779214240292 0.5400149190157593 0.5199102695431306 0.5369284921056909 0.5210676796344063 0.5306153461532783 0.5185424212534412 0.5330003124019675 0.5108614270113392 0.5334211887987951 0.5019178035787547 0.5353547767645879 0.4881114012207003 0.5381606194101046 0.48674355293101085 0.5477004844048614 0.48253478896273583 0.5526107090345157 0.48221913166511515 0.5621505740292725 0.4802199687801846 0.5705681019658225 0.47601120481190956 0.575338034463201 0.47011893525632437 0.5796870905637519 0.4633849129070843 0.5798273826960277 0.461070092724533 0.5764603715214076 0.45507260406974104 0.5729530682145118 0.4532838793832241 0.5729530682145118 0.44949599181177663 0.571830731156305 0.4452872278435015 0.5768812479182351 0.44234109306570896 0.5815108882833376 0.4424463121649158 0.5827735174738201 0.44213065486729525 0.5816511804156135 0.43939495828791647 0.5781438771087176 0.43602794711329634 0.5816511804156136 0.4350809752204345 0.5827735174738202 0.4302408966569181 0.5883852027648537 0.43118786854978003 0.5899284162198879 0.4298200202600906 0.5902090004844396 0.42645300908547057 0.5848778994579578 0.4230859979108505 0.5909104611458188 0.4219285878195749 0.5956803936431971 0.42045552043067874 0.5986265284209896 0.4219285878195749 0.5986265284209896 0.41919289124019615 0.6005906182728514 0.4168780710576448 0.6019935395956098 0.41456325087509355 0.6062023035638847 0.41098580150205977 0.6109722360612633 0.4104597060060253 0.606903764225264 0.40688225663299155 0.603536753050644 0.4049883128472678 0.598345944156438 0.4027787117639233 0.603536753050644 0.4004638915813721 0.6101304832676081 0.3961499085138901 0.6207926853205716 0.3934142119345113 0.6226164830401575 0.39583425121626953 0.6285087525957426 0.3943611838273732 0.6303325503153284 0.392888116438477 0.629771381786225 0.39057329625592563 0.6328578086962934 0.38941588616465006 0.6352427749449826 0.39162548724799445 0.6348218985481552 0.3969916613075452 0.6363651120031892 0.397938633200407 0.6416962130296712 0.39846472869644145 0.6436603028815326 0.39846472869644145 0.6453438084688429 0.3944664029265801 0.6496928645693937 0.39499249842261447 0.6532001678762895 0.39520293662102823 0.6501137409662212 0.3908889535535463 0.6505346173630486 0.3879428187757538 0.6565671790509097 0.38699584688289185 0.6595133138287023 0.3832079593114443 0.6661070440456665 0.38173489192254806 0.6697546394848382 0.3811035773273068 0.6705963922784932 0.37836788074792804 0.6760677854372507 0.37836788074792804 0.6790139202150434 0.376684375160618 0.6842047291092492 0.37794700435110057 0.6879926166806969 0.3807879200296862 0.6919207963844203 0.38720628508130567 0.6972518974109021 0.3941507456289595 0.699777155791867 0.3994117005893033 0.709176728654348 0.39762297590278645 0.703985919760142 0.3933089928353045 0.7025829984373837 0.3896263243630639 0.7129646162257955 0.38299752111303065 0.7212418520300697 0.3791044144423762 0.7267132451888274 0.37931485264078996 0.7356919416544809 0.3807879200296862 0.7394798292259285 0.38447058850192684 0.7476167728979268 0.3927828973392702 0.7449512223846859 0.3957290321170628 0.7389186606968251 0.3976229759027865 0.7383574921677217 0.39867516689485527 0.7453720987815136 0.4002534533829584 0.7554731323053737 0.4024630544663028 0.7572969300249595 0.3999377960853378 0.7619265703900621 0.40225261626788905 0.7699232219297847 0.40351524545837164 0.7819883453055065 0.3926776782400634 0.788301491257919 0.38804803787496067 0.7873194463319882 0.38594365589082325 0.7927908394907458 0.38320795931144436 0.7955966821362623 0.3863645322876507 0.7995248618399858 0.3936246501329252 0.7981219405172275 0.3985699477956483 0.7919490866970907 0.40446221735123333 0.8006471988981927 0.404777874648854 0.8073812212474328 0.4067770375337847 0.8103273560252253 0.4105649251052322 0.8083632661733637 0.4159310991647829 0.7953160978717109 0.4164571946608173 0.7849344800832992 0.4169832901568517 0.7803048397181965 0.4168780710576448 0.7773587049404039 0.42066595862909234 0.7766572442790249 0.42403296980371247 0.7772184128081282 0.4282417337719875 0.7776392892049556 0.43297659323629695 0.7805854239827482 0.4336079078315381 0.7826898059668858 0.43529141341884825 0.7796033790568174 0.4387636436926751 0.7732902331044048 0.4436037222561915 0.7693620534006814 0.44202543576808834 0.7651532894324062 0.4441298177522258 0.7696426376652332 0.44896989631574213 0.7706246825911639 0.4571769860538786 0.7706246825911639 0.4604387781292918 0.7749737386917147 0.4580187388475336 0.7786213341308865 0.4562300141610167 0.7832509744959891 0.459386587137223 0.7808660082472998 0.4631744747086705 0.7774989970726797 0.46896152516504874 0.7706246825911639 0.47295985093491005 0.7650129973001305 0.4748537947206339 0.7643115366387512 0.4770633958039782 0.7685203006070264 0.4793782159865295 0.7710455589879914 0.48190347436749453 0.7723081881784739 0.488321839419114 0.7753946150885423 0.4957923954628022 0.7763766600144731 0.49884374933980163 0.7664159186228887 0.502842075109663 0.7641712445064754 0.5038942661017317 0.7718873117816465 0.5084186873676274 0.7713261432525429 0.5047360188953868 0.7730096488398531 0.5042099233993523 0.7787616262631623 0.5071560581771449 0.785776232876954 0.5032629515064905 0.7933520080198493 0.502842075109663 0.7989636933108827 0.5030525133080767 0.7999457382368136 0.5061038671850762 0.7996651539722618 0.5151527097168676 0.7965787270621933 0.5222023893637282 0.7941937608135041 0.5291468499113822 0.7940534686812284 0.5328295183836228 0.7953160978717108 0.536091310459036 0.79601755853309 0.5398791980304835 0.7904058732420566 0.5438775238003448 0.7856359407446781 0.5487176023638611 0.7713261432525429 0.5555568438123081 0.769642637665233 0.549664574256723 0.7685203006070264 0.5527159281337224 0.7579983906863387 0.5495593551575162 0.7535090424535119 0.5476654113717924 0.7514046604693744 0.5476654113717924 0.7448109302524101 0.5444036192963791 0.7285370429084133 0.5424044564114485 0.7312025934216542 0.5476654113717924 0.7312025934216542 0.5526107090345155 0.7257312002628966 0.5588186358877213 0.7236268182787591 0.5557672820107218 0.7125437398289679 0.5489280405622748 0.6938848862362819 0.5405105126257247 0.6913596278553169 0.5444036192963791 0.6870105717547659 0.5452453720900342 0.6860285268288351 0.5537681191257912 0.6868702796224901 0.5557672820107218 0.687852324548421 0.5579768830940662 0.6836435605801457 0.5578716639948594 0.6851867740351801 0.5613438942686862 0.6875717402838692 0.5674466020226852 0.687852324548421 0.5772319782489247 0.6842047291092492 0.582808590506889 0.6808377179346291 0.5832294669037167 0.6850464819029043 0.5853338488878542 0.6849061897706286 0.5883852027648536 0.6809780100669051 0.5889112982608881 0.6811183021991809 0.5912261184434393 0.6752260326435957 0.5930148431299562 0.6795750887441465 0.5959609779077487 0.6825212235219392 0.5919626521378875 0.6853270661674559 0.5925939667331287 0.6878523245484209 0.5949087869156799 0.6881329088129727 0.5963818543045762 0.6930431334426269 0.5975392643958518 0.6943057626331094 0.595750539709335 0.6979533580722811 0.5984862362887138 0.7058097174797279 0.6000645227768169 0.7164719195326916 0.6002749609752305 0.7188568857813807 0.6011167137688856 0.724468571072414 0.6009062755704718 0.7281161665115857 0.6017480283641269 0.7361128180513085 0.6034315339514369 0.7462138515751685 0.6071142024236776 0.7443900538555827 0.6099551181022633 0.7487391099561336 0.6154265112610209 0.7331666832735158 0.6171100168483309 0.7271341215856549 0.6143743202689521 0.7041262118924179 0.6131116910784695 0.6951475154267645 0.6107968708959183 0.6847658976383526 0.6077455170189189 0.6753663247758717 0.6038524103482644 0.6680711338975283 0.6021689047609544 0.665686167648839 0.6052202586379538 0.6645638305906323 0.6066933260268501 0.6652652912520115 0.610165556300677 0.6590924374318747 0.6092185844078152 0.6468870219238769 0.6078507361181258 0.6461855612624978 0.6056411350347813 0.6506749094953246 0.6018532474633338 0.6553045498604271 0.5996436463799895 0.6473078983207046 0.5988018935863344 0.640854460236016 0.599117550883955 0.6377680333259478 0.5976444834950587
28 0.7997962856475587 0.5715924409083042 0.8006216252609696 0.5749969668136241 0.8030976441012023 0.5773182344763425 0.794018908353682 0.5847462909970409 0.7818451490558707 0.5926386010502831 0.7766867764720523 0.5946503663579723 0.7717347387915868 0.5924838498727686 0.7560532861367788 0.5862938027721865 0.7550216116200151 0.5842820374644974 0.7620369983340082 0.5805680092041481 0.7626560030440663 0.5774729856538571 0.7758614368586414 0.5774729856538571 0.7863845169296311 0.5765444785887698
28 0.7260925248982738 0.5755196291766155 0.7306318927720341 0.5769123897742464 0.7310445625787395 0.5793884086144793 0.7364092700659106 0.5795431597919939 0.7376472794860269 0.5823286809872558 0.7355839304524997 0.5855784557150613 0.7271241994150376 0.584340446294945 0.7236165060580411 0.5787694039044211
28 0.7141251005038152 0.5849594510050031 0.7079350534032333 0.5829476856973139 0.7005069968825347 0.584959451005003 0.7027766808194148 0.5874354698452359 0.7081413883065859 0.5869712163126922 0.7118554165669351 0.5866617139576632
28 0.7588954576315119 0.6058521153828887 0.7643237665201156 0.5979422938594948 0.7663399955358827 0.600152391049855 0.7682011300119753 0.6032930554782613 0.7736294389005791 0.6032930554782613 0.776731329694067 0.6049215481448424 0.7722335880435095 0.6084111752875162 0.7562588504570473 0.6084111752875162 0.7526916760445362 0.6059684362876446
28 0.8278478849626619 0.5824041019487874 0.8263585633868366 0.5865269383195534 0.8237932429783601 0.587488933472732 0.823610005806326 0.5887257843839617 0.8272747492470067 0.5921614813595999 0.8294735953114152 0.5907872025693446 0.8311227298597214 0.5824041019487876
28 0.8344962767195567 0.4740814296253657 0.826024233301084 0.4800824603801172 0.825082895143476 0.4832594766620445 0.8189641971190236 0.4832594766620445 0.8220235461312497 0.49120201736686253 0.8281422441557023 0.4924375236987231 0.8361436184953708 0.4947320354578928 0.8410856438228131 0.49596754178975344 0.8410856438228131 0.4940260318396868 0.8337902731013506 0.4883780028940383 0.8337902731013506 0.48696599565762627 0.8396736365864012 0.48696599565762627 0.8464983382290596 0.4855539884212141 0.8547350471081303 0.4811414658074262 0.8559117198051404 0.4786704531437051 0.8486163490836778 0.4751404350526748 0.8500283563200898 0.4719634187707476 0.8500283563200898 0.4687864024888203 0.838026294810587 0.4643738798750326 0.826024233301084 0.46507988349323853 0.8182581935008174 0.4717869178661961 0.8206115388948376 0.4742579305299172
