30 0.6562488625926989 0.5179474072128339 0.6307483120240688 0.50272513978156 0.620860343436233 0.4863319287017265 0.6135744718451959 0.4718902903694923 0.6120132136471165 0.4523745628935 0.6182582464394341 0.4363716663631864 0.625544118030471 0.41295279339199575 0.5995231480624814 0.3953886386636027 0.57818595268873 0.3754825966380906 0.5776655332893701 0.35752812736017775 0.5885943406759258 0.34269617447842365 0.6036865032573598 0.33918334353274504 0.6297074732253495 0.34074460173082444 0.6541671849952597 0.3505024654688205 0.6853923489568473 0.33840271443370534 0.7207808681133132 0.3298157943442688 0.7535672902729802 0.3286448506957092 0.781669937838409 0.3302061088937886 0.8149767793974356 0.3399639726317847 0.8555694925474997 0.3629925310534556 0.8701412357295739 0.3754825966380906 0.8852333983110079 0.40631744605015835 0.8878354953078067 0.43051694812038865 0.8800292043174099 0.4562777083886985 0.859212428343018 0.4761837504142105 0.8009254556147214 0.5038960834301195 0.7613735812633772 0.5191183508613935 0.7181787711165143 0.5292665291489094 0.6807085743626092 0.5249730691041911
20 0.5785004803339961 0.3386790786765483 0.5731304336811067 0.324399636440456 0.5662958288501565 0.3031635428585751 0.563366712494035 0.29327777515666503 0.5609257821972671 0.283392007454755 0.5526266191882562 0.2628881929619045 0.5550675494850241 0.25117172753741857 0.5589730379598528 0.24128595983550846 0.5589730379598528 0.23140019213359841 0.5540911773663169 0.22517581987684018 0.5428628980011845 0.2116286567297783 0.5379810374076487 0.2076011217401112 0.5955869924113715 0.2083334008291416 0.6073034578358575 0.20467200538398975 0.6204844814384043 0.20393972629495935 0.6878541576291988 0.20101060993883785 0.6966415066975632 0.213093214907839 0.6854132273324308 0.22297898260974908 0.6961533206382097 0.2467780530032362 0.6995706230536847 0.2650850302289956 0.6990824369943311 0.271675542030269 0.713239832715585 0.27387237929736014 0.7173630797233912 0.27746215865031076 0.7205540191939428 0.284641772459052 0.7199557180432145 0.29316756385693216 0.722747790079947 0.29855227421348807 0.723944392381404 0.30543273744686505 0.7265370307012272 0.3072276408990503 0.741893426903257 0.31036872194037457 0.7488736069950886 0.31560385700924837 0.7602413288589288 0.31380895355706306 0.7656260392154848 0.315155131146202 0.7530617150501875 0.3215868685165326 0.7333177770761494 0.3287664823252739 0.7193574168924861 0.3286169070375918 0.6858525524516936 0.33729227372315407 0.6499544834079878 0.34716424271017315 0.6288145094155831 0.3393863277507036 0.6022898250666227 0.33804015016156463 0.5879305974491401 0.34148038177825313 0.5797538150558517 0.3402837794767962
13 0.6716346563393952 0.6803040652013239 0.6620007896814893 0.6733797235409541 0.655176800798806 0.6727776068748349 0.6499584563591071 0.6643479735491674 0.6326977785970259 0.6486929402300706 0.6278808452680731 0.6354463735754502 0.633099189707772 0.6339410819101524 0.6451415230301543 0.6330379069109737 0.6640078452352196 0.6249093319183657 0.6716346563393949 0.6267156819167231 0.6868882785477457 0.6215976902547107 0.7017404896453505 0.6191892235902343 0.6997334340916201 0.6056415986025543 0.6848812229940154 0.5935992652801722 0.6925080340981907 0.5860728069536832 0.7033461340883346 0.5818579902908495 0.7016379590801827 0.5763364097306097 0.722900015097159 0.5709173597355377 0.7222124562934001 0.5686114236362292 0.7333668086132284 0.5677900635789322 0.7390589395764259 0.5666883608118618 0.7524629899091163 0.5675146378871646 0.7554008639546375 0.5675146378871646 0.749525115863595 0.5706820333424921 0.759073206511539 0.575777408640193 0.7666015087531869 0.5812859224755453 0.7697229999265531 0.5869321491567814 0.7660506573696517 0.5909258216874117 0.7695393827987081 0.5940932171427392 0.7664178916253419 0.6008411465910457 0.7623783148127502 0.605661096196979 0.7607257606621445 0.6172289752512187 0.7662342744974968 0.6186061037100568 0.7697229999265531 0.6224620633948033 0.7722936397163843 0.6245277560830604 0.7699066170543983 0.6322396754525536 0.7748642795062153 0.6325151011443212 0.7767004507846661 0.6345807938325783 0.7695393827987081 0.6395384562843952 0.7660506573696517 0.6371973379043706 0.7612766120456798 0.636784199366719 0.7585223551280038 0.640364733359698 0.7471380932016091 0.6443584058903284 0.739426173832116 0.6444961187362123 0.7363046826587497 0.6497292068797969 0.7232678665817496 0.6562017106363358 0.717759352746397 0.659644531783431 0.707293176459228 0.6644644813893642 0.690584017825326 0.6732781035259277 0.6764454989812553 0.681540874278956
29 0.3701323267958116 0.3208098783021312 0.3678617956428721 0.3137854225477245 0.3638883661252279 0.31314683566096024 0.3638883661252279 0.32166132748448356 0.3661588972781674 0.3242156750315406
29 0.5403099458918769 0.31899996378849294 0.5397142797427065 0.3254033748920743 0.5343532844001733 0.3254033748920743 0.5279995121423561 0.31914888032578553 0.52899228905764 0.31721296534098187 0.5315735090373782 0.31631946611722633
29 0.47334342659954287 0.2793709422867925 0.4699724348374097 0.27684269846519255 0.46969151885723187 0.271364836851726 0.46463503121403205 0.2724182717773927 0.46323045131314317 0.27789613339085917
28 0.2732871114778131 0.6619871768649176 0.2754702134517901 0.6679907072933543 0.2685570572008629 0.6690822582803428 0.25800539765997393 0.6630787278519061 0.25800539765997393 0.6606227381311818
28 0.26015298523226166 0.642104868095991 0.26379148852222334 0.6322809092130945 0.25396752963932673 0.6341911234403245
28 0.2841671069460089 0.6074481242591059 0.29289951484191695 0.6017174815774162 0.3023596233958174 0.6019903693241634 0.2990849704348518 0.6074481242591059 0.28509684797890905 0.6110592568105452
28 0.5059155728391335 0.679116414135477 0.5059155728391335 0.6748168483606402 0.5130815157971949 0.6690124345646103 0.5110750517689376 0.6655727819447409 0.5090685877406805 0.6670776299659338 0.5021892825009415 0.6726670654732216 0.501902644782619 0.6784714792692513
28 0.4763389829125804 0.5398875302568181 0.47234076783259477 0.5383881996018235 0.4701195372326027 0.5287258464918579 0.47411775231258846 0.5272265158368633 0.4763389829125804 0.5287258464918579 0.477893844332575 0.5342233922268383
28 0.5180981181924311 0.515565055186905 0.5127671647524502 0.5132327630569133 0.49988402727249637 0.5125663938769157 0.5041043654124813 0.5059027020769395 0.5123229186324518 0.5044033714219449 0.5203193487924233 0.504903148306943 0.5252060561124058 0.5075686250269336 0.5272051636523987 0.5142323168269097
28 0.49266894707823944 0.4749546330433026 0.4842282707982697 0.4771203328782949 0.4824512863182759 0.4732887100933086 0.48378402467827114 0.4704566410783187 0.4871158705782593 0.46945708730832225
28 0.4113719071185299 0.47528781763330147 0.4153701221985156 0.4772869251732942 0.40781793815854267 0.48028558648328357 0.4020427385985632 0.47662055599329667
28 0.37938618647864414 0.5199345526931419 0.39915513881857356 0.5260984676081198 0.39515692373858785 0.5315960133431002 0.3907144625386037 0.5365937821930823 0.3853835090986228 0.5347612669480889 0.38582775521862117 0.5279309828531134 0.38027467871864107 0.5254320984281222
28 0.3691685257186807 0.5137706377781638 0.35361991151873634 0.5164361144981544 0.34628985053876243 0.5071069459781877 0.36028360331871245 0.5072735382731871 0.36028360331871245 0.5094392381081794 0.36961277183867913 0.5072735382731871 0.37050126407867595 0.5106053841731752
28 0.3054668632301654 0.5245371580512973 0.3015079974978096 0.5202690059336011 0.29581712800754806 0.5174854284655385 0.2878993965428363 0.5232381552328681 0.2933428369248256 0.5254650172073183
28 0.22724290998776367 0.6229900859429024 0.22660574600292618 0.6164591550983185 0.21832261420003943 0.6237865409239491
28 0.20898978702668247 0.539200022168689 0.2191844107840816 0.5369699482217579 0.21982157476891906 0.5414300961156201 0.21599859085989437 0.5442973340473886 0.2079278470519534 0.5430230060777137
28 0.27657658419350334 0.4103804273186583 0.2678685466284358 0.41287542684572837 0.2583777641136992 0.40619763399386466 0.26190011638720967 0.4026752817203542 0.2669879585600582 0.40282204639841707 0.2776528584992982 0.40832572182577725
28 0.3082622518188171 0.407540778516978 0.3047945314261403 0.41108731073676114 0.2980692555130701 0.4066738484188088 0.3023776353948807 0.40360018716166335 0.3057402733514158 0.40430949360562013 0.31172997221149396 0.40265444523638794 0.3165637642740131 0.4036789989887698 0.32034673197511504 0.40580691832063964 0.3175095061992886 0.4090382032319975 0.3135163736259032 0.4066738484188088
