23 0.2876369281322007 0.38985878367109367 0.27122619600378006 0.3931167966671771 0.2499887779552356 0.3923927937791586 0.2268206855386417 0.38768677500703796 0.20992728481820866 0.37791273601878733 0.1843458494415529 0.36307067681440686 0.17324447182526828 0.35764065515426763 0.17179646604923116 0.35148663060611 0.18000183211344153 0.3442466017259243 0.19544722705783746 0.330852548297581 0.2157193079223571 0.3174584948692376 0.23240923306308925 0.30945339798232574 0.25914123003960066 0.30609753179307686 0.28706029094370794 0.30969016948736444 0.30842817991647303 0.3194778968485175 0.3185277180209926 0.3286805396335253 0.322871735349104 0.3384545786217758 0.3257677469011782 0.34460860316993364 0.3288047804700422 0.34254236101847013 0.35035670526876056 0.34597933924967966 0.37438178571611175 0.3512955312548097 0.397414179007462 0.3625500650040582 0.40888977098902785 0.3724908563061628 0.4144377458146653 0.381902893850404 0.4131307620554178 0.3913067894471307 0.4087867447273064 0.40108082843538123 0.39623736133498466 0.416284889083771 0.37827616012854043 0.4263450874382401 0.36619900330181937 0.42575435804335693 0.3502151146325989 0.4215264477439043 0.3446860996517838 0.4194231598778238 0.3007509669476265 0.4050221005526048 0.2923494396947069 0.3984593597368399 0.29211490146061697 0.38866407888932814
20 0.35031801404062896 0.34525358674806106 0.32968203562805437 0.3417615884994937 0.3249428172892687 0.34133505884900295 0.3203931676840345 0.3302452879362444 0.32018159096836135 0.3126462338096921 0.3224564157709785 0.28293133482550575 0.3260582217084556 0.2819360989743608 0.32719563410976416 0.2698510922104573 0.32833304651107276 0.26473273640456874 0.3273852028433156 0.24667631453379527 0.3296600276459327 0.23672395602234528 0.3353470896524755 0.22833553956269462 0.33439924598471843 0.22435459615811465 0.330228733846587 0.22151106515484323 0.3298495963794842 0.21824100450108108 0.33875932685640125 0.21909406380206253 0.34747948859976696 0.22094235895418893 0.3929759846521096 0.22151106515484323 0.47048434637818326 0.22245970852805905 0.47085517308959124 0.21861794817480681 0.4767635815902516 0.21540194562275491 0.49309908415697395 0.22162353655102143 0.5306099850178168 0.2224720103816005 0.5671014524474292 0.2217920694580645 0.573770225111044 0.22013353996290058 0.5999155742305923 0.2252539162715308 0.6027668972180256 0.23877326590897066 0.6016167254225229 0.2708146050912901 0.5919413197386612 0.278796814780476 0.5842009951915718 0.28024812563305523 0.5844777604745988 0.28382070833123557 0.5401186190518528 0.281108749934234 0.5150150697450481 0.28201891554920827 0.5041928533059716 0.2901530047673966 0.5005559487692108 0.3004044358297937 0.504227362927222 0.3124722681207471 0.5034991138631723 0.3164965594045423 0.4477642781616323 0.34349031738442287 0.4105136411581337 0.34644863352284916 0.3966916330383313 0.3481072744972255 0.3834225052433209 0.34313135157409663 0.3751293003714394 0.3400213997471411 0.3718120184226868 0.34105805035612624 0.36766541598674607 0.3408507202343292 0.36071144227938995 0.34270536697246173
14 0.4121523392389077 0.4994137976813803 0.4034843863832654 0.49987173402880036 0.3895396257377 0.4981286389481048 0.36658887384187366 0.49573188321214817 0.3448423101309611 0.4908991521009195 0.34019405658243934 0.49068126521583255 0.34861901613913515 0.48523409308865856 0.3526862379940917 0.48218367669744117 0.3511030125805604 0.4776789620436314 0.34397076259061327 0.47760805211061497 0.34332526732157853 0.47419792896827756 0.34143433577447274 0.4707168958929239 0.33249538664270006 0.4654308827044237 0.32661544904554063 0.4588517301920049 0.3248964203663536 0.4511161011356632 0.325240226102191 0.44273583632462615 0.3319223825714218 0.43549830384159965 0.34946970832688895 0.4361903263891943 0.3510256562899968 0.4342266443626503 0.3460404731203544 0.4289406311741501 0.3485825689507903 0.42186880131336535 0.3663826877307731 0.4269908021543147 0.37853011515698975 0.4276513596647598 0.39296995606216106 0.4204314392121742 0.398814653571397 0.41488757172179597 0.4062064768919014 0.40612052545794197 0.4108478543257065 0.4005766579675637 0.4142859116840805 0.39116497594901456 0.4141140088161619 0.38845750577929494 0.42047441492915394 0.3889732143830511 0.42906955832508925 0.3909071216471365 0.44419701070193535 0.39077819449619744 0.4515888340224397 0.39696669774127086 0.45691782292791955 0.4037998367410394 0.4550268913808138 0.4094726313823567 0.45554259998456986 0.41617684323118626 0.45004170821117134 0.42649101530630856 0.45004170821117134 0.4324216642495039 0.4469474565886346 0.44054407475866275 0.4464317479848785 0.4454433064943458 0.4505574168149275 0.4485375581168826 0.45072931968284613 0.45176073689035834 0.4431655934944231 0.45588640572040723 0.4405870504756425 0.4602699288523343 0.43852421606061803 0.46710306785210276 0.4319919070797072 0.4736783525499932 0.4242562780233655 0.48515286898356685 0.41600494036326763 0.49430669670023797
22 0.31934830031723255 0.6217312221801121 0.312029901768296 0.6272200210918146 0.3057094666578508 0.6274695119514374 0.3003869949858969 0.6247251124955862 0.29373390539595456 0.6202342770223751 0.28541754340852665 0.6264715485129461 0.27610321798260734 0.6294654388284201 0.2634623477617169 0.6234776581974719 0.23951122523792442 0.6152444598299183 0.23518671700446192 0.6115020969355758 0.23818060731993598 0.6077597340412332 0.22021726542709164 0.5997760265333023 0.22687035501703398 0.5950357002004685 0.2408418431559129 0.5885489378502746 0.2501561685818322 0.5927902824638629 0.2541480223357976 0.5878004652714062 0.2617990753642313 0.5865530109732919 0.2800950717365727 0.5900458830080118 0.2817583441340583 0.5868025018329148 0.2800950717365727 0.5703361050978074 0.2764358724621045 0.5670927239227105 0.27710118142109874 0.5631008701687451 0.2887440882034978 0.5635998518879909 0.2960624867524344 0.5616039250110081 0.3057094666578508 0.5608554524321396 0.3083707024938277 0.5616039250110081 0.30903601145282195 0.571084577676676 0.3143584831247758 0.5660947604842191 0.33065855262013455 0.5635998518879909 0.3542770206644299 0.5596079981340255 0.35826887441839533 0.5601069798532711 0.37124239911878276 0.560356470712894 0.3762322163112397 0.5640988336072364 0.37523425287274825 0.5705855959574303 0.36791585432381174 0.5798167577634753 0.3605974557748751 0.5840581023770635 0.3522810937874472 0.5790682851846068 0.3429667683615279 0.5855550475348006 0.3326544794971173 0.5890479195695203 0.31735237344024986 0.5932892641831086 0.32067891823522104 0.601771953410285 0.32067891823522104 0.6097556609182159 0.31535644656326717 0.6142464963914269
18 0.5899914641609539 0.8071204146179884 0.626326597392236 0.8000828689833339 0.6417719923366318 0.7932048415471573 0.6599741489443063 0.783441691562342 0.6816942355848634 0.7646176164738597 0.6956916247532221 0.7450695384973584 0.6989977066392448 0.7193674359726995 0.6920394629271052 0.6999536992283032 0.6819107152601276 0.6839654846405753 0.6674083321008863 0.6697619636682373 0.6266700160954526 0.6473291486148528 0.5851053105046563 0.6379714914640034 0.5831621282911775 0.605717734295969 0.5746098674632014 0.5957056003207756 0.5616110564648084 0.5913775354396107 0.5456323611564696 0.5935289481454233 0.5419534891464265 0.5990663602863112 0.5414867888468947 0.6084759050506211 0.5436510182693245 0.6386411139586302 0.5325757400843657 0.6402799077434193 0.5229638917124858 0.6431287636027916 0.5091124878577712 0.6466471706908279 0.4963755956834378 0.6512165967822776 0.48090410130771594 0.6581891919351313 0.45773600889112204 0.6766512655796046 0.4433722614527739 0.7003757555879964 0.44048620440424474 0.7131208080352442 0.4408038967757069 0.7190019840418597 0.4421016445168814 0.7358074423796299 0.44364118525732965 0.741687224945923 0.4477411486060337 0.7491578374129564 0.45626488178101937 0.7609233838910616 0.46749512312533936 0.77233475816029 0.4838537674184265 0.7849715521153787 0.5099763389018134 0.7964309820585623 0.5294450478375449 0.8021606970301542 0.554828301260081 0.8071510939408957 0.5668649773221078 0.8072193666605106
16 0.22494637411941024 0.48329595935475916 0.1930172558298918 0.4842997190614656 0.18411820905872026 0.48352539014486345 0.17685290070541665 0.4783631973675162 0.17398501582911258 0.4714802736643865 0.1718819002531563 0.455563512600899 0.16977878467719998 0.44079390548793307 0.1659549381754612 0.41699046101460946 0.1642342072496788 0.40766983516662125 0.16882282305176527 0.40408497907124113 0.1797207855817207 0.4030812193645347 0.2093555959701959 0.4019340654140131 0.24606452238688778 0.4003567287320459 0.2714931016234504 0.3989227862938938 0.2900387571568833 0.39763223809955706 0.29957405012726923 0.40536110299253136 0.3288734254601927 0.4149948204142937 0.3318148458461455 0.43417061869964024 0.32468755798787513 0.44257063653260176 0.32412190022134574 0.4513948976904605 0.32615826818085153 0.45894642887362785 0.3321542405060632 0.4659040194019395 0.3362269764250749 0.46811008469140414 0.3354350555519337 0.47082524197074527 0.3321542405060632 0.47371009658004526 0.32434816332795746 0.4782919244889334 0.308736008971746 0.47769798383407747 0.2997986162605816 0.4770919219413674 0.28848546092999355 0.47903131999803966 0.2750712910380107 0.47915253237658173 0.2614955046413051 0.4778191962126195 0.2488894172729356 0.4787888952409556 0.24161667456041477 0.4787888952409556 0.23612171339984342 0.47806162096970356 0.22739442214481848 0.48145556756887986
26 0.8411256612949988 0.7145355703901999 0.8406544865663009 0.690273588091575 0.8392737065122592 0.6662249921876999 0.8406801982397155 0.6568818685695961 0.8390727791226225 0.6543200443517289 0.8368625778366194 0.6494977870004494 0.83083475614752 0.6436206608535777 0.8215920962242346 0.6404560544668004 0.7723648857632568 0.6398532722978905 0.6980217515976989 0.6392504901289806 0.6921948572982362 0.6395518812134355 0.6861670356091369 0.6422644009735302 0.6811438508682208 0.6457303984447623 0.6797373591407643 0.649045700373767 0.6795364317511275 0.6573339551962785 0.6795364317511275 0.669992380743387 0.679938286530401 0.680879677140497 0.6828667219752369 0.683612195031899 0.6932338983543318 0.6999688563895171 0.7004356356592826 0.7178731755226583 0.7180398824047177 0.7179731996518938 0.7523148173560571 0.7185733444273064 0.7981925512987063 0.7192735133319544 0.8287332520919232 0.719873658107367 0.8355348928799323 0.7200737063658377 0.8386022995098188 0.7188734168150126 0.8408695131058218 0.7169729583595396
27 0.5515319915308722 0.48759378653237795 0.5515319915308722 0.483721178203769 0.5533760907349716 0.48109333683792727 0.5561422395411209 0.4809550293976198 0.5603836677105497 0.4834445633231541 0.5622277669146492 0.4866256344502257 0.5601992577901398 0.4884236311742228 0.5563266494615309 0.4895300906966824
27 0.5585535178473697 0.35543507714064027 0.5657481307770771 0.3536364239082134 0.5700306384733315 0.352351671599337 0.5695167375497809 0.3501675926742474 0.5633499264671746 0.3474696128256071 0.5585535178473697 0.3473411375947195 0.5547849110746659 0.35080996882868554 0.5518728058412129 0.352737097292 0.5547849110746659 0.3546642257553145
27 0.5136850426699463 0.31989302244823237 0.513550534934238 0.3168665983947959 0.519199859833986 0.31202431990929763 0.5245801692623174 0.3078882070362678 0.5303640018977739 0.3076864454327054 0.5326506334048147 0.309401419062986 0.5315745715191483 0.31313400872889097 0.5268668007693584 0.3165639559894523 0.5214864913410269 0.3192877376375451 0.5169132283269452 0.320195664853576
27 0.7205143186041729 0.3706251064349879 0.7275781892821214 0.3681233189032145 0.7275781892821214 0.3673139170546995 0.7253216750377767 0.36422347363309704 0.7185521323047426 0.3647385475366975 0.7144315410759393 0.36598944130258426 0.7133523386112528 0.36760824499961403 0.7139409945010818 0.3696685406140157 0.716295618060398 0.3706251064349879
27 0.6982001174633921 0.43633999581071153 0.693083543380907 0.4365493102049949 0.6881530265377852 0.43515388090977175 0.6876878834393775 0.43222347938980316 0.6957813733516719 0.4312466788831469 0.6968046881681689 0.42852559175746163 0.7017352050112907 0.42475793266035905 0.7058284642772786 0.42440907533655337 0.7073169221921833 0.42733947685652196 0.7058284642772786 0.429083763475551 0.7010840046735198 0.43299096550217586
27 0.7448034812356846 0.5166125328434531 0.7491717251399658 0.515615433691389 0.7513558470921066 0.5134075712832468 0.7510709616200884 0.5110572661390955 0.7482221068999046 0.5091342892029718 0.7427143211075502 0.5104162738270542 0.7409100464514341 0.5121968080271688 0.7410999700994464 0.5143334490673065 0.7428092829315563 0.515615433691389
11 0.3472917810665368 0.7735531414794723 0.34222122024903784 0.763036043429959 0.3324607521346213 0.7444024224842545 0.32758051807741295 0.7307599500061496 0.3277432800524248 0.7237113064108809 0.3311442177722277 0.71199638199975 0.33759983849219355 0.7044705805550552 0.3546635939369779 0.6920665429432699 0.3670020017201295 0.6875380847675384 0.38852858551201114 0.6830096265918074 0.4055923409567954 0.6812376212186951 0.4171431907963417 0.6824189581341032 0.42239357708704456 0.6871443057957358 0.4232991910537546 0.689820371766833 0.42239357708704456 0.6928541008868753 0.4216813575266045 0.6983460360143249 0.4264968005742907 0.7012586023738123 0.4316229173669886 0.703938163424541 0.43379763358207263 0.7051031899683359 0.4282055061718566 0.7105788147241725 0.4289612532875178 0.7151656228592906 0.4358570933022573 0.7152692927224273 0.43971431925179244 0.7165522006502397 0.4411934840407145 0.7295600905567486 0.44112277995673366 0.7364537387448848 0.44327131834545885 0.7433668666296284 0.44673437552003287 0.7504012015154814 0.45539201845646765 0.7620890194796686 0.46736842451853555 0.774750822274204 0.47862336033590075 0.7835166857473443 0.49694870455135454 0.7953127242482367 0.4950728819151269 0.7978017965924615 0.49276417713207765 0.7992086635696323 0.48742529732127615 0.7986675608861051 0.48728100327233564 0.7999662073265702 0.49045547234902837 0.8013730743037409 0.4895897080553848 0.8054854546985475 0.4868481211255139 0.8094896145566485 0.48439512229352405 0.8147924208552149 0.48222806300302845 0.818580348736462 0.460272924533625 0.8184496633884296 0.4401482521723255 0.8174368519411804 0.4174961251800839 0.8115560112797326 0.3824724519074641 0.8004477566969992 0.3648734917057995 0.7910384116386835 0.3530246868175501 0.7812370105362715
