32 0.43252756340697146 0.12325001196448439 0.5335996477286652 0.12099160718607196 0.6136779590842146 0.1195700987004705 0.691724546895383 0.11832090281863553 0.703477079700619 0.13487151000692366 0.7101181053200334 0.15385027322457978 0.7092833939775934 0.18138021342081362 0.6996313896402261 0.2097647261760978 0.673586421823757 0.25561660336389747 0.6666308011430835 0.26393996368732814 0.6492602039970918 0.28120189385875055 0.6328861809664459 0.3026843298449051 0.6089118362099694 0.3490821222494576 0.5628026060326893 0.3473463176030544 0.4972841325649318 0.343791216782969 0.4852871578120822 0.3406148252510382 0.4765541317620427 0.3347218369503258 0.46727664886806347 0.32593808794688056 0.4608897369031475 0.3027134693567341 0.4578232809777601 0.26920075288514933 0.4415672736727204 0.2358632379041108 0.42937526819394056 0.1990967213821655 0.4176912629434433 0.16918820794203382 0.41997726397071455 0.14442319681326238
31 0.16696426298201753 0.4133550611361315 0.16494320005196048 0.4003348053645171 0.16648232517528302 0.3903461439879882 0.17000651923262688 0.38493186970111476 0.16668563672609968 0.3744917699794454 0.1644579355321964 0.36919198114491614 0.17107837683420335 0.3604071553554285 0.17740819388161388 0.3547144184193172 0.1862950026598697 0.3478538398922003 0.19543644169668617 0.3447212577932838 0.2043079257632338 0.3436029079468277 0.20484385456402202 0.3359699309650599 0.2213149802577538 0.32952029753754325 0.2364149528096635 0.3308856152867059 0.23834874177258136 0.3383787425980763 0.25050300812225135 0.34198292608865577 0.2535599842889876 0.33905302131942705 0.25581435376655787 0.3333197911377754 0.29034372227205835 0.3452936850550054 0.31743769475130623 0.34505379907375544 0.3323530056389947 0.3529300130817232 0.34235821025174235 0.35821659043058174 0.33726592057170984 0.3882874755000061 0.33685776555930075 0.3994701978702043 0.33095379972060146 0.40302746484977087 0.334221654631013 0.4100731702918124 0.33385942913168554 0.4342187886727813 0.3115068836141393 0.4424771496390353 0.28811602107815515 0.4424771496390353 0.2742084603228805 0.44342103843643843 0.26534465690032616 0.43853417084778246 0.2537698302445211 0.4410687097761603 0.24015463489243874 0.4428741508215909 0.22161481120786303 0.4401550088334941 0.19797210970751164 0.436308027713539 0.18484492707238723 0.43885854259426954 0.1799258648989076 0.4358744971340562 0.18055424772400294 0.4313322299155445 0.17618446878344507 0.43236141690482555 0.17147032965084827 0.42910644322611113 0.16717357353217344 0.42237384789985205
20 0.40875000883464524 0.32786238255031314 0.3921606676284955 0.2922305697930415 0.3735763468332497 0.24261988292437642 0.37286249718280545 0.22982930008841465 0.37311411520580795 0.21591482341637477 0.37669547839987727 0.21359574397103484 0.3753907923546789 0.20856338351098425 0.36678818450239253 0.20228532117207557 0.367781554511523 0.20079489882686363 0.3762938185710613 0.19967995300375427 0.3898621052983832 0.19911460772344922 0.40124439027519215 0.19775777905071698 0.4086315686045119 0.1964009503779848 0.42611958260861577 0.19244353341584927 0.42875786058337284 0.19826658980299158 0.4304915861096417 0.20465499147043897 0.432752967230862 0.21081725502576437 0.4364465563955218 0.22133267723943884 0.43863255814603475 0.22879523493946588 0.44089393926725523 0.2358055164152489 0.4449644252854517 0.24366381581148946 0.4572512627107488 0.2689912843691571 0.46034181690974996 0.3029120011874619 0.46682444279058155 0.32637383032012274 0.47519155293909676 0.3338363880201498 0.4589096088663103 0.32744798635270234 0.4333560021965207 0.3327622319875701 0.41111908783785434 0.32942669483377
20 0.6546958379796536 0.27662008162936036 0.6657913383498468 0.30517454413047496 0.6644349659973777 0.30751428643848444 0.6293567715457419 0.3157634836548463 0.6290854970752481 0.3119995503767441 0.633154614132656 0.30264058114470616 0.6427140725974148 0.2907772559460977 0.6482763104001837 0.2836741279412105 0.6538385482029525 0.2773978190691673
26 0.17409901564160113 0.5408259606232393 0.17409901564160107 0.4828736814401008 0.17878202810084465 0.4765077113783164 0.18697729990452083 0.4727759358248569 0.22297795818495542 0.47167835477972164 0.2835644318764185 0.4740930330790192 0.32488398936001933 0.47459404391646054 0.3330792611636955 0.48030146535116364 0.3386403384590471 0.48600888678586673 0.33834765018034446 0.4993993755365162 0.3373402514664597 0.5413082034987206 0.32785152738984985 0.5366442961831818 0.317065122748293 0.5364003113447643 0.3113201248714831 0.5393926290439027 0.30016300314443606 0.5372081551718374 0.2869504185769421 0.5413566853877723 0.2804825369665505 0.5383620596335398 0.2744605085270869 0.5412562153130658 0.26705827668505266 0.5385427259355194 0.2591875542598374 0.5389634509479009 0.2582597584434598 0.5359140022875414 0.2535797850685527 0.5336784981320448 0.24279554159019662 0.5336410673262303 0.23534627327663743 0.5354177909243826 0.22083101143634454 0.5312933696344305 0.20076684609811626 0.5313816831837338 0.19482673124931904 0.5543757548330263 0.1803608144916061 0.5514047521348429 0.1761841586003198 0.545619583042202
14 0.38371719661502324 0.7838667268813841 0.38282896236359953 0.7774270285585625 0.39556031996733876 0.7687667446071818 0.39822502272160976 0.7427858927530395 0.4153975515824673 0.7361241358673621 0.42516812834812756 0.7305726717959642 0.4615857326564978 0.7256873834131341 0.4678033724164634 0.7279079690416933 0.4917856972049024 0.73679031155593 0.5012601958867549 0.762993221972928 0.5128072411552624 0.78897407382707 0.4994837273839076 0.78408878544424 0.5031468479465366 0.7935206674790828 0.4635852755932578 0.8029013685870949 0.42757865224620867 0.8093547615583031 0.423739710786413 0.8020078218680046 0.40811919036379607 0.7707336866998414 0.38786546473108097 0.7872146595186195
26 0.517114954261187 0.795474778643999 0.517436943647402 0.7503157672273543 0.5184029118060468 0.7143334533178353 0.521944795054411 0.7104695806832559 0.5299945297097846 0.7061227239693543 0.5676080347491086 0.7068375537206765 0.6214395153948264 0.7085376443659663 0.6338157128389523 0.708968147361285 0.6385812445144332 0.7108267047147226 0.6401062146505871 0.7164023767750352 0.6401062146505871 0.7299841420501556 0.6391531083154909 0.7518579324406126 0.6364844105772217 0.7998944917294598 0.6313376363677023 0.8071857551929454 0.6221878155507792 0.8111888018003492 0.5945477318329901 0.8109028698998205 0.5587109336333742 0.8101880401484983 0.529164637245393 0.8083294827950609 0.5198241951614505 0.8026108447844839
23 0.6774439169228412 0.34660494222197724 0.6641413818269019 0.33367192198981394 0.6611852629166931 0.3129790896183526 0.6611680035508277 0.30946643509408767 0.6651138774643397 0.3073948512894939 0.6666922270297444 0.3048497626152787 0.6644825376381778 0.3004698425712804 0.6737185119930296 0.29031767318664137 0.68374103173335 0.27913112064183504 0.6925797892996166 0.2778289822503761 0.7209900814769028 0.2783024871199975 0.7370103295657613 0.278953556315727 0.7545300097417544 0.2832742882510226 0.7701556704392616 0.28942985155610124 0.7834138067886617 0.2991958894920433 0.791779059485307 0.31180295664571395 0.7938309139203333 0.32583053840824894 0.7904374623547131 0.33743140771397406 0.7830192193973108 0.3464280002367812 0.7762811665484264 0.3523664157225654 0.7653943396796337 0.3571663302262327 0.7478821584806119 0.35689294007965466 0.7177883884842664 0.35455926805996163 0.7034179084621118 0.3520311055499535 0.6880516397063875 0.3537108695245419 0.6782957257327034 0.3463096240193759
11 0.1922870516694955 0.5561113635753236 0.19336756047116174 0.5723144940839473 0.19679018777467758 0.589546070432199 0.20464250103023673 0.6087281499564935 0.21156375428549384 0.6314942496024324 0.215826438624226 0.6414218170755323 0.2227813446505784 0.6552194532245861 0.22726838079661216 0.6636326459983993 0.23691550851058485 0.6710362556393554 0.2537418940582116 0.6807955592569789 0.27213874225695023 0.6858434749212668 0.3042210507010919 0.6898818074526971 0.3324893784211049 0.6833195170891229 0.3576167808388942 0.6735602134714995 0.3748918700011244 0.6666613953969722 0.39239131097065616 0.6555559809355387 0.40203843868462885 0.6410852893645795 0.40742288205986943 0.6227445291176664 0.40921769651828294 0.6030576580269431 0.4087689929036796 0.5816881483814572 0.40271149410653395 0.5699096784981185 0.3984488097678017 0.5593090556031136 0.39777575434589674 0.5458479471650122 0.390285549196251 0.5464919757315574 0.38207112783477837 0.5409682953562004 0.37861848933647446 0.5402512784172069 0.37191137104813643 0.5415538106839728 0.3653758609583284 0.5436216869233261 0.36078058042643213 0.5422431027637573 0.35261119281417214 0.5445407430297053 0.34066346343124193 0.5408645186041884 0.3367830043154184 0.5421665147548923 0.32779667794193235 0.5369585301520766 0.31707435670084116 0.5368819421432116 0.31125366802710597 0.5398688744889442 0.3000207600602484 0.5374946462141311 0.2868476225354792 0.5417835747105677 0.2806184644811309 0.5387200543559701 0.2746956584622424 0.5416303986928378 0.2668326228854422 0.5387200543559701 0.25886746996348864 0.5394093464357546 0.257744179166803 0.5361160620545623 0.25386372005097946 0.5339715978063441 0.24313421759467368 0.5340084799699212 0.23541847827039536 0.5358560741755842 0.22068873681731027 0.5317236682826084 0.20098106529023796 0.5316539477465457 0.1952175009757168 0.5548260659108316 0.1920302764699908 0.5546268643792238
12 0.7121330848995481 0.48824104979869026 0.7188927407460345 0.4922619450296186 0.719432293027553 0.4951153889536745 0.7266485658383333 0.5005441510326327 0.735680922395974 0.4970942262270286 0.7402061845282093 0.4921245187068061 0.7445698301557218 0.4906699701643018 0.7458627621935032 0.48873057210762966 0.7444082136509991 0.4865487492938734 0.7510344903446292 0.48206389128781896 0.7562062184957553 0.475033573332382 0.759192909995097 0.46853913555596577 0.7625979690157294 0.46572156245989715 0.7654422714606361 0.46251141194754697 0.7656380177721256 0.458738084519217 0.7636951708833977 0.44989752088325635 0.7617939053431089 0.4428504781111475 0.752422052655673 0.4347562486233986 0.7480487946685708 0.43402126722636986 0.7449177306031565 0.43369091347087874 0.7451639658278666 0.42950316804368155 0.7442113920137384 0.4266620085473834 0.7344153130140331 0.41941995842858326 0.7260767337718164 0.41529813553951145 0.7151344610756165 0.41278568389493325 0.7114184534412554 0.41441580148926266 0.7090485619152964 0.41400153334488093 0.7044604946601786 0.4169089930815477 0.6961265959715781 0.42295091772792176 0.6967907867144675 0.42526708477740416 0.7039937716551595 0.4263123590593378 0.7051049904319799 0.4320652468586065 0.7025372162322192 0.4332227261082979 0.6950066455719779 0.4332785298757961 0.6798801939077831 0.43307600451542716 0.6729278623537511 0.43186169590472834 0.664570410590362 0.4293684751943851 0.649432786107376 0.4260160443754489 0.647667454438894 0.4287603363045719 0.6407037061328533 0.42797453368560257 0.6407068880541122 0.42572072053670906 0.6359992927792392 0.42511616582122147 0.629483243184164 0.42327291625962876 0.6246484638161096 0.4371940905495309 0.6195569340681095 0.4437574222675238 0.6282385967881617 0.4439185192948927 0.6323048137925774 0.44341687087716464 0.6481568688484507 0.4323470121655158 0.6521014154105823 0.4345581968487855 0.6526180951327142 0.43783199177670334 0.650507941076574 0.4386647627408806 0.650654647923535 0.443518886879376 0.6446364673364907 0.44885742266247386 0.6625927871299744 0.4506101214411432 0.6748567412194827 0.4540854026339809 0.6724011064239639 0.4607314146672962 0.6762940885995525 0.4676033077006926 0.676961263565613 0.4700781883297246 0.6789812692978664 0.475976217373362 0.682081188757122 0.47627773505422505 0.6834397984045395 0.4738946139734283 0.6932680146007236 0.470551093477591 0.7033198744290794 0.4779560591470025 0.704806549781678 0.48360344177178566
12 0.5295759227769647 0.6058135135291729 0.5385408735653147 0.6023769490603056 0.5449159496814745 0.604618186757393 0.5490995933827044 0.6022275332138329 0.5475058243536643 0.5990898004379105 0.5431229595238045 0.5999862955167456 0.5435214017810646 0.5971473944337682 0.5279552588955597 0.5882526690932603 0.5281544800241896 0.584218441238503 0.5309435758250096 0.580632460923163 0.5452154322869134 0.5728597081162141 0.5548501112606091 0.5740581636783731 0.5632684272505899 0.5804447736360498 0.5713854649368988 0.5824254510808331 0.5894246027709927 0.5892674063011697 0.5942958947293484 0.5898962434044579 0.5933215197579539 0.5836882665060399 0.6019351395954256 0.5772564174254322 0.6071041732508263 0.5798231552780654 0.6167390402864007 0.578118207274932 0.626741963809835 0.5828624830997707 0.6333455098629593 0.5882171111431261 0.6370353556395468 0.595228511708514 0.6291962871507979 0.6029745747145683 0.6334453619469679 0.6056992556216675 0.630526997838405 0.6107436514193196 0.6273357083583739 0.6122775252715758 0.6265705734327744 0.6175332786737031 0.6262372738248849 0.6247418657788948 0.6139013969243361 0.6327519228794639 0.5941974964479851 0.6350599988741914 0.5692985488751343 0.6344942449240537 0.5529752895136913 0.6304404220029068 0.5391116420988393 0.6211241553172097 0.5403069688706194 0.6179864225412873 0.5334053452688383 0.6141007578122031
15 0.5204191896493754 0.5327137601216082 0.5202302853989152 0.5110369973813098 0.5240083704081175 0.504803157116126 0.5568777099881778 0.4941772930277445 0.5621502251276805 0.49566682314971194 0.5691770093269969 0.507897918253661 0.5766582913850412 0.5093193765562994 0.5838533271121458 0.5056630434524958 0.5920142454498963 0.5115022158189692 0.5889914325663975 0.534130542000059 0.5566888057377176 0.5451814406519758
17 0.6835288730191066 0.5614994583145944 0.6709523667298981 0.5604203795312427 0.6551379330768563 0.5504215990233697 0.6465146268031043 0.5442331941517798 0.6497158850346565 0.5392239593033155 0.671514995138477 0.5362782417096355 0.6729445244830059 0.524198316604842 0.6785418223725251 0.5223097305546489 0.6889529124455698 0.5229869896728538 0.6978444233014013 0.5284328105979373 0.6983668360792531 0.5205501206968244 0.6818018640010141 0.5043765753379882 0.6735526229723082 0.4879613284862057 0.6748747127551898 0.4823712393267436 0.6818066960121132 0.480998546818553 0.6876515689216902 0.481073987494217 0.698666801626247 0.48138836446658884 0.7095202111379889 0.48711034537409326 0.7181706294540482 0.4924240854582002 0.7182633959960721 0.49534839243126577 0.7263211172483963 0.5014100798856052 0.7313611044464597 0.5099951088453389 0.7337789576635898 0.5138427540056929 0.7404512058186323 0.5245967696573969 0.7459762507098888 0.5305794962592136 0.7462460088352755 0.5346262436012233 0.7518823193336595 0.5414551985690824 0.7527293919757448 0.5473344239921134 0.757056791456726 0.5537757264583884 0.757519497336371 0.5562186578997071 0.7575282730610884 0.559160722555696 0.7568098794675374 0.5624243179734745 0.7576872137131602 0.5664428102337505 0.7480476448410971 0.5683209429137799 0.7396294611676084 0.5689562914446835 0.7346463621284235 0.5664747599541948 0.7298975806904702 0.5655513603136137 0.7236167126611602 0.5607343696417542 0.7206727366063568 0.5605133371188987 0.7103817989362472 0.5553366437879503 0.7068233090966419 0.5541142888765047 0.7039450415548802 0.5538199346447127 0.6912815307721445 0.5547884745437771
17 0.5623133933313338 0.5502386221294187 0.5573566365142595 0.5458438032676188 0.5899065705836977 0.534486139107026 0.5915852228910894 0.5267239451845955 0.5968838879174334 0.5257853517184995 0.5986209850146913 0.5279209372044857 0.599332431869298 0.5336347837277327 0.5963469318701642 0.536444357065749 0.5986097615113549 0.5407524365749393 0.5989578891484614 0.5429717502614919 0.5959988042330577 0.543885585308896 0.5984356976928019 0.5471492819067674 0.5978317089865337 0.5500527428649015 0.5804127487753729 0.5590606023814393
27 0.5921805730866981 0.40300269046327697 0.5921212064004616 0.3993240525873821 0.5944851928888557 0.3972216612766403 0.5907941851630316 0.394374312459576 0.5954343091612105 0.391289684574423 0.6002853478865794 0.39168514968790413 0.6045439422838873 0.3960812386568366 0.6052995163006007 0.3989817987243526
27 0.6449057191202775 0.4023556461069071 0.646227603785697 0.3951967210052214 0.6518141869447339 0.38907279041809967 0.6577715264701935 0.3890775740183266 0.6582189989845901 0.3904486755603106 0.6538244198291138 0.3967202771995025 0.6472073435140873 0.4039739618280285
27 0.6793604871523765 0.3833627362801799 0.6768570052682855 0.3817186370648546 0.6768830345036991 0.37737569426398915 0.6798998882815996 0.3728563343194084 0.6830291530348264 0.37171323829055686 0.686649430187471 0.3735064867572209 0.6859614599433255 0.37749753453746643 0.691742012566076 0.37770398284542184 0.6985318680277198 0.37859859217989517 0.7032235684164014 0.37749118548320676 0.7081783278073307 0.3776976337911621 0.7093711402532951 0.3800373812813232 0.7019390011669013 0.38485450846694874 0.6945068620805077 0.3860243822120292 0.6842303240845063 0.3818265999502698
27 0.705489056114427 0.3919668666176409 0.7120036471654636 0.3868056589187563 0.7107190799159635 0.38487880804450614 0.7116366279513207 0.3827455088623005 0.7172336709669999 0.38226379614373796 0.7233812428038935 0.38536052076306865 0.7230142235897506 0.3895583030248281 0.7220049207508578 0.3906593606672568 0.7252163388746079 0.3908658089752122 0.7269596801417869 0.3927926598494624 0.7273266993559296 0.39719689041917716 0.7177841997882143 0.3969904421112218 0.7085169646311061 0.3933431886706768
27 0.7417661524590513 0.5247212785575078 0.7450234756549875 0.5183021059648315 0.7423353400865211 0.5151228218280806 0.7382097910384482 0.5094947961536124 0.7433851637369864 0.5091129214640495 0.7470785112387754 0.5055989371134614 0.7511515832339752 0.5003638903505757 0.7466850623556316 0.49623733071112847 0.7427896087803403 0.4990533616603364 0.7349397617053277 0.5024409247473021 0.7317001422775449 0.505314549208263 0.7312017392886553 0.5086787693832684 0.7361297313162055 0.5173668027140629
15 0.5191294876935509 0.42869388048401935 0.5158106001888778 0.4194695872362012 0.5120325050149521 0.40072553070222516 0.5213948278311338 0.38847535887652884 0.5675107807328711 0.38326227506560806 0.5894723968273831 0.4008955536351806 0.5877878582103566 0.4080576346170296 0.5919148940234493 0.4037347577859396 0.6062615318928857 0.3989380025262566 0.6144430589084873 0.40008646800006803 0.608146278191039 0.4059435325765483 0.6081869058543365 0.4097920394632128 0.6135655695442129 0.4096811942023954 0.6306889878761058 0.4101856529219097 0.6328635565471729 0.407040734537868 0.6220831342449633 0.4026796403338949 0.6186605222623761 0.3904324844963791 0.6380011803136655 0.37839422681338936 0.6601011919723574 0.37929954348820283 0.6645243669574126 0.38224888480307995 0.6678095735485745 0.3801740641511186 0.674465218129436 0.3806931233992802 0.679172907051413 0.38351264159546583 0.6837437544774438 0.3830856754280626 0.6875611709678147 0.38412463480401093 0.6821701076911063 0.38572239161382543 0.6689498918339823 0.3878875891839144 0.6626271489223744 0.39150652756095317 0.6584558367670365 0.3905047649468984 0.658010808103145 0.38909094265831984 0.6519666587275441 0.389055657662162 0.6456379295660243 0.39524666957105553 0.6447121708754082 0.402545326266973 0.6473555630527528 0.40431460557893417 0.6537816980488321 0.39712523604232197 0.6585806852855967 0.39062805726362887 0.6629706629672637 0.39166544488386257 0.6691545564822117 0.3881252728960888 0.6810817402779459 0.3860569751280423 0.6832208690336645 0.385494262965438 0.6876634069752103 0.3842271077535542 0.6910592931350388 0.3858971741267265 0.7021900199247411 0.38612257369844877 0.7030230357516861 0.39187276085092065 0.7054915284856819 0.392908325601751 0.7120637525061081 0.3974358946754928 0.7185502984615671 0.4012313217024462 0.7152990320013299 0.4082756639811425 0.7134983231991425 0.41090687318502694 0.7150869852024349 0.4126292426512127 0.7116288544305092 0.414237222804056 0.7090490719327148 0.41384759314023256 0.7042204748629335 0.4169064546698014 0.6958158072541061 0.4228466193181915 0.6970271739788759 0.4273378617851303 0.6921317454710784 0.42973642279553287 0.6891537698568839 0.43266475609153576 0.6795587459527485 0.4325436842451387 0.6747392353020953 0.4313901686325547 0.6745699170060953 0.4294096775309597 0.6680798496758427 0.4276533841205371 0.6633603571648355 0.428534864938094 0.6507989605281054 0.42584064972288266 0.6479603226863927 0.4223952745023922 0.6419091352345367 0.41975141834410756 0.6339396667104592 0.4158802601496769 0.6310782036620561 0.4177212256702938 0.6289640603374842 0.4245148671743966 0.6245274096591578 0.4371123302663119 0.6196339613793501 0.44325472949972883 0.6141419344120861 0.4454300677486506 0.603213473762904 0.44785196313902637 0.5988394485281474 0.44807790945990306 0.5987406471735768 0.43988470966313187 0.6134193511048681 0.4333597361270566 0.6136028073546461 0.421812022017772 0.5973639471778771 0.41073301140458873 0.5861408186409931 0.4109074274549967 0.5693733531145787 0.41224500190983976 0.5602500590838239 0.41665764112582315 0.5474559188887012 0.42361013577644385 0.5354388416646668 0.43000250103522214
27 0.4978730288664025 0.4299067012936304 0.4961630972606232 0.42405927049850967 0.5029781986286577 0.4235658032040739 0.5143055539906931 0.4209275482918088 0.5161001878490797 0.4284369494589755 0.5121710188091928 0.4291681388210003
27 0.6083576116066787 0.40578323034668806 0.6083830221851048 0.409441701648147 0.6262741395473225 0.4094590787326814 0.6301561035527684 0.4098224525750968 0.6324441575740695 0.40708951282266354 0.6285531787815561 0.4052794625707662 0.6235657474823326 0.4034530504728406 0.6216571443187375 0.4026362413493421 0.6210070973280414 0.40037594510037067 0.6189346644554689 0.40009998230490007 0.616140374638352 0.401055524726363 0.6161176740655696 0.403025359316649 0.6109383624910452 0.4034154173984893
15 0.6590291076731932 0.5895825388363983 0.6619373806306856 0.5765794493663146 0.6778163318524574 0.5725442471509677 0.6790746214962519 0.5648893436017185 0.6852078429521701 0.5609662263933591 0.6925056480896398 0.5546782072940735 0.7052360437673696 0.5541903636640875 0.7101144800672295 0.5555493566333342 0.7148535324728077 0.5583021885453979 0.7206147334364518 0.5607414066953278 0.7231236435335225 0.5609504825367504 0.729721147862857 0.5658289188366104 0.7346262926952357 0.5676017135520987 0.7387346396930744 0.5733208031542524 0.7450998375319393 0.5862835053224517 0.736969110365506 0.5921724748558539 0.7279091572371947 0.5978872145214041 0.7201965817536066 0.5982356742571084 0.7126698514623943 0.5986189799663832 0.7122052384814552 0.5998385890413481 0.7120848466845289 0.6060185277592735 0.7091749431284847 0.6097260075551783 0.7042500455305308 0.6102813336372623 0.6997971258969923 0.6114987332171843 0.6911582704449166 0.611362663565467 0.6830288688782368 0.6124083906510287 0.6796415904876371 0.6136074679492417 0.671133450966444 0.6071562434911381 0.6662085533684903 0.6026262669269824 0.6588475884320829 0.5939703450270623
15 0.6221025992656646 0.47050123114277026 0.6194568324260925 0.4666806728276749 0.6185540025577124 0.46356346358048567 0.6218475726288734 0.46217959622758475 0.6261575640641847 0.4609390442270105 0.6265056890875711 0.45622434920341626 0.6330635900695322 0.45652315146376443 0.6362982455527758 0.4544145490265275 0.6443635887568522 0.4490346444004936 0.6546810411849738 0.45024309866083756 0.6623806569563225 0.4507955370737605 0.674279912824629 0.45425930186594404 0.6721288557364405 0.4606200199644496 0.6760589294064734 0.46804396446477947 0.6785626054956417 0.47609031196760215 0.676015276615598 0.4793525080403309 0.6649923483009232 0.4805581792487559 0.6464633496598189 0.4872748030287296 0.6347868121055279 0.4852448784979284 0.6335242301549768 0.47943217207941174 0.6304135436599271 0.4773297054746888 0.6375760104946953 0.46938932824682295 0.6406712758539826 0.46593023509428483 0.6398823113657227 0.46313983411479726 0.6350610817267824 0.46298878796404125 0.6328871562537903 0.46476106659967087 0.6289162000048683 0.4675632125079815
27 0.5698866705345392 0.5075149169269637 0.5628808262495796 0.4960428469103423 0.5691860861060433 0.4970937235530863 0.5700034346059553 0.49367837446416835 0.5652161076778994 0.48938729483963056 0.5661502202492273 0.48842399125044866 0.5771260429623309 0.48492106910796884 0.5871677531041064 0.47590104459108323 0.5897365626752583 0.479491539787125 0.5907874393180023 0.48448320384015886 0.5858833483185305 0.48868671041113465 0.5781769196050748 0.4933280822499204 0.5831977746759627 0.504625006159418 0.575958402248171 0.5088285127303938
27 0.6295513926543963 0.42309174909700537 0.6312222954625774 0.4178203205507366 0.6339280787576607 0.4161625519121997 0.6418995230123908 0.42024194910285023 0.6474829898136136 0.4224324187575848 0.6490688932028852 0.42597059047608016 0.6475902024020774 0.4286898558585894 0.6407996602098958 0.4279326189292525 0.6409401126711765 0.42562372520603625 0.635803956739916 0.42491361024011076
27 0.6667553254136479 0.4293850936405178 0.6664022126721673 0.4282669032924957 0.6679716026343036 0.4277372341802747 0.6744061014790629 0.42947337182588813 0.6746022752243299 0.43120950947150144 0.6728759462659798 0.4316214743365622
27 0.6897468883589463 0.4326219604374242 0.6926110250398451 0.42973820638199856 0.6971230211809872 0.4276195299331145 0.6989278196374442 0.4276489559949045 0.6990847586336577 0.4267367480794127 0.7003010358543134 0.4261482268436116 0.7023412428050908 0.42638363533793194 0.7037929285200668 0.42720756506805363 0.7049307362426156 0.4317686046455126 0.7021843038088771 0.433033925302485
17 0.5685803368814497 0.49674758220530557 0.5577722294152878 0.49379197494770954 0.5552205939899492 0.4909587762376087 0.5584841136231071 0.4879103750373396 0.5652706317355585 0.4861901358787226 0.576551286347977 0.48280593949499706 0.5794227257038653 0.4808061870864319 0.5794227257038653 0.4758837196191946 0.587216632526991 0.47280717745217143 0.58885745501607 0.46803853709328536 0.594190128105577 0.4628084154093458 0.5968564646503305 0.45604002264189475 0.6021891377398374 0.44881014854939005 0.6073167080182097 0.44881014854939005 0.6118953151865814 0.4514461445540727 0.6177258447232092 0.46219310697594124 0.618970630961147 0.46667964644956456 0.6101881473740981 0.4665002660097738 0.6087524276961538 0.4694229810684458 0.6083422220738841 0.472345696127118 0.6112136614297725 0.47449927564403427 0.6046503714734561 0.4740377943189808 0.6038299602289164 0.4794217431112714 0.6101881473740981 0.4888051967206924 0.6122391754854469 0.4952659352714413 0.6042712389270731 0.4988216488809782 0.5985283602152964 0.5109739904407199 0.5841711634358545 0.5048209061066733 0.5804793128354265 0.49728337779746645 0.5792486959686173 0.49313004587198506 0.5860170887360685 0.4891305410548549 0.5913497618255755 0.4848233820210223 0.590119144958766 0.4794394332287316 0.5870426027917429 0.475132274194899 0.581858476818924 0.48015462344934173 0.5764725621677855 0.4844633551702524 0.5655571084748118 0.4878026222539582 0.5638336157864475 0.48936453750278835 0.569075906046889 0.49378098751672184
27 0.6259828285465857 0.46076701330383313 0.6220152048025599 0.46185508483468324 0.6183115015150401 0.4613598890292787 0.613568837305307 0.4526800603491888 0.6132403492088528 0.45116666876195394 0.6081253202783536 0.4485622274257821 0.6048873661847347 0.44796390982152656 0.6140850328854491 0.44574661517046155 0.6189654274613383 0.44377568659173705 0.6283977285166629 0.44409244297046074 0.6326211468996439 0.4435997108257796 0.648060087432986 0.4325484327236458 0.6517203833649028 0.4346249467619446 0.652424286428733 0.437757315395989 0.6502656503663204 0.43860199907258524 0.6505002847209306 0.4434589302130135 0.6442590108883028 0.4487733983449313 0.6330434887379421 0.4563755514342972 0.6262860193251724 0.4561643805151483
27 0.5960535435727371 0.5249698419192785 0.5907885081507482 0.5256506654652253 0.5923703821884707 0.511820681836613 0.5930149488591897 0.5098064109906165 0.5988160488956598 0.511820681836613 0.6047245767105829 0.49909049008991496 0.6126606205183053 0.4951883447797874 0.6106194927276954 0.4879369697341998 0.6042812537989597 0.47931589051333473 0.605140676026585 0.474562211316783 0.6115863427337738 0.4746427821506229 0.6114789149553206 0.4739982154799039 0.608900648272445 0.4726285113046263 0.6090692223581151 0.46950957570707386 0.610348079704639 0.4668014072085526 0.6191120138734649 0.4668578273856052 0.622051258729795 0.47060069679512817 0.6293106548438869 0.4676950576769231 0.6351031263546131 0.4631532334241947 0.6397295808729203 0.46329428386682586 0.6405194633516555 0.4658614019227159 0.6302133776767274 0.4773993281299576 0.6331848403348271 0.47940224441532236 0.6345765380354561 0.4853263630058378 0.6346036241068497 0.4880427560199646 0.6377837701409086 0.4890296978926035 0.6401962947184705 0.4902633752334022 0.6190318745607685 0.5030936195777086 0.6045567270953971 0.5119760964314592 0.5988543962757054 0.5174865218870267 0.5958935706577885 0.5218455151578488
27 0.5620519642054629 0.5788915975347321 0.5741813444843213 0.5673111514640508 0.582112040283038 0.5679405973354484 0.5870324371730024 0.5692585607881174 0.5884382648558495 0.5659636521564448 0.5829906825848175 0.5637231142869076 0.5907227348404758 0.5567379079877617 0.5974004163339989 0.5514660541770855 0.6070599226512985 0.551093401060655 0.6079397647377413 0.5543928088848151 0.6037805112381939 0.556252475112978 0.6175691590385481 0.5637188240660441 0.6190888862787672 0.562699007102213 0.6162893887309951 0.5610193085735495 0.6155695179329966 0.5593396100448862 0.6094906089721198 0.555260342189561 0.609810551549008 0.5517809666659013 0.6129299916736686 0.5496213542719055 0.6164493600194393 0.5504612035362372 0.6273274076336398 0.557120008417724 0.6298869482487459 0.5575999222830563 0.630126905181412 0.5596995454438854 0.6320465606427416 0.5602994377755509 0.6333263309502946 0.5596995454438854 0.6310867329120767 0.5567000837855581 0.6270874507009737 0.5503412250699041 0.6268474937683075 0.5466818818467447 0.6314866611331871 0.545062172551248 0.6350860151231799 0.5447622263854152 0.6224482833360939 0.538163410737095 0.6146096902023318 0.5411028831622559 0.6118901782987817 0.5409229154627562 0.6258076803934207 0.531144670456609 0.63004691953719 0.5300048750264446 0.6411649240840568 0.5325244228194396 0.6434045221222745 0.5346240459802687 0.6438044503433847 0.5379234538044289 0.6413248953725009 0.5387633030687605 0.6429246082569422 0.5421227001260871 0.6470838617564894 0.5415827970275882 0.6454841488720482 0.5382833892034281 0.6487635602851527 0.5360037983430993 0.654282569736475 0.5339041751822701 0.6510831439675926 0.5300048750264447 0.6506032301022602 0.5277852733992824 0.639005311690061 0.5213064362172954 0.6523629142751455 0.5116481696774812 0.6546824979575854 0.5078088587548222 0.6609213782069063 0.5043294832311623 0.6664403876582286 0.49863050608034043 0.6733191530613261 0.5004301830753368 0.6777983491377617 0.49869049531350684 0.6815576744161986 0.5048093970964947 0.6979547314817215 0.5206465546524635 0.697474817616389 0.5277852733992824 0.6889963393288504 0.5226861885801258 0.6783582486473159 0.521846339315794 0.6725192966191054 0.5240659409429566 0.6711595406673303 0.5359438091099328 0.6494675157294831 0.5392012091380307 0.6463617547434805 0.5443056772562527 0.6706438956415597 0.5608541686690568 0.6830670613527342 0.5618376692878582 0.6787189533538232 0.5648916975251884 0.6776146719572744 0.5721903073805035 0.6614645565327478 0.5763831258080246 0.6584277826922385 0.5891686338524417 0.6584968002795228 0.5938790841845952 0.6701607725305698 0.6069751713717914 0.6792771834428158 0.6139317618850642 0.6829406783110792 0.6128221456509267 0.6909140322707789 0.6115258737696265 0.7002244344813294 0.6118053104987787 0.7041430566663174 0.6105859519997267 0.7095624277732158 0.6098981087438511 0.7125114578115535 0.6060118415031838 0.7128762043847501 0.5990360632907993 0.7237179923175405 0.5985491266155819 0.7187331224838538 0.602698118885693 0.7183075848151245 0.6052969382197186 0.7183075848151245 0.6070294844424023 0.7221982149292213 0.605570498149616 0.7259672628522525 0.6064367712609579 0.7285812799601615 0.6077589775887955 0.7280341601003666 0.6103577969228211 0.7305265950172098 0.6095371171331287 0.7349035538955688 0.6125462763620005 0.7364841223794207 0.6162849287372655 0.7395844682515915 0.6162393354156159 0.7403747524935175 0.6121815297888039 0.7477912661485145 0.6129110229351972 0.7551469887079789 0.6161025554506672 0.7544782866571186 0.6196132412176842 0.7597671119684688 0.6195676478960347 0.7609221427835914 0.6220752805867612 0.7616516359299845 0.6251300331372824 0.7612868893567879 0.6261786795352225 0.7528369270777339 0.6306924183785302 0.7527761359822012 0.633382424355855 0.7570315126694944 0.6344766640754447 0.7608613516880586 0.6371210767311198 0.7606789784014603 0.6397654893867951 0.7549646154213806 0.642637868650718 0.7506484476385544 0.6395831161001968 0.734113269653643 0.6389448095971028 0.7314384614502013 0.6408141357847351 0.7184964545555075 0.6402939344871412 0.7093168125460155 0.6396251319978783 0.7012911826748595 0.6399398625810608 0.6988303561278632 0.636365969975809 0.6908015147201441 0.6375702961869669 0.6841643391564297 0.6366871236321178 0.6726028075293142 0.6378111614291985 0.6627540954025122 0.6368477004602722 0.6534406393695581 0.6367674120461949 0.6493726930563138 0.6357236626631915 0.6407015443359775 0.6360448163195002 0.6208970688636039 0.6337164523112617 0.61929130058206 0.6305852041622513 0.6272130907710094 0.6252058804190795 0.6279624493023965 0.6124400225808063 0.6312810370842538 0.6110751195414941 0.6347066760848805 0.6058563726264767 0.6299964224590187 0.6028054128915434 0.6373829565541203 0.5956597440386736 0.6339573175534934 0.5878717678731862 0.6274271932085487 0.582251578887783 0.6170432249878988 0.5771131203868427 0.6073015640798664 0.5791203307387726 0.6019490031413871 0.5766313899023796 0.5927425983272026 0.5828938862004004 0.5932778544210505 0.5887549404280353 0.5896381129828845 0.5886746520139581 0.571867610667133 0.581850136817397 0.563486413782414 0.5801859735307876
27 0.5267984256042728 0.585938345902591 0.5170385959283225 0.586809759266515 0.5119263041933008 0.5796641696823372 0.5144824500608116 0.5763527988994255 0.5123910579873937 0.5719957320798047 0.5154119576489973 0.5693814919880323 0.5065816355612327 0.5594473796392971 0.503560735899629 0.5601445103304364 0.4998427055468861 0.5547417474741068 0.5054197510760005 0.5517789420367647 0.4954275445030037 0.540276285632966 0.49937795175279315 0.5285993465563826 0.5051873741789542 0.5268565198285343 0.49961032864983956 0.5191880822260019 0.504025489693722 0.5130881886785329 0.49751893657642166 0.5076854258222033 0.4944980369148179 0.4954856387272654 0.4928713986354929 0.4771859580848584 0.49565992140005016 0.47056321651903504 0.496589428988236 0.46289477891650255 0.5061168817671399 0.45609775467789426 0.5151795807519509 0.4510435571671343 0.5154119576489973 0.43866948739941153 0.5233650225751311 0.4299306035581178 0.5361354393284966 0.43090101773025113 0.5694107109765664 0.41275086955857665 0.5966173705825385 0.4110596057516706 0.6127054087245775 0.42186707193875106 0.6121358774478978 0.4325457833764965 0.5952126623694135 0.43895301023914385 0.5972755860151583 0.44655320172240776 0.597746321049965 0.45179230831349754 0.5937072982204505 0.4621920656565428 0.5881282163264447 0.46689941600461027 0.5871983693441105 0.4716067663526776 0.5784810538847264 0.4757039046185882 0.5788297465031017 0.4802369086574678 0.5760402055560988 0.4824162375223139 0.5577919585277882 0.48721076102497507 0.5546537249624098 0.49034899459035336 0.5559322645631195 0.493312881846544 0.5235038510542109 0.5040351798615864 0.5196682322520818 0.5110090322290937 0.5196682322520818 0.5327151477229599 0.5558160336903278 0.5455296014482544 0.5616275773299171 0.5503241249509156 0.5696475075525506 0.5547699558352016 0.5590704981284977 0.5652307343864624 0.551864184015407 0.5723789330631573 0.5438442537927737 0.5709841625896559 0.5318724738952195 0.576999110256631 0.5271070081107563 0.5831012310781998
