24 0.0954760507552905 0.6058666412290509 0.07990194318527859 0.5967253172205657 0.0622964302800477 0.5850447365430567 0.05010799826873403 0.5723484531979383 0.04130524181611859 0.5601600211866247 0.0372424311456807 0.5510186971781393 0.0318253502517635 0.5383224138330209 0.0318253502517635 0.5225790224850742 0.0345338906987221 0.5027728204666894 0.04130524181611859 0.48855298312015677 0.05146226849221333 0.4723017404384052 0.06568210583874595 0.46011330842709147 0.08125621340875788 0.4504641330848015 0.09953886142572839 0.4428463630777305 0.12120718500139718 0.43522859307065936 0.15100112991794173 0.4291343770650025 0.17876366949926736 0.4296422283988073 0.21329756019798946 0.43319718773544047 0.2353348099132815 0.4389201660341831 0.2491857211201908 0.4438620657453399 0.27423972025455784 0.457066200424263 0.29403135939901004 0.4720220407962096 0.3029694195903846 0.4812683099597004 0.3156059874471555 0.4979115944539841 0.32546867455487916 0.5127056251155694 0.33317389885778814 0.5244946182990202 0.33379031680202087 0.5305046932552894 0.33810524241164996 0.5346655143788602 0.3544403179338172 0.5501530152277075 0.35998807943191174 0.5587058142039365 0.3581388255992135 0.5663339862638166 0.355981362794399 0.5748867852400457 0.3538238999895845 0.5855199947780602 0.3556731538222827 0.5917612264634166 0.3550567358780499 0.5943039504833765 0.34581046671455906 0.599851711981471 0.33409852577413723 0.6070175705831764 0.32947539119239183 0.6107160782485728 0.3217701668894828 0.6174196233921037 0.3146813605308064 0.6201935041411509 0.29865449398075555 0.6201935041411509 0.2666007608806538 0.6199623474120638 0.25334777507965023 0.6225050714320237 0.21667090739780304 0.625278952181071 0.18430896532558497 0.6243543252647218 0.14970150074223337 0.6227079232555084 0.12579958045565828 0.6179904389884212 0.10378465387591808 0.6113859610144992
20 0.37232968406030403 0.7762623228410079 0.366486856621419 0.7570484095323669 0.35884623612441546 0.7391828410173144 0.3480594777757047 0.7149126347327148 0.33438950881003615 0.6836108103495497 0.32584999178397345 0.6667565004296889 0.3186588195514995 0.632036621994776 0.31620700459911555 0.6206663685106512 0.3233160405192506 0.6177511942869157 0.33088526481947633 0.6113071249502371 0.3368179000818154 0.6088522413934071 0.3562523949067192 0.6027150325013322 0.3677085181719256 0.6008738698337097 0.388984175664452 0.6033287533905397 0.40412262426490353 0.6014875907229172 0.42776345977762054 0.5999121692003213 0.4539488843838067 0.595616122975869 0.48033888261972885 0.5933146696413408 0.5132752370071975 0.5910132163068128 0.5153209733045557 0.599145018088812 0.5169575623424424 0.6126468776513768 0.5145026787856124 0.6186306563211498 0.5083654698935375 0.626762458103149 0.512456942488254 0.6368888527750726 0.5169575623424424 0.6557607701182029 0.5208444613074231 0.6689557692361638 0.524526786642668 0.6898222794692185 0.5298457010157998 0.6999486741411421 0.5359829099078746 0.7175931497058576 0.539051514353912 0.7355444857151765 0.5374149253160253 0.7376925088274029 0.5347554681294596 0.7393802412727236 0.5423246924296852 0.7441365781640815 0.5490756222109676 0.7490463452777414 0.5490756222109676 0.7571781470597406 0.5472344595433452 0.7646962279525324 0.5433475605783644 0.7673045417316644 0.5171621359721781 0.7696059950661923 0.4778839990628988 0.7708334368446073 0.4418790402293928 0.7723677390676261 0.4304229169641863 0.7740554715129465 0.4169210574016215 0.774976052846758 0.3933950899820011 0.7732883204014374 0.3839847030141529 0.7719074484007205
14 0.5502878298353292 0.7483271947844073 0.583103159137436 0.7490156282662697 0.5909054052652096 0.7491877366367352 0.5993960848748457 0.7517693621937191 0.6131647545120933 0.7552115296030312 0.6244091680491788 0.7565883965667559 0.6370304485499892 0.7574489384190838 0.6418494829230258 0.7567605049372215 0.6425379164048881 0.7638169481263108 0.6432263498867506 0.7670870071651571 0.6432263498867506 0.7744876670951777 0.6416200050957382 0.7806835684319391 0.6420789607503132 0.7903216371780124 0.6423084385776007 0.7966896468852395 0.6413905272684509 0.8006481394059481 0.6393252268228637 0.8013365728878106 0.6296871580767904 0.8006481394059481 0.612476321030231 0.8006481394059481 0.594577050501809 0.8008202477764138 0.580578903037274 0.801164464517345 0.557631120308528 0.8003039226650169 0.5452393176350051 0.8008202477764138 0.5417971502256932 0.7992712724422235 0.5406497610892559 0.7930753711054621 0.5406497610892559 0.7836094107298543 0.5420266280529807 0.768463874128882 0.5444809545193836 0.7674851987204945 0.5477398112382588 0.7652447347262679 0.549640810990936 0.7574031107464744
23 0.6574348178149986 0.6759042571956662 0.675196369275153 0.6795724036928722 0.6878096449497556 0.6824683088222452 0.7009377482029133 0.686136455319451 0.7068582653562983 0.6880670587390331 0.7094324032490743 0.6919282655781971 0.7096898170383519 0.6965617137851939 0.7058286101991879 0.70235352404394 0.6973339551530269 0.7172191703747217 0.6872948173712004 0.7340154201250851 0.6780279209572068 0.7427031355132043 0.6656720590718819 0.7484949457719503 0.651256886872336 0.7533214543209055 0.6373565422513454 0.7550589973985292 0.62397102520891 0.7548659370565711 0.6108429219557523 0.752935333636989 0.5971999911240393 0.7492671871397831 0.582527405135216 0.7415447734614551 0.5758346466139982 0.7355599028607509 0.5696567156713357 0.7280305495243808 0.5660529226214492 0.718570592768429 0.5657955088321717 0.7100759377222681 0.5683696467249476 0.6998437395984834 0.5737753362997773 0.6907699035264478 0.5848441292387144 0.6824683088222452 0.5951406808098184 0.6778348606152484 0.6038927496452569 0.6749389554858753 0.6190801632126355 0.6720430503565022 0.6314360250979605 0.6722361106984605 0.6437918869832855 0.6724291710404188
16 0.6633453021421832 0.3504139263070176 0.6635847682683312 0.3407996094050569 0.6623876710110814 0.33532197399058394 0.6601500733666338 0.31827949945162065 0.6584091041523391 0.31193726656248216 0.6565322252921557 0.29448229316277647 0.6554060979760457 0.28519174280486864 0.6602859830125225 0.282657956343621 0.68205777779065 0.28265795634362106 0.7158415972739511 0.28209489268556603 0.751502295617436 0.281531829027511 0.7912921274533243 0.28181336085653846 0.808184037194975 0.28209489268556603 0.8160669284077451 0.28491021097584107 0.8201960619001487 0.28941472024028125 0.8228236923044053 0.29898680242721665 0.8239498196205156 0.3133449257076197 0.825826698480699 0.3313629627653804 0.8288297046569923 0.34966253165216865 0.8201960619001487 0.3533224454295263 0.8040549037025714 0.35473010457466386 0.7747755934837103 0.3536039772585538 0.753754550249656 0.3536039772585538 0.7286043735231984 0.3536039772585538 0.711712463781548 0.3544485727456363 0.6805562747025032 0.3550116364036914 0.6670427469091826 0.35473010457466386
13 0.23651932516150853 0.4386627863571995 0.23835061865046023 0.4352748934026389 0.24225737809355719 0.4334435999136872 0.2429898954891378 0.4294147542379935 0.2471408273974283 0.4261184259578804 0.25259641524273524 0.41826743287656387 0.260409934128929 0.40993504750183374 0.265415469665397 0.39537626426466793 0.26724676315434864 0.39134741858897404 0.27054309143446165 0.3904317718444983 0.26871179794551 0.3888751723788894 0.26834553924771964 0.38466319735430055 0.27054309143446165 0.37981026960857867 0.27518236827313924 0.3696465907448967 0.2792112139488329 0.368273120628183 0.28030999004220397 0.3648852276736224 0.28116459367038144 0.3599407352534529 0.28372840455491377 0.356827536322235 0.28800142269580103 0.3503264444364565 0.2910535785107205 0.3486782802964 0.2956928553493981 0.34840358627305723 0.30179716697923703 0.3511505265064848 0.30729104744609204 0.3537143373910171 0.31473830763449556 0.35600345425220664 0.3197438431709635 0.3555456308799689 0.331586207732851 0.3615888993935094 0.3423297962013676 0.3658924390925458 0.3550267643914326 0.37175257825719116 0.3730955268157558 0.3801765283063689 0.3827403391909014 0.38493789137764334 0.39238515156604686 0.3882342196577564 0.3964139972417405 0.39070646586784114 0.39885572189367613 0.3924461946823452 0.395071048683176 0.39501000556687754 0.39372810012461135 0.39656660503248653 0.3859145812384176 0.3989472865681238 0.38164156309753033 0.40178579147599874 0.379077752212998 0.4054483784539022 0.37492682030470753 0.41176634099078546 0.37065380216382027 0.415612057317584 0.3614973347190618 0.4189999502721446 0.35710223034557775 0.4237613133434188 0.35258503973949695 0.4290720644613788 0.3506316600179485 0.43209369871814907 0.3473353317378355 0.43493220362602414 0.3461144694118677 0.44152486018625026 0.34550403824888387 0.44949098686319006 0.34037641647981914 0.46221847661140425 0.3329291562914156 0.47119181470726745 0.33012117294168974 0.476594130499675 0.3257260685682057 0.47805916529083625 0.3199880156361571 0.4799820234542356 0.3147383076344956 0.4821795756409776 0.3136395315411246 0.4879481501311754 0.31168615181957615 0.49051196101570776 0.3086339960046567 0.4867578093633568 0.3035063742355919 0.4802567174775782 0.2945940792560271 0.47155807340505773 0.2748161095753489 0.45672459614454924 0.24954425942781577 0.44326458900075427
11 0.4467253394798455 0.335571305491704 0.4216916843581642 0.32848630875915286 0.4075216908930615 0.32140131202660144 0.3905176987349383 0.30616856905161616 0.3706797078837947 0.28207958016094165 0.36028837934271934 0.2686180863690942 0.36170537868922964 0.24948859519120564 0.37162437411480154 0.23283885286970998 0.3805987033093665 0.22256560760751065 0.40657702466205464 0.21087536299880097 0.43727867716977703 0.20308186659299454 0.4807333237960917 0.20060211773660158 0.5110644309747014 0.19660865932829896 0.5417660834824238 0.19590015965504382 0.5719954028746428 0.19837990851143675 0.6050587209598823 0.20652765475387075 0.6286753767350534 0.21467540099630475 0.6414283708536456 0.22459439642187662 0.6494580338172038 0.23522189152070358 0.6537090318567347 0.24549513678290297 0.6541813649722381 0.2603736299212608 0.651819699394721 0.2741893735497358 0.6470963682396867 0.28623386799507305 0.6437900364311627 0.2961528634206449 0.6319817085435773 0.30961435721249236 0.6225350462335089 0.3174078536182988 0.6045863878443788 0.32874384839038095 0.5705784035281325 0.3372458444694424 0.5474340808684649 0.33937134348920783 0.5025624348956399 0.3407883428357181 0.4742224479654346 0.3411425926723457
12 0.6792613659566744 0.44789646119728066 0.6829742012798465 0.4403993898716447 0.687829447471687 0.4329023185460087 0.6903998719261908 0.42776146963700123 0.6886862556231883 0.4260478533339987 0.6789757632395073 0.42583365129612333 0.674120517047667 0.4232632268416196 0.667837257269991 0.42069280238711587 0.6684084627043252 0.41662296366748486 0.6629820110781506 0.4101969025312255 0.6561275458661406 0.40441344750859204 0.6561275458661406 0.40141461897833763 0.6480325652521154 0.39306073950120035 0.6403212918886041 0.3881340926300682 0.6417493054744395 0.3855636681755644 0.6337524293937612 0.38277904168318533 0.622899526141412 0.37892340500142974 0.6143314446263994 0.37892340500142974 0.6049065549598855 0.37785239481205307 0.6003369114852122 0.3787092029635543 0.589484008232863 0.3793518090771803 0.5837719538895213 0.3844926579861878 0.5809159267178504 0.39091871912244724 0.5843431593238555 0.39434595172845227 0.5854855701925238 0.39755898229658193 0.5820583375865188 0.39927259859958447 0.5840575566066885 0.4029140332434648 0.5866279810611922 0.40698387196309566 0.5783455022633467 0.4052702556600932 0.5757750778088429 0.40355663935709074 0.5666357908594961 0.4026998312055895 0.5540692713041444 0.39927259859958447 0.5472148060921344 0.39927259859958447 0.5446443816376306 0.40227142712983893 0.5420739571831268 0.4101969025312255 0.5400747381629573 0.4176939738568614 0.5400747381629573 0.4219780146143677 0.5463579979406331 0.42497684314462203 0.5552116821728127 0.42926088390212835 0.5700630234655012 0.4376147633792655 0.5663501881423291 0.4431840163640237 0.5643509691221594 0.44725385508365467 0.5620661473848227 0.4547509264092906 0.5640653664049924 0.458392361053171 0.5677782017281645 0.4631048058864279 0.5692062153139998 0.46481842218943037 0.5692062153139998 0.46696044256818353 0.5637797636878253 0.4706018772120639 0.5640653664049924 0.47338650370444296 0.5712054343341695 0.47595692815894675 0.5754894750916758 0.4729580996286923 0.5777742968290124 0.4708160792499391 0.5846287620410224 0.47381490778019353 0.5923400354045338 0.47445751389381946 0.5980520897478755 0.47724214038619855 0.6046209522427184 0.4765995342725726 0.6143314446263993 0.47595692815894675 0.627754772333252 0.4714586853635651 0.6388932783027687 0.4663178364545576 0.6486037706864494 0.457749754939545 0.6540302223126241 0.45325151214416354 0.6614558929589684 0.44682545100790405 0.6628839065448037 0.44404082451552507 0.6711663853426493 0.4470396530457794 0.6783287977020465 0.4501558835822974
12 0.7322281902157444 0.4671637085274607 0.7260180755437873 0.46594351404013984 0.7204769478108246 0.46510904705725653 0.7178967939592564 0.4631827651228807 0.7185602845266865 0.4599980103992166 0.7180294920727424 0.4562161141648657 0.7200199637750324 0.4505432698133392 0.7261240769953884 0.44467137829158376 0.7323608883292304 0.4379037745037978 0.7347494543719784 0.43631139714196576 0.7383323034361005 0.43392283109921786 0.7416497562732502 0.4331266424183019 0.7444364166564563 0.4331266424183018 0.7436402279755403 0.43073807637555384 0.7470903789261762 0.4281504631625769 0.7469576808126903 0.4226766659812793 0.7516021147847003 0.41939238767250087 0.7585024166859724 0.4155109678530354 0.7655354167007302 0.4168047744595239 0.7705779450131982 0.4176009631404398 0.7754877752121802 0.41919334050227186 0.7806630016381342 0.4226766659812793 0.7867671148584902 0.4258614207049433 0.7890229827877521 0.4293447461839508 0.7891556809012381 0.4331266424183018 0.794463605440678 0.43581377921639325 0.7987099450722299 0.4390980575251719 0.8017620016824079 0.4414866235679198 0.80534485074653 0.44845327452593475 0.8066718318813899 0.45323040661143066 0.807069926221848 0.45561897265417867 0.801894699795894 0.4565146849202092 0.7996388318666321 0.4594008688885296 0.7965867752564538 0.46517323682517064 0.795259794121594 0.46606894909120117 0.794994397894622 0.47253798212364356 0.793800114873248 0.4764194019431091 0.791278850717014 0.4799027274221166 0.79008456769564 0.48318700573089507 0.7826534733404241 0.48995460951868103 0.7753550770986941 0.495328883114864 0.7689855676513662 0.4940350765083755 0.7647392280198142 0.49363698216791746 0.7616871714096363 0.49184555763585647 0.7612890770691781 0.48786461423127647 0.7509386242172702 0.4817936755392921 0.7457633977913163 0.4774146377942541 0.7371380204147263 0.47094560476181163
17 0.6699623155512753 0.4970611736362676 0.6638784706885446 0.49199130291732524 0.6635404793072817 0.4943994915088229 0.6633714836166503 0.49769490747613543 0.6623575094728619 0.5003565896035801 0.6591465913508651 0.505553207090496 0.6576256301351823 0.5115103051852532 0.657118643063288 0.5186081241917725 0.6488378542223487 0.5182278838878518 0.6458978240089721 0.5169308117348902 0.6430920007408809 0.5156929485283807 0.636501168806256 0.5159464420643278 0.6282203799653168 0.5135382534728301 0.6198761932360158 0.5102824878615456 0.6077085035105542 0.5081277928059952 0.6004416888134035 0.5066068315903126 0.5943578439506727 0.5073673121981538 0.5908089344474131 0.5090150201818101 0.5838801111315252 0.5077475525020745 0.5793172274844771 0.5080010460380215 0.5757683179812175 0.5025509350151587 0.5737403696936405 0.4969740772243221 0.5757683179812175 0.4939321547929566 0.5782914211488974 0.49179452572033816 0.5848940852753137 0.48620060194656955 0.5909779301380444 0.4812574779956008 0.5980757491445639 0.4820179586034421 0.5982447448351952 0.4796097700119446 0.6001106972536462 0.477638820270912 0.6144753309573162 0.4765963468538514 0.6286324699520748 0.47194815261899825 0.6402321741610948 0.46624829796456607 0.6522833668572158 0.45538838765410994 0.65878320111227 0.4540384220780603 0.6607831501138252 0.4524634622393356 0.6654830302674797 0.45156348518863576 0.6684829537698124 0.45103849857572753 0.6725828492230005 0.45156348518863576 0.6778827140771216 0.45178847945131073 0.6792826783782104 0.44901355021165296 0.6908823825872302 0.42943904935893185 0.69758221174244 0.41983929415146704 0.702082096995939 0.4181143381376257 0.7058177827572796 0.42105417948426044 0.7024594320763334 0.4384731153390258 0.7099622557184618 0.440567030209958 0.7133855539612306 0.422935840408953 0.7095493518765928 0.4199790256498483 0.7062259897358283 0.4208698306046339 0.7022671302069681 0.41794160297135496 0.7159817425567475 0.4095645561559774 0.7181346886689809 0.4081838191371897 0.7218298001703398 0.40581405372156426 0.7352336366135604 0.39757250563823265 0.7399430926611786 0.3952177776144235 0.7406676243608122 0.39241021727834346 0.7444563213734792 0.3924244818140249 0.7506148408203644 0.3937829787508378 0.7542374993185322 0.3930584470512042 0.7562903391341605 0.3919716495017539 0.7599129976323283 0.3919716495017539 0.7622073480145013 0.3969528049367346 0.7647432089632189 0.40175282744680696 0.7659507617959413 0.407820780431238 0.7664337829290304 0.41271136940376446 0.7660715170792136 0.4151566638900277 0.7642601878301298 0.4158811955896613 0.7582224236665168 0.4150660974275735 0.7465091611891076 0.42231141442390907 0.745784629489474 0.4256623735347143 0.7411959287251281 0.42946616495779044 0.7349166539949707 0.4346284533176796 0.7334675905957035 0.4361680831794009 0.7259807630328236 0.4438662324880074 0.7250147207666454 0.44495303003745773 0.7193578001887373 0.45046365094524754 0.7176335609470932 0.4561700076991713 0.7182658360500163 0.46000507716265665 0.7174963440309852 0.4632204545278944 0.7194750377942082 0.46528159386458495 0.7215636589887215 0.4659411584523262 0.7254660827995228 0.4666007230400673 0.7309074906483866 0.467342733201276 0.7322323307595541 0.46762101302417913 0.7351125688477395 0.4703611645853216 0.7412150816550733 0.47486633467247946 0.7470500955444176 0.47924259508948774 0.7503603438085649 0.48206191670429116 0.7544560747116623 0.48450252347531486 0.7603471945037887 0.48803719535059076 0.7607399358232638 0.48925749873610264 0.7608521476288282 0.4918664232154729 0.7625353247122929 0.4940124739968904 0.766126102490351 0.4944332682677566 0.7694363507544982 0.4946015859761031 0.77078289242127 0.49510653910114244 0.7737565052687242 0.4973367487367332 0.778357189296861 0.5016709297266548 0.7799842604775437 0.5031857891017731 0.7811722170925737 0.5054991458869955 0.7860794389102551 0.5123692564317494 0.7877151795161488 0.514454825704264 0.7888601979402745 0.5104063677046768 0.7885330498190956 0.5025548127963867 0.7882822719102827 0.49302788614331416 0.7884758506802109 0.4872205230454665 0.7914763216140989 0.48351832907058856 0.7926985464238666 0.4807332993246025 0.7976413214893889 0.48121262469540943 0.7959959019449989 0.4852051868251797 0.8004482136533488 0.4911577340004738 0.8049973147466629 0.4952228881689671 0.8103207309196901 0.49348067923961275 0.8061587873662325 0.48745554002559577 0.7995771091886718 0.4811400326566863 0.7978082027776204 0.48108145018756665 0.7927794942016427 0.48053941346057444 0.7944042738612553 0.4779443969638584 0.796827312629133 0.4724595182983899 0.7964748706265325 0.46637989375353334 0.7980608596382343 0.464595656115369 0.7999992906525363 0.46026722777093304 0.8024663846707392 0.4572274154985047 0.8091627827201462 0.45768999562691776 0.8131340488565898 0.4578599230210287 0.8143927702944483 0.4582847415063059 0.8140780899349838 0.4598896113395755 0.814707450653913 0.4611168647414875 0.8169102131701653 0.46243852225123894 0.8192388478302035 0.46371297770707076 0.8194905921177752 0.46640349478049326 0.8203716971242762 0.46876359747647794 0.8216304185621347 0.46975484060879147 0.8212528021307771 0.4748526624321185 0.8208122496275265 0.47645753226538806 0.8184206788955954 0.47768478566730005 0.8143927702944483 0.4785816246917742 0.8116865192030525 0.4822633848975103 0.8106795420527658 0.4846706896474147 0.8128823045690181 0.4896741073629023 0.8153997474447351 0.4934502716764777 0.817161957457737 0.4930726552451203 0.8192388478302035 0.4911845730883324 0.8207493135556337 0.48976851147074163 0.8243366696535304 0.48962690530898256 0.8244625417973163 0.4924590285441641 0.82389611715028 0.49774565858316977 0.8237073089346012 0.5017578331663437 0.8225115235686355 0.5047787646172041 0.8253436468038173 0.5056756036416783 0.8276722814638553 0.5067612508818312 0.8279240257514272 0.5081301104455024 0.8279240257514272 0.5144551856707413 0.8274205371762838 0.5159184493422518 0.8252807107319243 0.5178065314990397 0.8266023682416759 0.5227627471606074 0.8276093453919625 0.5261140929889057 0.8262876878822111 0.5281437813074525 0.826413560025997 0.5310703086504736 0.827231728960605 0.5339024318856551 0.8268541125292476 0.5360265243120413 0.8257841993070677 0.5389530516550624 0.8245254778692093 0.543012428292156 0.8225115235686355 0.5510839795124236 0.8162068154103944 0.5599147204956516 0.8132710219693251 0.565694563832757 0.8108856897984562 0.5674835629609086 0.806481999636852 0.5659697944678572 0.8018948223851811 0.5659697944678572 0.798592054763978 0.5623917962115539 0.7959276009464016 0.5588332541555009 0.8003706868715409 0.5589934198886174 0.8067927350238802 0.5550025756796637 0.8095450413748828 0.5471585025793064 0.809178067194749 0.5415162745597512 0.8034899674026771 0.5386263528911985 0.7996367385112735 0.5397272754315995 0.7989027901510062 0.5417915051948514 0.8018385835920756 0.5450942728160545 0.7983523288808059 0.547708963849507 0.7944441415760223 0.550748781396333 0.792427063693509 0.5540769599024798 0.7943432876818965 0.5567243746232784 0.7955535344114045 0.5585397447175403 0.7954526805172789 0.5623217657472527 0.7914185247522524 0.5656499442533995 0.7866783917283462 0.5669358314035018 0.7835375133112901 0.5697129154167475 0.7759590635527044 0.572392747460658 0.7696592891704064 0.5717335219487953 0.7602942847158807 0.5733543881043863 0.755971974967638 0.5720576951799135 0.7530904351354762 0.5684917896376134 0.7548193590347734 0.5638453066582525 0.7574127448837189 0.561359978553013 0.7548193590347734 0.5577940730107128 0.7471832784795446 0.5588746504477735 0.7457425085634637 0.5600632856285402 0.7356571191508976 0.5535798210061763 0.7304703474530065 0.5506622619261125 0.7275888076208445 0.548393049308285 0.7301821934697902 0.5461238366904577 0.7291736545285336 0.535101946832439 0.72643619168798 0.533589138420554 0.7228342668977777 0.5346697158576147 0.7218257279565211 0.5365066975006177 0.7219698049481292 0.5424498734044515 0.7216816509649131 0.5443949127911606 0.7190882651159675 0.5441787973037485 0.7113081075691307 0.5345616581139087 0.7166202338752062 0.5283202775720177 0.7176497310102897 0.5239191773195357 0.7169376403926665 0.5221280816407277 0.7102751877984581 0.5237270702633376 0.7058335527356523 0.5247930626784111 0.7037904006067616 0.5276579172939209 0.7040568987105299 0.5299897757018939 0.7043544882597378 0.5324632113291548 0.6934280660052358 0.5252011380014674 0.6948493892253336 0.5228026550675523 0.6982250318730661 0.5184054363553745 0.6971590394579925 0.5128756007021814 0.7011565110145177 0.5144745893247914 0.7050651498697869 0.5160735779474015 0.7116387697627394 0.5151408345842123 0.7156362413192646 0.5140748421691389 0.7162580702280573 0.50867825556783 0.7122394971868166 0.5079137334451198 0.7061640235326473 0.5086618328129839 0.702536875082397 0.5079137334451198 0.6967334375619966 0.5070976250438135 0.6970961524070218 0.5109061309165763 0.6969316760008514 0.5128418035930322 0.6980651085466867 0.5183792781169578 0.6946806505025297 0.522743990777563 0.6931535169948002 0.5251894680838592 0.6902344429898158 0.523676601603648 0.6871178439944498 0.525192784898691 0.6818954348670796 0.526203573762053 0.6770941877661101 0.5248769133788903 0.6734380802149248 0.5215038791908257 0.6666994877925115 0.5108274218215647 0.6666152553872314 0.505899826112675 0.6682156710875546 0.5017934963552672 0.6693106923561968 0.4990770012849816
27 0.6973500052876115 0.5125763100490488 0.6975351990487852 0.5106664993869445 0.7015631633543142 0.5109095661984852 0.7059615151821904 0.5097289559710025 0.7068874839880592 0.5091039270270411 0.7104987623309472 0.5084441742528596 0.7121192077412174 0.5080969359506589 0.7159619782855726 0.5087219648946203 0.7154526954423449 0.5138610917671915 0.711656223338283 0.5149722543342341 0.7051281432569086 0.5159445215803963
27 0.7962088132188169 0.4851309036040562 0.7978309343611744 0.481306233730372 0.7994865998301696 0.481306233730372 0.8061948995752366 0.48770766444454766 0.8101056955968287 0.49340258273876403 0.804995969408033 0.49507252118594025 0.8005428002155631 0.4911545886752576
27 0.8170805161922863 0.4930083108006238 0.8154948212367841 0.4933185554658307 0.8130128639151283 0.489673180649649 0.8108411512586797 0.48468341228423706 0.8120481753644819 0.48222362462001667 0.8144956610566702 0.4787333721364384 0.818253068668621 0.47788019930711934 0.8205626678429395 0.47682019670099557 0.8228377953877907 0.477595808364013 0.8242511321959556 0.47857824980383495 0.8245958484906301 0.4866446110992159 0.8244924336022278 0.48871290886726226 0.8241821889370208 0.48941095936397794 0.8207005543608094 0.4896436428628832
17 0.7501423259963367 0.6074069111887004 0.7548654443452026 0.612407860028676 0.7484753430496783 0.6138664701070022 0.7434743942097027 0.6146999615803314 0.7484753430496783 0.6207427747619686 0.7506979869785563 0.6213678933669656 0.7515314784518856 0.6307446724419198 0.7576437492563002 0.6340786383352368 0.7643116810429342 0.6332451468619076 0.766812155462922 0.6326200282569105 0.7676456469362514 0.6359539941502277 0.7651451725162636 0.6397047057802093 0.7487531735407881 0.644080536015188 0.740973919789715 0.644705654620185 0.7162470060809468 0.6386628414385478 0.7112460572409712 0.6365791127552246 0.7062451084009956 0.6344953840719014 0.6948540582654956 0.6319949096519136 0.6865191435322031 0.6292860623635935 0.6748502629055935 0.6284525708902643 0.66734883964563 0.6265772150752734 0.6581804334390081 0.6215762662352978 0.6509568406701544 0.607823656925365 0.6498455187057155 0.6015724708753956 0.6490120272323862 0.5990719964554078 0.6431775869190814 0.5986552507187431 0.6290082318724839 0.5953212848254261 0.6128940633881181 0.5894868445121212 0.6148388768258864 0.5815686755154932 0.6190063341925327 0.5728170150455361 0.6212289781214108 0.5640653545755787 0.6303973843280327 0.5640653545755787 0.6448445698657401 0.5651072189172404 0.6556799590190202 0.5717751507038744 0.6612365688412154 0.5863612514871365 0.6631813822789837 0.5890700987754566 0.6737389409411544 0.5878198615654627 0.6792955507633495 0.588028234433795 0.6859347763499462 0.5917684475322992 0.6849031819407446 0.5932574880309123 0.6816745904669138 0.592482735480747 0.678561752780729 0.5934311782132564 0.6761298483383973 0.5967872063436743 0.6771998862930233 0.5989029632085029 0.6842037710869389 0.6007268915402518 0.6832578098895749 0.6056660154027986 0.6810740589617668 0.6117705918600805 0.6798829220920533 0.6134084050559366 0.669956781511107 0.6134084050559366 0.6706100576487206 0.6184978195987533 0.6757716507508124 0.6198378485771809 0.6866904053898533 0.6195400643597526 0.6936387037965156 0.6155199774244694 0.6964180231591804 0.6110532141630437 0.6946313178546102 0.5998863060094792 0.6894697247525182 0.5951217585306251 0.6850636263993082 0.5933229237894891 0.6860443997234307 0.5921602328326662 0.6910163845703086 0.5949995281488651 0.6951486750735252 0.5956290567802146 0.7034117718198505 0.5987439894867038 0.7136502594505879 0.5995049581619614 0.7191845770888243 0.5995049581619614 0.7269655641492495 0.602916963963833 0.7328951901902171 0.6049923330781717 0.7422508223881883 0.6066723937897791
27 0.7958401259313213 0.5585855137690506 0.7930019186454357 0.5542595767399191 0.7946454910988107 0.5508095083725538 0.8021855101956425 0.5451301820673297 0.7992034079272574 0.5417894725641386 0.79984512613691 0.5398076957402117 0.8035066947449274 0.5387318740357941 0.8090179217219433 0.5415629837842613 0.8093954030217388 0.5470836477937719 0.8067152857931901 0.5547559552121177 0.8003735999566239 0.5588327532499102
17 0.6081986271331129 0.5327846629579149 0.6179724545961724 0.5384490402376426 0.6206380439042796 0.5424474241998033 0.6137519381916695 0.5486115994748011 0.6053109053826635 0.5509439901193948 0.5919829588421278 0.5504441921241248 0.5826533962637528 0.5486115994748011 0.5790992771862766 0.545946010166694 0.5728795688006934 0.5449464141761537 0.5668819928574522 0.5434470201903435 0.558218827606104 0.5407814308822364 0.553109781432232 0.544280016849127 0.5511105894511517 0.5462792088302073 0.5433359539691724 0.547612003484261 0.5426695566421457 0.5402816328869663 0.547112205488991 0.5346172556072386 0.5546647085286278 0.5312852689721046 0.5673262577421367 0.5276200836734574 0.5795435420709611 0.5262872890194037 0.5873181775529404 0.5242880970383235 0.5979805347853688 0.5271202856781873
27 0.5588852249331309 0.4736419001842877 0.5615508142412379 0.474641496174828 0.5611065493565534 0.47680728748766504 0.5584409600484463 0.47780688347820516 0.552221251662863 0.4731421021890177 0.5571081653943927 0.472475704861991
27 0.7096986039508537 0.4403347627931597 0.7028074686275292 0.43841747111046053 0.706230223296851 0.4212206466382186 0.7095090699426265 0.4201786402889255 0.7131213586201757 0.42301289755900257
27 0.680283161158225 0.6136778081644936 0.670558269538563 0.6138514669434162 0.6710213596156896 0.618019277637557 0.6756522603869572 0.6193217184794759 0.6864191046801544 0.6192348890900147 0.6931339107984925 0.6156748841221028 0.6957966787419714 0.6113334146490393 0.6945231810298728 0.6003060821874584 0.6890780347646193 0.5953891235359114 0.6819001385691544 0.5927842418520735 0.6791215981063938 0.5936525357466862 0.6768061477207601 0.5965179055989079 0.6772692377978867 0.598167663998672 0.6847944515511967 0.6006857162930488 0.6838682713969432 0.6060691384396474
27 0.5802352990522945 0.4888031808805949 0.5756883179096464 0.4876200378281711 0.5721620876357558 0.49033430718373144 0.5680790841607248 0.4937445430407177 0.5667023232276043 0.49295307295985596 0.5583507252104952 0.49246589640885785 0.5541749262019409 0.49399702271199464 0.5460089192518788 0.4977552418196936 0.5460089192518788 0.5029053939302441 0.5472152611876835 0.5047845034840936 0.5495351495257692 0.5070811929387986 0.5503703093274802 0.5085427225917927 0.5489783763246286 0.5108394120464976 0.5439674175143633 0.5111873952972105 0.5422970979109415 0.5143888412037689 0.5413691425757071 0.5173119005097571 0.5418331202433243 0.521418102868169 0.542853871112082 0.5235755990225888 0.5438746219808399 0.5251763219758679 0.5409979604416134 0.5267074482790047 0.5401628006399025 0.5300480874858482 0.5406267783075197 0.5342238864944028 0.54090516490809 0.5374253324009611 0.5423898934444649 0.5397916185058087 0.5461945103189256 0.534502273094973 0.5547316994030814 0.5309528439377017 0.5663311410935106 0.5276122047308581 0.5797864934544084 0.526011481777579 0.5870134443950261 0.5240054781083013 0.5984845079757716 0.5269892807738131 0.6186417526494514 0.5385266510804588 0.6208961813300604 0.5422066743679234 0.6204320342487586 0.5431018151675769 0.6140665885623333 0.5489699604097502 0.6055367018947352 0.55118827571412 0.5921714687041533 0.550849676070753 0.5821385828747814 0.5488318889765775 0.5791119022335183 0.5461835434154724 0.5713139958591531 0.5450967760452494 0.5583665286715278 0.541145276319156 0.5533781105775942 0.5442560314226763 0.5511921745589042 0.5464419674413663 0.5460836500903175 0.5474748822633847 0.543709547418004 0.5495061814163424 0.543709547418004 0.5546107023391075 0.5463518876603766 0.5558117660856404 0.5487540151534425 0.5565324043335603 0.5497949370671044 0.5586943190773196 0.5498469831627875 0.5631787907493032 0.5468843592546729 0.5649803863691025 0.546003579173882 0.5660613437409823 0.5472046429204149 0.5685835776087015 0.5488861321655611 0.5702650668538476 0.5512882596586269 0.5715261837877073 0.5539305999009996 0.5721267156609737 0.556092514644759 0.5720066092863204 0.5566530110598075 0.573928311280773 0.5569732947255497 0.5760301728372058 0.5558523018954523 0.5777717152696786 0.5555320182297102 0.5793931513274981 0.5574537202241628 0.5823357575065038 0.5588949967200024 0.5840772999389766 0.562898542541779 0.587260118867289 0.5657010246170224 0.5912236292308477 0.5665017337813778 0.5942262885971801 0.5665818046978133 0.597649320274799 0.5655408827841515 0.6007120328284581 0.5677828684443463 0.6030541071341974 0.5695444286059279 0.6046755431920169 0.5734679035112689 0.6046755431920169 0.577551520249481 0.6041951176934036 0.5796333640768048 0.6040149581314237 0.5811547114890798 0.6002316073298449 0.5827561298177905 0.5961479905916328 0.5871600302217447 0.5950069800324266 0.5893219449655039 0.5947067140957932 0.5902827959627304 0.5965083097155928 0.592204497957183 0.5987903308340053 0.5943664127009424 0.6004117668918248 0.5938859872023291 0.6018530433876644 0.5916440015421343 0.6023334688862776 0.590843292377779 0.6038347985694438 0.5910835051270855 0.6049157559413234 0.5941261999516357 0.6059366601258764 0.5963681856118307 0.608398840806269 0.5974091075254925 0.6103805959880484 0.601412653347269 0.6120620852331946 0.6040549935896415 0.6123623511698277 0.6069375465813206 0.612842776668441 0.6103005250716129 0.6133832553543809 0.6107008796537905 0.6138636808529939 0.6120620852331945 0.6145843191009138 0.6092596031579509 0.6156652764727935 0.6078183266621114 0.6163859147207131 0.6068574756648851 0.618127457153186 0.6070976884141916 0.6196888400236789 0.6085389649100312 0.622030914329418 0.6076581848292404 0.6226314462026846 0.6044553481718191 0.6213102760814982 0.6016528660965756 0.6210700633321917 0.5995710222692517 0.6219708611420914 0.5986101712720254 0.6231118717012978 0.5994108804363808 0.6250936268830771 0.6010122987650913 0.6280962862494094 0.6038147808403349 0.6309788392410886 0.6046955609211258 0.6341616581694008 0.6121421561496302 0.6359632537892004 0.6153449928070513 0.6352426155412806 0.6187079712973437 0.6365037324751402 0.6194286095452634 0.6372844239103866 0.6163859147207132 0.63722437072306 0.6134232908125987 0.6375246366596932 0.6099802414058708 0.6386656472188996 0.6115633564654691 0.6411928728872855 0.6163214894606553 0.64112626144549 0.6233506865598983 0.6396550341456485 0.6305843676820788 0.6380222390312775 0.6350797844315946 0.6360606026314889 0.6418637769808639 0.6386352504062116 0.6474217467802652 0.6392482617811455 0.6542874741795256 0.6389417560936785 0.6628382611039189 0.6404534399196486 0.6716368096564583 0.6393536213505813 0.6815351767780656 0.6415532584887161 0.69253336246874 0.6397660533139815 0.697299242934699 0.6372914615335797 0.7007380740720051 0.6377854441076053 0.6996534403746999 0.6442118987641385 0.703449658315268 0.6450253740371175 0.7089812901715244 0.6433170759638617 0.7132113615910146 0.6377854441076053 0.7063781692979919 0.6349382806521792 0.694664125367096 0.6324978548332426 0.6860955191583851 0.6295693438505185 0.6742730118577586 0.6290812586867313 0.6668975027160833 0.6268035279223904 0.6573964839366698 0.6222272363015493 0.6512140718620303 0.6106758874252491 0.6499125114252641 0.607828723969823 0.6488278777279589 0.5993685811308426 0.6424285389138585 0.5989618434943532 0.6289591854195719 0.595617930641463 0.6125292311882036 0.5896973709623858 0.614454616449692 0.5814663489695227 0.6183695664813853 0.5728021152928244 0.6210126989113577 0.563879549599533 0.6304782270459929 0.5638587577172713 0.6450230506189729 0.5649125928456008 0.6559601503292033 0.5717197981339994 0.6617131329786536 0.5862648154622891 0.6632631754545933 0.5886480057690464 0.6737259621671864 0.5876598536906349 0.6795247225731361 0.5879192141775199 0.6861601319868664 0.5916107158253425 0.688135607149648 0.5931187794540731 0.6910282672094354 0.5945739285695149 0.6954025336413087 0.595314731755558 0.7035160923455902 0.5984366880395967 0.713852060608001 0.5993891492787949 0.7192493409634578 0.5993626920221505 0.727609834063087 0.6029873361824328 0.733218772471699 0.6047864296342518 0.7424611741261412 0.6065590658294263 0.7503630747772676 0.6071675827322474 0.7554398638530597 0.6125672284243403 0.7474928559635798 0.6142598264668905 0.7437642628800133 0.6147924826216858 0.7486038375517591 0.6206442933654361 0.7509564022354379 0.6212435315395808 0.7517997744805303 0.630664887277521 0.7576589921832775 0.6338608242062922 0.7643171941182176 0.6330951309837741 0.7669804748921937 0.6325291838193042 0.7677794591243863 0.635991448825473 0.7659595505955028 0.6394204228219672 0.7700432477822658 0.6396534598896901 0.7741713329819288 0.6398199149380636 0.7781029322882049 0.6383904558278047 0.7801173932011929 0.6408878303919139 0.7868559602051173 0.6405432445792133 0.7900969812101297 0.6404127329042079 0.7921644960863339 0.6374263225274687 0.7956103542133406 0.6389195277158383 0.7985967645900797 0.6388046657782713 0.7998985332158379 0.6375411844650355 0.7977544437145894 0.6331764308374936 0.7976778690895446 0.630649468211022 0.7999751078408824 0.6322001043681751 0.8026552197174434 0.6332912927750606 0.8082451673456987 0.6328892759935764 0.8100063837217245 0.6292711249602193 0.8131459433485528 0.6294434178665697 0.8178169954762731 0.6288116772099517 0.820879980478057 0.6274907649279324 0.8200376596025662 0.6254806810205118 0.8185061671016746 0.6234131661443078 0.8126099209732406 0.6220922538622885 0.8092406374712785 0.6218625299871547 0.8089343389711001 0.620484186736352 0.8153666074748461 0.6169808976405619 0.8151368835997123 0.6149133827643577 0.8180467193514069 0.6119269723876186 0.8201908088526557 0.6058392896965733 0.8198079357274327 0.6038292057891527 0.8232537938544394 0.6035994819140189 0.8244789878551528 0.6033697580388852 0.824249263980019 0.596018594034604 0.8236366669796624 0.591251823625578 0.8227943461041718 0.5888971539054567 0.824249263980019 0.5850492789969657 0.8254744579807326 0.5817182828075258 0.8236366669796624 0.5784447175868694 0.8247852863553312 0.5768366504609329 0.8260104803560447 0.5759751859291812 0.826902027776207 0.5721949976448032 0.8306213667069444 0.5688311837589157 0.8336843517087282 0.563088086880571 0.8348876672451432 0.5608728923703524 0.8324810361723131 0.5568527245555112 0.8287616972415757 0.5566065918321536 0.8285429125985911 0.5580013439311802 0.8255893199182995 0.5577552112078225 0.8207760577726393 0.558739742101253 0.8178224650923478 0.5603806269236372 0.82071626543342 0.556272651666697 0.8209154321543892 0.553994682295613 0.8168823060547649 0.5596709338432323 0.8141437636414396 0.5648243727483077 0.8130981383563519 0.5662434356352126 0.8108575127454496 0.5676251547619358 0.8067745949655831 0.5662434356352126 0.8017456352611133 0.5661687481148492 0.7981606342836696 0.5625837471374053 0.7957706336320404 0.5590360899201433 0.7956710502715556 0.5626584346577689 0.791737507532416 0.5657579667528505 0.7868081311884307 0.5671023421193919 0.7837210470134097 0.5699404678932016 0.7759535448956149 0.5726665623864662 0.7699785432665418 0.5718823434226503 0.7604683323402672 0.5736375001511905 0.7556883310370089 0.5722557810244674 0.7529995803039262 0.5687081238072054 0.754443539030952 0.5637414037030383 0.757182081444277 0.5614634343319542 0.754642705751921 0.5580278083952372 0.7473731204365489 0.5591481212006885 0.745729994988554 0.5603804652866847 0.7353235338179183 0.5538453072548862 0.7301451990727217 0.5507457751598045 0.7271079065779431 0.5483931182683571 0.7296970739505412 0.5463018676981816 0.728950198746907 0.5352107709242148 0.7263610313743087 0.5338290517974915 0.7229751971178341 0.5349493646029428 0.7220789468734733 0.5364431150102111 0.7223776969549269 0.5425301479198291 0.7221287385537155 0.5446213984900048 0.7187429042972409 0.5445093672094595 0.7108758188189612 0.5345759270011257 0.7160541535641578 0.5283395190507807 0.7171993622097301 0.5238956115891578 0.7165022786863385 0.5224392049420712 0.7062451925564297 0.5249785806344273 0.7041539419862543 0.5275553000869649 0.7047016504689192 0.5327087389920404 0.6933491473736804 0.5255760807973343 0.6902620631986593 0.5240076428697028 0.6870753956631539 0.5255387370371527 0.681697894196988 0.5265096748018772 0.6768681012134876 0.5250906119149723 0.6730341418348325 0.5217670172588005 0.6664118483626098 0.5110493580866508 0.6650674729960682 0.5114974832088313 0.6621795555420162 0.5101904516024715 0.6590924713669952 0.5085099823942947 0.6579970544016652 0.5114227956884677 0.6573995542387578 0.5189662352451725 0.6485864268358751 0.5187421726840823 0.6439060088931012 0.5163521720324532 0.6423126751253484 0.5162027969917262 0.6423126751253484 0.5183313913220835 0.6405201746366265 0.5193770166071713 0.6370347570196672 0.5179206099600848 0.6304124635474448 0.5149331091455482 0.6197570439755979 0.5106385767246521 0.6075580823162405 0.508472638634113 0.6004876637218374 0.5068668569462995 0.5945126620927643 0.5075390446295703 0.5909276611153207 0.5092942013581105 0.5839070342011599 0.5080245135119326 0.5791270328979015 0.5082859198332046 0.5762889071240919 0.504514200054852 0.5751934901587619 0.5037299810910363 0.5742972399144008 0.5019001368421326 0.5723553643849522 0.5013399804394071 0.5701147387740497 0.5006677927561364 0.5726043227861635 0.4993607611497767 0.5738989064724626 0.49857654218596076 0.5733511979897976 0.49708279177869263 0.5755420319204577 0.49379654088270253 0.5793759912991129 0.4902115399052587
26 0.6580861105231621 0.3125650401429345 0.6598595291906397 0.3181069734788022 0.6607462385243785 0.32586568014901685 0.6620763025249867 0.33595199882029597 0.6629630118587256 0.3402747068222727 0.6634063665255949 0.35091521882713855 0.6657709247488985 0.35435121749537646 0.6635541514145514 0.3564571521630062 0.6554259825219456 0.35590295882941947 0.6518791451869903 0.3520236054943121 0.6530614242986421 0.34382154415722793 0.6554259825219456 0.32686322814947305
