18 0.22498363928863097 0.6070069537518161 0.18817868707671973 0.5985851987466558 0.15057420857818346 0.5788428475349242 0.12425107362920805 0.5464089848299367 0.1169310844677603 0.5214636236967931 0.12043201514044773 0.5009831792615718 0.13653629623480995 0.47420105961551295 0.17364616136529673 0.447418939969454 0.22405586452306234 0.4347155546416588 0.2621474696534751 0.4340848323412352 0.296178734909357 0.44059212515771357 0.32558655255993146 0.45056977757487277 0.34239101978883113 0.45949715079022563 0.3599987674770745 0.4760491530591803 0.376387300520677 0.49858338599413365 0.3927758335642794 0.5254708230187939 0.4016529556295641 0.5421154268912026 0.39823867791214695 0.5508218350706166 0.4040429500317561 0.555687180817936 0.40677437220568985 0.5631132348533183 0.3998119207095519 0.5784640022734058 0.37966768217679053 0.5966450311186523 0.352353460437453 0.609704643387773 0.3212835332089567 0.615082130792705 0.29806644473051985 0.6166185557655427 0.296700733643553 0.630190309692276 0.2888478948934935 0.6481152677087162 0.27382507293685787 0.6619430924642558 0.25743653989325543 0.662967375779481 0.23490230695830194 0.660150596662612 0.2267080404365008 0.6483713385375225 0.2222694794038585 0.6286538847194383
13 0.2112181521116746 0.4277061526768926 0.20874453245353305 0.42311575418965075 0.2034226677431105 0.4136730167218894 0.1986362520315079 0.41335626862332747 0.19891780589689628 0.4106111184357906 0.2031411138777221 0.40712688935160934 0.20032557522383823 0.4008975100798913 0.20131101375269755 0.39604070590194157 0.2034226677431105 0.3945625481086525 0.2011702368200034 0.3913950671230332 0.20229645228155693 0.38664384564460413 0.19962169056036727 0.37840839508199375 0.1939906132525995 0.3778804815843905 0.1938498363199053 0.3728125120073995 0.18807798207944335 0.37143993691363114 0.18892264367560851 0.36806129052897046 0.19342750552182275 0.3663719673366401 0.19765081350264857 0.3632044863510208 0.2069420910604653 0.3605649188630046 0.2098984066470434 0.3547578703893691 0.21651492248367055 0.3540187914927246 0.2184857995413893 0.3548634530888898 0.22763630016651187 0.348845239216213 0.22707319243573512 0.34514984473299043 0.23312660054158546 0.34293260804305686 0.24115088570515458 0.3403986232545613 0.244388755157121 0.3418767810478504 0.24748584767639326 0.3384981346631897 0.2456557475513687 0.33606973257421485 0.26198587174389526 0.32804544741064584 0.2687431645132166 0.32857336090824907 0.2718402570324888 0.32720078581448064 0.2728256955613482 0.32371655673029937 0.2778936651383392 0.323505391331258 0.29042281214812254 0.3173815947590605 0.29351990466739475 0.316959263960978 0.2942237893308657 0.3199155795475561 0.2994325358405509 0.32350539133125805 0.30450050541754187 0.32054907574467995 0.3106946904560864 0.3226607297350929 0.3191413064177381 0.3305794321991413 0.32519471452358845 0.3365976460718181 0.33476754594679364 0.34652241982675874 0.3412432848507265 0.3548634530888898 0.34617047749502333 0.3543355395912865 0.3470151390911884 0.35919234376923626 0.3489860161489072 0.3700673618198627 0.3449034851007756 0.37883072588007627 0.32815103011016655 0.39192298062063635 0.310413136590698 0.4024812505727009 0.291549027609676 0.4120892762290796 0.2555101328399623 0.42845459465477975 0.24340331662826167 0.4317276583399197 0.22819940789728865 0.43320581613320885 0.21862657647408346 0.4306718313447134
20 0.39595297355662223 0.32140193862473615 0.39002805284020814 0.3259567457875072 0.3846625799143441 0.3253376527575999 0.38548803728755393 0.3210040015482482 0.3803289287049923 0.31264624564449833 0.3770270992121529 0.29747846641176723 0.3733130970341582 0.2970098810980719 0.3733130970341582 0.28308028792515555 0.3735194613774606 0.25707838066904504 0.3722812753176459 0.24082718863397595 0.37888493430332476 0.22720714197601327 0.36753489542168916 0.22287349076666152 0.3654712519886645 0.2179207465274024 0.3811549420796518 0.21312277554562012 0.3889967871251454 0.21451573486291176 0.4193323455906078 0.21374186857552752 0.46390704374394004 0.20677707198906933 0.49135350140316775 0.20368160683953238 0.5049735480611304 0.20522933941430085 0.5450082306618085 0.2035268335820555 0.5580091842898638 0.20306251380962498 0.5908211148749556 0.2066222987315925 0.5943293087110976 0.21513482789281912 0.6009329676967764 0.2467085724180962 0.5974247738606345 0.25197086317230905 0.5813283550830424 0.2671386424050402 0.5821538124562521 0.2730200261891604 0.5761692465004807 0.27952050300318804 0.5732801456942462 0.29174759034385905 0.5743119674107584 0.3033555846546227 0.5798838046799251 0.31929723017473804 0.5835983628593694 0.32394042789904354 0.5712165022612216 0.3248690674439046 0.5435636802586914 0.3247142941864276 0.5080690132106674 0.3239404278990435 0.46184340031091536 0.3225474685817519 0.42036416730712 0.3208449627495065 0.397251360857244 0.31945200343221486
23 0.699611897577856 0.282342376296129 0.721099777958189 0.31917874266241425 0.6867749820259685 0.32252750324116747 0.6323576226212292 0.3248297761390603 0.5885446717158748 0.3246204786028882 0.5829015807937743 0.3194064320934643 0.5769104793786863 0.3059533055179338 0.5743571135496215 0.2935619713474726 0.5767602813887414 0.28274771607143373 0.5827682009865406 0.27407378215211087 0.5949342381720844 0.26506190275541175 0.6120568090258127 0.25875358717772234 0.6270766080203112 0.2559373748662539 0.6499067024919488 0.25695121129838255 0.6632743235970525 0.2599927205947685 0.679045112541276 0.26607573918754035 0.6928633276162145 0.27621410350882686
11 0.42961193682671456 0.7195024521551575 0.42929464135443945 0.724023912635078 0.4391308009949684 0.7278314583023796 0.4359578462722171 0.730925089157062 0.4308811187158151 0.7318769755738876 0.4235833228534871 0.73497060642857 0.41977577718618564 0.730925089157062 0.4127952767961328 0.7287833447192049 0.4045455945169795 0.7323529187823001 0.3972539312884596 0.7372360298312586 0.40169606790031137 0.7408056038943538 0.4051863180953378 0.7448511211658616 0.4035998407339621 0.7517522976878456 0.40740738640126367 0.7565117297719727 0.40296524978941184 0.7588914458140361 0.40296524978941184 0.7629369630855439 0.40962845470718956 0.7719798840453851 0.420733796236819 0.7810228050052261 0.4496076842138556 0.7879239815272101 0.4708664808562892 0.7893518111524483 0.495298232221474 0.7900657259650672 0.534960166255865 0.7836404926514959 0.5641513497051767 0.7717419124411785 0.5917560557931127 0.7581775310014168 0.6076208294068691 0.7424714051237981 0.6206299437701494 0.7270032508503858 0.6260239667988265 0.7146287274316557 0.6288796260493027 0.6934492546572909 0.6263412622711017 0.681074731238561 0.6133321479078213 0.6691761510282437 0.597467374294065 0.6589433720473709 0.5762085776516315 0.6503763942959424 0.545113621368669 0.6432372461697521 0.5194126881143836 0.6425233313571329 0.4740394355790404 0.6472827634412599 0.4737221401067654 0.6503763942959424 0.46071302574348505 0.6560877127968948 0.46103032121576015 0.6658445485693549 0.4661070487721622 0.6677483214030056 0.463251389521686 0.6703660090492753 0.463251389521686 0.6753634127376087 0.4575400710207338 0.6803608164259419 0.46103032121576015 0.6934492546572908 0.4651551623553369 0.7010643459918939 0.4572227755484587 0.7048718916591955 0.4559535936593581 0.7110591533685606 0.4375504562674008 0.7165325002653062
14 0.696538727487631 0.7163876457709323 0.6780293067571905 0.7057934378528512 0.6639036961997491 0.6981217700501027 0.655623165872973 0.6904501022473545 0.651726445719196 0.6762027191851074 0.6492909956230855 0.6517264457191958 0.6633504990358872 0.6465009600796779 0.6847626775085842 0.637118095355687 0.7229617562972455 0.622156107083087 0.7458174524197873 0.6212539085519341 0.7734848740418117 0.6055556541098723 0.7852736015155437 0.6068187320534866 0.7944158799645603 0.6098862070594068 0.7944158799645603 0.612412362946635 0.7775748407163718 0.6174646747210917 0.7787777720912424 0.6347868865192287 0.793694121139638 0.6501242615488291 0.7965811564393276 0.6566200909731303 0.7963405701643534 0.6634767998098929 0.793453534864664 0.669250870409272 0.7910854254273252 0.672574847482387 0.7980704250883798 0.681678692863578 0.8040670677435329 0.6895880577449435 0.8093399776644432 0.6993584496572187 0.8144061068041414 0.699513535243128 0.8178179896941422 0.7016847334458558 0.8200925782874762 0.703235589304947 0.8205061398499005 0.7042436456133562 0.8196790167250518 0.7061822154372205 0.8075823410241398 0.7075004429174482 0.7974500827447432 0.7068801005738117 0.7834923800129217 0.7078881568822208 0.7655024520474626 0.7117652965299492 0.7565074880647329 0.7140915803185861 0.7515447493156409 0.7159526073494957 0.7399650255677592 0.7154098077988135 0.7271446171326046 0.7163403213142685 0.710705545026237 0.7172708348297232 0.6981953077629004 0.7173483776226778
28 0.46507071104697756 0.38531684944181405 0.46818216405280155 0.3873758992250799 0.4665349242261889 0.3667854013924215 0.4758692832436607 0.36596178147911523 0.4868508820877452 0.36829537123348316 0.4870339087351465 0.36527543155135994 0.48278648200100815 0.3633727899270061 0.479790419606244 0.36391936887740234 0.47460804140989493 0.36258328699865605 0.4749319400471668 0.3608220881584906 0.4698305365101357 0.35699603550571735 0.4680335308577714 0.3540616978677518 0.470624719955946 0.3520575750496324 0.4713534918898075 0.34811006040788217 0.4770217180420642 0.34817079140237067 0.4819611722604594 0.3495676042756053 0.4902205875108907 0.3519361130606555 0.49540296570723974 0.35600508969138267 0.49564588968519346 0.35752336455359424 0.5021238624306299 0.35600508969138267 0.5086018351760662 0.35788775052052507 0.5207480340737591 0.3617745341677868 0.5306269425105495 0.3617745341677868 0.5375097885525756 0.3597704113496675 0.5428541160675605 0.3600740663221098 0.5493320888129967 0.36019552831108675 0.5562959095143407 0.365054007870164 0.5506276833620839 0.37276684417019906 0.55038475938413 0.37398146405996835 0.5520042525704891 0.37392073306547985 0.5556481122397972 0.374588774004853 0.5626119329411411 0.36487181488669856 0.5698996522797569 0.3623211131181831 0.576944447640419 0.36244257510716 0.5792117381013216 0.3581914054929674 0.5861755588026657 0.35873798444336363 0.5930584048446917 0.3592238323992713 0.5977549350851329 0.3604384522890406 0.5979978590630868 0.35752336455359424 0.6009129467985331 0.358130674498479 0.6053665530610205 0.36104576223392537 0.6140308416080417 0.36189599615676377 0.6189702958264368 0.36244257510716 0.620265890375524 0.3597096803551791 0.6235858514075602 0.35849506046540974 0.6271487364175501 0.36092430024494837 0.6328169625698069 0.36141014820085604 0.6374325181509302 0.36226038212369455 0.6461777813572691 0.36323207803551005 0.649821641026577 0.3646288909087447 0.651522108872254 0.36584351079851396 0.6548420699042902 0.358798715437852 0.6616439412869982 0.35831286748194435 0.6688506859662963 0.3588594464323405 0.6756525573490043 0.3608635692504598 0.6836690486214817 0.36213892013471766 0.6929001597837285 0.36347500201346383 0.6964630447937185 0.3633535400244869 0.7023741949239288 0.3674832476497026 0.7026171189018828 0.3704590663796374 0.7088521676693652 0.373677809087526 0.7095809396032269 0.37738239975132243 0.7069897505050523 0.3793257915749533 0.7089331423286832 0.3819372243379573 0.707556573120278 0.3862491249466383 0.7049653840221035 0.3912897974891809 0.7059370799339191 0.3955409671033735 0.7046414853848317 0.3970592419655852 0.7031839415171085 0.4018569905301739 0.7032649161764265 0.4026464934585239 0.7095809396032269 0.4011282185963123 0.7095809396032267 0.39942775075063525 0.7142774698436682 0.39572316008683883 0.7187310761061555 0.39548023610888494 0.7235085810059148 0.3906824875442962 0.7323348188715717 0.3843057331230074 0.742456651286316 0.37713947577336854 0.7382459690017824 0.3737992710765029 0.7379220703645104 0.3711878383134989 0.744157119131993 0.3673617856607257 0.7489346240317523 0.365054007870164 0.7530643316569678 0.3654183938370948 0.7584086591719528 0.37076272135207966 0.75970425372104 0.37386000207099135 0.7601091270176298 0.3748924289772953 0.7621334935005787 0.3754997389221799 0.7609998482701272 0.37956871555290717 0.7622144681598965 0.38394134715607664 0.7621334935005787 0.38649204892459216 0.7661012518071584 0.38879982671515384 0.766910998400338 0.3909254115222501 0.7675587956748815 0.3956624290923504 0.7690163395426047 0.4016747975467084 0.7704738834103279 0.40622962213334335 0.7697451114764662 0.4081122829624857 0.7601901016769478 0.41108810169242055 0.7482058520978906 0.41400318942786696 0.7453717390217622 0.4106022537365128 0.7444810177692647 0.41023786776958204 0.740594234122003 0.41139175666486294 0.7401893608254132 0.41424611340582085 0.7438332204947211 0.4180721660585941 0.7495824213062958 0.4218374877168789 0.7569511153042296 0.4242667274964175 0.7554935714365065 0.4214123707554597 0.7605949749735375 0.4163109672184286 0.7661012518071584 0.41509634732865924 0.7694212128391943 0.4166753531853593 0.773712869783046 0.41959044092080566 0.7798669438912104 0.4232950315846021 0.7849683474282415 0.4266352362814677 0.7911224215364059 0.4306434819177063 0.796223825073437 0.4327083357303142 0.8010013299731963 0.4382955872232529 0.8019730258850118 0.44418649368863405 0.8022159498629656 0.45025959313748054 0.7983291662157037 0.4500166691595267 0.7920131427889036 0.44534038258391484 0.7876405111857341 0.44394356971068016 0.7801098678691644 0.4390243591571145 0.7704738834103279 0.434773189542922 0.766668074422384 0.4319188328019641 0.7607569242921735 0.43720242932246056 0.7571130646228654 0.43920655214057985 0.7512828891519728 0.4389028971681375 0.7462624602742597 0.437384622305926 0.7499872946028856 0.4426682188264225 0.7595423044024039 0.45372125982332306 0.7628622654344404 0.4520815229721345 0.7669919730596557 0.45183859899418066 0.7711216806848716 0.4554824586634886 0.7711216806848716 0.46277017800210435 0.7723363005746409 0.4681145055170893 0.7724982498932768 0.4725478681147473 0.7714455793221433 0.4752200318722397 0.7726601992119125 0.47722415469035906 0.7727411738712305 0.48548356994079034 0.7699880354544202 0.4913744764061715 0.7623764174785326 0.4936215232022446 0.7551696727992346 0.48839865767623664 0.7531453063162857 0.48493699099039417 0.7540360275687833 0.48275067518880943 0.7516877624485626 0.4797748564588746 0.7478819534606188 0.48080728336517853 0.7394605888915516 0.4778921956297322 0.7383269436611003 0.4735802950210512 0.7433473725388136 0.47115105524151263 0.7504731425587934 0.4721834821478164 0.751201914492655 0.4681145055170893 0.7507160665367472 0.4593692423107504 0.7461814856149419 0.45839754639893493 0.7482868267572087 0.46283090899659285 0.7470722068674394 0.46623184468794693 0.7429424992422237 0.4689040084454393 0.7362216025188334 0.4687825464564624 0.7277192632904483 0.4716369031974202 0.7179213295129759 0.4723656751312818 0.7158159883707091 0.4705437452966278 0.7225368850940993 0.4631952949635236 0.7205934932704685 0.46252725402415046 0.7155730643927554 0.46428845286431586 0.7030219921984727 0.46878254645646245 0.7049653840221033 0.47145471021395485 0.7090950916473191 0.4758880728116129 0.7114433567675397 0.4798963184478515 0.7113623821082217 0.48165751728801703 0.7083663197134574 0.4829935991667632 0.700511777759616 0.4848762599959057 0.7066658518677804 0.4890666986156098 0.7113623821082217 0.4917995933675907 0.7107955594929962 0.485969417896698 0.7112004327895859 0.4829935991667632 0.7140345458657142 0.482568482205344 0.7184071774688838 0.4795926634754092 0.7217271385009199 0.4808680143596669 0.7261807447634072 0.4839045640840902 0.729986553751351 0.4877306167368636 0.7312011736411204 0.4897954705494713 0.7346021093324745 0.49775123082746026 0.7418088540117723 0.49884438872825265 0.7469102575488035 0.49999827762353355 0.7498253452842498 0.5032777513259106 0.7496633959656137 0.508561347846407 0.7475580548233469 0.5120837455267381 0.7582467098533169 0.5129339794495766 0.7628622654344404 0.5139664063558804 0.765048581236025 0.5142093303338343 0.7678017196528354 0.5161527221574652 0.7677207449935175 0.5172458800582576 0.7611617975887632 0.5179139209976308 0.7537931035908295 0.5193714648653539 0.751120939833337 0.5185819619370038 0.7444810177692648 0.514938102267696 0.7337923627392949 0.5193107338708653 0.725047099532956 0.5215577806669386 0.7071516998236882 0.5207682777385887 0.6956532982005388 0.5154846812180921 0.6850456178298869 0.50843988585743 0.6771101012167274 0.5007270495573951 0.6717657737017426 0.49702245889359875 0.6722516216576503 0.5040672542542607 0.6594576254854136 0.5102010846975956 0.6514411342129361 0.509593774752711 0.6460968066979514 0.5129339794495766 0.6414812511168279 0.513784213372415 0.6271487364175501 0.5131161724330419 0.6209946623093856 0.5135412893944612 0.6260150911870987 0.5158490671850229 0.632412089273217 0.5162134531519537 0.6381612900847918 0.5167600321023498 0.6416432004354636 0.5177924590086537 0.6408334538422842 0.5214363186779616 0.6336267091629864 0.5247157923803388 0.6213995356059755 0.5301208508898122 0.6094152860269182 0.5290276929890199 0.6071479955660155 0.5287240380165775 0.6021275666883025 0.5344934824929817 0.6002651495239896 0.5376514942063819 0.6018846427103487 0.5413560848701783 0.5982407830410408 0.5426921667489245 0.5813980539029064 0.5426921667489245 0.5706284242136186 0.5344327514984932 0.559453921227741 0.5281774590661813 0.5506276833620841 0.5232582485126156 0.5425302174302886 0.5196751198377962 0.5376717378712114 0.5188856169094461 0.534999574113719 0.520039505804727 0.5290074493241904 0.5261126052535735 0.5222865526008004 0.53139620177407 0.5154846812180922 0.5336432485701431 0.5177519716789949 0.5374693012229165 0.5191680941064369 0.5398471433065096 0.5147289024657485 0.5423441886043968 0.5075152160496299 0.5390147948738805 0.4987154358835841 0.5366566519375924 0.5003801327488422 0.5415466989792881 0.4887272546920352 0.5423790474119172 0.47235773551699695 0.5393617843436368 0.456681840035816 0.534783867964177 0.4529362720889852 0.5342636501937839 0.4471098330605818 0.5294776467061666 0.4458613104116381 0.5195935090686964 0.444474063023923 0.516056028230023 0.44821963097075385 0.5141832442566074 0.4512715752237271 0.5141832442566074 0.4575141884684451 0.5167843331085733 0.4598725090275607 0.5199056397309323 0.46611512227227875 0.5218824672584264 0.46805726861508 0.5198015961768537 0.4591788853337032 0.5144953749188435 0.45487841843178634 0.5104376763097767 0.45376862052161426 0.507212326133339 0.4518264741788131 0.5038829324028227 0.4457225856728666 0.5045071937272946 0.4378152755628904 0.49805649337441926 0.4364280281751753 0.49545540452245346 0.43656675291394687 0.48869257350734224 0.4294917912365998 0.4900451397103645 0.42616239750608353 0.48640361531761234 0.42408152642451086 0.47527095503119854 0.4324050107508015 0.47454265015264807 0.43975742190569167 0.4741264759363336 0.4423931919423503 0.47683160834237803 0.4486358051870683 0.4746466937067268 0.43864762399551954 0.46892429823240195 0.4346246065711457 0.4632019027580771 0.44697110832181025 0.45467033132362916 0.432821184967116 0.44967624072785467 0.42782709437134164 0.4493641100656188 0.4257462232897689 0.44437001946984434 0.43087903862431487 0.4355263173731604 0.4306015891467718 0.4333414027375092 0.42255555429802416 0.4263704846142407 0.41409334523296204 0.4215844811266236 0.4127060978452469 0.41471760655743384 0.41589676683699167 0.41482165011151245 0.4132609968003329 0.4077466884341653 0.41867126161242185 0.40701838355561487 0.41728401422470685 0.4001515089864251 0.41159629993507474 0.3942210264039429 0.4092379793759591 0.387666282496989 0.4103477772861312 0.3812155821441137 0.4136771710166475 0.3809034514818778 0.4190874358287364 0.3852732807531804 0.4251913243346829 0.39130780688974115 0.4279658191101131 0.3973423330263019 0.43295990970588755 0.40327281560878414 0.4360118539588608 0.39796659435077375 0.4386476239955195 0.39078758911934797 0.444474063023923 0.38870671803777535 0.45557204212564395 0.3867298905102812
28 0.4051392985618794 0.5422756923125461 0.40482354713230423 0.5455910823230855 0.40650755475670514 0.5460647094674482 0.40756005952195573 0.5451174551787228 0.41029657191160723 0.5455910823230855 0.4161905985970104 0.5455910823230855 0.42071636908758786 0.5476434666153241 0.42292662909461415 0.5479592180448992 0.42292662909461415 0.5463015230396296 0.41608534812048537 0.5432229466012717 0.4140855890665092 0.5388024265872193 0.4095598185759318 0.5390392401594006 0.4041920442731539 0.5388813644446131 0.40482354713230423 0.5414073758812145
28 0.6623694466560385 0.5537877357181284 0.6527863533158199 0.5551927434895857 0.6460340188040977 0.5520979235050464 0.6510982696878894 0.548018388070881 0.659538687827542 0.5430948108227504 0.6647905035588814 0.5430948108227504 0.669667189595125 0.5430948108227504 0.6734184865460817 0.5466116517142722 0.6736060513936296 0.5478777144352202 0.6689169302049336 0.551394555326742
28 0.7602681704437199 0.5204772465423243 0.7449881044901836 0.5245519307966006 0.7410831987465022 0.524870265503966 0.7409983094912049 0.5271622753969963 0.7463463325749425 0.5288176158752961 0.7607775059755043 0.533274301778411 0.7666348645910266 0.5343566397834529 0.7770762429926096 0.5337836373101954 0.785989614798839 0.5320009629489495 0.786159393309434 0.5302182885877036 0.7831033801187266 0.5289449497582424 0.7778402462902864 0.5279899456361463 0.7696908777817338 0.5250612663283851 0.763324183634427 0.5219415861962049
28 0.8261823255416222 0.47419793645661934 0.828480568321979 0.47519585766387956 0.8282151035251082 0.4832734195250399 0.8253356045172802 0.4854472300657347 0.8241260030539344 0.48780595291925893 0.8237631226149307 0.49197907796780177 0.8272709668586333 0.49433780082132583 0.8286015284683136 0.4934305997238166 0.835859137248388 0.49460996115057865 0.8381573800287451 0.4930677192848128 0.8391250611994215 0.48209058600495036 0.8364639379800609 0.4732907353591101 0.8278512415138226 0.4614931983029823 0.8250691581481274 0.46240039940049166
28 0.8012809082687385 0.4250675527507287 0.7978923211798407 0.42234458098286426 0.7992235518219077 0.41880471768464056 0.8006758034314355 0.4193493120382135 0.8030962227806482 0.4167171059959445 0.8073319566417705 0.4175339975263039 0.8080580824465343 0.42098309509893206 0.8052746001949397 0.42470448984834674
28 0.8069678110275372 0.38965725998139056 0.8120506916608841 0.3915633402188956 0.8149551948799393 0.3926525289260414 0.8137449852053329 0.39528473496831024 0.8114455868235808 0.39809847246177016 0.8087831255394466 0.4012752728576119 0.8014008465243478 0.398461535364152 0.8012798255568871 0.39428631198676
28 0.7134024178439884 0.3784264443340683 0.7120445906307338 0.37516765902225724 0.7124519387947104 0.36977029584957 0.7166612031557996 0.3652894660458297 0.7219567292874927 0.36793722911167626 0.7322762161082279 0.37486214789927497 0.7271164726978603 0.37852828137506245 0.7250797318779783 0.37985216290798574 0.7157107241065214 0.3794448147440093
