19 0.4225369083867313 0.35288643019210303 0.40584914162265856 0.35270864250066647 0.3923344210463121 0.34800262372854585 0.38026770624600276 0.3411245962923695 0.3735103459578295 0.3393145890723231 0.36337430552556976 0.319766511095822 0.346556049064884 0.2838091321032754 0.3301453169364633 0.24797098914635674 0.3151825905840797 0.20670282452929883 0.3021505385997456 0.17738070756454716 0.2982858944476794 0.16276833885308836 0.3006992374077413 0.1466405731090609 0.30495339972714386 0.13045035923245288 0.316410901962296 0.11352625621992435 0.3253186310163396 0.11307676148198292 0.37867515033189214 0.11287953083633924 0.40523510455644185 0.11353861402980177 0.46556208772605395 0.11452476725802004 0.4778419060922495 0.12887251406730363 0.49425263822067017 0.1563846238120089 0.49666598118073213 0.1813627234486492 0.4985966555487816 0.20489281730925238 0.5029406728768929 0.29032515809544246 0.5023894596327604 0.2984327052290231 0.4867098704602874 0.3128527864187892 0.48776374448663407 0.32401485461247176 0.48790940187238907 0.3375995478545242 0.4682285186324054 0.34516516383228024 0.42272343770617377 0.347240781579292
20 0.13844836462806567 0.7257453419827071 0.1330286777565044 0.6887929314947893 0.1295797861109654 0.6559052861605424 0.12711629207843753 0.6403852737556168 0.1276089908849431 0.6359509844970668 0.12120390640037065 0.6296690747141207 0.10198865294665335 0.6396462255458585 0.08770038755799177 0.6385376532312209 0.09213467681654192 0.6182138274628661 0.1029740505596645 0.6115623935750409 0.1236674004328985 0.6045414355823365 0.14091185866059353 0.601585242743303 0.20693349873234015 0.5945642847505987 0.24339321041375248 0.5908690437018069 0.27098434357806445 0.586804278548136 0.28231641612769265 0.5794137964505524 0.3069513564529712 0.5698061697236937 0.32764470632620524 0.570545217933452 0.33207899558475534 0.586804278548136 0.33257169439126094 0.6115623935750409 0.3345424896172833 0.644819563014167 0.3409475741018557 0.6662519610971593 0.3452746235655389 0.6899460049395933 0.35387648388019555 0.6913586276194714 0.3602810429347677 0.6912523391334322 0.35646127280386236 0.700101535268177 0.3491823882857368 0.7033478737389764 0.3360205860368 0.6972919859070104 0.325673911100183 0.6928576966484602 0.3158199349700715 0.6854672145508767 0.30448786242044334 0.6850976904459976 0.2961119827098487 0.6891624555996685 0.2675354519325255 0.6939662689630979 0.23353923428364104 0.7009872269558022 0.20644079992583456 0.7050519921094732 0.18821094408512842 0.7061605644241108 0.15520012404925512 0.7250062937729489
31 0.19573088323956053 0.4639161158308117 0.18587330909488625 0.4620678206786854 0.17742395982802261 0.45361847141182177 0.17988835336419118 0.446753375132495 0.17601573495021203 0.43645573071350496 0.1753116225113067 0.4269502127882834 0.17707190360856995 0.422989580319441 0.1746075100724014 0.4134840623942194 0.17495956629185405 0.40345046013981883 0.17812807226692795 0.3984336590126186 0.17214311653623285 0.3934168578854183 0.16651021702499041 0.3891921832519865 0.16580610458608513 0.38338325563101777 0.17143900409732754 0.38021474965594393 0.17707190360856995 0.38338325563101777 0.18235274690035974 0.3815349604788912 0.18870213362662117 0.3733556207295369 0.19433503313786363 0.37256349423576846 0.2017282137463693 0.36913094609610503 0.24080645410561363 0.36200180765218876 0.24819963471411927 0.36622648228562066 0.2541845904448144 0.3635860606397257 0.26087365861441475 0.3635860606397257 0.2636901083700359 0.3596254281708834 0.3038245173876382 0.3601535125000625 0.30452862982654355 0.3633220184751363 0.31192181043504924 0.3646422292980837 0.32177938457972344 0.3633220184751363 0.3224834970186288 0.36622648228562066 0.3316369587243977 0.3651703136272627 0.33374929604111364 0.36833881960233655 0.340438364210714 0.37441178938789477 0.3467753761608618 0.37441178938789477 0.3478315448192197 0.3849734759714744 0.347479488599767 0.40055196368225426 0.34923976969703024 0.40715301779699137 0.3464233199414091 0.41349002974713917 0.3436068701857879 0.4195629995326973 0.3436068701857879 0.42642809581202407 0.3453671512830511 0.43540552940806665 0.34923976969703024 0.44306275218116187 0.35064799457484086 0.4501918906250781 0.3513521070137462 0.45468060742309935 0.3386780831134508 0.4541525230939204 0.33515752091892426 0.45520869175227835 0.3224834970186288 0.4541525230939204 0.318258822385197 0.45652890257522566 0.3189629348241022 0.45943336638571014 0.31016152933778596 0.46550633617126835 0.29431899946241663 0.46629846266503683 0.2876299312928163 0.4649782518420894 0.28129291934266853 0.46629846266503683 0.27249151385635223 0.46761867348798425 0.26545038946729926 0.46550633617126835 0.25172019690864583 0.4699950529692897 0.2457352411779507 0.47210739028600557 0.21651457496338067 0.4718433481214161 0.18729390874881058 0.47263547461518457
29 0.5022697199560956 0.7886216064724663 0.4860422865990849 0.7669262336147237 0.49239215182574125 0.7634867232836181 0.484278435147236 0.7568722803391846 0.4846312054376057 0.7454954384747584 0.5036808011175747 0.7436433944503171 0.5005058685042466 0.7378226846592156 0.49380323298722045 0.7362352183525515 0.48956998950278285 0.7288270422547857 0.5005058685042466 0.7206251330036879 0.5230831670879136 0.7134815346236993 0.5262580997012418 0.7073962471148205 0.5167333018612572 0.6999880710170548 0.5234359373782835 0.698665182428168 0.5343718163797471 0.7002526487348321 0.5382522895738149 0.6920507394837344 0.5467187765426901 0.6901986954592929 0.5523631011886068 0.697077716121504 0.562240669318961 0.7013109596059415 0.5671794533841382 0.7013109596059415 0.574587629481904 0.6997234932992774 0.5802319541278207 0.7026338481948282 0.5802319541278207 0.7113649128814807 0.590462292548545 0.7190376666970237 0.6024564824211179 0.7185085112614691 0.6105701990996234 0.7301499308436723 0.6077480367766649 0.7388809955303249 0.6116285099707326 0.7425850835792077 0.6190366860684984 0.7465537493458682 0.6186839157781285 0.7544910808791885 0.6102174288092536 0.7608409461058449 0.593637225161873 0.7698365885102746 0.6024564824211179 0.7780384977613722 0.6102174288092536 0.7796259640680365 0.6021037121307482 0.7878278733191343 0.591873373710024 0.7904736504969077 0.5858762787737376 0.7957652048524547 0.5784681026759718 0.7978818265946734 0.5668266830937685 0.8060837358457714 0.5604768178671121 0.7944423162635681 0.555185263511565 0.7933840053924587 0.544954925090841 0.7973526711591188 0.532960735218268 0.7992047151835603 0.5220248562168043 0.7933840053924587 0.5211931512638577 0.7983151210499659 0.5175556939343317 0.7991881108090522 0.5094077895161935 0.7947140382937351 0.5094077895161935 0.7900217183386467
29 0.482028375270829 0.7020669378753422 0.4847616629737981 0.692432098722376 0.4814817177302351 0.6883321671679226 0.4710952244589526 0.6942770679218804 0.46918192306687423 0.7006319618312834 0.4730085258510309 0.7018619412976195
29 0.48722162190647 0.7016569447198968 0.4910482246906268 0.7076018454738546 0.5093612523005198 0.7063718660075184 0.5107278961520043 0.7026819276085102 0.505261320746066 0.6985819960540566
29 0.6171745016589096 0.7257280455955436 0.6166531061837527 0.7289867673152749 0.6237788443442316 0.736416652836262 0.6274286126703306 0.7386325836056793 0.6340329553556525 0.7370683971802083 0.6368137312231564 0.7313330469534813 0.6336853583722144 0.7259887433331221 0.6281238066372066 0.7245549057764403
12 0.7640621491655637 0.6017557923301704 0.7864230949992779 0.5892488226265673 0.7909710839824062 0.5810055925946471 0.7924870803101156 0.5753206063657367 0.791729082146261 0.5642348832193614 0.7921080812281883 0.5514436642043129 0.7924870803101156 0.5437689327952838 0.7875600922450601 0.5343887055175816 0.7811171078522947 0.5284194699772257 0.7735371262137476 0.5252927275513248 0.7610301565101446 0.5258612261742159 0.7568611666089438 0.5224502344368697 0.7462491923149774 0.5187549933880778 0.7356372180210112 0.5184707440766324 0.7242672455631904 0.5147755030278406 0.7083492841222412 0.5181864947651867 0.6939473190090014 0.5221659851254241 0.6818193483873257 0.5304092151573443 0.6795453538957617 0.5346729548290271 0.6844723419608172 0.5403579410579376 0.69129432543551 0.5454744286639569 0.690536327271655 0.5534334093844315 0.6868801444997071 0.5543078151218497 0.6755859083359244 0.5556587728441831 0.6704493759295047 0.5605396421705695 0.6689333796017953 0.5662246283994801 0.6727233704210691 0.5727623625627271 0.6765133612403426 0.5750363570542912 0.6829563456331078 0.5767418529229643 0.6954633153367108 0.5787315981030831 0.70786339922917 0.5790890493435743 0.7086190123024084 0.5815532039296021 0.7066320122514935 0.5841197831223672 0.7064527356623538 0.5871766518190695 0.7132762721872968 0.5875433267578942 0.7170662630065705 0.5935125622982502 0.7200982556619894 0.5966393047241509 0.722751249235481 0.6000502964614972 0.7261622409728272 0.6017557923301704 0.7409432051679943 0.6026085402645068 0.7572401656908713 0.6031770388873979
15 0.526354241301085 0.519942113065357 0.5257334685656498 0.5131714152085235 0.5328162564126263 0.5122339874052472 0.543232120893474 0.5081718002577167 0.546981832106579 0.5027034714052716 0.5482317358442808 0.4969226666184012 0.5528147162158539 0.49270424150365777 0.5569810620081929 0.48598600891351107 0.5607341380569334 0.48174713959196713 0.5667719746201897 0.48504858111023474 0.5734381278879322 0.4862984848479365 0.5821874540518442 0.48707967468400004 0.587187069002651 0.48614224688072377 0.5938532222703936 0.48051768006106604 0.5994777890900513 0.471768353897154 0.6134350474943873 0.4734869715364939 0.6088520671228143 0.4800489661594279 0.6030191830135395 0.4819238217659805 0.5971862989042649 0.48676719874957464 0.5890619246092037 0.4923917655692323 0.5755213007841017 0.4973913805200393 0.56948009938521 0.49973495002823 0.5642721671447862 0.5008286157987191 0.5601058213524472 0.5039533751429733 0.5621889942486167 0.5077030863560784 0.5571893792978099 0.5133276531757361 0.5523980816366199 0.5198896477986702 0.5492733222923656 0.5262954044543915 0.5515648124781521 0.5291076878642205 0.5538563026639385 0.5337948268806019 0.5540646199535555 0.5394193937002596 0.5582309657458946 0.5419192011756631 0.5611474078005318 0.5430128669461521 0.5669802919098066 0.5398881076018978 0.5865621171338002 0.5273890702248806 0.6007683297063044 0.5220302413657859 0.6010025374833378 0.5160810790830945 0.6064016741585515 0.5136039300978468 0.6081550998400599 0.5127830614897712 0.6071164403714392 0.5155853163657879 0.6090507266256613 0.5209473048778992 0.6147209013726317 0.5260319724499107 0.6176054652823696 0.526325317932259 0.618784927386471 0.5264452632309821 0.6219935168089632 0.5267715604603851 0.6307657124455717 0.5269249905248786 0.6374057693383904 0.5260599540248718 0.6268947787008728 0.5311528923271526 0.6227360904490483 0.5319358808760637 0.61977475277754 0.5371257926070265 0.616076812725168 0.5393445566384497 0.6046131985628149 0.5451688122209356 0.5948752897582354 0.5534891773387726 0.5925332610583999 0.5561701838767422 0.5917936730479255 0.5603303664356607 0.6053527865732894 0.5616246454539908 0.6182955767565912 0.5600530209317328 0.6325942782924294 0.5562626323780514 0.6412228050812974 0.5549477683362577 0.651878225556873 0.5575355931060407 0.6689140068255335 0.5629277985507016 0.6680332234223598 0.5662307363126025 0.6713047046341475 0.5731197207874245 0.6740728810441216 0.5747240048432048 0.6750575654323195 0.5854693107095214 0.6681371244073843 0.5893384663734624 0.655051199560234 0.5951893846945441 0.6505214563439128 0.5946231667925039 0.6428460581162574 0.5955668632959041 0.6385679673008428 0.599058540358485 0.6340382240845215 0.5994360189598452 0.6288793498659334 0.5973598866523646 0.6142835106133427 0.5975486259530447 0.6100054197979282 0.5954724936455641 0.606859764786594 0.5971711473516845 0.5972969735521382 0.5975486259530447 0.5877341823176822 0.598775431407465 0.5808137412927468 0.5972655170020246 0.5751515622723452 0.5961330811979443 0.5683569474478634 0.5962274508482843 0.5533836295939125 0.5942456881911438 0.5467148409698841 0.5930188827367234 0.5380328331386017 0.5889609877721024 0.5328739589200135 0.5793352834374197 0.5323706541182001 0.573673104417018 0.535767961530441 0.5671615985435563 0.5283442157036924 0.558951438963974 0.5244436034896379 0.5497975828809916 0.5245694296900913 0.54470162176263 0.5289733467059592 0.525827691694625 0.5313640445145732 0.5232797111354442
27 0.559674939616581 0.5994360189598452 0.5543902391975395 0.595000645393864 0.5482964310648408 0.5939035176701567 0.5459482862225159 0.594848502789629 0.5449746651903322 0.5969102885048412 0.546177373524206 0.5990579819581873 0.5493845957478695 0.6004325057683287 0.5546536036867452 0.5999600132085926
27 0.6810648000503161 0.554393606847725 0.6729487470319196 0.5516633904830807 0.6724116552880551 0.5493359929263346 0.675634205751242 0.5469190800789445 0.6796922322604402 0.5466505342070123 0.6819599529567568 0.5477247176947412 0.6851825034199437 0.5480827788573175 0.6881663464414131 0.5486198706011819 0.6904340671377298 0.55099202580325 0.6903147134168709 0.5526928163254875 0.6868534555119665 0.5540355456851487
15 0.6803162088949961 0.5547262561213538 0.6741098154103399 0.5554871360918284 0.6683808368091188 0.5556214090277946 0.663785718556056 0.552622646791218 0.6593099540238522 0.5461327882195223 0.6639647491373443 0.5418808119139286 0.6711856492492998 0.5362861062486737 0.6749452914563512 0.5339587086919276 0.6760791518045096 0.533153071076131 0.677392042733956 0.5357042568594872 0.6788839642446907 0.5383897155788095 0.6817484535453012 0.5384344732241315 0.6840758511020472 0.5405380825542674 0.6880145238903868 0.5436711177268102 0.690520952028421 0.5455956964756578 0.690222567726274 0.5503847645251161 0.6882532313321044 0.5482363975496581 0.6821201097322949 0.5475478183908574 0.6796482871109591 0.5464354982112565 0.6753402533994888 0.5466473687216566 0.6720885707411222 0.5492478143986811 0.6726888705205893 0.5518697119648833
27 0.7983159297386743 0.39815823728986566 0.7876933434704141 0.3974339700443025 0.7695866623313343 0.40141743989490003 0.7644414944234379 0.40571069189683057 0.7648179998445989 0.41232562905823644 0.7621116835993178 0.4136584653829643 0.7548513255280777 0.41388294420108734 0.7547222014438553 0.41103719205615813 0.752864962953852 0.40899302937020315 0.7562858427902764 0.40762875242408403 0.7624449062646615 0.3999891715523675 0.7630682571212656 0.39725290323291174 0.7736908433895258 0.3883806294747626 0.7768293347869663 0.3824054246988663 0.7811749382603455 0.3762491531115792 0.7818992055059087 0.3695496810901196 0.7864862313944755 0.3648419439939589 0.7934874814349197 0.36737687935343005 0.7927632141893565 0.370092881524292 0.7946945935108584 0.37136034920402766 0.7963845504171724 0.3742574181862804 0.7944531710956706 0.3796894225280043 0.790348990037479 0.3881995626633718 0.7881761883007896 0.38982916396588896 0.7901075676222914 0.3920019657025786 0.7971088176627356 0.3889238299089349 0.8021786883816779 0.39091556483423384 0.8033858004576167 0.3932694333823142
17 0.5426825638590576 0.5077974300516647 0.5325871875160821 0.5115831961802805 0.5246230572899571 0.5126768619507694 0.5222674694765962 0.5096482490478769 0.5224918111731067 0.5049370734211549 0.5184536606359166 0.5009830510201563 0.5204727359045116 0.48567173023331006 0.5237256905039148 0.4744826881198457 0.5284368661306368 0.46304126159780684 0.5251839115312336 0.4606856737844459 0.5265299617102969 0.45345065407198026 0.5300072580062107 0.4464680187680889 0.533079223499351 0.43276641878106775 0.5426965767491095 0.4186451641854716 0.552313929998868 0.40736847886093064 0.5682977001886076 0.4018825238381811 0.5752550593865621 0.4038127672721115 0.5776207227681478 0.4084129514280751 0.5886823667640483 0.4134385541089049 0.5949577224924918 0.41670918442500043 0.595808618184484 0.41878324267423184 0.5887887287255473 0.4241279312395588 0.5849596981115817 0.42612221801766575 0.5811306674976161 0.4266806183155357 0.5820879251511076 0.4340195936589698 0.5803861337671228 0.43880588192642667 0.5840024404580904 0.43952382516654526 0.5903841581480329 0.4384867960419295 0.5987114812781141 0.44807635330509415 0.598498757355116 0.4504694974388226 0.608177695851529 0.4533412703992968 0.6105118044601175 0.45286077316279366 0.6077427043591865 0.44274033386256073 0.6038962315467866 0.436376683989105 0.5958638912620693 0.42254635159746123 0.601746732033975 0.42118877295779067 0.5972214699017397 0.41474027441935557 0.5930356024294222 0.4142311824294791 0.5887366034037987 0.4117705711450761 0.5816093155455283 0.40846147321087917 0.5782153689463518 0.4037947966370116 0.5795729475860225 0.40107963935767055 0.5850032621447047 0.4028614613222381 0.5891891296170222 0.4009099420277117 0.5905467082566929 0.3984493307433088 0.6066113888261279 0.39972206071800004 0.607290178145963 0.40252206666232054 0.6077427043591865 0.4049826779467234 0.6156619130905983 0.40566146726655866 0.6207528329893627 0.4092251111956939 0.6313871990001155 0.41261905779487024 0.6476781426761623 0.42042513497297596 0.6439448014170682 0.42322514091729646 0.6451892485034328 0.4288251528059376 0.646886221803021 0.4324736454000522 0.6454155116100446 0.43603728932918734 0.6458680378232683 0.4377342626287756 0.6449050951187396 0.47732839903605717 0.642631910442582 0.48305131331286716 0.6437870366153581 0.48801099204999865 0.661496165988031 0.4851450943719822 0.6578698431931425 0.4801957819865991 0.6453056186149362 0.4770705361809575 0.6463900712950071 0.4373899609468236 0.6570680616005504 0.43094636943042275 0.6656517579280127 0.42686861799075404 0.6800940008328294 0.4194035397325211 0.6826311516134054 0.41603693581214146 0.6896571076211541 0.4150123172276782 0.6929749201803688 0.41018197247235094 0.6955120709609447 0.40374151279858134 0.7025380269686934 0.39935029029373836 0.7113204719783792 0.39671555679083265 0.7175657662074891 0.39364170103744267 0.7341548290035624 0.3956909382063693 0.7388963734815692 0.3940390327679049 0.7388963734815692 0.3906724288475254 0.7318704174738206 0.38891593984558814 0.7422141860407839 0.38247548017181865 0.7468981567126164 0.3804262430028919 0.7568515943902604 0.3732539129116485 0.7658292048446058 0.3690090644903003 0.7736358226309933 0.36666707915438407 0.7845945868220373 0.36626483101652707 0.781256469157301 0.36934111129877967 0.7806344454998938 0.37606982412540835 0.7762611432842081 0.38232227963689636 0.7733228308580443 0.388113488430324 0.76245790816595 0.39697967534415546 0.7613882681181054 0.40064633345370454 0.7556257008983884 0.4076665491625352 0.752560760457927 0.40890431357118323 0.7544468776520571 0.4112030189015293 0.7548005246259565 0.41403219469272456 0.7621092287532109 0.4138553712057748 0.7650562868690391 0.4124407833101772 0.7647026398951398 0.4058983142930383 0.769300050555832 0.4020966093236197 0.787642475881497 0.3977047147184242 0.798607651486044 0.3986158409357015 0.8007538931725826 0.40034624829547333 0.8033293831964291 0.4041289992679976 0.8049927205034965 0.40449117755260106 0.8050463765456599 0.40022552220060553 0.8136550061539191 0.39625798792409683 0.8178160869747593 0.400364317681505 0.8234006954448343 0.40192472298932 0.8292596067427042 0.4033237087726217 0.833749193944137 0.4072657853397335 0.836815253496335 0.4089083172426967 0.8374722662575202 0.41424654592732724 0.8375817683843846 0.4215558128955137 0.8358297343545571 0.429357839434589 0.8350632194665075 0.43502457449981213 0.8348442152127792 0.4437299935855174 0.830683134391939 0.45358518500329675 0.8276170748397409 0.46040169240059403 0.8249890237949997 0.46820371893966933 0.8247700195412713 0.4699283774377808 0.8254270323024566 0.4727206816728184 0.8247700195412713 0.47592361888359663 0.8226894791308513 0.4783052901428933 0.8219229642428018 0.48274012628089413 0.8211564493547522 0.48873536772670995 0.8203899344667027 0.4912812921763029 0.8155718408846773 0.49202043153263647 0.8091108155709881 0.4886299477452482 0.8039999202330829 0.4919713141739505 0.7993835027514244 0.4941425952776119 0.7963319725516843 0.49537494401212245 0.7869426488601755 0.49514021091983457 0.7821306635026772 0.49692995637309956 0.7713925542764143 0.4967710040983707 0.7702375201600995 0.49675390655388374 0.7683526585016365 0.4973997492088255 0.7690638546986609 0.5012138353073504 0.7746876398533443 0.5067634251867503 0.7783375227266227 0.5095008373417091 0.7781487571638206 0.5127208320844091 0.770809639300486 0.5178841620662705 0.7622825299921487 0.5234901794007797 0.7574903095605133 0.5217529994943118 0.7466279432488062 0.5183984451921669 0.7359253176181536 0.5180989314151898 0.7245038589227559 0.5141453495590904 0.708709726738769 0.5174866928291723 0.693508613307399 0.5220040081384055 0.6816075294596903 0.5298687104014019 0.6792575681741658 0.5345678987984397 0.681606184687332 0.5375510205792757 0.6813031373953106 0.538232876986324 0.6789545208821444 0.5382612876699511 0.6762649761654541 0.5329200791480729 0.6751306125569702 0.5333091183698911 0.6708627157637614 0.5361116336917885 0.6656861246855397 0.5401706152895507 0.663047026506482 0.5422291118692156 0.6605486802303072 0.5444987363032054 0.6577688301483663 0.5458710673563154 0.6547340467729383 0.5471028260370308 0.6490422121696152 0.551281218623384 0.6432218337366183 0.5534027304044674 0.6404211581180264 0.5545337724812065 0.6352768060392163 0.5554768262556131 0.6323706510477765 0.5558997368700391 0.618403756909812 0.5597059323998725 0.6053477471721496 0.5613650432718514 0.5922049865392202 0.5601939061857486 0.5928556182537216 0.5562901158987401 0.5953280187688271 0.5535899942835592 0.6049139926958153 0.5453595030951156 0.6166254852384035 0.5396259818789624 0.6206604320172783 0.5374372678808639 0.6220494984208235 0.5356521358660296 0.6256757701336496 0.5356089659646864 0.6289566826357303 0.5344865485297641 0.634733226577364 0.5302383217494142 0.6399958431220549 0.5270314147924932 0.644436175831638 0.5253046187387664 0.6390913309034362 0.525057933588234 0.6308684925523566 0.5267230583543278 0.6272504436778815 0.526291359340896 0.6225596299176626 0.5263125785762796 0.6177137961854748 0.5258488885080987 0.615047177470118 0.5256455023348936 0.6095709595596408 0.5203974218410101 0.6077207844653915 0.5157786384634991 0.6085114012708539 0.5122208628389185 0.6004734637486533 0.5155809842621336 0.600078155345922 0.5218070916051497 0.5864547098165379 0.5263547197636165 0.5669025978781754 0.5394781149243246 0.5611448059403522 0.5425819246408077 0.55850581796885 0.5415923041514941 0.5541874740154826 0.5392981839262678 0.554067520016778 0.5337203229865016 0.5518483710407419 0.5290870997865346 0.5496891990640583 0.5263881348156798 0.5529279570290839 0.5198656361361146 0.5574862089798605 0.5133881202060636 0.5627641849228652 0.5078102592662973 0.5607849439442384 0.5040766910566151 0.5645035179040825 0.5010178640896465 0.5696615398483825 0.5000732263498474 0.5771200064482768 0.4976537512821709 0.5900117318844115 0.49280800016707293 0.5975804622751224 0.48708713281333454 0.6030533886021084 0.48265789021800404 0.6094952462231376 0.48071091086239437 0.6140622348350613 0.4733556555189805 0.5992369794487196 0.47116900405751294 0.593372004599723 0.4802188525437722 0.5869782205430298 0.4857713492245847 0.5821227905450899 0.4867808940756415 0.5732443097153969 0.4859056343863945 0.5665101792203111 0.4841205092767059 0.5617498455944748 0.48111627433601034 0.5605887886125634 0.48059379869415025 0.5588472031396964 0.4825530823511256 0.5555163142856517 0.4868274009763415 0.5524463698361608 0.49171140350962245 0.5519812267377531 0.4915718605801003 0.5473297957536758 0.4956883770010086 0.5461204236978158 0.5000839792809616 0.5455622519797264 0.502874837871408
27 0.6443476731593154 0.48738292432445995 0.643126289617101 0.4831589729076352 0.6453654927778274 0.47786631089137294 0.6572400549938004 0.4803090779758017 0.6607006416967411 0.4849401572400312
27 0.5812225351439069 0.43836029529959314 0.5825886326486697 0.43451814606744754 0.5825886326486697 0.43266110727191054 0.5815640595200976 0.4270899908852994 0.5856623520343862 0.42670577596208487 0.592919745028439 0.42228730434511746 0.595310415661774 0.423183805832618 0.6032508574082083 0.4371436147094137 0.6072303408670996 0.443832272133352 0.6083402950897193 0.4510683198538929 0.6086818194659102 0.4527972870083585 0.6025343806944772 0.4513884989565717 0.6024489996004294 0.450235854186928 0.6000583289670944 0.4490191735967486 0.598862993650427 0.4467138840574612 0.5904956464337543 0.43762079754138333 0.5840920643801782 0.4389015139520985
12 0.5955897930769052 0.41644035735052926 0.5960792876630164 0.41870983224977204 0.5942103083342282 0.4206121862094314 0.5935428157168038 0.4221474192295076 0.5947443024281677 0.4224811655382197 0.5963907842178144 0.4214131773503407 0.5998172463205927 0.42084580862553006 0.6001287428753909 0.42024506526984806 0.5988827566561987 0.41840946057193107 0.5976367704370066 0.4162734841961731
27 0.779040840630536 0.5037619461274448 0.7728407511430944 0.5037619461274448 0.7699990434613501 0.5014369125696543 0.7696545940453813 0.49833686782593345 0.7709385578560677 0.4971503046523296 0.7820571835390493 0.497140843616662 0.7868390256815411 0.49558282537761256 0.796490280144031 0.49565557601158294 0.7964118892892358 0.4981542845081719 0.7940209682179902 0.499330147330096 0.7891215397933061 0.5000650615937986 0.791781515190521 0.5029055575135125 0.7906387913596907 0.5046196432597576 0.7880268511749362 0.5038850350827954 0.7863943885594648 0.5004568635903051
27 0.7910195684771872 0.5247079705816722 0.7939917352782279 0.5216986516956185 0.7933229977479939 0.5199710797425137 0.7885675308663287 0.5189679734471625 0.7860411890854444 0.5188007890646039 0.7852238432151581 0.5216986516956185 0.7856696682353141 0.5230361267560869 0.7886418350363548 0.5240392330514381
27 0.53875676258736 0.42151932434339534 0.531683347746239 0.4199684486663658 0.5289565070263401 0.41690075285647943 0.531683347746239 0.4085741499439306 0.5377213521974441 0.4056525348868959 0.5404481929173431 0.4056525348868959 0.5439541309857847 0.40360740434697173 0.5464861973685481 0.4012701123013439 0.5404481929173431 0.4015622738070474 0.5338258654547311 0.3977641742329024 0.5318781220833747 0.39615728595153327 0.5322676707576459 0.39381999390590555 0.5297356043748827 0.39016797508461215 0.5353840601518163 0.3868081177690223 0.534460781100209 0.3814168456958762 0.5373823961572437 0.3746971310646965 0.5428360775970418 0.37411280805328956 0.5436151749455843 0.3681234971863685 0.5459524669912121 0.3640332361065199 0.5399144625400072 0.35906649050956096 0.5412778828999566 0.35629095620537804 0.5373823961572437 0.3511781298555674 0.5434204006084487 0.34854867630423614 0.5521852457795527 0.35307717964263985 0.558612798905029 0.349132999315643 0.5644560290190983 0.3476721917871257 0.5689358387732182 0.34606530350575665 0.5739999715387449 0.3466496265171636 0.5778954582814578 0.350301645338457 0.5815961706870351 0.3454809804943497 0.5790641043042717 0.33715437758180095 0.5866603034525618 0.33423276252476625 0.590945338869546 0.3408063964030943 0.5944512769379876 0.33876126586317 0.596983343320751 0.3377387005932079 0.5995154097035145 0.339345588874577 0.5993206353663788 0.34270544619016685 0.6026317990976847 0.34241328468446336 0.6014631530748707 0.339345588874577 0.6158764540229086 0.3299964206920659 0.6318479496680315 0.33131114746773155 0.6415866665248138 0.33583965080613537 0.6466507992903403 0.34007599263883553 0.6556104187985803 0.33627789306469047 0.6624275205983277 0.33730045833465266 0.6635961666211416 0.33423276252476625 0.6727505604665168 0.3314572282205833 0.6756721755235514 0.3327719549962489 0.6741139808264662 0.33686221607609745 0.6731401091407883 0.34168288092020466 0.705472649105305 0.3396377503802804 0.7037196800710843 0.3361318123118388 0.7210545960761565 0.33671613532324574 0.7321567332928884 0.33890734661602173 0.7387790607555005 0.3432897692015738 0.7479334546008757 0.35073988759701213 0.7533871360406738 0.3478182725399775 0.7718906980685599 0.34884083780993963 0.7716959237314244 0.3532232603954917 0.7777339281826293 0.35483014867686063 0.777928702519765 0.3583360867453023 0.765268370605948 0.3595047327681161 0.7689690830115253 0.3611116210494852 0.7654631449430837 0.3641793168593716 0.7639049502459985 0.36666268965785115 0.7648984487144319 0.3690805688097402 0.7556471859894013 0.3730779935133498 0.7466453259348146 0.37993168241854647 0.7423124749558814 0.38206758299865184 0.7312647376161614 0.3890235657681052 0.738425308114128 0.3909160022568535 0.7384935040236326 0.39352449579539855 0.7341289658153481 0.39526349148776185 0.7174891638962635 0.39321761420262846 0.7110787484028458 0.3963887239945852 0.7023496719862767 0.3986903359403602 0.6950527096693011 0.40380502915319355 0.6924612651081321 0.4100961018049787 0.6893924491804323 0.4146993256965286 0.6819590950444477 0.4159268520676086 0.6799132177593143 0.41894452106318025 0.6574085676228476 0.4300434053350287 0.6464972221021363 0.43664135957958355 0.645951654826101 0.436078743326172 0.6472473771066853 0.432549605009317 0.6455424793690743 0.4286112912354353 0.6443149529979942 0.42318971642983194 0.6484067075682609 0.4203766351627736 0.6320055913324418 0.4121138481213532 0.6206801992183109 0.4089562558889757 0.6158352698493363 0.40552260359646153 0.6081476100228537 0.40484484605055904 0.6067524739900627 0.3993910578900824 0.5903809863977496 0.39800777882592037 0.5890940860868101 0.40066907353958514 0.5850926584755752 0.40247854264319505 0.579737806819364 0.40066907353958514 0.5780886007760364 0.40337920992668247 0.5803835372001268 0.4079249493820926 0.5782651343471201 0.4081897497387184 0.5757936643519458 0.40302614278451465 0.5684969434138119 0.4014814740375307 0.551667409637148 0.40708641491944403 0.5438915261489292 0.41584464168076934 0.5414897088552707 0.41881689058167154
27 0.6224884874077982 0.535334647466572 0.6221788329219619 0.5339799090910379 0.6231077963794709 0.5323929298511266 0.6277010045860434 0.5315026732043471 0.6365777665133522 0.5267417354846131 0.638693738833234 0.5256579447841859 0.6431837288778611 0.5254644107305382 0.6399839658575521 0.5265094946202359 0.6343585760315249 0.530070521207354 0.6289912316103615 0.5341347363339559 0.6254818141042162 0.535334647466572
