32 0.4120924789804365 0.12379738029733799 0.5131645633021302 0.12153897551892558 0.5932428746576797 0.12011746703332411 0.6712894624688479 0.11886827115148912 0.683041995274084 0.13541887833977725 0.6896830208934983 0.1543976415574334 0.6888483095510584 0.18192758175366724 0.679196305213691 0.2103120945089514 0.6548122942561314 0.2564131152255875 0.647192290831894 0.26498561907785456 0.637794286608668 0.28498812806647766 0.6283962823854419 0.3074671381679779 0.6187442780480745 0.32880314775584263 0.5844542626390065 0.3575686606823386 0.5300982382127798 0.36423616367854633 0.47574221378655324 0.34766265623083004 0.45008820225828733 0.3089911388528254 0.43738819655122513 0.26974812121800296 0.42113218924618545 0.2364106062369644 0.4089401837674056 0.1996440897150191 0.39725617851690825 0.16973557627488742 0.3995421795441796 0.14497056514611598
23 0.6670634625682628 0.2909978668991253 0.6551294011561278 0.3304970158121156 0.6556482733914379 0.3421716411065955 0.660577559626885 0.35384626640107525 0.6719927488037096 0.3635751208131419 0.682370193509914 0.37096905016631254 0.6911910215101877 0.37563890028410446 0.7088326775107351 0.37174735851927787 0.7207135348458915 0.37008562183501226 0.7419872964936103 0.37183681562918414 0.7679309082591211 0.3691127363938056 0.776751736259395 0.3636645779230483 0.7860914364949788 0.3516007984520858 0.7871291809655994 0.33700751683398594 0.7811621502595316 0.322414235215886 0.7692280888473968 0.31035045574492354 0.7572940274352618 0.3039294118329596 0.7399118075523693 0.29731379083275433 0.7178597375516851 0.2934222490679277 0.6934727424921051 0.28933613021485977 0.678684883785764 0.2870012051559638 0.6714206724914207 0.28855782186189444
16 0.5254885400351511 0.7897713256221204 0.4960857980422929 0.7118198701061709 0.49711147508855547 0.704127292259202 0.5049749991099012 0.6977168107200614 0.5446345115653843 0.6936141025350117 0.6037665335370052 0.6842735319507405 0.6101644752124926 0.6861404790238599 0.6127920303524385 0.6889408996335392 0.6118239837219321 0.6936082673163375 0.6206561825303635 0.7176337110507326 0.6223156910398029 0.7185671845872925 0.6293686022049207 0.7378589710095261 0.6423680855288633 0.7738495618079948 0.6416766236499301 0.7802801572820727 0.6308898183385735 0.7880591034200704 0.6119437628558062 0.7905483661842294 0.5931359997488255 0.7932450675120686 0.5682433721072334 0.7966678038127875 0.5421061130835617 0.8006091365227063 0.532840523905858 0.7979124351948671 0.5270322441228198 0.7941785410486284
26 0.6515089657384265 0.6167550937049125 0.6593441683147269 0.6162208753474375 0.6813064785664777 0.6196932946710252 0.7268931117376796 0.6271723516756755 0.7537227448019808 0.6318912805000382 0.7572842005184808 0.6342952631086758 0.7579964916617808 0.6364321365385759 0.7566906245657309 0.641418174541676 0.7527730232775807 0.6528148328344766 0.7470746941311803 0.6676839104508646 0.7424448016997303 0.6814845513523027 0.7374587636966301 0.6931483188238406 0.7321165801218799 0.7085516147977038 0.7283176940242797 0.7164758537669165 0.7252310990699796 0.7241329835573919 0.7188204787802793 0.7292970943463171 0.7100355546795789 0.7302764946683545 0.6982827508151285 0.730009385489617 0.6797631810893275 0.7274273300951546 0.6519838265006266 0.7227974376637043 0.6217114529103753 0.7174552540889542 0.612332952856925 0.6934154280025782 0.6169628452883751 0.6826420244601653 0.6226611744347754 0.6661702917713519 0.6294279402961257 0.6466713217235138 0.635838560585826 0.628151751997713 0.6395187314928761 0.6210288405647126 0.6465229277353264 0.617200275669475
14 0.38203919254468965 0.7649645173932315 0.40169015503992206 0.7494223925106387 0.40669221822052665 0.7285209142202552 0.4366086576213445 0.7181533566439462 0.44347751086811676 0.7184926373567722 0.4649849584580323 0.7151983628139504 0.47619306494855157 0.71792465898732 0.48119127459972916 0.7182654460089914 0.5007297305088777 0.7287162480069079 0.5040618702763294 0.7416661548304134 0.5066367055511785 0.7545024659800285 0.5101203062171508 0.7655212463473973 0.5146641331727666 0.7788119401925738 0.5119649993860536 0.7829113488006344 0.5084756349872978 0.7843156835612843 0.4897541254718313 0.7862979610393928 0.46825799093978787 0.7881204873378626 0.44469091425561225 0.7919198525042366 0.42971370664323905 0.7934065606128177 0.42068333146519044 0.7922502320839213 0.4145162459777426 0.774244544991105 0.40923017270278733 0.7570648068475001 0.4030630872153395 0.7590470843256085 0.3995390383653693 0.7623508801224556 0.3896276509748282 0.7711059389841002 0.38147828800927214 0.7687932819263071
31 0.15074111412078733 0.42354168949085746 0.14739956232993245 0.4062770052381072 0.1455431446683464 0.3940246486716392 0.14925597999151852 0.3876200077391674 0.1563103671055455 0.37703842706812685 0.1540826659116422 0.3723045620310824 0.1529688153146906 0.3555968030768079 0.15816678476713156 0.3489136994950982 0.16856272367201344 0.34445829710729164 0.174874543721406 0.3369398055778682 0.19789412272507304 0.3361044176301544 0.19975054038665907 0.32691515020530354 0.21942856759947124 0.32329513576521074 0.2305670735689875 0.3263582249068277 0.24356199720008992 0.33749673087634396 0.25581435376655787 0.3333197911377754 0.29034372227205835 0.3452936850550054 0.31521971893731143 0.3480783115473845 0.3293284931653655 0.35671065367375965 0.33489774615012363 0.3725830246803204 0.33081362729463426 0.3904046342315465 0.3282146425684139 0.4023785281487765 0.3241305237129245 0.4168585859091477 0.3155910024696287 0.4335663448634221 0.3115068836141393 0.4424771496390353 0.28811602107815515 0.4424771496390353 0.261383606751316 0.44386946288522466 0.26064103968668156 0.4357940460573254 0.2409630124738694 0.4366294340050391 0.22759680531044985 0.43857867254970434 0.19975054038665907 0.4327309569157084 0.18081508023848136 0.43078171837104307 0.1637360377518897 0.4293894051248535 0.1611370530256692 0.42576939068476066
20 0.18869886373193454 0.7303437063443102 0.18384727836036913 0.6760403561066971 0.1814673783168692 0.6099981298995742 0.20467140374099352 0.6055358173180119 0.2778533300786162 0.6015197359946057 0.4051779824058621 0.5948262671222622 0.4029089800714897 0.6165674989545606 0.41452683531342716 0.6231685530692979 0.42755291543317525 0.6210562157525819 0.4580251415078995 0.6178586651394031 0.45696897284954163 0.6418865021170465 0.4478155111437726 0.64531905025671 0.45344841065501507 0.6917904712244599 0.45837719772735214 0.7137059708853875 0.4378780553307338 0.717337782524773 0.4353141502277559 0.7178185147315813 0.4208921840235053 0.7231065690064732 0.4079124144396797 0.718659796093496 0.36102988731307406 0.7197762966438083 0.3370047229775804 0.7227808729363606 0.31522297560719237 0.724532111689734 0.30743969225886664 0.7228152109511328 0.28363200201692906 0.7235019712465732 0.2630291931537139 0.7260773223544752 0.2254862970029662 0.7289960536100972
12 0.41409607999734793 0.43243139689096344 0.40732611683662834 0.4155064889891645 0.4045052988529952 0.3977353356922756 0.407890280433355 0.37996418239538665 0.42143020675479415 0.3715017284444872 0.4310209878991469 0.3723479738395771 0.4389192782533198 0.3609236610058628 0.4626141493158384 0.3549999432402332 0.4863090203783568 0.35796180212304796 0.5009772738932493 0.3676936241665824 0.5174100518052788 0.3827103404610211 0.5177943980537401 0.38471120038811935 0.5224154905688614 0.3833491639757465 0.5279083994860005 0.3861405860126824 0.5306955683841158 0.3896470243038596 0.5325836505409035 0.3903887708654548 0.53671944955101 0.38951216129266053 0.5395662517533971 0.39226309149048755 0.5416845797244736 0.3928277715486189 0.547534702709413 0.39653586858259693 0.5525053487703885 0.40288302276679006 0.5507514894661537 0.4046368820710248 0.552921897352576 0.4083946173722032 0.5527002404424096 0.4098076801745133 0.5503728428856636 0.41022328688107507 0.552256926622077 0.41188571370732224 0.5497078721551648 0.41496120333587955 0.5512594705263287 0.4163742661381896 0.5499307941225642 0.4270774516628982 0.5635263355875721 0.43339716512507936 0.5641327084822927 0.4366230330016924 0.5641327084822927 0.4382009456217659 0.5692011550801047 0.43913334853362757 0.5697699024483788 0.4454734219671299 0.5637451451717344 0.4461189316753419 0.5483485432425318 0.45013543652643817 0.5401242714045725 0.4517850724474242 0.5365859218928924 0.4518567957483366 0.5351514558746439 0.45723604331676915 0.5336213587885118 0.4604635918578288 0.5282660189870502 0.4606787617605661 0.5269271840366847 0.46240012098246447 0.5232932034571214 0.46598628602808617 0.5130606791936141 0.4705765772864821 0.5037844656089393 0.47251310641111777 0.5006286403687921 0.4731586161193297 0.49795097046806125 0.47495169864214054 0.49221310639506655 0.47552548504944 0.4797810675702444 0.47366067922571664 0.4727999996147675 0.47201104330473065 0.46534077631987436 0.4698593442773577 0.4588378637038136 0.46770764524998465 0.45005151538523464 0.4563943923366744 0.44439171749010387 0.4571262627541482 0.4373657614823551 0.4511249253308629 0.43073013636392576 0.44702645099300947 0.42721715836005136 0.4439525952396194 0.4209718641309415 0.43897587640079744 0.4166782243484285 0.4367802651483759
15 0.4291688443169437 0.4473764686136486 0.4217665005409227 0.44836785394079426 0.42282397822321144 0.4531265035110934 0.42070902285863404 0.45292822644566433 0.4175365898117679 0.4608593090628296 0.41462852618547397 0.4679972834182784 0.41568600386776267 0.4769197513625894 0.42335271706435584 0.5019026616066602 0.43207690794323766 0.5032906010646641 0.447410334336424 0.5009112762795145 0.43921488229868644 0.49298019366234913 0.4352493409901037 0.4909974230080579 0.4246745641672167 0.4814801238674595 0.42546767242893324 0.4787042449514516 0.4336631244666707 0.48029046147488463 0.4423873153455526 0.4900060376809122 0.44171097788371133 0.4916975141118318 0.4398571883343622 0.49236108650733745 0.43909881988235566 0.4925822773058394 0.44642971491841826 0.49981837628540116 0.44840989920976854 0.4974168761873807 0.4527915835991393 0.4961529287673699 0.45266518885713825 0.4892328166428108 0.45152763617912856 0.48800046790830026 0.4537192244546452 0.4858148246577814 0.4535011784250058 0.48308924928728886 0.4575713709782748 0.4835798528539775 0.4651648632307498 0.4793675212837931 0.4515184450492354 0.4656840204441768 0.44019560251620854 0.453697264469494 0.43666404444620815 0.4511264979332438
27 0.4250314218886021 0.4814464302624552 0.42563618836409955 0.4790877186682019 0.43363068734296234 0.4804833100847706 0.44210761298434265 0.48994231857484744 0.44158583368198306 0.4915165261183667 0.43824187879386456 0.49188354555730657 0.4353872831576659 0.49090482705346694
12 0.5163379025639036 0.5780233210854882 0.5126447039459802 0.5731759978994635 0.5110032823380142 0.5678670248861987 0.5183896795738611 0.5682517330755656 0.524955366005725 0.5744840057433115 0.5241346552017421 0.5784849709127285
15 0.4289110954469525 0.5698813002556001 0.429568682408159 0.5500303938641783 0.4239791932379036 0.537700638341556 0.4368021389814307 0.532152248356376 0.45077586190706925 0.5294397021413991 0.45241982931008556 0.5261106681502911 0.46540717179391433 0.5258640730398386 0.48612116107191966 0.5227816341591831 0.5106162753768626 0.5184662197262653 0.5162057645471181 0.5194526001680752 0.4930258241645881 0.5323988434668285 0.48398400344799847 0.5317823556906973 0.474448992510504 0.5394268041147231 0.474448992510504 0.5433723258819623 0.4802028784210611 0.5447285989894507 0.4931902209048898 0.5357278774579365 0.4930350629542909 0.5324852419959881 0.5163240571224386 0.5194780925691438 0.5211194536079456 0.5218162658614788 0.5272706238460327 0.5339263822677129 0.5459163586302344 0.5296116384120902 0.5599212551544506 0.5293027068711149 0.579967479591074 0.5493832570345133 0.5596466493402504 0.5745096890338424 0.5258701341936111 0.5767751870009951 0.5257702349232425 0.5744600050051012 0.5181457676195468 0.5675698613966385 0.5136505459715248 0.5583731642892913 0.5145413101762815 0.5530316967820674 0.5116260619599852 0.5509819128799841 0.501969302243504 0.5549448284240117 0.5102235178847044 0.5674827606102569 0.5113733247348157 0.5731953379905531 0.5159027228510631 0.5790325200699424 0.5173699926633686 0.5818075738453898 0.5143716586990922 0.5841998615828444 0.5061421888822482 0.5856466725690183 0.49353183342794055 0.5854852803292376 0.48156294607766936 0.5783982222211153 0.4717298209773301 0.5820612241210761 0.4668680766171304 0.5845182185491327 0.4552970733238094 0.5819063173203005 0.44127088287538613 0.5772301715719075
27 0.43408113325623526 0.582285464272873 0.43846238693040535 0.5771459166935581 0.44160790238878384 0.5780727203554017 0.45503447068031777 0.5822825168039512 0.4564954218188733 0.5867201558873137 0.4543558040907911 0.5872475720316547
27 0.4801337408371975 0.544409780488519 0.4749141530499566 0.5432353732363898 0.47469045643050334 0.539656227325139 0.484048124205929 0.5319285681284864 0.49280456902749187 0.5325394828834792 0.493008207279156 0.5356195114399009
27 0.5029736810559947 0.555092596542303 0.5116020633856678 0.5513667041726713 0.5141295693206226 0.5533930666894885 0.5130837047958138 0.5584262897151312 0.5177900951574537 0.5678390704384109 0.5107305096149938 0.5675122377744082
27 0.5264811921112021 0.4835003895482564 0.5204955542316866 0.4821536210253654 0.5334644363039703 0.4700327043193464 0.5404476804967385 0.4692844995844069 0.539849116708787 0.4746715736759709 0.5410462442846901 0.47736511072175297 0.559402200448538 0.4721276775771768 0.5641907107521503 0.47137947284223736 0.5536806266517631 0.4794405332014407 0.5370002613683554 0.48569567018271864 0.5279187291585001 0.4861126793148038
17 0.4252397595362136 0.5109517642778968 0.43778297974231356 0.5192524247084042 0.45426132785620965 0.5240483618460307 0.45967212872942925 0.5253395756907762 0.48622405501557553 0.5222638017140281 0.5103369005423037 0.5163010787775572 0.5409345574437137 0.5096092511510693 0.5506850592862559 0.5067714185252548 0.5557786050248972 0.5046976177602365 0.5652380471109455 0.5042610281254959 0.5786267959096599 0.49934939473466305 0.5806642142051165 0.49934939473466305 0.5786267959096599 0.4919273709440714 0.571495831875562 0.483413873066628 0.556069664781391 0.48035774562344313 0.5372963104875413 0.4859242634663869 0.5275458086449992 0.48657914791849793 0.5262360397407773 0.4837413152926835 0.5196871952196669 0.4819949567537207 0.5327848842618875 0.469552152163611 0.5410800873219607 0.4688972677115 0.5403524379307261 0.4743546381457586 0.5413711470784545 0.4764284389107769 0.5650925172326986 0.4706436262504628 0.5572339038073661 0.47915712412790623 0.5685604773319565 0.4723023711922849 0.5854283281066707 0.47333120900352965 0.591336217751766 0.4706532082571816 0.5886622439876237 0.46575092302292054 0.5830748346810547 0.4654942661077922 0.5803706637097956 0.4634071090828799 0.5896359387885498 0.4592673053242876 0.5847076009807018 0.45557105196840164 0.596338478207223 0.4527618994179284 0.6046180857244077 0.45379685035757633 0.6095464235322556 0.45852805465311036 0.6156575624139871 0.45852805465311036 0.6178260310494401 0.4552753516999307 0.6127005597292783 0.44625649351156893 0.5947614101087118 0.4428559404241539 0.5734709907788085 0.44448229190074373 0.5636143151631126 0.4484742455251005 0.5377898250499892 0.4540925506260472 0.534844580249746 0.46102893804305983 0.5290530345177642 0.46113546296323304 0.5242905218782696 0.46688153799566673 0.5064138439995871 0.4730935110037031 0.49306796230692496 0.47652805594403086 0.47935020740017625 0.4742439937597835 0.4525866048712214 0.4872384270929208 0.45399521553064004 0.4922037796673716 0.45364723035294324 0.49602890775538167 0.4504799401128302 0.4993420600460262 0.44739599961587806 0.49940457235339686 0.4468959011569129 0.4999671831197327 0.4480882192328292 0.5009736312684002 0.42525038960675127 0.5077874727718013
17 0.6426569991297003 0.5484498342771218 0.6531709743328402 0.5230410608695337 0.6710836728270786 0.5233331157362876 0.6843234934532547 0.5134032502666556 0.6940586556783843 0.5207046219355026 0.7002891595024672 0.5113588661993783 0.6960056881234102 0.5063939334645622 0.7161185332805275 0.4909442310132818 0.7313053863517297 0.4845190239446962 0.7433769875108903 0.4740050487415563 0.7554566533014799 0.46594502567327156 0.7632908666897498 0.46922848275511997 0.779650547588784 0.4562674679583499 0.7780376213029637 0.44987336732527666 0.7893281053037058 0.442788012569709 0.7964710645694811 0.44347926669220344 0.7973927367328071 0.44589865612093393 0.7932452119978407 0.45091024850901834 0.7805722197521099 0.47337600749008646 0.7697425718330309 0.4847817005112441 0.7589129239139519 0.474412888673828 0.744166169300738 0.48305356520500803 0.7496962022806932 0.4866826493481037 0.7614475223630981 0.4872010899399745 0.7646733749347386 0.4903117334911993 0.7556870713423113 0.5039640024104638 0.7483136940357044 0.49705146118551974 0.7390969724024459 0.4920398687974352 0.732414849218333 0.4916942417361881 0.7271152342792093 0.4977427153080141 0.7319540131366702 0.5053465106554526 0.7439357512599065 0.506037764777947 0.7517699646481765 0.506037764777947 0.7490049481581987 0.5124318654110203 0.735494386334046 0.5227609301363929 0.723282230169978 0.5314016066675731 0.7096875657609215 0.5407335373212475 0.6926366307393929 0.5514479762199108 0.6781202941670103 0.5592245850979728 0.6580739246146724 0.5559411280161244
27 0.7348021869802724 0.4138586383732814 0.7269146581376331 0.4145685159691188 0.7256526535228108 0.39918783472597225 0.7307006719821001 0.39895120886069313 0.7360641915950947 0.40297384857043916
27 0.6912630277689037 0.4105458762593728 0.6966265473818984 0.4077063658760227 0.6909475266151982 0.39895120886069313 0.685268505848498 0.3970582019384598 0.6827444966188534 0.39918783472597225
27 0.5652791223979364 0.4372794947576888 0.5630845593376755 0.4323187099707514 0.5695345047928347 0.4242929255691613 0.5740787845453332 0.42396309881293154 0.5818480370254114 0.4303397494333731 0.5900570585137959 0.42440286782123793 0.5985592593410513 0.4224239072838595 0.6067682808294357 0.4208847157547875 0.6277306035587031 0.4264917706106929 0.6240658618228172 0.4312192874499857 0.61658978868161 0.43165905645829206 0.6151238919872556 0.4342976705081299 0.6214272477729793 0.43704622681004435 0.6261181171949133 0.4357269197851254 0.6297828589307992 0.439464956355729 0.6343271386832977 0.44133397464103086 0.6372589320720065 0.43649651554966146 0.6381384700886191 0.43319824798736417 0.644148646535472 0.43066957618960283 0.641803211824505 0.4266017128627695 0.6442952362049074 0.423083560796319 0.6549626430375306 0.4239373240072826 0.6586273847734166 0.42657593805712046 0.6570148984096268 0.4291046098548818 0.6606796401455128 0.4318531661567962 0.6636114335342215 0.43405201119832776 0.6639046128730923 0.43965906605423316 0.6691818409727681 0.4425175646082242 0.6718204550226059 0.44174796884368817 0.672113634361477 0.43757016326477827 0.6756317864279272 0.4361409139877827 0.6800294765109903 0.43757016326477827 0.6826680905608282 0.4405386040708458 0.6826680905608282 0.43548126047532326 0.6897043946937292 0.4338321266941746 0.6929293674213087 0.44031871956669266 0.696007750479453 0.43866958578554394 0.6945418537850986 0.43548126047532326 0.7023111062651766 0.43427189570248087 0.7067087963482398 0.4377900477689314 0.7070019756871107 0.4352613759711701 0.7061224376704981 0.43163328165264303 0.7181427905642039 0.4318531661567962 0.7276711190775071 0.4410883153312287 0.7300165537884742 0.444386582893526 0.7282574777552491 0.4463655434309044 0.7300165537884742 0.446475485682981 0.730309733127345 0.4488942152286657 0.7358801405658917 0.4461456589267513 0.7399846513100841 0.4377900477689314 0.7383721649462942 0.43427189570248087 0.7547902079230631 0.42679582256127363 0.759187898006126 0.4296543211152646 0.7612401533782222 0.42756541832580974 0.7543504389147567 0.42448703526766546 0.7542038492453211 0.4220683057219808 0.760507205031045 0.4206390564449853 0.7609469740393513 0.417340788882688 0.769595764536042 0.4178905001430708 0.7738468649496697 0.4199794029325258 0.7710616612303964 0.4166811353702285 0.7716480199081381 0.41195361853093565 0.766224202139027 0.40667639043125997 0.7681298678416877 0.40359800737311574 0.7735536856107988 0.4033781228689627 0.770915071560961 0.40084945107120135 0.7764854789995076 0.39865060602966973 0.7797104517270871 0.40018979755874184 0.783668372801844 0.40436760313765174 0.7864535765211174 0.4027184693565032 0.7909978562736159 0.40436760313765174 0.7933432909845828 0.40601673691880047 0.8011125434646611 0.4023886426002734 0.8036045678450634 0.4023886426002734 0.8082954372669974 0.3970014722485211 0.8204623798301385 0.397551183508904 0.8292577599962647 0.4068962749354131 0.8299907083434419 0.40799569745617886 0.822954404210541 0.4094249467331743 0.8279384529713458 0.41844021140345367 0.8280850426407812 0.42052911419290867 0.8242737112354598 0.42294784373859345 0.8201692004912676 0.41964957617629606 0.8176771761108654 0.4212987099574448 0.8173839967719944 0.42415720851143573 0.8241271215660244 0.42415720851143573 0.828964580657394 0.43954912380215655 0.827058914954733 0.44207779559991794 0.821635097185622 0.44141814208745844 0.8197294314829613 0.44878427297658907 0.8154783310693337 0.4503234645056612 0.8153317413998983 0.4564802306219494 0.8103476926390933 0.45779953764686854 0.8075624889198201 0.4612077474612423 0.812546537680625 0.47099260789605774 0.8184101244580424 0.4773692585164993 0.814891972391592 0.4801178148184137 0.8182635347886069 0.4807774683308732 0.8213419178467513 0.48418567814524704 0.8160646897470756 0.48572486967431916 0.8145987930527212 0.48902313723661645 0.8167976380942528 0.4917716935385308 0.8184101244580424 0.4956196723612111 0.8151851517304628 0.49737874839443635 0.8128397170194959 0.5006770159567336 0.8033113885061924 0.5005670737046571 0.8014057228035318 0.5015565539733463 0.7983273397453877 0.5058443018043328 0.8016989021424027 0.5076033778375582 0.8025784401590154 0.5090326271145535 0.8030182091673216 0.5111215299040086 0.7975943913982104 0.5124408369289275 0.7924637529679702 0.5115612989123148 0.7930501116457119 0.514639681970459 0.7949557773483726 0.5168385270119905 0.8025784401590154 0.5165087002557608 0.8046306955311114 0.5137601439538464 0.8103476926390933 0.5148595664746122 0.8160646897470756 0.5236549466407384 0.8123999480111896 0.5264035029426528 0.8096147442919163 0.5255239649260401 0.8060965922254658 0.528162578975878 0.8097613339613516 0.5367380746378511 0.805803412886595 0.5399263999480719 0.8006727744563547 0.5392667464356123 0.7973012120593396 0.5403661689563781 0.7929035219762764 0.5414655914771439 0.7833751934629731 0.5370679013940808 0.7807365794131352 0.5364082478816213 0.7844013211490212 0.5412457069729907 0.783961552140715 0.5435544942665989 0.777951375693862 0.5467428195768196 0.7750195823051533 0.5477322998455088 0.7700355335443484 0.5435544942665989 0.7673969194945106 0.5452036280477476 0.762852639742012 0.5464129928205899 0.7622662810642702 0.5488317223662746 0.7640253570974954 0.5503709138953466 0.7646117157752372 0.5533393547014143 0.7682764575111232 0.5526797011889548 0.7700355335443484 0.5541089504659503 0.7710616612303964 0.5588364673052432 0.7682764575111232 0.5632341573883063 0.7725275579247508 0.56697219395891 0.7758991203217659 0.5665324249506035 0.7772184273466849 0.5723593643106621 0.7744332236274114 0.5787360149311037 0.7635855880891892 0.5809348599726352 0.7608003843699158 0.5773067656541081 0.7549367975924984 0.5775266501582613 0.7531777215592732 0.5797254951997929 0.750099338501129 0.5831337050141667 0.7481936727984685 0.5861021458202343 0.7415971376738737 0.5879711641055362 0.7354403715575853 0.5850027232994686 0.7289904261024261 0.587751279601383 0.7209279942834772 0.5879711641055362 0.715504176514366 0.5865419148285407 0.7034838236206602 0.5832436472662433 0.6974736471738073 0.5840132430307794 0.6987929541987262 0.5865419148285407 0.693662315768486 0.5883009908617658 0.6904373430409063 0.5874214528451532 0.6894112153548584 0.5896202978866848 0.685306704610666 0.5920390274323696 0.6782704004777651 0.5895103556346082 0.673872710394702 0.5898401823908379 0.6709409170059933 0.5869816838368469 0.6666898165923656 0.593468276709365 0.6548160533680952 0.5952273527425902 0.6405968554328579 0.5932483922052119 0.6318021721693066 0.5883174039187878 0.6292205796546588 0.5819267641239486 0.6417011144561772 0.5807889633554008 0.6387077160597195 0.5777285357199555 0.634591035604169 0.577803365285787 0.6295094391118824 0.5752303676021602 0.6313377201343229 0.5677106323942865 0.6351033461481855 0.5652890637343765 0.6381583366966512 0.5626048959577729 0.6490816693966708 0.5652743419591776 0.6547916027459564 0.5642680903306442 0.6593414264756186 0.5651593682081725 0.6607775073943842 0.5622672770934987 0.6542876434029837 0.5588394197163608 0.6568295357168068 0.5561555781232506 0.6781207060466747 0.559550085820126 0.7062132020275675 0.544213074473711 0.7368803357021947 0.5230347695469281 0.7494691546629972 0.5128188272170124 0.7524367960217755 0.5057121117841273 0.7324094892693503 0.5052028765064873 0.7275769703229933 0.4976891008175952 0.7325631955923779 0.49195448739317 0.739372937349312 0.49253667776499266 0.7483902958070314 0.4973739398063588 0.7558779379741283 0.5045410408343867 0.7654214987005816 0.4903548525981078 0.7620747373163362 0.4868916650203224 0.7498007369568533 0.48635018813461495 0.745189194923216 0.4829799094173658 0.7588115123457652 0.4748345496695159 0.7700648911258752 0.48525856671403583 0.7811482654408094 0.47371347460645813 0.7932721892171515 0.4511045667699548 0.7975375363589253 0.4459582225635356 0.7965682617999518 0.44344026894764754 0.7894597149263922 0.4426775985807644 0.7778956688412242 0.44984582930221273 0.7795346780011135 0.45628180973341786 0.7630665661355429 0.4688334683565044 0.755536518076731 0.46564305525532135 0.7435772107046092 0.47361424692308174 0.7312185983412847 0.4844506868906373 0.7165296970066549 0.49038032791156494 0.6957823824037814 0.5063922807119621 0.7000331654808162 0.5116079389097719 0.6939737314781736 0.5198602799396944 0.6845435577588765 0.5130381681741699 0.6710027767418526 0.5231195611486367 0.6531150500534588 0.522687692673089 0.6488562520962592 0.5325686824251271 0.6432494859646376 0.5459931966811065 0.6424392775445817 0.5486228407183927 0.6507484445099636 0.5529158911187121 0.6424228894866482 0.5536432609035542 0.6403315327630515 0.5508589424532757 0.6316894818632545 0.5513902726468166 0.6244431543710289 0.549019239692752 0.6200770832985827 0.5505902068863454 0.624573575606708 0.560804208050846 0.6186082961835184 0.5635729294616344 0.6037720218999668 0.5702591790835718 0.617252281751555 0.5755497367104406 0.6228472880264905 0.5727014487111987 0.6266849867425779 0.5743690037157358 0.6212034498805703 0.577296450299584 0.6276875272184101 0.5788462199632172 0.6289231771590739 0.5819525246602052 0.6315626634912223 0.5883647061101182 0.6177288670009299 0.5939080457176713 0.5982324409660167 0.5899501246429145 0.5938347508829536 0.5924787964406758 0.5867984467500527 0.5948975259863606 0.5769769388978784 0.5903898936512209 0.5718463004676381 0.591929085180293 0.5696474554261065 0.5928086231969056 0.5614384339377221 0.5924787964406758 0.5557214368297401 0.5902799513991444 0.5495646707134518 0.5911594894157569 0.5372511384808751 0.5873115105930767 0.5299216550091034 0.5832436472662433 0.5253773752566049 0.5780763614186442 0.5608520752599805 0.5752178628646532 0.5692076864178004 0.5654330024298378 0.5800553219560227 0.5494913758787341 0.560705485590545 0.5290421169924907 0.5454601599692597 0.5287122902362609 0.5277228099675718 0.5326702113110178 0.521712633520719 0.5213461593471302 0.511011587651932 0.5178280072806798 0.5121843050074155 0.5163987580036842 0.5510305674078062 0.5079332045937878 0.5551350781519984 0.5055144750481031 0.5661293033596562 0.5051846482918734 0.5809348599726353 0.4999074201921976 0.5787360149311037 0.4910020977739949 0.5733121971619924 0.48297631337240476 0.5601191269128032 0.4795681035580308 0.5689145070789293 0.47319145293758935 0.5847461913779565 0.4741809332062785 0.5917824955108575 0.47176220366059385 0.5904631884859386 0.46582532204845867 0.5835734740224731 0.4648358417797694 0.5809348599726352 0.46362647700692705 0.5910495471636802 0.4594486714280171 0.5855888009721893 0.455847992421254 0.5962582510983536 0.45313833226553657 0.6043162946197161 0.4541776659044384 0.6091778251914138 0.45873107314049705 0.6161580412353966 0.4589235423328863 0.6185200441134251 0.4553271179950989 0.6128638066228027 0.4459786143647647 0.5949523879024987 0.4423649070790894 0.5726416733561549 0.44346473103559914 0.570861005997996 0.4382798466691954
