28 0.8114320887590875 0.6777712384810676 0.7964536363110287 0.6840734686582429 0.7889927123174829 0.6857055457818311 0.7896144559836116 0.6873376229054192 0.7868166094860318 0.6964306240225534 0.7703404023336179 0.6940990852745702 0.7703404023336179 0.6906017771525955 0.7687860431682959 0.6819750837850581 0.7516880923497531 0.6838403147834445 0.7476467585199157 0.6878039306550157 0.723087883707827 0.6906017771525955 0.720911780876376 0.6873376229054192 0.711896497717508 0.6873376229054192 0.7016377272263823 0.6906017771525955 0.7016377272263823 0.6936327775249735 0.693244187733643 0.692467008150982 0.6892028539038058 0.6896691616534024 0.6770788524142937 0.6903686232777972 0.6680635692554255 0.7001610860193263 0.6637113635925238 0.7038915480160993 0.6388416169473707 0.7050573173900907 0.6341785394514045 0.7027257786421077 0.636043770449791 0.693166469775377 0.656250439598978 0.692467008150982 0.6444373099425301 0.6878039306550159 0.6500330029376897 0.6812756221606633 0.6500330029376897 0.6777783140386885 0.6397742324465641 0.6766125446646969 0.6372872577820486 0.6717163132939326 0.6326241802860825 0.6710168516695376 0.6298263337885028 0.6619238505524033 0.6242306407933433 0.6539966188092609 0.6152153576344753 0.6528308494352693 0.6136609984691532 0.6507324645620843 0.6093087928062515 0.6525976955604709 0.6046457153102853 0.6581933885556304 0.6024696124788343 0.6668200819231679 0.5968739194836747 0.665421158674378 0.5974956631498036 0.6607580811784117 0.5825738151627117 0.6663537741735713 0.5716933010054573 0.6682190051719578 0.5670302235094911 0.662390158302 0.5670302235094911 0.6546960804336558 0.5772889940006167 0.6530640033100678 0.5744911475030371 0.6481677719393031 0.5788433531659389 0.6428052328189421 0.5751128911691659 0.6395410785717656 0.5751128911691659 0.6362769243245893 0.5797759686651321 0.636043770449791 0.5751128911691659 0.630914385204228 0.5754237630022303 0.6264844615830603 0.5810194559973898 0.6229871534610856 0.5934543293199662 0.6152930755927414 0.5981174068159325 0.595474996234885 0.6093087928062515 0.5873146106169441 0.6093087928062515 0.5798536866233981 0.6065109463086718 0.5807863021225914 0.5978065349828681 0.5630666076379197 0.598428278648997 0.5591029917663486 0.5900347391562578 0.5591029917663486 0.5847499179941628 0.5563051452687687 0.5878586363248068 0.5507094522736093 0.5869260208256136 0.5451137592784498 0.5922929793218701 0.5438628488837114 0.5964113751551361 0.539791253003096 0.5982833732611661 0.5406336521508096 0.5988449726929751 0.5451264476052816 0.6024017690944321 0.5451264476052816 0.6038993675792562 0.5438628488837114 0.6074561639807132 0.5442840484575681 0.6080177634125222 0.5490576436279447 0.6063329651170953 0.5545332380880824 0.6108257605715672 0.5539716386562734 0.6185009528062904 0.5539716386562734 0.6175649537532754 0.5507424419233716 0.6119489594351852 0.5493384433438492 0.6125105588669942 0.5455476471791383 0.6171905541320694 0.5440032487416636 0.6190625522380993 0.5407740520087618 0.6164417548896574 0.5358600569804329 0.6097025617079493 0.5254704674919664 0.6110129603821702 0.5230836699067781 0.6140153787778462 0.5218662720085184 0.6138281789672432 0.5103534836564338 0.6265577660882473 0.5057202883440095 0.6293657632472923 0.4994022947361582 0.6230009696867903 0.499261894878206 0.6155129772626702 0.49547109871349515 0.6128921799142282 0.49813869601458793 0.6097097831339772 0.5001042940259194 0.5986649943084 0.4970154971509699 0.600349792603827 0.49968309445206266 0.6022217907098572 0.5005254935997762 0.597167395823576 0.5060010880599141 0.5939849990433249 0.5076858863553411 0.5943593986645309 0.5137230802472879 0.595856997149355 0.5182158757017599 0.597916195065988 0.5229894708721364 0.605029787868902 0.5279034659004652 0.60428098862649 0.533940659792412 0.600724192225033 0.5360466576616958 0.5968319869039419 0.5376378639880812 0.5957896207147843 0.538628111867781 0.5934538170271256 0.541352880339059 0.5875470752885652 0.5429164296227956 0.5836555748490431 0.5392681479607436 0.5828911729769941 0.533587252229834 0.5793471279338579 0.5332745423730867 0.57559460965289 0.5316588747798923 0.5723980200061397 0.5273330550948878 0.5713556538169821 0.5200886100802417 0.5768454490798793 0.513104756612885 0.5748996988601183 0.5103946045210749 0.5777488331104825 0.5001794158673293 0.5688539749630036 0.5011696637470292 0.5635031618586606 0.4987201032025086 0.5570404914858827 0.4993976412254611 0.5546777947904585 0.49574935956340904 0.5546777947904585 0.4919968412824412 0.5530794999670835 0.4902248187608731 0.5528710267292519 0.48777525821635254 0.5494659638446701 0.484335449792132 0.5477981779420177 0.4789151456085119 0.5486320708933439 0.475214745637002 0.550994767588768 0.47213976537898683 0.5521761159364801 0.46838724709801904 0.5568320182480512 0.4617161034874096 0.5600980989740788 0.4583284133726471 0.5582218398335949 0.4555140246619212 0.5526625534914203 0.45275175426065334 0.5543303393940727 0.45092761342962734 0.5587777684678122 0.4522826894755323 0.5640590904928781 0.45316870073631643 0.5692014303593894 0.4482174613378173 0.577470868793374 0.442432328987992 0.5831691372941028 0.4380022726840717 0.5906046827767611 0.4402433599907607 0.6000554695584578 0.44357893179606545 0.6079079615167792 0.4475399233148648 0.6092977831023229 0.44915559090805923 0.6172892572191987 0.45233480778499024 0.6199299182317316 0.4500416021688433 0.6186790788047424 0.4481132247189015 0.6226400703235417 0.4420153825123289 0.6256281867324603 0.4451945993892599 0.6330637322151188 0.44691450360137014 0.639317929350065 0.44832169795673305 0.6427924833139241 0.4489471176702276 0.648977189369593 0.4451945993892599 0.6518958146992346 0.4420153825123288 0.6514788682235717 0.43894040225431363 0.6575245921206865 0.43821074592190323 0.6574551010414091 0.43596965861521414 0.6560652794558657 0.43560483044900894 0.6557178240594798 0.4343539910220196 0.6613466014809315 0.43127901076400443 0.6675313075366005 0.4311226558356307 0.6710058615004596 0.42836038543436283 0.6755227816534763 0.42940275162352054 0.6764956567633569 0.43044511781267825 0.6778159872696233 0.4316959572396675 0.6817769787884227 0.4306535910505097 0.6817769787884227 0.4274222558641208 0.6869193186549338 0.4273701375546629 0.6890735421125267 0.42757861079249454 0.6919921674421683 0.424138802368274 0.6999141504797667 0.4266925995317104 0.7010954988274789 0.4299760530275572 0.7040836152363977 0.4311226558356307 0.7140208395730344 0.4309663009072571 0.7186767418846057 0.4324256135720779 0.7230546798790681 0.4335200980706935 0.7239580639096714 0.43669931494762454 0.7287529483797968 0.43383280792744083 0.7382037351614934 0.43299891497611465 0.7462647003576464 0.43263408680990945 0.7499477275593371 0.4335200980706935 0.7582171659933217 0.43091418259779923 0.7650272917624854 0.4307057093599676 0.773018765879361 0.42763072910195243 0.7784390700629813 0.42763072910195243 0.7842068296429872 0.42502481362905814 0.7894186605887757 0.4262756530560473 0.7937271075039611 0.4284125037438207 0.7960898041993854 0.4307057093599676 0.7931711788697438 0.4328425600477409 0.7890017141131128 0.4358654219962983 0.7855271601492538 0.4371683797327455 0.7803153292034652 0.43894040225431363 0.7739916409892418 0.43967005858672403 0.7666255865858607 0.4419111458934131 0.7573832730419956 0.4431098670109444 0.7490443435287338 0.44404799658118643 0.7445274233757171 0.4453509543176335 0.7423037088388473 0.44545519093654934 0.7401494853812547 0.44467341629468105 0.7386206816371567 0.44295351208257083 0.7320885201851016 0.44430858812847585 0.7261122873672641 0.44576790079329653 0.7256258498123238 0.44978101062155385 0.7301427699653406 0.44983312893101174 0.7327139398985962 0.4510318500485431 0.7412613426496896 0.4540025936876425 0.7469596111504184 0.4529602274984848 0.7501562007971685 0.4532729373552321 0.7535612636817504 0.4511360866674588 0.7600239340545284 0.44988524724046963 0.7646798363660996 0.44691450360137014 0.7695442119155023 0.446028492340586 0.7712119978181546 0.44660179374462283 0.7731577480379156 0.4496246556931801 0.7722543640073123 0.45280387257011123 0.7722543640073123 0.45306446411740064 0.7771882306359921 0.44978101062155385 0.7735746945135786 0.4462890838878755 0.7747560428612907 0.4453509543176335 0.7800373648863566 0.4459242557216703 0.7832339545331066 0.4448297712230547 0.7922677948391403 0.44545519093654934 0.7941440539796243 0.4470187402202859 0.7958813309615539 0.4481653430283594 0.7958118398822768 0.4493119458364329 0.8001897778767392 0.44800898809998574 0.8038728050784296 0.4482695796472751 0.8072083768837344 0.4511360866674588 0.8069999036459029 0.4546801317105951 0.8069304125666258 0.4568691007078263 0.8072778679630115 0.45999619927529944 0.8101964932926531 0.4601525542036731 0.8152693420798872 0.4618724584157832 0.8170761101410939 0.4630711795333147 0.8227048875625457 0.46359236262789344 0.8265268969227906 0.4646868471265091 0.8273607898741168 0.4663546330291615 0.8285206937181432 0.4689218330074015 0.8332639575287295 0.472138577765783 0.8342404067225578 0.4708368076425396 0.8312957562611083 0.46920088315886327 0.8304920394656351 0.4667349339000251 0.8316976146588447 0.46621434461204814 0.8352412750752494 0.4669541293896996 0.8369614447404701 0.4680371693274783 0.8386784760762537 0.47011952647938615 0.8396648557797889 0.4732978610796664 0.8401763119223628 0.4753254193591555 0.8376920963727185 0.4780653629800868 0.8355001414759734 0.4798189268974828 0.8324152297480826 0.4823013170668864 0.8293980178802884 0.4853185289346806 0.8241681839761121 0.4880340196156952 0.8200781856664358 0.48828545393801126 0.8196758907507299 0.4898443467363716 0.8199440873612004 0.4923084030950702 0.8234306432973181 0.4948730331826951 0.8262467077072593 0.4970353683546142 0.8263137568598767 0.49939885098438613 0.8269842483860533 0.5017623336141583 0.8273865433017592 0.5055841353133642 0.8287945755067299 0.508752207774548 0.8303367060169358 0.5096573713348863 0.831610639916671 0.5045281111596364 0.8314765416114356 0.5011086043761364 0.8384496534836708 0.49663307343890845 0.8411316195883767 0.49854397428851127 0.8456909619663766 0.5035726607348349 0.8473671907818178 0.5069418806538716 0.8505855501074647 0.5122220014225112 0.850518500954847 0.516043803121717 0.8507866975653178 0.5188598675316582 0.8490434195972589 0.5199158916853862 0.8435453890826119 0.520720481516798 0.8413327670462294 0.5251960124540258 0.8407293246726708 0.5300235514424964 0.8401929314517296 0.5335436319549228 0.8359688348368178 0.5403826455219227 0.8339573602582885 0.5424444069649154 0.838784899246759 0.5484788307005035 0.8399247348412591 0.5514457557038344 0.8390530958572296 0.5601956701204374 0.8385837517889061 0.5658780858047829 0.838047358567965 0.5693478794527461 0.8406622755200531 0.5717113620825182 0.8416009636567003 0.5761366061552828 0.8403940789095824 0.5798578341255622 0.8369745721260826 0.5814670137883857 0.8356335890737295 0.5844842256561797 0.8270512975386708 0.5910718049008635 0.8245704788918179 0.5944410248199002 0.8214862178714064 0.5974582366876944 0.8222237585502004 0.5986148345703488 0.8243022822813474 0.5994194244017605 0.8283252314384062 0.5998217193174664 0.8299344111012297 0.5996205718596135 0.8329516229690238 0.5987154082992753 0.8358347365315827 0.5985142608414223 0.835767687378965 0.6022857756761649 0.8345608026318473 0.6044983977125473 0.8317447382219062 0.608068765089437 0.834426704326612 0.6138014676382458 0.8358347365315827 0.616416384590334 0.8334209670373474 0.6201878994250766 0.8291298212698179 0.6245628566333781 0.8253750687232297 0.6275800685011721 0.8209498246504652 0.630748140962356 0.8187372026140828 0.6334133447789074 0.8200781856664356 0.6374865808004295 0.8200111365138182 0.6387940392764736 0.8171950721038769 0.6389951867343265 0.8165916297303181 0.6405037926682237 0.8141108110834652 0.6400009240235911 0.8108924517578181 0.6368831384268706 0.8102219602316416 0.6338156396946133 0.8123675331154064 0.627127486721003 0.8089480263319063 0.6286360926549002 0.8069365517533769 0.6307984278268193 0.8060649127693474 0.6336647791012235 0.8073388466690828 0.6369334252913339 0.8082104856531123 0.6396489159723485 0.8062660602272005 0.6421632591955102 0.8025113076806123 0.6429175621624588 0.8050586086189973 0.6453056922210125 0.8087799310661242 0.6453059756515555 0.814173514301093 0.6477928371405074 0.8157910476283284 0.6495983646898809 0.8199106969635621 0.6501258807632949 0.8219202820051393 0.6516330695444779 0.8265423276007673 0.652235945056951 0.8288533503985812 0.6549488848630806 0.8312648524484743 0.6566821519614411 0.8311643731963954 0.6588675756941565 0.8266428068528462 0.6615051560612266 0.8265423276007673 0.6632384231595871 0.8332744374900514 0.6625601882080548 0.839705109623099 0.6610529994268717 0.8396046303710202 0.659696529523807 0.842719487185465 0.6583400596207425 0.846638178016541 0.6593950917675704 0.8521645368808787 0.6568328708395593 0.8584947297618473 0.6574357463520325 0.8589971260222415 0.660148686158162 0.8576908957452163 0.662635547647114 0.8564851447202699 0.6669310356734856 0.8546765181828504 0.6699454132358516 0.85025543109138 0.6718293992123303 0.8402075058834932 0.6747684173356372 0.8257384935841362 0.6772552788245892 0.8180015911740636 0.6771045599464709
28 0.545250872608926 0.5886171280989496 0.5502173603159036 0.5869538984739384 0.5554226294300103 0.5861131502440428 0.5506121450678257 0.578367330119635 0.5353276079181867 0.5683588201999216 0.5288989837121161 0.5750848060390868 0.5383738177582439 0.584289101398465
28 0.5353817029927838 0.41934666228132655 0.5367066529525985 0.4134608268829193 0.5428218066132812 0.40925665874119976 0.5480196872248616 0.40963885584499254 0.5473062526311153 0.4132315086206437 0.5398661490106178 0.4181236315491901 0.5384392798231252 0.419270222860568
24 0.4756661484474136 0.43381022029392047 0.4613157510834923 0.42729143301579875 0.4247914460754511 0.4223268438800977 0.398441517826912 0.38202198507106094 0.38335170184533274 0.36127348809638954 0.37266308219171407 0.34995612611020505 0.3607169778729638 0.33816720737459627 0.3351627417144666 0.30073050870737 0.32384537972828215 0.2757380009878793 0.3194441834003215 0.2568757310109053 0.32384537972828215 0.2252814287994736 0.33579148404703246 0.2045329318248021 0.35716872335426975 0.1875568888455254 0.37980344732663873 0.17576797010991657 0.40998307928979727 0.16822306211912696 0.44833636157631135 0.1621147528352541 0.48103096286973296 0.1639790513743078 0.49980539249401906 0.1675071054656244 0.5300043724121263 0.1748728295967559 0.5527163138738578 0.18472379215847068 0.5833637529547481 0.2044257172819003 0.601150213135622 0.22371718563192508 0.6079911593590349 0.23828840108779492 0.613190278488829 0.2698935726399632 0.6079911593590349 0.29390529388414305 0.5932147155164629 0.31442813255438223 0.5888365099334785 0.3283836628501448 0.5784382716738906 0.3450071621730386 0.5688609469611123 0.36470908729646817 0.562852891322767 0.3929902353522062 0.5488713858058548 0.40814121206251175 0.5279141651713932 0.4051889403081607 0.5214092957986987 0.41089034508846717 0.5140995858877349 0.4120358756179063 0.5093523268673685 0.4274771746097253
31 0.20815721986467708 0.4541612069774771 0.20765923608509648 0.4496793529612519 0.21114512254216045 0.44631796244908317 0.21014915498299933 0.44146262059817265 0.18923383624061552 0.44146262059817265 0.19022980379977664 0.43361937606977863 0.18973182002019606 0.42502915587201395 0.196703592934324 0.4227882288639013 0.19122577135893773 0.4194268383517325 0.19122577135893773 0.4014994222868321 0.19570762537516287 0.3854394453953588 0.19606552996685955 0.37501782581522436 0.20037217166555357 0.3748478268008022 0.20241215983861915 0.37399783172869155 0.202638825191182 0.3687278622816054 0.21238543535138427 0.36430788790663 0.21034544717831868 0.36039791057492093 0.20898545506294164 0.3554679391566791 0.21397209281932417 0.34934797463748235 0.22235871086414938 0.3490079766086381 0.23210532102435166 0.3478179835076831 0.22893200608847183 0.34339800913270774 0.23255865172947732 0.3391480337721544 0.2407186044217397 0.3376180426423552 0.24298525794736814 0.3388080357433101 0.2568118444537016 0.34271801307501915 0.2647451317934011 0.3454379973057733 0.2697317695497837 0.34951797365190446 0.2726784191331006 0.34815798153652744 0.2726784191331006 0.3445880022336626 0.2871850016971226 0.3445880022336627 0.2910383126906909 0.345097999276929 0.29489162368425925 0.3418680180029085 0.311211529068784 0.33897803475773225 0.31506484006235236 0.3442480042048184 0.3234514581071776 0.3456079963201954 0.32503811557511747 0.3473079864644168 0.32979808797893717 0.34271801307501915 0.3377313753186367 0.3439080061759741 0.34271801307501926 0.34526799829135124 0.34793131618396467 0.3532579519691914 0.351784627177533 0.3595479155028103 0.3499713043570302 0.36481788494989636 0.34883797759421603 0.36617787706527344 0.35246462323522143 0.37127784749793746 0.35246462323522143 0.3734878346854251 0.35767792634416684 0.37450782877195793 0.3613045719851724 0.3780778080748227 0.35722459563904124 0.3814777883632654 0.36062457592748387 0.38742775386803996 0.36017124522235816 0.3937177174016589 0.36017124522235816 0.4025576661516098 0.36651787509411776 0.40408765728140916 0.37173117820306323 0.40850763165638443 0.3758111545491944 0.4170075823774911 0.37082451679281175 0.42091755970920003 0.36697120579924347 0.42465753802648704 0.36561121368386645 0.42958750944472884 0.3667445404466807 0.43434748184854854 0.3746778277863802 0.4357074739639257 0.38193111906839117 0.4357074739639257 0.38283778047864253 0.44097744341101175 0.3773978120171343 0.4435274286273438 0.3658378790364293 0.44386742665618795 0.36198456804286094 0.44097744341101175 0.35201129253009583 0.44097744341101175 0.32798476515843444 0.4431874305984994 0.2957982850945106 0.44709740793020847 0.28219836394074005 0.44879739807442987 0.27211954771376584 0.44754893983845917 0.262302577077424 0.4539720228139842 0.22689201791540622 0.4553640948858247 0.21953851527159318 0.4543790246402653 0.2204239889690597 0.45650416151418505 0.22219493636399285 0.4590277615519647 0.21263182043135406 0.45743390889652497
20 0.23191754277371227 0.6187093685274239 0.22876648920341722 0.626744555131676 0.22246438206282723 0.6291078453093973 0.2098601677816472 0.6281625292383088 0.1991465856426442 0.6106741819231716 0.19599553207234918 0.5983850729990211 0.18276110707711019 0.5638810364042908 0.17393815708028415 0.5478106631957863 0.17582878922246115 0.51708789088541 0.17297089694018092 0.5120282770119782 0.1632371828672118 0.5129176369717945 0.15709808784973467 0.5173779170661732 0.1543256095419856 0.5141796563271546 0.16451157643188224 0.5071786238512425 0.18898961984155935 0.5049925064592272 0.21148474058383399 0.5026970859753217 0.22357395513240338 0.5005164365156115 0.24285548719721028 0.494548343257457 0.2850912241010729 0.4860552874670063 0.32625576477911294 0.4761849793862123 0.35686137123118733 0.4681510076925428 0.3655839690700286 0.46631467130541826 0.3715520623281831 0.4746929560716737 0.3824170526186695 0.5009755206123926 0.38272310868319026 0.5070583848947423 0.3741535388766094 0.514748043515826 0.3801216321347639 0.5214047629191522 0.3863957814574392 0.526684230032135 0.3868548655542202 0.5301273607579935 0.39358809897367664 0.5408010660081544 0.4019504524937663 0.5592724273718155 0.40612401888160243 0.568748876152327 0.41115588119478447 0.5759163573853754 0.4154198817938191 0.5832798614094131 0.41925449352188615 0.594554546522218 0.4007804164899141 0.6005967696138946 0.3905275383284692 0.5978422650332079 0.3724702305217453 0.5913003166540771 0.35165841813433474 0.5981865781057939 0.3192164752951358 0.6048432975091199 0.2976395227464234 0.6101227646221029 0.28463214000429177 0.6115000169124462 0.27177778529442054 0.6143692925173281 0.25846434648776817 0.6171237970980149 0.24989477668118731 0.6189601334851392 0.24362062735851212 0.6189601334851392 0.2347450014874105 0.6191896755335299
28 0.545250872608926 0.5886171280989496 0.5502173603159036 0.5869538984739384 0.5554226294300103 0.5861131502440428 0.5506121450678257 0.578367330119635 0.5353276079181867 0.5683588201999216 0.5288989837121161 0.5750848060390868 0.5383738177582439 0.584289101398465
29 0.7247113384753113 0.2910685763293024 0.7296040696289389 0.28534408087955815 0.7335182545518409 0.28431660733729636 0.7307783251058094 0.2807938409066845 0.7321482898288252 0.2733079622416344 0.729995488121229 0.27286761643780794 0.7235370829984408 0.275362909326158 0.7139473299373307 0.28343591572964344 0.7131644929527503 0.2857844266833846 0.7153172946603464 0.2860779905526023 0.718057224106378 0.2891604111793876 0.7209928627985545 0.29136214019852
29 0.6853421842681633 0.2964104946959806 0.6876266582157239 0.29488751206427355 0.6880074038736503 0.291080055485006 0.6868651668998702 0.28879558153744544 0.6839461168557651 0.2857496162740314 0.6815347276888956 0.2892715136098538 0.679250253741335 0.29060412341259756 0.6759504580393031 0.2901281913401891 0.6699854427317841 0.2915559875574144 0.6666856470297521 0.29317415660360313 0.6661779861525164 0.29660086752494397 0.6607206317222328 0.29821903657113263 0.6595783947484526 0.29945645995939457 0.6607206317222328 0.3015505610779917 0.6550094468533315 0.3020264931504002 0.6514558207126818 0.3040254078545157 0.6476483641334143 0.30526283124277764 0.6475214489141052 0.30821361009171 0.6443485684313823 0.312211439499941 0.6451100597472359 0.31858892927021415 0.6471407032561786 0.32134933529018317 0.6477752793527232 0.3228723179218902 0.6402872814134969 0.32553753752737746 0.6400334509748792 0.32886906203423666 0.6418102640452041 0.33201021371213235 0.6415564336065862 0.3349609925610647 0.6358452487376848 0.3381021442389604 0.6345760965445956 0.3414336687458196 0.637114400930774 0.3457170573974956 0.6381297226852453 0.3472400400292026 0.6381297226852453 0.34895339548987303 0.6369874857114651 0.35085712377950684 0.6393988748783345 0.3564731222339265 0.6426986705803663 0.3592335282538956 0.6390181292204078 0.36132762937249263 0.637114400930774 0.36266023917523627 0.6374951465887008 0.36684844141243067 0.6367336552728472 0.37227406703788696 0.6382566379045543 0.3809360307557207 0.6468868728175607 0.38312531828879953 0.6538672098795515 0.3864568427956586 0.6605937165029241 0.39216802766456005 0.6678278840035324 0.397403280461053 0.681280897250278 0.3963562299017543 0.6925763517687716 0.3963562299017543 0.7066639411120615 0.3986407038493149 0.7178324804112464 0.3992118223362049 0.7413117959833966 0.4002588728955036 0.7551455548880688 0.4009251777968754 0.7630142984852217 0.40244816042858245 0.7725329399333907 0.3994021951651684 0.7786248704602188 0.39930700875068664 0.7817977509429417 0.4029240925009908 0.7897934097594036 0.40463744796166135 0.7960122555055407 0.40254334684306414 0.7963930011634675 0.39702253480312616 0.7993120512075725 0.3945476880266023 0.8027387621289134 0.39169209559215157 0.7991851359882637 0.38874131674321916 0.8002004577427351 0.3847434873349883 0.8003273729620439 0.3785563703936785 0.8031195077868403 0.3751296594723377 0.8031195077868403 0.37017996591928987 0.8035002534447669 0.3667532549979489 0.8056578121730185 0.36399284897797995 0.8004542881813529 0.3579009184511519 0.7995658816461905 0.3548549531877378 0.7920778837069642 0.3485726498319463 0.7881435119083878 0.3487630226609097 0.787782724829053 0.3505805555710822 0.7825630258287091 0.35021211662832546 0.7789100101871699 0.34889116007937615 0.7790404750315105 0.3456621551819442 0.7828891879395605 0.34551538223206096 0.7875721605587875 0.3426608796945246 0.7880914617328341 0.34071350029185055 0.7864296979758855 0.3368187414865024 0.7834177511664163 0.3310544984545873 0.7863258377410761 0.3292629094041272 0.7891300640809269 0.3308987081023734 0.7944269360562002 0.33191134539176387 0.7979581840397159 0.3330797730333682 0.7984774852137623 0.3361955800776467 0.8022164536668963 0.3385324353608556 0.8104214122168297 0.3321450309200847 0.8049168197719377 0.32599131200763476 0.7943230758213908 0.3249786747182442 0.7871567196195506 0.3238881422527468 0.7817559874094677 0.3272376348253461 0.7794710622436637 0.3283281672908436 0.7789517610696172 0.3308987081023733 0.7733433083899157 0.33463767655550747 0.7707468025196839 0.3367408463103954 0.7701236411108282 0.34102508099627843 0.7664885328925033 0.339778758178567 0.7627495644393689 0.34164824240513403 0.7547523263590544 0.33876612088917646 0.7514287988451573 0.33627347525375373 0.7496631748533996 0.33128818398290816 0.7448856040521725 0.32466709401381644 0.7379269683199506 0.3189807461580082 0.7440547221736984 0.3171891571075481 0.7495593146185903 0.31687757640312025 0.7559986491767658 0.31407335006326964 0.7624379837349413 0.3114249140756329 0.7550639070634823 0.30815331667914053 0.745716485930647 0.3059722517481456 0.7418736572427034 0.30449224340211334 0.7437431414692705 0.30386908199325763 0.743950861938889 0.30153222671004876 0.7493515941489717 0.3000522183640165 0.7481052713312605 0.29304165251438996 0.7403157537205642 0.29374270909935263 0.7332532577535331 0.2926521766338551 0.7300335904744454 0.29405428980378046 0.7293065688307803 0.2974037823763798 0.7243212775599346 0.2984164196657703 0.7205823091068005 0.29919537142683994 0.7207900295764191 0.3025448639994393 0.7190244055846613 0.30433645304989937 0.7101962856258723 0.2960016692064545 0.7067688978771659 0.29459955603652915 0.7058341557638825 0.29732588720027286 0.7055225750594546 0.2998185328356956 0.7043801124765524 0.30036379906844435 0.7009527247278462 0.2995848473073747 0.6974214767443305 0.30090906530119305 0.693890228760815 0.29974063765958864 0.6890087977247787 0.2984943148418773
28 0.7528179551725696 0.3024475796009776 0.7532006790948739 0.2997685121448475 0.7574106422402213 0.29752000910130977 0.7603448589778875 0.29742432812073366 0.7636617996378583 0.2992422667516791 0.7688923599093505 0.3009166839117604 0.7691475091908867 0.30254326058155373 0.7652564826474595 0.3046482421542274
