13 0.47639126201742654 0.3147026603070957 0.47421765153023016 0.31877817997058866 0.4777497685719242 0.32000083586963657 0.4839988987226133 0.3195932839032873 0.48264039216811566 0.31653664415566746
13 0.4474030091439994 0.31176322624927066 0.44456920138273 0.31636816386133343 0.44456920138273 0.3209731014733962 0.4400519903127199 0.32595461880087095 0.4327990141579956 0.32621988226694454 0.4195372328248505 0.3181392937121268 0.4104633226277923 0.31088262237074216 0.4012534474036669 0.30510979816595585 0.3909142855102336 0.2956495817679193 0.37650909605711425 0.2859083675885558 0.37124278503226954 0.28249041815319775 0.3682093366051226 0.28499316217139475 0.365343458066119 0.2806691773001855 0.3654696198605889 0.2777181667438314 0.35572783914113876 0.26518614833427345 0.35053252491214487 0.25827874191617933 0.34706363738260954 0.2587051856021921 0.34415645744928874 0.24818330176665715 0.34557336132992345 0.2442868160949117 0.3467541145637857 0.2435783641545944 0.34769871715087547 0.23915053952761098 0.3675353714797611 0.2347227149006276 0.37627294541034184 0.22852376042285083 0.3890250803360541 0.22391882281078807 0.4081532827246223 0.21789698131809065 0.41476550083425096 0.21701141639269397 0.42751763575996315 0.2097497840044412 0.43025013629110814 0.21073700549523838 0.4440146448475107 0.20294193814008987 0.45567801674757186 0.19603611347198452 0.46022380166739474 0.1949770938406641 0.4665118366406256 0.1949770938406641 0.4688648548976817 0.19446702093559753 0.46928211309128315 0.1968437419094226 0.4729767524160243 0.19729372046663068 0.4705641258455966 0.19413868917756666 0.4705836712603959 0.19261867718658954 0.4718020705191547 0.1919271704138605 0.47788211848306333 0.19398365722518257 0.4940237421787701 0.2009001445614252 0.5050027977837399 0.20808496771467744 0.5153360265884175 0.21680362951862406 0.5270685467937284 0.22826705522381313 0.5407385473999161 0.23868101237852712 0.5487037446035218 0.24812622933280262 0.5574224064074684 0.25579542258627425 0.5633424854101481 0.2623344189392342 0.5715229582138509 0.26951924209248646 0.5725993362143383 0.27307128949409437 0.5778514837807032 0.2810409076249043 0.5789367036355997 0.2892969665064234 0.5735936401846491 0.2909730890297865 0.5707694936135099 0.2952715857541436 0.5673162421575418 0.3011964695708131 0.5582790878806538 0.30431907100402705 0.5439721023285822 0.3039703533856699 0.5309479285226868 0.3061758230548676 0.5159474477644284 0.3059985092227936 0.5011278369819859 0.3057662712588941 0.4909022459773571 0.3046360743583825 0.4856279937749698 0.3037480625079806 0.4762635051707308 0.3062506413591134 0.46592143451164425 0.30677998850494803 0.4562728590587451 0.3107548504841428 0.44924641735850124 0.31060997226108666
23 0.4531904696340161 0.46260042166148446 0.4598765418662051 0.4587893604891367 0.47057425743770764 0.45176898464533827 0.4802022014520599 0.43933289029346656 0.4812719730092101 0.4258938851067666 0.4753882294448838 0.41105080475130706 0.4625509707590808 0.3994170390672981 0.44850172533524124 0.3919375542509219 0.4313853804208374 0.38672241790981443 0.4095091593702333 0.38404053798037957 0.39560212912727993 0.3866481061509334 0.38779218946696475 0.3883270752455397 0.38190844590263834 0.3909346434160936 0.38003634567762545 0.39334162941968154 0.3677400457015824 0.3967966528597186 0.3550109787577314 0.40297185078322806 0.347207112028601 0.4076212578282819 0.35358948060304934 0.413334850959885 0.35279204588399293 0.41584420996142657 0.33458732517534473 0.41535909039633334 0.3316618452644602 0.41855405324617867 0.33281316669305405 0.42230753671692833 0.34065715573331096 0.43043394073944774 0.34721248844347513 0.4359605261679185 0.35398024704439307 0.4432078322121084 0.3592793525390696 0.4483978384760121 0.36607467605577254 0.45400865605861085 0.37247935478560895 0.458389170535461 0.3822467085255576 0.4632398495887464 0.39497812438896474 0.4658195369594135 0.40617549234146394 0.46487137273762935 0.4210752158266444 0.4641263865633702 0.43416891222271203 0.46358457843663636 0.44654019778313464 0.463923208515845
16 0.24231104469195336 0.5414483483278201 0.24702050073957146 0.5382526460097935 0.2580092315173471 0.5402709843159156 0.2723618594719928 0.5424575174808811 0.3024126742520322 0.5480079478227167 0.33190452145118166 0.5540338650305029 0.3476027082765754 0.5582387365015904 0.3516393848888195 0.5612662439607735 0.3538819830067329 0.5671530640202962 0.3502938260180714 0.5794312887158719 0.34379029147612256 0.5962507746002224 0.33302582051013835 0.6270304337685837 0.3276435850271462 0.6414951916291252 0.32472820747385883 0.6502413242889873 0.31732763368474465 0.6556235597719794 0.30678742253055175 0.6586510672311624 0.28974367683440994 0.6561281443485101 0.2590200826189965 0.6502413242889873 0.22470833141492164 0.6436817247940906 0.21708349781401612 0.6406542173349075 0.212374041766398 0.6359447612872894 0.20990718383669324 0.6312353052396713 0.21147700251923263 0.6233301468740267 0.21685923800222479 0.6090335838723288 0.2291935276507485 0.5735444686563492 0.2363698416280713 0.5582387365015904
14 0.5465293595709335 0.798630878014319 0.5413313901184926 0.7816446564108067 0.5428165242477614 0.7501783770469231 0.5561827314111809 0.7504568396961611 0.6029644564831494 0.751013764994637 0.6196722154374239 0.750735302345399 0.6211573495666927 0.7524060782408264 0.623385050760596 0.7498999143976852 0.641206660311822 0.7496214517484474 0.641206660311822 0.7643799721580564 0.6419492273764564 0.7777461793214759 0.6415779438441394 0.7964031768204157 0.6137316789203485 0.7983524153650811 0.5780884598178965 0.8000231912605087 0.5498709113617885 0.8003016539097465
28 0.569106610943637 0.6818244185812987 0.5649417858675122 0.6796619132533109 0.5649417858675122 0.674616067488006 0.5604565896316853 0.674616067488006 0.5460398874450993 0.6601993653014198 0.5489232278824165 0.6517896223592445 0.5578936203540701 0.6505882305103624 0.5521269394794357 0.6407368173495286 0.5527676817988395 0.6313659609282477 0.5635328699156646 0.6199181940232013 0.5712217777485106 0.6175154103254369 0.5619310141171551 0.6127098429299082 0.5632124987559628 0.6035792648784036 0.56609583919328 0.6006959244410864 0.5641736122350683 0.5956500786757812 0.5689791796305972 0.5922861814989112 0.5830755106574813 0.5906042329104761 0.5846773664559909 0.5891625626918175 0.5830755106574813 0.5793111495309837 0.5824347683380775 0.5836361601869595 0.580512541379866 0.5850778304056181 0.5705810354291067 0.5778694793123251 0.5757069739843373 0.5764278090936665 0.5789106855813565 0.5730639119167964 0.5779495721022507 0.571141684958585 0.5683384373111933 0.5692194580003734 0.5638532410753665 0.5663361175630562 0.5625717564365589 0.5632124987559626 0.569619921950001 0.5634527771257389 0.5673773238320875 0.557926374620881 0.5619310141171551 0.5593680448395396 0.5590476736798379 0.5584069313604338 0.5526402504857996 0.5499971884182586 0.5526402504857996 0.5480749614600472 0.5510383946872901 0.5456721777622828 0.5507180235275881 0.5415874454760835 0.5468735696111652 0.541347167106307 0.5423883733753383 0.5365415997107783 0.5417476310559346 0.5317360323152497 0.5449513426529538 0.5307749188361439 0.5468735696111652 0.534138816013014 0.5491161677290786 0.5247679595917332 0.5497569100484824 0.5173193301286636 0.5430291156947422 0.5105915357749234 0.5343790943827905 0.5062665251189477 0.5327772385842809 0.500980400983866 0.5327772385842809 0.4944928849999023 0.5395050329380211 0.49545399847900806 0.5459124561320593 0.4956942768487845 0.5452717138126555 0.49257065804169087 0.5555235909231168 0.49377204989057305 0.5617067397231534 0.49641489322495963 0.5630191386477402 0.4926964296052971 0.5624358502368128 0.48996226517907454 0.5547072787920238 0.4849314026348251 0.549020216785481 0.4852595023659718 0.5402708906215689 0.48438456974958055 0.5375002706696634 0.4818691384774559 0.5360420496423448 0.48000990666762455 0.5322506749713162 0.4762914430479619 0.5326881412795118 0.4744322112381306 0.5360420496423448 0.47607270989386413 0.5383752032860546 0.47694764251025534 0.5405625348270326 0.4712605805037126 0.5526657693537776 0.4698388150020768 0.5536865240729008 0.46568288507421857 0.5587902976685161 0.4613082219922625 0.5644773596750589 0.4568241923332576 0.5723517532225797 0.45562115998571967 0.5811010793864918 0.45518369367752404 0.5838716993383972 0.45562115998571967 0.5882463624203532 0.45146523005786143 0.5993288422279751 0.44676246724475877 0.6055991926454454 0.44555943489722083 0.6185773597885816 0.44632500093656313 0.6293681953907397 0.44971536482507907 0.6352010795000146 0.44916853193983447 0.6372425889382607 0.44862169905459004 0.6411797857120212 0.45091839717261695 0.6445336940748541 0.44807486616934555 0.6478876024376871 0.44632500093656313 0.6493458234650056 0.44741866670705216 0.6550328854715485 0.4476373998611499 0.6601366590671638 0.44785613301524774 0.6671361199982936 0.4481842327463944 0.6685943410256122 0.44916853193983447 0.669906739950199 0.45266826240539937 0.6728231820048365 0.45387129475293725 0.670927494669322 0.4481842327463944 0.669906739950199 0.4450126020119763 0.674135580929423 0.4446845022808297 0.6849264165315813 0.44195033785460713 0.68871779120261 0.4408566720841181 0.6944048532091527 0.4422784375857538 0.7008210257293548 0.4440283028185362 0.700529381523891 0.44741866670705216 0.701695958345746 0.4534338284447416 0.7047582225031153 0.45463686079227955 0.7075288424550209 0.4560586262939153 0.7092787076878032 0.4587927907201378 0.7102994624069262 0.4584646909889911 0.711611861331513 0.45704292548735537 0.7089870634823394 0.45179332978900816 0.7060706214277022 0.44873106563163895 0.7066539098386295 0.44216907100870484 0.7133617265642955 0.4416222381234604 0.7159865244134691 0.44271590389394944 0.7190487885708383 0.4429346370480472 0.7237150958582581 0.4422784375857538 0.7374223735150536 0.44599690120541635 0.7388805945423723 0.44391893624148726 0.742526147110669 0.44129413839231374 0.7496714301445304 0.44009110604477575 0.7525878721991678 0.4384506073890423 0.7560876026647327 0.43440404403823296 0.7587124005139061 0.4353883432316731 0.7604622657466886 0.43943490658248247 0.7603164436439568 0.4447938688578785 0.7606080878494204 0.44632500093656313 0.7671700824723545 0.4464343675136121 0.7740237213007523 0.44719993355295434 0.7813148264373457 0.4453407017431231 0.781169004334614 0.44238780416280266 0.7871477105466202 0.4422784375857538 0.7910849073203807 0.44424703597263404 0.7967719693269237 0.4429346370480472 0.8001258776897566 0.4445751357037807 0.8036256081553214 0.44796549959229665 0.8049380070799081 0.45069966401851913 0.8053754733881039 0.4564960926021109 0.8043547186689807 0.4614175885693114 0.8021673871280028 0.4655735184971696 0.8042088965662488 0.46601098480536524 0.8113541796001104 0.46251125433980034 0.8157288426820664 0.4646985858807785 0.8208326162776818 0.46622971795946305 0.8260822119760288 0.4678702166151965 0.8306026971607168 0.476182076470913 0.8303110529552531 0.47880687432008656 0.8269571445924203 0.4808848392840157 0.8252072793596378 0.4819785050545047 0.8272487887978839 0.48602506840531406 0.8301652308525214 0.49193086356595467 0.8304568750579849 0.4975085589954486 0.8323525623934992 0.49903969107413315 0.834831538139941 0.49925842422823097 0.8376021580918465 0.5028675212708447 0.8378938022973103 0.5072421843528008 0.834685716037209 0.5124917800511481 0.8349773602426729 0.5161008770937617 0.8313318076743762 0.5189444080970331 0.8300194087497894 0.5208036399068645 0.8361439370645278 0.5225535051396468 0.8390603791191651 0.5255064027199672 0.8396436675300927 0.5297716992248743 0.8435808643038532 0.5355681278084661 0.8428517537901938 0.5383022922346886 0.8441641527147806 0.5427863218936935 0.8448932632284399 0.5481452841690896 0.8440183306120488 0.5493483165166275 0.8412477106601431 0.5491295833625297 0.8441641527147806 0.5517543812117034 0.8443099748175125 0.555363478254317 0.8431433979956576 0.5577695429493928 0.8406644222492158 0.5628004054936423 0.8322067402907675 0.5711122653493587 0.8307485192634487 0.5722059311198477 0.8252072793596379 0.5758150281624614 0.8214159046886093 0.5790960254739285 0.8292902982361302 0.5856580200968625 0.8303110529552532 0.5878453516378405 0.8246239909487104 0.5936417802214322 0.8155830205793346 0.6010787074607574 0.8133956890383566 0.6028285726935398 0.8152913763738708 0.6044690713492734 0.8157288426820665 0.6090624675853272 0.8171870637093851 0.6112497991263053 0.8161663089902621 0.6128902977820387 0.8170412416066533 0.6169368611328481 0.8154371984766029 0.6243737883721733 0.812958222730161 0.6285297183000316 0.817332885812117 0.6280922519918359 0.8177703521203125 0.6322481819196942 0.8182078184285083 0.6393570094278727 0.8179161742230445 0.6428567398934376 0.8222908373050005 0.6416537075458997 0.8266655003869565 0.6439504056639265 0.8269571445924203 0.6506217668639096 0.8247698130514423 0.6528090984048874 0.8176245300175807 0.6544495970606209 0.8125207564219654 0.6551057965229145 0.8110625353946466 0.6590429932966748 0.8069795165181542 0.6705264838868094 0.7983760124569741 0.6889000688310244 0.7884601094712074 0.7044301227719686 0.7835021579783238 0.7133981820899784 0.7770859854581215 0.714819947591614 0.7716905676570426 0.7144918478604674 0.7770859854581215 0.7039926564637731 0.7864186000329612 0.6869314704441443 0.7888975757794029 0.6791664434736725 0.7900641526012577 0.6738074811982764 0.7846687348001786 0.6717295162343473 0.7833563358755921 0.6743543140835209 0.7782525622799765 0.6728231820048363 0.7781067401772447 0.678510244011379 0.7711072792461151 0.6768697453556456 0.764545284623181 0.6812444084376016 0.7582749342057106 0.6864940041359489 0.7553584921510733 0.6896656348703669 0.7566708910756601 0.6921810661424918 0.7546293816374139 0.7003835594211594 0.7506921848636536 0.7015865917686972 0.7412137481860822 0.6999460931129637 0.7375681956177854 0.7035551901555777 0.729402157864801 0.7041020230408219 0.7283814031456779 0.7016959583457463 0.733776820946757 0.6995086268047682 0.7253191389883087 0.6988524273424747 0.718465500159911 0.6945871308375675 0.7121951497424406 0.6977587615719857 0.7098619960987308 0.7027896241162351 0.7044665782976516 0.7009303923064037 0.6970296510583264 0.6990711604965724 0.696300540544667 0.7012584920375504 0.6958630742364714 0.7053050553883596 0.6935299205927614 0.7093516187391693 0.6894469017162692 0.7082579529686802 0.6834681955042626 0.7107733842408048 0.674135580929423 0.7101171847785114 0.6706358504638584 0.7093516187391693 0.668740163128344 0.7121951497424406 0.6614490579917507 0.7128513492047339 0.6598450148617002 0.7166791794014454 0.6451169824857815 0.7185384112112767 0.6325762816508409 0.7179915783260323 0.6293681953907398 0.7156948802080052 0.6330137479590365 0.7136169152440762 0.6254309986169795 0.7124138828965382 0.6222229123568783 0.7096797184703157 0.6159525619394081 0.7109921173949025 0.6115778988574521 0.7090235190080224 0.6055991926454455 0.7078204866604844 0.6029743947962719 0.7091328855850711 0.5969956885842653 0.7062893545817999 0.5911628044749906 0.7044301227719686 0.5860590308793753 0.7043207561949196 0.5790595699482456 0.7006022925752569 0.572060109017116 0.6939309313752742 0.5701644216816018 0.6882438693687313 0.5701644216816018 0.6837598397097263
20 0.14667839123887555 0.301700597865799 0.13842665571740226 0.27799888837759623 0.14425141020314808 0.27417639324632553 0.148134579860312 0.270717945270414 0.16269646607467655 0.2752685347124029 0.19173150182246704 0.2755836966068497 0.236145254776279 0.2764938144952475 0.28468487549082766 0.2783140502720431 0.31599293085171154 0.2770398852282862 0.3354087791375309 0.276675838072927 0.3361368734482493 0.2839567811801093 0.3349233829303855 0.3007029503266287 0.3317683075839398 0.31180638856508164 0.3290986284446396 0.33656159512950146 0.3312829113767943 0.35931454233944604 0.33443798672324 0.3898945033896118 0.33783576017325845 0.4031822245602194 0.34390321276257696 0.4068226961138105 0.348359741023345 0.4101723861413637 0.353108403445014 0.41341374841233447 0.35257484586954563 0.41557465659298176 0.3341137537583376 0.41493438750241957 0.330538918002699 0.41441416886633786 0.31986776649333015 0.41257339523097175 0.3113205289057693 0.403318844487533 0.2994293750182673 0.3888027816301836 0.28412267692903603 0.36185793292765245 0.2667919526461875 0.3407005341224961 0.2493347267262378 0.32732298599905646 0.22922096642716536 0.31840462058343 0.20556516028926253 0.3094862551678035 0.1840598819820781 0.3044578150930354 0.16217509876359043 0.30256029053651917
32 0.33566165546920923 0.525615853793556 0.321317068957473 0.5290312315344456 0.30424018025302507 0.5336419914846465 0.2946771225785343 0.5363742936773582 0.28352022195829496 0.5396189025312033 0.273230219271166 0.5382635319641969 0.26776561488574263 0.5358727675455742 0.24886719138615365 0.5321158520305956 0.2342949130250248 0.5300666253860619 0.2103872688387978 0.5235774076783718 0.19490422308009842 0.5165758833095482 0.17577810773111677 0.5141851188909254 0.1532366146412456 0.5088912833925465 0.11452900024449705 0.4991574568310112 0.08105829838377923 0.4899359369306094 0.05464604385423319 0.47695750151522903 0.03711377145100005 0.46346675943871524 0.020036882746552173 0.44690217739540083 0.007741522879349702 0.42521452874075194 0.003643069590282213 0.4069422578269928 0.004738117757260138 0.3885256560953313 0.008313234172858239 0.37393146078836687 0.01618892970503973 0.36014899360704933 0.027564934362635213 0.34521798749395527 0.04572278795072031 0.33028698138086116 0.0632243335777903 0.3207705159461419 0.08947665201839525 0.31059774255040745 0.11660404774035373 0.30469097090127134 0.1461379059860343 0.30222981604746463 0.1628142264882477 0.30339909891481326 0.18677345001115472 0.3057284937160888 0.19571196793044202 0.30806705945078605 0.20891187229962221 0.3117308124351451 0.23053061331371238 0.32061736222699466 0.2454974340157749 0.3278669160045562 0.2556831869935674 0.33386923472361246 0.2654531949518582 0.34158650164811355 0.27397596785164385 0.3507848602045894 0.2818751232221767 0.3608406928637876 0.29361992002310083 0.3797051231236789 0.2975694977083672 0.3885916729155285 0.31991579250658553 0.41338046970331954 0.3229299438979731 0.42125364101013363 0.3393518721682917 0.4423786848135655 0.3505769876948386 0.45531874854555704 0.35265571279234736 0.46638795968979074 0.36139872627088354 0.4903113306462118 0.36029014122097286 0.4936370857959439 0.35253004587159803 0.5037331282147733 0.34239441112955754 0.5182239185100344
11 0.6083153673176751 0.42110674424415406 0.5978202461620614 0.41251982693501554 0.5834333260598031 0.40072280775979935 0.5743693577890457 0.3840856554733434 0.5715070520193329 0.37871883215513175 0.5734152558658082 0.3670907149656733 0.5789013419244244 0.3647650915277816 0.5789013419244244 0.3577882212141066 0.5822406986557561 0.3483068333519327 0.5927358198113699 0.3348897750564037 0.6053776702942684 0.32290386964573115 0.6199277246236419 0.3153903170002349 0.6421105943389165 0.3042988821425976 0.6666787188622851 0.29553307072285195 0.6893386395391786 0.29016624740464037 0.7053198467534088 0.2890928827409981 0.7329888025272997 0.288913988630391 0.7511167390688145 0.29141850617888976 0.7735381342648984 0.2969642236077084 0.7907119688831756 0.3034044115895624 0.8038308703276926 0.31109685834566564 0.8176653482146382 0.32236718731390995 0.8205276539843511 0.32648175185787226 0.8210047049459699 0.33292193983972607 0.8233899597540639 0.335963139720046 0.8212432304267793 0.34204553948068583 0.8181423991762571 0.34204553948068583 0.8174268227338288 0.34991688034739615 0.8260137400429673 0.35635706832925007 0.8314998261015838 0.3653017738596028 0.8336465554288683 0.37442537350056254 0.8360318102369623 0.37728767927027534 0.8350777083137246 0.38372786725212926 0.8312613006207744 0.39982833720676403 0.8200506030227322 0.4121720308386507 0.8088399054246902 0.41861221882050464 0.7809324241699901 0.41718106593564824 0.750878213588005 0.4170021718250412 0.7363281592586314 0.4202222658159681 0.7050813212725994 0.4202222658159681 0.6645319895350008 0.419864477594754 0.6368630337611099 0.42093784225839637
26 0.6042324157293739 0.3224500368596022 0.5971544984996191 0.317971042362648 0.5940579097116014 0.31150138364482527 0.5905189510967241 0.2960737359330942 0.5918908283382431 0.2861579817498512 0.5965357115202697 0.2622700110994288 0.5976416360874188 0.25380968816073757 0.5859188356756375 0.24816947286827673 0.5848129111084883 0.2249450569581439 0.5828222468876197 0.21349873768814984 0.5952086020396906 0.2123375168926432 0.6171059084692444 0.21117629609713656 0.6547073437523168 0.2088538545061233 0.6699691027789754 0.20686319028525474 0.678595314402739 0.20653141291510999 0.6872215260265027 0.2096832979314852 0.6940782583428277 0.21565529059409078 0.696068922563696 0.22627216643872294 0.6971748471308452 0.2514872465697243 0.6980595867845646 0.2757069945902914 0.7004926208322928 0.2775317701260876 0.7066857984083282 0.2781953248663771 0.7086764626291966 0.2883145346557921 0.6955433317627605 0.2892163525471491 0.6883206765836993 0.2900458998988439 0.6661006765053717 0.29528882126564027 0.6408847213603033 0.3044015179269769 0.6197465939449653 0.31501219212168385 0.6057654703001751 0.3219403382135221
