29 0.23627041807477023 0.4459464170534466 0.2250727679290465 0.445526505172982 0.21891406034889851 0.44216721012926485 0.21331523527603666 0.44132738636833563 0.20547688017403004 0.4367083556832246 0.1960079536246292 0.4352570676295225 0.1985361714834212 0.43124326037220245 0.1872154057288416 0.419909412903546 0.17957505661547254 0.4136419390214854 0.17647116478816635 0.4088070305981816 0.18458903572112098 0.4084488892334924 0.1831564702623643 0.4016442033043981 0.1872154057288416 0.39931628443391853 0.18148514389381482 0.3916162450931012 0.18336837872085743 0.36387162652420135 0.19053120601464088 0.36261813174778923 0.191486249653812 0.3552762337716612 0.20772199151972123 0.3463226996544318 0.21106464425682023 0.33898080167830374 0.2213313633779099 0.33486217598437823 0.22562905975418 0.33844358963127 0.2318368434087924 0.33665288280782407 0.22992675613045008 0.33450403461968903 0.2325531261381707 0.3275202780082502 0.236612061604648 0.3275202780082502 0.23637330069485527 0.33289239847858776 0.2535640861999356 0.32949005551404054 0.26550213168957476 0.3311016916551417 0.2664571753287459 0.3255505005024596 0.2750525680812861 0.31982023866743287 0.2855580481121685 0.32572957118480433 0.29343715813533033 0.3280574900552839 0.2989286590605644 0.32608771254949337 0.3025100727074561 0.3289528434670068 0.3173132491146087 0.32572957118480433 0.32757996823569824 0.32841563141997304 0.33641412189803127 0.33020633824341894 0.33927925281554466 0.3400552257723712 0.33951801372533746 0.3472180530661547 0.33999553554492307 0.3504413253483573 0.34763588465829215 0.34936690125428976 0.35432119013249 0.3504413253483573 0.3526218414735595 0.35613963352554 0.3577455854684341 0.35637291506308616 0.3616139418709546 0.361775274866606 0.3589461098692163 0.3661771976694741 0.35574471146713044 0.36737772207025626 0.3581457602686949 0.3692785523714948 0.36215819423596535 0.37256273904274445 0.364159068237269 0.377765011446134 0.3600239286345748 0.3811664972483503 0.36215819423596535 0.3896702117538908 0.36255836903622607 0.39307169755610716 0.3660265506384858 0.3943722656569545 0.3628251522363999 0.40467676676366837 0.36642672543874644 0.4048768541637988 0.3708286482416146 0.40517698526399437 0.3725627390427444 0.40777812146568915 0.36829420783996325 0.4074779903654936 0.35855662103361874 0.4072779029653632 0.36109106143527003 0.4096789517669276 0.3640256766371821 0.4144810493700565 0.3632253270366606 0.42008349657370675 0.3574894882329234 0.42398520087624886 0.3538879150305768 0.42958764807989913 0.35255399902970763 0.43098825988081174 0.34695155182605736 0.43338930868237613 0.3390814474209296 0.43599044488407096 0.3317449094161495 0.438191406285505 0.31973966540832743 0.439892149186613 0.3084013794009399 0.43929188698622196 0.29959753379520376 0.4375135591748592 0.2852985045927708 0.43703165036808334 0.27031193374616147 0.4373506022546762 0.26116174134854814 0.438136946913846 0.24619736419828459 0.4404959808913557 0.24070924642303992 0.44100663900138865 0.23519321942899554 0.4427595960764197
31 0.7420935680775025 0.3895093055683826 0.7305170680913554 0.39908985728105606 0.7013762232986401 0.3978922883169719 0.6614572578291671 0.39519775814778263 0.6550702233540515 0.3898086978094037 0.6339131716552309 0.3844196374710247 0.6315180337270624 0.3874135598812352 0.6215382923596942 0.3880123443632774 0.5963893441139262 0.3871141676402142 0.5820185165449159 0.3835214607479616 0.5792241889620529 0.37663543920447756 0.5816193268902212 0.3757372624814144 0.5768290510338845 0.3691506331789513 0.5816193268902212 0.3622646116354673 0.5844136544730844 0.35567798233300424 0.584812844127779 0.33981019355888875 0.5888047406747263 0.32008564785966187 0.5961271544590675 0.30821625132214103 0.6022685337620632 0.2981184065066383 0.6081737061687901 0.297409785817831 0.6136064647829788 0.2952839237514094 0.6202202578785126 0.2975869409900328 0.6251806027001632 0.2926265961683823 0.6235271544262797 0.28660332031352104 0.627778878559123 0.2851860789359066 0.6296685337292756 0.28731194100232826 0.6391168095800384 0.2814658203196687 0.6433685337128816 0.28412314790269577 0.6457306026755724 0.2901464237575571 0.6440771544016889 0.29191797547957515 0.6523443957711063 0.2906778892741625 0.6622650854144073 0.2906778892741625 0.682874137113884 0.2876999996557283 0.6897241371056869 0.2896487065499481 0.6956293095124138 0.28699137896692106 0.700353447437795 0.2864599134503157 0.7121637922512485 0.2885857755167373 0.716651723280361 0.29071163758315893 0.7216120681020114 0.2949633617160022 0.7251551715460475 0.29744353412682745 0.7305879301602362 0.29638060309361663 0.7364931025669628 0.2935461203383878 0.7414534473886134 0.2947862065438004 0.7433431025587659 0.2992150858488455 0.7473586197953401 0.3018724134318725 0.7499568956542998 0.30594698239251394 0.7551534473722193 0.30949008583655 0.7617672404677533 0.3089586203199446 0.7657827577043276 0.30913577549214644 0.7643655163267131 0.3133874996249897 0.7664913783931346 0.3137418099693933 0.7688534473558255 0.3199422409964564 0.7690896542520946 0.3263198271957213 0.7627120680528295 0.3403150857996637 0.7620034473640225 0.34438965476030525 0.7553896542684884 0.3491728444097539 0.7544448266834123 0.35785344784764234 0.7518465508244525 0.3622823271526874 0.7494844818617616 0.3665340512855307 0.7464137922102637 0.37415172369020816 0.7449965508326494 0.3782262926508497 0.7501931025505689 0.38619827539993085
28 0.7828060163902107 0.5456685062150373 0.7865373157328165 0.5466744735991468 0.7924207656258551 0.5517772734183491 0.7958541731974118 0.5604730698490665 0.7985056003008278 0.5694059629198552 0.799188024553366 0.5757541136831047 0.8000065720875239 0.5776924461999846 0.8064074427146669 0.5784232097812181 0.8111558446150859 0.58061728753538 0.8151569250636035 0.5820135841646192 0.8181908527303857 0.5825606706674735 0.8173906351798657 0.5864011670785764 0.8171075669637576 0.5895244615936575 0.8208600597139731 0.5907016502538645 0.8234453961766289 0.59243568747379 0.8236691531708147 0.5972816138855152 0.8224327045252289 0.6021282197630679 0.8246154975476575 0.6012917848491455 0.8273353073561321 0.601591645279401 0.8293402742562231 0.6032994055635109 0.8275590643503182 0.6103114820852801 0.8260392859993706 0.6163290365998271 0.8228319286957305 0.6203071760603973 0.8201174265158053 0.6279887543552075 0.8164619654872882 0.6339020798033381 0.8150782105423686 0.6378470980171597 0.8136561913001717 0.6399214035274017 0.8137939839157159 0.6413593285113511 0.8159755974651337 0.6412387856885913 0.8212303141216801 0.6513832784070475 0.8262200608042356 0.6551896194005667 0.8268459906514507 0.6589959603940858 0.8248857751501969 0.6631070271440302 0.816823515097018 0.6666514942802124 0.8100066276367092 0.6673532326952443 0.8061303582965335 0.6713631664954259 0.8022540889563579 0.6766763287806667 0.7904916164758247 0.6819894910659074 0.7866153471356491 0.6835934645859801 0.782204419955449 0.680586014235844 0.7775671085459577 0.6752925769670624 0.7727954897816172 0.6833850064531477 0.7677007789650959 0.687012159536627 0.7638085794110213 0.686358066035012 0.7605339688310725 0.6879953713249866 0.7560039165373647 0.6884391210280393 0.758850385909508 0.6798426145377531 0.7511608474285597 0.6773829863902288 0.7493457160162476 0.6812414870038422 0.7464804317587922 0.685027755486908 0.7470262001887837 0.6885070292281036 0.7415685158888691 0.6900420029374547 0.7395218842764011 0.6928049556142863 0.7369988143885869 0.6879407931505606 0.7297214848504542 0.6860011018923328 0.7227629373680632 0.6877315212156969 0.7248386629323931 0.6923893008187764 0.7256036414995621 0.6957524166584982 0.7245764375747918 0.6986751681645967 0.7294195066835968 0.698003711432213 0.7314661382960648 0.6994363535609405 0.7322847909410519 0.7006643325284214 0.7140015485363378 0.7060879063014616 0.701585316754032 0.7050645904952275 0.6852122638542879 0.7052692536564743 0.6785266005868924 0.7052692536564743 0.6633815266546291 0.7038366115277468 0.6602433581821782 0.702608632560266 0.659561147644689 0.7010736588509148 0.6536941370222806 0.7040412746889936 0.6455076105724086 0.7042459378502403 0.6366204384905803 0.7053485413690136 0.6322251970987866 0.7070076671228849 0.6240140905229583 0.7078791782428983 0.614398810062895 0.70874852739767 0.6048478625380442 0.7098741747845274 0.5952645586501648 0.7091348098520796 0.5960418272803123 0.7074262109926117 0.5997151053253599 0.7066545846448465 0.6050117673918204 0.7026120179296953 0.5970706624106659 0.7020118547668052 0.5929175800764227 0.7018923114959021 0.5919504197673944 0.6997905541713876 0.5854730832733471 0.6998456798834342 0.5738632140730503 0.6976795050000633 0.5685895009269625 0.6945164435479712 0.5577675592142076 0.6867048200400339 0.555388224277437 0.6801887988565078 0.5568722835710297 0.6766784871041827 0.5631162641529028 0.67333258295474 0.5557516527591848 0.6700902337901086 0.5547658328492546 0.6666960799392568 0.5519603677011065 0.6635271863093607 0.5494523668939102 0.6619829950527761 0.5524430546106239 0.6550382738912351 0.5481567925800499 0.6489466287552407 0.5460413142064635 0.6473495790236298 0.5396744329948093 0.6431619783611164 0.5413240283477618 0.6387180794665176 0.5427667036265148 0.632818494575107 0.5435853562715021 0.6310788577045091 0.5430395878415105 0.6298508787370284 0.5400378614765574 0.6294415524145348 0.5336250824241577 0.6244273049639881 0.5287131665542345 0.6220736786096499 0.5277580718017495 0.6162407785141161 0.5298047034142175 0.6041656520005549 0.5300775876292131 0.5996630624531253 0.5351259456066342 0.5998677256143721 0.5383382226442552 0.5938093703527888 0.5393939925386649 0.5893737464536934 0.5369870848576539 0.5828041786457695 0.5404743166630862 0.5764596206471188 0.5453703164045358 0.5681255653744891 0.554112522151431 0.5603115775566478 0.5714286592807766 0.569334552156247 0.5657557500183183 0.5514901166345175 0.5478335814694693 0.5255749980817835 0.5456836418749804 0.5184892684246611 0.5497510781044113 0.5123558303361334 0.5553107685178168 0.5113012071869153 0.5581257006527917 0.5003756022529218 0.5617678944312553 0.49138979340469163 0.5648888449067027 0.4813796923488297 0.5775137516333155 0.4845611652222537 0.58805872794036 0.4760345632864794 0.5956379296610481 0.47227043287633674 0.5913531096818333 0.4615033174600584 0.5675415294615311 0.45809981302857766 0.5787321056615887 0.45440808482051076 0.5767611914898673 0.4494445892293889 0.589196857738195 0.451698090170051 0.5929783430037335 0.45582789448117184 0.6052252780407008 0.4593196373975362 0.6045522942180946 0.4513954151423744 0.6142729825739122 0.44458301209916695 0.5739468379451533 0.44597081217510154 0.5494732058529851 0.4443688664251443 0.5306409421765773 0.44838820870416696 0.5199184150937847 0.44316978353771186 0.5302994653315402 0.43815627463411494 0.558003003057025 0.4349090490155349 0.6387930410782896 0.43593054460382674 0.640809135636529 0.43236044739271356 0.6526147563418925 0.43287981727519936 0.6601308146765564 0.4305910863338835 0.6863247046960395 0.4373653161579785 0.6829733688617113 0.4415385785686552 0.6926447657107216 0.4497401230537995 0.694926034979996 0.4488351819981314 0.6953487600176325 0.4471755091228246 0.6914443684635355 0.4443102009983292 0.6980801531772591 0.43921526747387657 0.6999058038171048 0.4339965015026623 0.7051642220498877 0.42948862684677236 0.7174426172576106 0.4322226519326848 0.7321674209535193 0.4365723679017882 0.7231896766790495 0.44356983551475027 0.729542582088142 0.44374086342684316 0.741038183768478 0.4412020963575759 0.7477773408851247 0.4459803440416593 0.751584929514046 0.4489452892037076 0.7588076419432113 0.4535703420037619 0.7643483947437621 0.4548622906730809 0.7629120481761305 0.4505065861216412 0.7682498131580234 0.4508773079449358 0.7844473780912264 0.4520334765371309 0.7902141620091413 0.45141560683164 0.7951571196530685 0.4531456420070144 0.8001630644075596 0.4563851347142512 0.8035123509930686 0.4612450045342484 0.8055418335158184 0.4657906701161967 0.8078530498934878 0.469593630533272 0.8038649388178123 0.4745850900284062 0.800317142016972 0.47565339227324416 0.7960917296922961 0.4762645077629801 0.7982876594942223 0.4802083351075153 0.7995792879887056 0.4869772731278118 0.7952356921277943 0.49028818415053044 0.8001283871548224 0.4972281950099511 0.8050031171002643 0.5055133642925382 0.8073412200457778 0.5192819236460235 0.800264842551793 0.5284021721358041 0.7854359696200119 0.5379173656003637
28 0.8323676981667131 0.6824264548996796 0.827326053088628 0.6823269487468225 0.8269280284772001 0.6768541103396908 0.827193378218152 0.6725753457668422 0.8252032551610132 0.6693911488754201 0.8269280284772001 0.6687941119582784 0.830642924850526 0.669689667333991 0.8323676981667131 0.6717792965439868 0.834225146353376 0.6719783088497004 0.834225146353376 0.6763565795754061 0.83475584583528 0.6812323810653962
28 0.8178121341973893 0.6872395092429551 0.8227211044049986 0.6844533369629606 0.8194042326431004 0.6834582754343912 0.8097189670983582 0.6822642016001079 0.8087902430050267 0.6852493861858161 0.8099843168393102 0.6860454354086717 0.8148932870469191 0.6860454354086717
20 0.23639772962044145 0.6720091338666262 0.24219004610381764 0.6641305170503125 0.24677041583852002 0.664887360944387 0.23865810793147035 0.6380194027047447 0.23958990442651312 0.6217347840770917 0.23524152078298013 0.5881901102555512 0.23388092025573953 0.5667652181097752 0.22860074011716375 0.5530212198078941 0.23636571090918695 0.5497599320752443 0.2422670887111246 0.5532541689316548 0.2540698443149999 0.5546518636742189 0.25686523380012827 0.5588449479019115 0.2751905648693031 0.557680202283108 0.29631128542360624 0.5597767443969544 0.3065610468690769 0.5616403373870399 0.32830296508674195 0.560009693520715 0.37768817932400967 0.5565154566643046 0.4118540508089118 0.5539530163029369 0.4233762017809904 0.5434912747493783 0.42981490118359894 0.5428141597108891 0.43329860102497897 0.5459805254877375 0.4329890199494583 0.5589448145719237 0.43199939455608977 0.572246846903159 0.42883952437647366 0.583334605658419 0.42804955683156964 0.5928988555770786 0.4257925067032724 0.6085571408421405 0.42741000278375196 0.6154842125662001 0.42876811526631664 0.6344937616845295 0.4335592057091235 0.639194835473218 0.44263079082136353 0.6475234890460935 0.4437256373004269 0.6525676031817785 0.4402846912233704 0.6601924268752561 0.4387206248247083 0.6722748398049206 0.44012828458350417 0.6813073232571941 0.42683372019487664 0.6807207983576958 0.4273029401144753 0.6768497340210071 0.40102662461695265 0.6625385264732493 0.3831962676722051 0.664650016111443 0.35926605177267557 0.6667615057496369 0.34002803506913215 0.6684037754682319 0.32939238355823014 0.6712190949858239 0.3085903004560248 0.6734478896039171 0.2931060431092704 0.6766151240612078 0.2820011716787697 0.6745036344230141 0.25212750346432433 0.6770843439808067 0.24868655738726775 0.6770843439808064 0.23977137891489406 0.6736824995637165
18 0.5544275897656172 0.3079324883935514 0.538500976812926 0.32233670451988267 0.5183584957256985 0.34095678878074975 0.4644890695621834 0.34833455801618773 0.4420044395113249 0.3493885250498217 0.4003141879586915 0.3226880268644273 0.3975036092023342 0.31671554700716803 0.36443837874099794 0.29827267051841955 0.3531960637155687 0.28176052032482035 0.330243003871984 0.24311506242490735 0.3250902761519956 0.23503464850038008 0.3138479611265663 0.21360398548315562 0.3101005227847566 0.19709183528955643 0.3122762400973438 0.18053477859439268 0.32022602991624444 0.1619920435462657 0.3352582586213924 0.14330065390631194 0.3611690738894765 0.1277244958730172 0.38569534177682313 0.11926886722637146 0.419913441329331 0.11348343709971913 0.4497801062566646 0.11348343709971913 0.4509668611544393 0.10621456335084822 0.46026310785367563 0.09879734523975546 0.47114169441661163 0.09790727906642434 0.4863717156047221 0.10220926557085815 0.4925032825765587 0.10621456335084822 0.49428341492322114 0.11348343709971913 0.4936900374743336 0.12193906574636486 0.5091178511454065 0.12772449587301718 0.5178207203957553 0.13143310492856358 0.5290948919246163 0.13677350196855034 0.5449182905616142 0.14700926296185834 0.5601483117497247 0.16228873227070942 0.5698401434148859 0.17697482413067306 0.5751805404548727 0.19091919417952746 0.5741915780400604 0.21346753723724937 0.5702357283808108 0.2336423704994217 0.5698401434148859 0.2480317736349416 0.5686533885171111 0.25856422335269336 0.5637085764430492 0.27592051373265036 0.5571814245052876 0.28482117546596164 0.5561924620904752 0.2953536251837134
31 0.7296963724648421 0.39761728693175874 0.7402792117007099 0.3884172790851658 0.7376459459779993 0.3813638887564769 0.7451695623286008 0.37177127790945996 0.7493075513214316 0.36443575196762346 0.7579597101246233 0.36076798899670526 0.7523169978616723 0.34948256447080295 0.761721518299924 0.3435577165947043 0.7651071456576948 0.33199015645565455 0.7681165921979356 0.31985832509030954 0.7658595072927548 0.3099835786301451 0.7530693594967325 0.30941930740385004 0.7417839349708302 0.29361971306758683 0.7304985104449279 0.29361971306758683 0.7244796173644467 0.29361971306758683 0.7150750969261948 0.2868484583520455 0.695889875232161 0.28600205151260283 0.6887424396990895 0.2862841871257503 0.6725666645452962 0.2865663227388979 0.666547771464815 0.2882591364177832 0.6451054648656007 0.2905162213229637 0.6443531032305407 0.2848735090600126 0.6390865717851196 0.2800772036365041 0.6311888138023624 0.28575724815822434 0.6280479897989703 0.2838704270626731 0.6260860619063255 0.28044205157245955 0.6215200765655648 0.2780117690523773 0.6138610043810632 0.2795583124742478 0.6168068013751022 0.2828723340925418 0.6125353957337456 0.2870700948090476 0.6059504416738474 0.2880989460170261 0.6058031518241453 0.2926281088953613 0.600353427385173 0.29561072835182595 0.5965238912929222 0.29052922853710844 0.5919579059521615 0.2922967067335319 0.5894539785072282 0.29759914132280235 0.5884229495593145 0.29914568474467285 0.5820894860221305 0.293732782768126 0.5764924717334561 0.29892474997012 0.5764924717334561 0.32090776003813687 0.5769343412825619 0.3245531838182603 0.5803220078257071 0.32864047714748956 0.5809111672245149 0.3466466612735537 0.5822367758718324 0.3554840522556711 0.5776707905310717 0.3601236825212827 0.5788491093286875 0.36862967134157065 0.5809111672245149 0.37558911673998807 0.5789963991783894 0.3773565949364115 0.5862136018137852 0.38122295349108787 0.5960820217438164 0.3838741707857231 0.6024154852810004 0.38420557294755253 0.6116947458122237 0.38575211636942297 0.6192065281470235 0.3847579098839348 0.6250981221351017 0.3866358554676348 0.6295168176261604 0.3850893120457643 0.6295168176261604 0.38022874700559967 0.634230092816623 0.3816648230401938 0.6461605706424813 0.38840333366405827 0.6533777732778774 0.38873473582588774 0.6575018890695321 0.3929324965423934 0.6675175988492651 0.39414763780243456 0.6846032214146921 0.39337436609149934 0.6921150037494919 0.3955837138370286 0.7072858582687932 0.3974616594207285 0.7199527853431615 0.397793061582558
29 0.22421676084856884 0.44635744057816945 0.21092984168717216 0.4397139809974712 0.19736611170991306 0.43307052141677277 0.20068784150026223 0.43182487274539194 0.1887849764181777 0.4197836022553761 0.1868473007071407 0.4158390481293365 0.17715892215195558 0.4127249264508841 0.17715892215195558 0.410441237220019 0.18352557091679148 0.40649668309397946 0.18352557091679148 0.401098872184662 0.18712411152300312 0.39985322351328106 0.18131108438989207 0.39237933148499543 0.18297194928506666 0.3641446282670275 0.1885081656023153 0.3620685471480593 0.189615408865765 0.3556326956792578 0.19930378742095006 0.35085770910563086 0.20926897679199763 0.3444218576368293 0.21231389576648432 0.33923165483940876 0.22061822024235725 0.33487188448957544 0.22670805819133075 0.33902404672751196 0.23196746369271692 0.33694796560854373 0.23002978798167986 0.3319653709230199 0.23252108532444177 0.32885124924456766 0.23584281511479094 0.3261523437899088 0.2375036800099655 0.33155015469922633 0.24663843693342571 0.33071972225163904 0.25854130201551023 0.32905885735646445 0.26606477766117315 0.3308958279876391 0.2665688156755207 0.324906695118528 0.2724942755041429 0.32112880959616846 0.27812965905614584 0.320160228048168 0.2869349458561505 0.3261478230721711 0.2909266758721526 0.32799693330017204 0.29738388619215594 0.3261478230721711 0.3018452315041583 0.32852525050817233 0.308889460944162 0.3260597702041711 0.31922099745616744 0.325971717336171 0.33178320662417404 0.3298460435281731 0.33765339782417714 0.335569479948176 0.3396492628321781 0.34595971837218153 0.34094070489617884 0.3501862560361837 0.3459890693281815 0.34992209743218355 0.3519766643521846 0.3515951019241845 0.350802626112184 0.3554694281161865 0.3574946440801876 0.3577588026841877 0.360312335856189 0.35951986004418857 0.36195598939218987 0.36136897027218956 0.3591382976161884 0.3644508206521912 0.3557335867201866 0.3676207239001929 0.36254300851219023 0.3721114201681952 0.3654781041121917 0.3758976934921972 0.36266041233619023 0.37862733240019864 0.35949050908818864 0.3855835089722022 0.36054714350418915 0.3886653593522039 0.36254300851219023 0.3912188925242052 0.3654781041121917 0.39447684864020693 0.3630126238081905 0.4009047080042103 0.3591382976161884 0.40662814442421336 0.35714243260818734 0.40821309604821415 0.3635996429281907 0.41147105216421587 0.36571291176019183 0.4142887439402173 0.3632474314561906 0.4208046561722208 0.35866868232018817 0.42371040081622224 0.3519766643521846 0.4316351589362264 0.346928299920182 0.43639001380822895 0.33319205251217476 0.4388554941122302 0.3168729209761662 0.4408807100762313 0.30442811563215966 0.43947186418823053 0.2987927320801567 0.43683027814822917 0.27695562081614533 0.4370944367522293 0.2642849869683839 0.4372225081248351 0.248316516913671 0.43956570753503754 0.23518779265365194 0.44208362205819296 0.23622921461374186 0.44611913215354165
20 0.2500780068712772 0.6765719302834009 0.23797745815169924 0.6711266833595908 0.23797745815169924 0.6677990324617069 0.2424143260155445 0.6637150972688494 0.24483443575946004 0.6614462443839284 0.24261600182753745 0.6532783739982133 0.23898583721166408 0.6327074411749308 0.23676740327974147 0.6092626280307486 0.233338914475861 0.578859999372809 0.2299104256719806 0.5543563882156637 0.23233053541589618 0.5507262235997903 0.23979254045963588 0.5519362784717482 0.2434227050755093 0.55360010392069 0.24886795199931938 0.5534488470616954 0.2563299570430591 0.5554151862286268 0.2579433635390028 0.5590453508445001 0.2690355331986159 0.5584403234085212 0.2902114934578773 0.5579865528315371 0.30049695986951847 0.5594991214214843 0.31219415696511044 0.5613142037294209 0.32691649124059696 0.5599528919984685 0.3533360226116755 0.5576840391135476 0.3771337684268454 0.5554151862286268 0.4146454694575369 0.5526925627667219 0.42573763911714996 0.5439196649450277 0.431787913476939 0.5440709218040225 0.4329979683488968 0.5502724530228061 0.432191265100925 0.5632805428963524 0.43118288604096017 0.5811288522577298 0.4289644521090375 0.5921706029643448 0.42654434236512195 0.6118339946336588 0.4309812102289672 0.6358838352138201 0.4424767315125662 0.6493456956643506 0.4410650008286155 0.6644713815638228 0.4410650008286155 0.67430307739848 0.4408633250166225 0.6802020948992742 0.4364264571527772 0.683075975220174 0.4287627762970445 0.6832272320791688 0.4273510456130938 0.6761181597064165 0.4023432449259661 0.6635638404098546 0.40012481099404346 0.6628075561148808 0.3630164615873378 0.6656814364357807 0.34809245149985835 0.6673452618847225 0.3238913540607025 0.6724879950905432 0.2946483613217225 0.675966902847422 0.2883964111499406 0.6744543342574747 0.27165731875452437 0.675361875411443 0.25754001191501685 0.6762694165654114
28 0.5799075164652434 0.6990917497309833 0.5915946105576444 0.6989274258225622 0.5924799964737354 0.701982007233076 0.5965527716877539 0.701982007233076 0.606469093947973 0.7025132387827306 0.6002916511096938 0.7042802269545809 0.5978125705446391 0.706537961040613 0.5939168725138387 0.7081316556895768 0.5960417987124571 0.7101237740007816 0.6050727350565852 0.7109206213252635 0.6169369063322045 0.7090613109014724 0.6300406178903513 0.7076004241399222 0.6511128026933171 0.7045458427294082 0.6581958900220449 0.7038818032923401 0.6610291249535362 0.7013584534314807 0.663685282701809 0.7053426900538902 0.6783826889089195 0.704678650616822 0.6856428534208656 0.7012256455440671 0.6944967125817756 0.7021553007559627 0.7070691925902676 0.7058739216035448 0.7157459745679594 0.7049442663916491 0.7270789142939242 0.7020224928685491 0.731328766691161 0.6998975666699306 0.7320370754240337 0.697108601034244 0.7240686021792148 0.6985694877957941 0.726016451194615 0.6935227880740754 0.7235373706295601 0.6888745120145977 0.7276101458435789 0.686882393703393 0.733099538523343 0.6874136252530475 0.7355786190883977 0.6894057435642523 0.7407138574017255 0.6925931328621799 0.7439012466996531 0.6898041672264932 0.7483281762801081 0.6879448568027021 0.7481510990968898 0.6834293886306382 0.7506301796619446 0.6786483046837468 0.7573591126242359 0.6813044624320197 0.7561195723417087 0.6886088962397704 0.7628485053040002 0.6871480094782203 0.76780666643411 0.6875464331404612 0.7729419047474377 0.6805076151075378 0.7770146799614562 0.6741328365116828 0.77860837461042 0.6732031812997872 0.7791396061600747 0.6761249548228874 0.783035304190875 0.6813044624320197 0.7890559284202938 0.6835621965180517 0.7959619385658036 0.6807732308823653 0.8067636467421138 0.6725391418627189 0.8078261098414228 0.6702814077766868 0.8104822675896959 0.6673596342535866 0.8166799690023328 0.6669612105913455 0.8244713650639336 0.6632425897437635 0.8264192140793338 0.6581958900220448 0.8219922844988787 0.6526179587506715 0.8149091971701508 0.6411964804330978 0.8138467340708416 0.6386731305722385 0.815086274353369 0.6346888939498291 0.8191590495673876 0.6297750021155241 0.8198673583002605 0.6245954945063916 0.8234089019646246 0.6188847553476047 0.8262421368961157 0.6126427846391631 0.8285441402779522 0.6032134246327941 0.8264192140793338 0.6010884984341758 0.8225235160485334 0.6022837694208986 0.8228776704149697 0.5959089908250434 0.8219922844988787 0.5909950989907384 0.8177424321016419 0.59033105955367 0.8175653549184235 0.5872764781431562 0.818627818017733 0.5827610099710921 0.809773958856823 0.5802376601102328 0.8060553380092408 0.5778471181367871 0.7975556332147673 0.5781127339116144 0.7987951734972948 0.5668240634814543 0.7934828580007488 0.5572618955876716 0.7906496230692577 0.5508871169918164 0.7835665357405297 0.5455748014952704 0.7849831532062752 0.5382703676875197 0.7895871599699482 0.5369422888133832 0.7982639419476402 0.530169086555287 0.8060553380092408 0.5227318448601227 0.8081802642078593 0.5144977558404764 0.8048157977267135 0.5095838640061715 0.8049928749099317 0.5070605141453122 0.7959619385658037 0.4909907597682606 0.7941911667336217 0.4907251439934333 0.7996805594133858 0.4863424837087829 0.7964931701154582 0.4763818921527594 0.8016284084287859 0.47558504482827746 0.8074719554749865 0.4690774583450086 0.7998576365966039 0.4559294774910573 0.7925974720846578 0.4515468172064068 0.7814416095419112 0.4519452408686478 0.7619631193879094 0.45021873833227033 0.7640880455865278 0.45367174340502525 0.7591298844564183 0.4535389355176116 0.7495677165626354 0.4484922357958929 0.7423075520506893 0.44105499410072857 0.7256622968281786 0.4443751912860698 0.7316829210575975 0.4353442549419417 0.7226519847134694 0.43282090508108234 0.7120273537203774 0.43136001831953213 0.7024651858265947 0.4334849445181506 0.6982153334293578 0.4345474076174598 0.6962674844139578 0.4394612994517647 0.6925488635663755 0.44344553607417425 0.691309323283848 0.4443751912860698 0.6867053165201749 0.44317992029934694 0.6799763835578833 0.4360082943790099 0.6730703734123736 0.4350786391671143 0.6620915880528452 0.43043036310763666 0.6511128026933171 0.4332193287433233 0.6436755609981525 0.43175844198177316 0.6403110945170069 0.4333521366307369 0.6399569401505704 0.435609870716769 0.6197701412636957 0.4354770628293554 0.5956876443460207 0.43468021550487346 0.5590326674198536 0.43494583127970077 0.5476997276938889 0.4364067180412509 0.5349501705021785 0.4376019890279737 0.5253880026083958 0.4406565704384876 0.5204298414782862 0.4435783439615879 0.5276900059902323 0.44716415692175654 0.5388458685329789 0.4461016938224473 0.549647576709289 0.44371115184900156 0.5638137513667449 0.44503923072313806 0.5769174629248917 0.4455704622727927 0.5981667249110755 0.44530484649796537 0.6054268894230216 0.4442423833986562 0.6125099767517496 0.44503923072313806 0.6070205840719854 0.44955469889520216 0.6029478088579668 0.45061716199451135 0.6027707316747486 0.4552654380539891 0.6080830471712946 0.45805440368967576 0.6070205840719854 0.4603121377757077 0.5994062651936028 0.45752317214002114 0.5969271846285481 0.45752317214002114 0.5910836375823475 0.45632790115329824 0.5910836375823475 0.45340612763019794 0.5870108623683289 0.44902346734554754 0.5818756240550012 0.45074996988192495 0.5802819294060374 0.44955469889520216 0.5758549998255824 0.44862504368330663 0.5756779226423642 0.4499531225574431 0.5785111575738554 0.45207804875606145 0.5760320770088007 0.4552654380539891 0.5751466910927097 0.4569919405903665 0.5795736206731646 0.4596480983386395 0.5864796308186744 0.460976177212776 0.5905524060326929 0.4607105614379487 0.5930314865977477 0.4623042560869125 0.5939168725138386 0.46522602961001275 0.5946251812467115 0.46854622679535396 0.6009999598425666 0.47239765553034985 0.5935627181474024 0.47545223694086375 0.5852400905361469 0.47930366567585947 0.5847088589864924 0.4816942076493052 0.5824068556046558 0.48368632596051 0.5673552950311088 0.4812957839870643 0.5646991372828358 0.48262386286120074 0.5623971339009993 0.4883346020199877 0.5581472815037626 0.5009513513242844 0.555845278121926 0.5118415980922035 0.546106033044925 0.5148961795027175 0.5445123383959612 0.5176851451384041 0.5457518786784887 0.5244583473965002 0.5519495800911256 0.5269816972573595 0.5537203519233076 0.5352157862770057 0.55938682178629 0.5451763778330295 0.5655845231989269 0.5512855406540574 0.5661157547485816 0.5601836691107719 0.5707197615122547 0.5644335215080086 0.571073915878691 0.5685505660178317 0.5625742110842176 0.5640350978457677 0.5526578888239984 0.5576603192499126 0.5485851136099799 0.5624414031968039 0.5425644893805611 0.5700114527793819 0.5361897107847059 0.5801048522228192 0.5351272476853968 0.5844875125074697 0.5384917141665424 0.5875420939179835 0.5365438651511423 0.5961746065998706 0.5303461637385054 0.5973698775865935 0.5280441603566688 0.600955690546762 0.5278670831734505 0.6182207159105365 0.5399083316322881 0.6269860364798373 0.5475226505106706 0.6311030809896605 0.5407937175483791 0.6426573671946479 0.5523037344575621 0.6528835745254988 0.5535432747400894 0.6552741164989446 0.5515954257246892 0.66310978185635 0.5560223553051442 0.6688205210151369 0.5604492848855992 0.6716094866508234 0.5634595970003086 0.6718751024256506 0.556730664038017 0.6779842652466787 0.554959892205835 0.6832965807432246 0.5588555902366353 0.6894057435642524 0.5673552950311089 0.6947180590607984
