19 0.541393566986155 0.3104046293326496 0.5186308054947708 0.30885262286732795 0.4975235175663963 0.3010925905407197 0.47429317580229724 0.28556918961918415 0.4680851499410105 0.27811955858564025 0.4660158079872484 0.2324905685051836 0.46022165051671415 0.13781817412056277 0.4821566752265936 0.13502456248298378 0.5500310913099938 0.12757493144943985 0.6170777706118892 0.12136690558815326 0.6551536625611137 0.11702128748525262 0.6568091361241237 0.12540212239798953 0.6568091361241237 0.13378295731072648 0.6547397941703614 0.1443366012749137 0.6497733734813322 0.1564422517044226 0.6460485579645601 0.17382472411602515 0.6236996648639284 0.24211300859017787 0.6141806918766222 0.27470514436193255 0.609214271187593 0.28587959091224846 0.5918317987759905 0.3001580503932077 0.5694829056753585 0.3069868788406229
16 0.4395282309790921 0.3948304447778285 0.4635325976427336 0.3699983413326821 0.5086442522347497 0.3228173447869038 0.5153554992894741 0.3183446980289755 0.5228209938397939 0.31512520350415013 0.5345791477565475 0.31512520350415013 0.5435377412169311 0.3189046101202495 0.5897740694752579 0.3365071668556614 0.6108640915799111 0.3454657603160449 0.6121705531262172 0.3538644416851547 0.6203825971315688 0.3628230351455384 0.6084378058510572 0.3761209473132954 0.5858546848363402 0.39893736503271 0.5296768383451842 0.39711765073606964
14 0.6225630192837588 0.3650440164050496 0.6327868512911059 0.37793493502300896 0.6499747427817184 0.38726973816015187 0.6553089160029428 0.39149262529362133 0.6722004645368206 0.3904924678146417 0.6874621268086575 0.3878253812040295 0.722134252746617 0.384047008505662 0.7404128774016414 0.3911727028898005 0.752562938627764 0.39506220419694343 0.7580452833273559 0.3977292908075558 0.7696026586400093 0.4025078209849028 0.7765667181232746 0.4031745926375558 0.790346665611438 0.3985071910689843 0.8100534722342954 0.39706251915490254 0.8196846183281731 0.3937286608916372 0.8179065605877647 0.3777261412279636 0.8128687303232751 0.36372393652224916 0.8104979866693973 0.35316671868857563 0.8116833584963361 0.34661013077082037 0.8063491852751116 0.3313855113685753 0.8063491852751116 0.32405102318939155 0.8036820986644994 0.32360650875428953 0.7875314075224583 0.33227454023877945 0.7728624311640908 0.3354972698932692 0.7633794565485804 0.3342748551967386 0.7524147671493967 0.3258290809297997 0.7402647059232741 0.3167165350102078 0.7346341897453148 0.3178278210979629 0.7344860182669476 0.3242732804069426 0.7396720200098046 0.32794052449653444 0.7417464207069476 0.3322745402387794 0.7421909351420497 0.33616404154592233 0.7358195615722536 0.3400535428530652 0.7364122474857231 0.3362751701546978 0.7352268756587841 0.333274697717759 0.7301890453942944 0.33149663997735085 0.7247067006947026 0.333274697717759 0.7124084679902125 0.32838503893163645 0.7024809789396003 0.3262735953649018 0.6980358345885798 0.3244955376244936 0.6941833761510288 0.3249400520595957 0.6975913201534777 0.3177166924891874 0.7009992641559267 0.31116010457143223 0.6761064557902121 0.31027107570122814 0.6331367270636808 0.3123825192679629 0.6131335774840888 0.31460509144347315 0.6123927200922521 0.3222729654489834 0.6118000341787827 0.3438319155514326 0.6129854060057215 0.35350010451490205 0.6226165520995991 0.36272377904326963
23 0.2169094202620477 0.36691965661107495 0.1864609371576546 0.3659180617721146 0.16746665707416195 0.3641798834459645 0.15945389836247956 0.3607744609934996 0.1591868064054235 0.3429460728600062 0.16132354206187208 0.32010971053171144 0.16506282946065723 0.30829089143197985 0.1797528870987416 0.2936676067831595 0.20405825519084486 0.28465325323251683 0.22863071524000417 0.2814481497478439 0.2457246004915933 0.28325102045797246 0.261483025957902 0.28805867568498184 0.2753718077248181 0.29446888265432775 0.2855213020929491 0.30508578794730695 0.291664417105239 0.3163036501436623 0.29326696884757547 0.32872342614677 0.2897947734058464 0.3399412883431253 0.2844529342647248 0.34735309015143156 0.2751047157677621 0.3549652109275298 0.2601475661726216 0.36237701273583606 0.24225240504986423 0.36718466796284555 0.21954958870009747 0.36718466796284555
26 0.34215216125049375 0.4348289947933807 0.33433348295068116 0.4377609991558104 0.32515503451177075 0.4377609991558104 0.3168264424097965 0.43763352070527006 0.28742141315180575 0.42463071875014696 0.24407873996806212 0.40487155891638144 0.2377898030747346 0.39926250709260297 0.23744986053996014 0.3919962354117989 0.25512687234823206 0.37529655839100357 0.2750135106325379 0.3566847046121019 0.29014095343000146 0.34227963970103414 0.3069984492043785 0.3260896265871984 0.31778812788368865 0.3181670485449171 0.32460869978580276 0.3161461383516981 0.3339554094294407 0.31545145047277906 0.3448178017179928 0.31993534496398374 0.3703317929073828 0.3307345838089979 0.4073818131163979 0.34759655323366884 0.42321227629661334 0.3540382044745545 0.42363329925353405 0.3566274956596163 0.42279125333969275 0.35915363340114004 0.4078870406647026 0.37254216343121593 0.3895304397429633 0.3895935931865013 0.3770681602181128 0.3998876044832106 0.37403679492828423 0.40134013368458676 0.3676372459830908 0.4084133193608534 0.3666267908864812 0.41157099153775806 0.35593280778069736 0.42199130972154353 0.3494490542441197 0.4278645799705862
20 0.24580301595037116 0.5544192713617179 0.20774813623967442 0.5546133279969879 0.18687784766226487 0.5558816370217601 0.18265015091302428 0.5557548061192829 0.17908523429783163 0.5589437872170989 0.17232091949904668 0.5608462507542572 0.1398522084648789 0.5613535743641661 0.13900666911503076 0.5430899244074467 0.13545540384566865 0.5335776067216553 0.13477897236579015 0.5259677525730223 0.136639158935456 0.5169627584971398 0.1357936195856079 0.5080845953237346 0.136639158935456 0.49324537973390015 0.13528629597569902 0.48322573843819994 0.1371464825453649 0.47472806797222633 0.14154328716457512 0.4616644850170729 0.12936752052676218 0.4474594239396245 0.12581625525740012 0.4422593569380585 0.13562451171563827 0.435537319106766 0.14171239503454475 0.4307177448126318 0.14982957279308667 0.42716647954326964 0.15507191676214502 0.4300835903002456 0.16234355517083884 0.43794710625383326 0.16860054635971491 0.4428935114504447 0.16893876209965417 0.446571607622284 0.18382025465698107 0.45063019650155506 0.1848349018767988 0.45227899823375883 0.1948122662050066 0.4546887853808259 0.20512784627315367 0.451264351013941 0.2252516827995389 0.4479667475495334 0.27868976970993997 0.44416182047521685 0.30253397937565696 0.44314717325539915 0.31183491222398624 0.4402300624984231 0.32434889460173844 0.43832759896126483 0.3344953667999158 0.43807393715631043 0.34279098717852624 0.43591435659550426 0.3484486044145998 0.4301557104802151 0.34875169105224657 0.4341716084290352 0.3453167091589162 0.44690124721020064 0.342588929420095 0.46448027219371474 0.3387498320099023 0.48546902185075536 0.33561793675421875 0.5078216613772065 0.33339530141147555 0.5135803074924956 0.3372343988216684 0.5210059301148422 0.3553185682012605 0.5250218280636622 0.37148318887575627 0.5278253794618951 0.372796564305559 0.5382818684607096 0.3735037664600682 0.5460105777207029 0.3689574668953663 0.550026475669523 0.357945319060866 0.5519207671548154 0.34460950700440696 0.5563912950601058 0.3278693012785002 0.5547640000974944 0.2811406992191494 0.5543203741285764
15 0.5369355842569109 0.5502510241370903 0.5396293634234066 0.5706097782223366 0.5485395560510461 0.5754274986547231 0.564080589703906 0.5827317844715673 0.5719547134213548 0.5841304775003245 0.5858380368179095 0.5794681674044665 0.6100820493163708 0.5721638815876225 0.6111181182265614 0.5603526960114492 0.608838766624142 0.546521176060404 0.5901895262407103 0.5399939419262029 0.58024326470288 0.5364195041860452 0.5659455137422491 0.5362640938495166 0.5539271143840375 0.5420142763010747
15 0.6514879909418874 0.5949886342709411 0.6475762306713747 0.5971571100730731 0.6387322509293464 0.5953713064713174 0.6353307202593357 0.5914170270674298 0.6315890365223236 0.5874627476635422 0.6261465874503063 0.5785337296547637 0.636596464892533 0.5631659215536734 0.642889296632053 0.5548746905455219 0.6678905470566329 0.5552573627458982 0.684217894272685 0.5552573627458982 0.6930618740147133 0.5689060045593167 0.6986743996202313 0.5775799077678444 0.7020759302902421 0.583702662973864 0.6973137873522268 0.5880396145781278 0.686088736141191 0.5958206159857776 0.6780951390666655 0.5976064195875334 0.6655094755876253 0.5977339769876588 0.6600670265156079 0.5976064195875334 0.6587064142476035 0.5958206159857776
12 0.6809837387162009 0.5031255701749546 0.6809837387162009 0.500109402040877 0.6738981373853519 0.49637509863678075 0.6671955415318459 0.49149177880065503 0.6622164703263844 0.49335893050270313 0.6698765798732482 0.5006839102568917 0.6735151319080086 0.5067162465250471 0.6637484922357573 0.5078652629570766 0.6606844484170115 0.5101632958211357 0.6568543936435796 0.509588787605121 0.6549393662568636 0.5061417383090323 0.6572373991209228 0.5042745866069842 0.649960295051402 0.5028383160669472 0.6491942840967159 0.4973804880148067 0.6384701307311064 0.48962462709860705 0.6367466060830619 0.4828741555604332 0.6271714691494821 0.4791398521563369 0.626213955456124 0.47210212651015576 0.637129611560405 0.46133009745987846 0.6453642293232837 0.456303150569749 0.652449830654133 0.4561595235157453 0.6622164703263843 0.45371786359768246 0.6750471538173816 0.4545796259217046 0.6777281921587837 0.45702128583976753 0.6775366894201121 0.45874481048781185 0.6825157606255736 0.4583139293258008 0.68806934004705 0.45328698243567134 0.7093261440395974 0.4524252201116491 0.7169862535864611 0.45486688002971204 0.7301999425548015 0.4578830481637898 0.7399665822270529 0.46549528202598567 0.7399665822270529 0.4703786018621115 0.7326894781575323 0.4782780898323148 0.727518904213399 0.48115063091238885 0.7177522645411476 0.4831614096684405 0.7118156796423282 0.4891937459365959 0.7014745317540618 0.5068598735790507 0.6918993948204819 0.51964268138538 0.6873033290923636 0.5281166775715981 0.685196798966976 0.5329999974077239 0.6773451866814405 0.5322818621377053 0.6784942031134701 0.5298402022196425 0.6756216620333961 0.51964268138538 0.6752386565560529 0.5161956320892912 0.6798347222841713 0.5093015334971136
21 0.6255679751245997 0.4799073624354774 0.6178413807383397 0.4895656054183023 0.6032467024531821 0.4790488519481152 0.5966647887167386 0.474327044267623 0.5972371290416466 0.4683174708560875 0.6072530847275391 0.4657419393940009 0.6158381896011613 0.4644541736629575 0.6238509541498753 0.4644541736629575 0.630432867886319 0.46552731177216033 0.6249956347996917 0.47175151280553634
21 0.5231190569660422 0.5176818238794147 0.49679140202026767 0.5112429952241982 0.47876268178566117 0.5052334218126627 0.4598754510636925 0.4953605512079973 0.4676020454499524 0.48720470157805623 0.489637147958916 0.4889217225527807 0.5165371432295985 0.48548768060333175 0.5379999054136538 0.48634619109069405 0.5731988353955046 0.4837706596286074 0.574343516045321 0.4869900739562157 0.5883658540055704 0.48720470157805623 0.6061084040777228 0.48784858444357787 0.6089701057022636 0.4932142749895917 0.6072530847275391 0.5009408693758517 0.5955201080669222 0.5011554969976922 0.5886520241680245 0.5050187941908221 0.5889381943304787 0.5112429952241982 0.5648999006843366 0.5159648029046904 0.5486919299796177 0.5189709645640913 0.5428647981753731 0.5155355476610093 0.53128558107599 0.5135663758098915
27 0.4015836012930816 0.4923695336800029 0.3961567958702021 0.4866035529181934 0.39826722020132194 0.4845685008846137 0.40580444995532117 0.4861513191329535 0.4137939134945604 0.49225647523369287 0.4124372121388406 0.4941784688209627 0.40565370536024126 0.491578124555833
27 0.42178337703379964 0.4780111109986342 0.41560284863552027 0.47846334478387414 0.4137939134945604 0.4740540653777846 0.4208789094633198 0.46919255218645506 0.43384294464019857 0.4680619677233551 0.4332399662598786 0.47009701975693496 0.42947135138287895 0.47179289645158484
27 0.42826539462223906 0.46421798054881547 0.4255519919107993 0.4626351623004757 0.42826539462223906 0.45901729201855607 0.44032496222863793 0.4557385970755664 0.4436413433203976 0.45585165552187634 0.44243538655975767 0.4587911751259361 0.43881751627783805 0.4617306947299958
27 0.4629366514906358 0.45234684368626676 0.4621829285152358 0.4472592136023172 0.46685601096271534 0.4481636811727971 0.479518556949434 0.45166849300840684 0.4796693015445142 0.45472107105877646 0.47620217585767444 0.4553994217366364 0.46429335284635553 0.45370354504198657
27 0.4633888852758757 0.47721970187446433 0.4670067555577953 0.4811767474953139 0.470473881244635 0.4854729684550934 0.4730365393609947 0.4864904944718833 0.47574994207243443 0.48513379311616345 0.4748454745019545 0.48219427351210375 0.4724335609806748 0.47846334478387414 0.46776047853319525 0.4747324160556445 0.46353962987095565 0.4747324160556445
21 0.44318910953515767 0.5089891252875713 0.43896826087291807 0.5051451381130316 0.4442443217007176 0.5006228002606321 0.4465054906269173 0.5006228002606321 0.44846517036295713 0.501640326277422 0.4465054906269173 0.5044667874351717
27 0.5617634508469563 0.4839661335249054 0.537978790438681 0.4849803623550242 0.535671917021156 0.4825342810588554 0.533365043603631 0.48074446547629285 0.532410475292931 0.47686653171407406 0.5417970636814812 0.4756733213256991 0.5495131575263061 0.4743011293790678 0.5544450937982562 0.47829838418012405
27 0.5123342134791512 0.4580633214625992 0.5095020729955738 0.46231153218796533 0.5090772519230372 0.4664535376451973 0.4993063672546952 0.46624112710892895 0.4978902970129065 0.46082465843408715 0.502846542859167 0.45933778468020914 0.5096436800197527 0.45615162663618447
27 0.5402307972423885 0.4457435103590377 0.5393811550973153 0.450204131620672 0.5242292035101763 0.4506289526932087 0.5178568874221271 0.4477614104535866 0.5104933221648259 0.44351319972822045 0.5102101081164683 0.4413890943655374 0.5208306349298834 0.44032704168419584 0.5330088390092662 0.44287596811941554
27 0.5771902305530736 0.44531868928650115 0.5760573743596427 0.4489296684030622 0.5672777388605528 0.44956690001186705 0.5577900682405684 0.44988551581626957 0.5524090013217714 0.450841363229477 0.5511345381041615 0.4483986420623915 0.5518425732250559 0.44553109982276934 0.56260470706265 0.44351319972822045
27 0.630400765238747 0.4582024250292049 0.6321278558260058 0.4607930609100931 0.6324418722964165 0.46473789281962746 0.6260830387705999 0.4633248187027795 0.6146087367113319 0.45777713577059054 0.6120966049480463 0.4570117206239645 0.6080143908327074 0.4590724537110347 0.6039321767173683 0.4587780632700246 0.6007920120132614 0.4555986465071163 0.6059732837750379 0.45412669430206626 0.6106050267135956 0.45389118194925826 0.6104480184783903 0.45130054606837 0.6130386543592784 0.4507117651863499 0.6173563808274255 0.45159493650938004 0.6203395372963271 0.4528313763616222 0.6241077349412555 0.452360351656006 0.6270908914101571 0.44470620018974544 0.6326646837599469 0.4423510766616652 0.6476589702220575 0.4411735148976252 0.652604729631026 0.43940717225156495 0.658100017863213 0.4413501491622312 0.65448882845349 0.4432342479846953 0.6499355896325352 0.44894542254028985 0.6522907131606154 0.451065033715562 0.6577860013928024 0.4536556695964503 0.652369217278218 0.45589303694812644 0.6450683343411693 0.4558341588599244 0.6420851778722677 0.4581304042998027 0.6360403608168619 0.4581304042998027
27 0.47074638770710026 0.5418793755903399 0.476898339626579 0.5517405926377397 0.4851009421858839 0.5514691829942333 0.4841359301200833 0.5467647491734554 0.4807583878897813 0.5399795080857951 0.47279703834692655 0.5388033996306006
27 0.45046276621447473 0.5748611860594176 0.4509159480718335 0.5789398227756453 0.4500095843571161 0.5824519821701747 0.43852897730403095 0.5931017558181023 0.4353567043025206 0.5961607333552731 0.4406438259717046 0.5966139152126317 0.4521244330247897 0.5847178914569677 0.4566562515983761 0.5843780050639488 0.4593753427425278 0.5825652776345143 0.4578647365513324 0.5769005044175315 0.45559882726453926 0.5722553903796056
27 0.47161125289121075 0.5979734607847076 0.4646624644117118 0.589929482816592 0.45952640336164735 0.5867572098150816 0.45439034231158293 0.5886832327088557 0.4592242821234083 0.5960474378909334 0.46496458564995086 0.601825506572256 0.4705538285573738 0.6040914158590491 0.472819737844167 0.6038648249303697 0.47840898075159005 0.5997861882141421 0.48097701127662235 0.5910624374599885 0.48414928427813264 0.5911757329243282 0.490644890900273 0.5951410741762162 0.49895322495184785 0.60046596100018 0.5051467103357491 0.5977468698560283 0.5086211045754986 0.5961607333552732 0.5037871647636732 0.5914023238530075 0.4977447399988915 0.5842647095996092 0.4942703457591421 0.583358345884892 0.48958746656643626 0.5847178914569677 0.4856598904693282 0.5848311869213074 0.4845732264550854 0.5879055799423025 0.4824963031697911 0.5884794666395549 0.4827695825494351 0.5828225834809243 0.487907234886742 0.5831095268295506 0.4892736317849619 0.5811829072030604 0.5007571352596363 0.5817161514791666 0.5049109818302248 0.5815111919444335 0.5064960022321598 0.5791336613415308 0.5037085525597912 0.5786417584581716 0.49786037383541 0.5766331550177883 0.49627535343347495 0.5720010695328228 0.4931599685055336 0.5656063320491536 0.4894980248183041 0.5649914534449547 0.48474296361249875 0.5653603806074741 0.4825020726994181 0.5687217169770951 0.4819008580642014 0.5696645308368667 0.47583405583610483 0.5692546117674008 0.47282798266002113 0.5696235389299201 0.4724453915285195 0.572697931950915 0.47118830638215725 0.5752804220885506 0.47086037112658446 0.5784367989234386 0.4731559179155939 0.5847495525932146 0.475287497076817 0.5867991479405444 0.4741397236823122 0.5902424681240587 0.4731559179155939 0.5941776911909321
27 0.5338090620126561 0.5623255842986098 0.5375138391342302 0.5617027984893797 0.538599722083657 0.5673078707724508 0.5378970919399103 0.5692241348008512 0.5366834580552567 0.5716673714370616 0.541346367191031 0.5720506242427418 0.5481792630577332 0.5755978075307618 0.5485625158634133 0.5773703517570322 0.5453048670151327 0.581154973213123 0.5386618183833449 0.5874786445068442 0.5329769017657571 0.586424699291224 0.5299747547879299 0.5848916880685037 0.5327213998953038 0.5811549732131229 0.5255673475226089 0.5818735722237731 0.519115925293661 0.5782326705698124 0.5255673475226089 0.5752145547250819 0.5212876911925147 0.5738731699052015 0.5248647173788622 0.5687471636292305 0.5297192529174763 0.56534579497882
27 0.48531533222344336 0.6226882395309364 0.4788492568504591 0.6209828879412125 0.4720278504915633 0.6179597646685201 0.46737689161049806 0.6159443491533918 0.4669634730432923 0.6140839656009657 0.4738882340439894 0.6136188697128592 0.4800895125520765 0.6114484222350286 0.486600854985568 0.612688677936646 0.49652290059850723 0.6160218651347429 0.5012772141213739 0.6148591254144765 0.5058248183606378 0.6178047327058178 0.5056181090770349 0.6198976642022973 0.4989000573599406 0.620517792053106 0.49745309237472024 0.6219905956987767 0.49207865100104475 0.6215254998106701 0.4908383952994274 0.6233083673817451 0.4915618777920375 0.6263314906544376 0.488461238537994 0.6259439107476822
27 0.5172899822162615 0.6178023713681723 0.517393336858063 0.615786955853044 0.5179101100670702 0.6133064444498092 0.5226644235899369 0.6129188645430538 0.534136788829898 0.6155544079089907 0.5388911023527647 0.6171822435173636 0.5387877477109633 0.6233060060440995 0.5346535620389052 0.6224533302492377 0.5255583535603775 0.6207479786595137
27 0.6787896421053828 0.4578272647386342 0.6828352726448462 0.4576522134172152 0.6861028973113358 0.45438458875072557 0.6843134838034962 0.4529258277388999 0.6810458591370065 0.4529258277388999 0.676922428010246 0.45520149491734796
27 0.6951482475020092 0.4522742641064415 0.6942924410417382 0.449064989880425 0.70074988978742 0.44556396345204324 0.7047177197395859 0.447081074904342 0.7084521479298597 0.4469643740233959 0.7087633502790491 0.44451365552352873 0.7118753737709439 0.44457200596400176 0.7167768107706783 0.447081074904342 0.7264240835955524 0.44813138283285636 0.7285246994525814 0.4494150925232631 0.7283690982779867 0.4509905544160348 0.7328037317539368 0.4533245720349561 0.7321035264682604 0.45501673480867383 0.727202089468526 0.45653384626097254 0.7184884236912206 0.45495838436820074 0.7135869866914861 0.45344127291590214 0.7093857549774281 0.45192416146360337
27 0.548759106971529 0.5439015552026376 0.5411452535311487 0.541632479149574 0.5413617982504488 0.5388715339784967 0.557169562759362 0.534324094873193 0.5602861887922247 0.5311323334821102 0.5650504813088528 0.5320644776701461 0.5607365148918471 0.5259623580992837 0.5616686590798831 0.5213016371591039 0.5669508094787534 0.5175730604069602 0.5762722513591129 0.5147766278428523 0.5800008281112567 0.5143882344311707 0.5841436911691942 0.5164078801719152 0.5861115511217145 0.515631093348552 0.5890115552622709 0.5129123394667804 0.5894258415680645 0.5105819789966904 0.5892186984151676 0.5054551859624928 0.596157994037213 0.501959645257358 0.608172296905232 0.501260537116331 0.6094151558226133 0.4927158820593348 0.6064115801056085 0.4872783742957918 0.5901508426032037 0.4863462301077559 0.5914972730970334 0.48308372544963013 0.6088972979403711 0.4838605122729934 0.6178044535149367 0.4897640921305544 0.6209421150715255 0.49072575438321936 0.6233852898561111 0.49419763434026187 0.6230095700693022 0.5000793019606844 0.6245526278279877 0.5010758600965022 0.626738626319459 0.4995970964110953 0.6373080201020368 0.5000510852074163 0.6393093362851905 0.5014408881123841 0.6400505645011733 0.5048320072005056 0.6363444234212592 0.5051099677814991 0.6323417910549519 0.5111139163309599 0.6307852118013879 0.5122813507711329 0.631304071552576 0.5138379300246969 0.6367891603508488 0.5138935221408956 0.6373080201020368 0.5161727989050429 0.6363444234212592 0.5182297072043952 0.6333795105573279 0.5195083258769656 0.6368632831724471 0.5207313524333372 0.6343431072381055 0.5239556951728626 0.6318970541253621 0.5258458271236188 0.6357514408484729 0.5270688536799905 0.6385681080692076 0.5303487885357144 0.6404211786091648 0.5335175391590411 0.6437567055810873 0.5316829993244836 0.645980390229036 0.5299040516061249 0.643386091473096 0.5251787217292343 0.6452391620130531 0.5226770765002922 0.649390040022557 0.5198974706903565 0.6553198657504196 0.5207313524333372 0.655468111393616 0.5231774055460806 0.6578400416847611 0.5249007611482407 0.6595448665815217 0.5280695117715672 0.6565799537175903 0.5330172101132526 0.6527255669944796 0.5352408947612011 0.6543562690696418 0.5382428690359315 0.6588036383655388 0.5364639213175728 0.6622132881590597 0.5378537242225405 0.6631768848398374 0.5420787250536426 0.6565799537175903 0.5470820155115268 0.6490194259145654 0.5496948449728662 0.6442625764691314 0.5527982672422154 0.6430987931181256 0.5541560144850555 0.6418868498281334 0.5559569908689667 0.6358647286128911 0.5634254562822432 0.6329298041354062 0.5632653694925621 0.6228443363855038 0.5611442195292891 0.6227909741222769 0.5604638506731449 0.6264196080217128 0.5593832648427982 0.6299948796579214 0.5567818545104821 0.6329298041354063 0.5557412903775556 0.6288209098669276 0.5517791423329511 0.6217237288577371 0.5527396630710371 0.622417438279688 0.5491377103032149 0.621830453384191 0.5432945424798588 0.6206031213299701 0.5332090747299565 0.6210300194357861 0.5301274040285974 0.6194825138022031 0.5272058201169193 0.6161740534821294 0.5255649305226892 0.6129723176885096 0.525044648456226 0.6104109290536137 0.523283693769735 0.6072091932599939 0.5198818494890141 0.6050213404676871 0.5196817410019128 0.6015527933579323 0.5216027824780847 0.5979241594584964 0.5250846701536461 0.605128064994141 0.5252447569433272 0.6088634234200307 0.5250046267588057 0.6114781743181535 0.5257250173123701 0.6109979139491107 0.5274059286040206 0.6089701479464849 0.5294070134750328 0.6037406461502391 0.531207989858944 0.5972838122997726 0.5335292483093184 0.5894395596054041 0.5367710058003584 0.5846903181782014 0.5360105935493736 0.5809549597523116 0.5361306586416344 0.5735376051637592 0.536050615246794 0.5657467147326176 0.5359705718519535
27 0.6233266555854714 0.487600921632181 0.6215526246160494 0.4860657025240273 0.6255783102774299 0.4807947835860334 0.6279664288901133 0.48125534931847935 0.6315827227893196 0.48130652328875123 0.6365636558957735 0.48319996018880734 0.6371777435390349 0.4870380079591913 0.6277617330090262 0.48739622575109387
27 0.6802062199591616 0.5031070797163814 0.6783152020342534 0.5025161366148475 0.672221922053994 0.5013342504117799 0.6699106779235504 0.49916745903948934 0.6663737054273597 0.49702254459669526 0.6629593675073866 0.49339809357395464 0.667266686114122 0.49186164150996675 0.6733599660943815 0.4968649597696196 0.6803987550370952 0.4999378638975954 0.6806088681398628 0.502577409751113
27 0.6159423287251747 0.5614079521902406 0.6202400883367697 0.5625872154983003 0.6241185543277213 0.5725716448398716 0.6241185543277213 0.5760308172101797 0.6210786755780566 0.5797258422420999 0.6172002095871051 0.5785465789340403 0.6131120967858317 0.5732792028247073 0.6119590393290623 0.5693483251311753 0.6118542159239015 0.5617224224057232
27 0.6092336307948801 0.5801975475653236 0.6018959924336204 0.5805906353346768 0.5948728242878432 0.5811409582117714 0.5904702412710874 0.5818485161966072 0.5861724816594923 0.5857007763362685 0.5727550857989031 0.5855435412285271 0.5701345006698818 0.5842856603665969 0.5595473367486357 0.5818485161966072 0.5590232197228313 0.5830277795046667 0.5568219282144534 0.5838925725972437 0.5586039261021879 0.5884523907217408 0.5657319176531259 0.6105439233593908 0.5682476793769864 0.6141603308374401 0.5746419070917984 0.6149465063761466 0.5768431986001764 0.6162043872380768 0.5714972049369729 0.617462268100007 0.5711827347214903 0.6215503809012803 0.5816650752375757 0.6260315814719069 0.5773673156259806 0.6287045783035086 0.5779962560569458 0.6328713086586525 0.5916232987278567 0.6324782208892993 0.6094432776052018 0.6322423682276873 0.6216027926038608 0.6335788666434882 0.6408902991534577 0.6291762836267324 0.6524208737211517 0.6285473431957672 0.6598633354875723 0.6298838416115681 0.6616453333753067 0.627525314995449 0.6690877951417273 0.6254812585948123 0.6731759079430006 0.6232799670864344 0.6732807313481615 0.6197421771622555 0.6776833143649174 0.6202138824854794 0.6835534250539251 0.6162830047919474 0.686488480398429 0.6131383026371218 0.6919392974667935 0.6157326819148529 0.6972852911299969 0.6162830047919474 0.6980190549661229 0.6187987665158079 0.7017926975519138 0.623358584640305 0.7065097507841521 0.6241447601790114 0.7074531614306 0.6272894623338371 0.7111219806112297 0.628625960749638 0.7151052700073421 0.6276825501031902 0.7179355019466851 0.6261888165796481 0.7246441998769797 0.6245378479483646 0.7221284381531192 0.6221793213322454 0.7297805467298615 0.6232799670864344 0.7335541893156523 0.6261101990257775 0.7288047457209715 0.6322610353011728 0.7320515173869194 0.6348393539770725 0.7450386040507102 0.6306853961103452 0.7521051070883611 0.626531438243618 0.7603175295375231 0.625385518832107 0.766429099732248 0.6203721214067467 0.778270266984528 0.6203721214067468 0.7927852461970002 0.622377480376891 0.7990878029603103 0.62123156096538 0.805772332860791 0.614785764275631 0.8116929164869311 0.6162181635400196 0.81646758070156 0.61235068552617 0.8095920642324943 0.6081967276594428 0.8145577150157084 0.606764328395054 0.8113109433497607 0.6011779712639381 0.8136027821727826 0.5974537331765275 0.8073002254094724 0.5892890573695119 0.8094010776639091 0.5859945390614179 0.8051993731550356 0.5827000207533238 0.809019104526739 0.5786893028130354 0.8094010776639091 0.5682327881829979 0.8118839030555164 0.559495152670227 0.8094010776639091 0.5526196362011612 0.8074912119780575 0.5514737167896502 0.7937401790399261 0.5531925959069166 0.7859097297279345 0.5498980775988225 0.7843818371792531 0.5372929640722021 0.7903024208053931 0.5317066069410862 0.7933582059027557 0.528412088632992 0.7924032730598298 0.5212500923110486 0.7870556491394454 0.5203906527524154 0.7937401790399261 0.5127989366511553 0.7914483402169041 0.5073558194464781 0.7899204476682229 0.5053504604763339 0.7922122864912446 0.5019127022418011 0.7897294610996376 0.4990479037130237 0.7851457834535939 0.49661282496356285 0.778079280415943 0.4903102682002526 0.7738775759070694 0.4894508286416193 0.778079280415943 0.4868725099657197 0.7761694147300914 0.48071319312884825 0.7830449311991571 0.4815726326874815 0.7853367700221789 0.4782781143793875 0.7782702669845282 0.47140259791032174 0.7740685624756546 0.47111611805744397 0.7689119251238552 0.4755565557770489 0.7649012071835669 0.48458067114269776 0.7585986504202566 0.4802834733495317 0.750768201108265 0.4811429129081649 0.7496222816967539 0.4825753121725536 0.744847617482125 0.48343475173118683 0.7337703965041859 0.47813487445294856 0.7276076928224672 0.48171087135928986 0.7178577394114886 0.48362773113183655 0.7128407730932181 0.4883843831600082 0.7126514536095098 0.4905852221581174 0.7214548096019466 0.4922181027051017 0.7261877966946547 0.4933540196073516 0.725714497985384 0.49576784302463267 0.7205082121834052 0.4964067962821483 0.7153965861232804 0.49420595728403904 0.7105689392887181 0.4937799884456954 0.7087704041934892 0.496832765120492 0.7105689392887183 0.49924658853777315 0.7092854457132256 0.5021462656008585 0.7041738196531007 0.5037791461478427 0.6996301520441012 0.5098846994974361 0.7006714092044969 0.5122275281083266 0.7019966455904552 0.5149253307511702 0.6989675338511219 0.5152803047831233 0.6968850195303306 0.5194689983601699 0.6992515130766845 0.5233027179052634 0.703605861201976 0.528414343965388 0.6979262766907263 0.5297632452868098 0.6952758039188097 0.5353718349916688 0.6885549622471643 0.5364367570875281 0.688933601214581 0.5314671206401848 0.6875137050867686 0.5306861777698879 0.6849578920567063 0.5339519388638565 0.6775744321920818 0.5326740323488253 0.6769118139991026 0.5357268090236219 0.6726521256156652 0.5438912117585433 0.6724628061319571 0.5470149832397306 0.673598723034207 0.5487188585931054 0.6741666814853321 0.5532625262021053 0.6701909723274572 0.5528365573637615 0.6651740060091866 0.5492158222378398 0.6615769358187287 0.5496417910761836 0.6589264630468121 0.5515586508487302 0.6619555747861452 0.5548954067490895 0.6843899336055813 0.5548954067490895 0.6970743390140387 0.5742769888937288 0.7023752845578719 0.5835773085309002 0.6951811441769558 0.5898958462996653 0.6992515130766845 0.5937295658447589 0.7015233468811843 0.5952204567789618 0.6955597831443723 0.5986992022921023 0.6884603025053102 0.5948654827470088 0.6860938089589562 0.5964273684876025 0.6780477309013526 0.5979182594218054 0.6597784007234995 0.597989254228196 0.6585478240793954 0.5961433892620399 0.6516376629240418 0.5952204567789618 0.6474726342824587 0.597634280196243 0.6377226808714801 0.5955044360045244 0.6330843535206262 0.5895408722677123 0.6285406859116265 0.589611867074103 0.6250382754630225 0.5885469449782436 0.6174654961146897 0.5885469449782436 0.6138684259242316 0.5918837008786028 0.6125431895382734 0.5948654827470088 0.6049704101899406 0.5930196177808527 0.6018466387087532 0.5926646437488996 0.6001427633553783 0.5900378359124466 0.5939898801348578 0.5885469449782436 0.5998587841298159 0.5866300852056969 0.6100820362500652 0.583435318918119
27 0.7950064772850625 0.5301134954007188 0.8023129085431513 0.5306116611683158 0.8041395163576734 0.5331024900063006 0.8082908977543147 0.5388313963336656 0.8092872292895088 0.5414467666135496 0.8069624557073896 0.5436885125677359 0.802977129566614 0.5428167224744412 0.7974973061230473 0.5360914846118824
27 0.8128404774623675 0.5109935361125781 0.8076927645305322 0.5113671604382759 0.8078588197863978 0.5163488181142454 0.8166597483472775 0.5210813929064165 0.8224716823025753 0.521828641557812 0.8216414060232471 0.5158506523466485 0.8145010300210239 0.5121144090896713
27 0.49619518380967753 0.4041086596083865 0.5009909364508369 0.4113022885701257 0.5091614779876271 0.41103585786783897 0.5121810259468755 0.4086379815472593 0.5160886762470795 0.4053075977686763 0.5086286165830538 0.4010447065320902 0.5068524119011429 0.4010447065320902 0.5045433458146588 0.4038422289060999
