19 0.5207459926130048 0.3533169691858457 0.502108806628236 0.3572594508364699 0.47486984249665076 0.3561842285681178 0.46101142214900226 0.3511665246491416 0.44046272990938545 0.34113111681118924 0.4227812970520407 0.3264364124770446 0.4146573954689363 0.2959717815404033 0.39854905413582487 0.24049138068807413 0.3856463869156003 0.19569045284007228 0.3756109790776479 0.16737626644013506 0.377522485332496 0.14802226560979823 0.38182337440590414 0.13619482065792574 0.38803576973416043 0.12185852374656514 0.39998268382696095 0.10859744910355658 0.41861986981172966 0.09748681899725212 0.44299157456104277 0.09103548538713983 0.4697526621289159 0.0874514111592997 0.4984252559516371 0.09103548538713983 0.5218412075735261 0.09892044868838817 0.5337881216663266 0.1068054119896365 0.5514695545236714 0.12293374601491718 0.564372221743896 0.1440797839591741 0.5696288639447283 0.1594913031388867 0.5686731108173041 0.18565504500211985 0.5672394811261681 0.2383409361513701 0.5619828389253357 0.2895931976094842 0.5605492092341998 0.31324808751322925 0.5347438747937506 0.3157569394727173 0.527520499096165 0.31449561008773513 0.5222103536266804 0.3291785239216823
20 0.4526839970607776 0.682901714744084 0.4170273808539355 0.6894904373040438 0.3700019884652017 0.7011175947627968 0.3508817739774749 0.7049933139157143 0.3439353797875531 0.6964588558246292 0.34264758167806164 0.6936992884471475 0.3546057069804831 0.6799014515597379 0.34614303368953864 0.6569970423266385 0.33280382572431383 0.6231103138354068 0.330044258346832 0.6153835251784574 0.32783660444484647 0.5931690077897286 0.3241571812748706 0.586408067714898 0.32397321011637187 0.5651593989082875 0.31072728670445887 0.5626757882685538 0.302632555730512 0.5589503723089533 0.31054331554596004 0.551223583652004 0.32618086401835733 0.5492918864877667 0.3438420952342413 0.5472222109546553 0.37198968248455644 0.5459804056347884 0.3966418177233945 0.5444626435771734 0.42184586643772887 0.5421170113063138 0.43398796289864916 0.5418410545685657 0.44870565557855246 0.5433588166261807 0.4678386560624268 0.546670297479159 0.48034869484034465 0.5487399730122703 0.4742776466098844 0.5375637251334687 0.4796128102063493 0.5353560712314832 0.4875235700217974 0.5404612708798248 0.4877075411802963 0.5495678432255149 0.48715562770479987 0.558536437202331 0.485315916119812 0.567367052810273 0.49543432983724567 0.583648500337416 0.5031611184941948 0.5945487914784694 0.5050008300791826 0.610140347161242 0.5140154168456235 0.6278015783771259 0.5335163596464955 0.6649177596042571 0.5394034367184568 0.6726445482612065 0.5211902920270763 0.6723685915234582 0.49837786837322623 0.674852202163192 0.47758912746286275 0.6760940074830587 0.46857454069642196 0.6727825266300804 0.45624847307700295 0.6769218776963032
22 0.5522749701989971 0.7877990959636478 0.544130592116533 0.7946679380502405 0.5232308540753512 0.7892939714593517 0.5017907057392209 0.7862148012195882 0.504527745952344 0.7780036805802192 0.49631662531297477 0.7718453401006924 0.4853684644604827 0.7564494889018755 0.4830875976162135 0.7386587275165758 0.4926672383621441 0.73352677711697 0.4926672383621441 0.7222364862378376 0.5008783590015131 0.6996559044795727 0.5090894796408822 0.6979452543463708 0.523687027444205 0.7051299849058188 0.5423901355672124 0.7020508146660553 0.5478642159934585 0.6938396940266862 0.5565315100016813 0.6972609942930901 0.5693043643295888 0.6900762637336421 0.5852704322394731 0.6876813535471595 0.596674766460819 0.6907605237869228 0.6007803267805035 0.6945239540799669 0.6089691006709002 0.698019126627943 0.6164078295260811 0.6987165074581163 0.6260781770378161 0.7034586971032941 0.6355625563281717 0.710432505405026 0.6418854758550755 0.710432505405026 0.6539734102447443 0.7144773142200307 0.6524856644737081 0.7207537416915897 0.6495101729316359 0.7221485033519359 0.6531203934848783 0.7301577291913448 0.6529344252634987 0.732807776346003 0.6607450905614385 0.7389447276515271 0.6639065503248903 0.7427105841344624 0.6546081392559144 0.7485685831079174 0.6616749316683361 0.757216105402065 0.6713452791800713 0.7644688660358664 0.6642784867676493 0.7849718624429585 0.6529344252634987 0.7991984313784919 0.6395447133241732 0.7958510033936605 0.6367551900034804 0.7936193847371062 0.6395447133241732 0.787482433431582 0.6220637005144981 0.7858087194391665 0.6148109398806969 0.7874824334315822 0.6036528465979257 0.7781375303072613 0.5889613571089434 0.7849718624429585 0.5809647235896239 0.7779980541412266 0.5686908209785756 0.7876219095976168 0.5579046641385634 0.7860876717712358
29 0.2041996130040689 0.4827061126465326 0.18836507112330103 0.48567508924917663 0.18869495741248368 0.4797371360438888 0.20485938558243422 0.47899489189322764 0.20584904444998217 0.47553108585680964 0.19496279690695428 0.47157245038661777 0.18828844348970272 0.47240216627899384 0.17945814131536905 0.46167586171113784 0.17912825502618643 0.45326376133697993 0.18902484370166633 0.45450083492141485 0.19437692265959203 0.45781385455222173 0.20077697497954236 0.45971154448430007 0.20524212776090311 0.46395343962659275 0.2111956648027174 0.4627255226117185 0.20167000553581452 0.4564743087178135 0.19229318469495701 0.4523440423950549 0.19512111478981878 0.4438602521104695 0.200628136553497 0.43247411251799966 0.20375374350044953 0.4304647937663873 0.21164218008085345 0.4335904007133399 0.21804223240080384 0.43749740939703047 0.22057248564357493 0.4376090382165645 0.21670268656639563 0.43225085487893167 0.2225073851821646 0.42979502084918325 0.21461894860176062 0.42387869341388024 0.21477384878345082 0.4176034138767616 0.2225134469378094 0.41079405588518647 0.23650425898607297 0.408003335396836 0.23933218908093473 0.40331492497640725 0.24469037241856761 0.4062172742842918 0.24537679557008577 0.4087847371335741 0.26388169741987116 0.4087347864306321 0.27068273029428924 0.4082265930359041 0.2793656008943447 0.41253065562076247 0.2795810677943362 0.41864668231617974 0.2881334863817401 0.42535255598130334 0.2873559937828852 0.43103797061042975 0.28346853078861073 0.43278732895785327 0.26869617141036767 0.4288512726761503 0.26675243991323044 0.42695613446644154 0.2580056481761129 0.42637301501730035 0.24964760273842276 0.42972595184986206 0.2527575731338423 0.4319126497841415 0.2570337824275442 0.4295801719875768 0.2634480963680971 0.4300175115744327 0.2743329927520657 0.4332246685447091 0.2770542168480578 0.43818118386240906 0.2756936048000617 0.4415341206949709 0.2764710973989166 0.444595497802962 0.26636369361380297 0.44955201312066195 0.2591718870743952 0.44853155408466483 0.25061946848699135 0.44474127766524724 0.24556576659443452 0.44415815821610605 0.24420515454643843 0.45786146527092364 0.2604600206163901 0.4615390439952375 0.2602656474666764 0.47247253366663444 0.26784620030551165 0.46955693642092855 0.278925469839194 0.47086895518149624 0.28728351527688406 0.46809913779807566 0.2968077996128565 0.4650377606900845 0.30108400890655845 0.4659124398637962 0.30069526260713103 0.46328840234266105 0.2948640681157193 0.4517717932221228 0.2944753218162919 0.44798151680270526 0.2987515311099938 0.44564903900614056 0.3053602182002604 0.45177179322212274 0.3109970395419584 0.4667871190375081 0.30847018859568 0.4698484961454992 0.30341648670312316 0.4679533579357904 0.30225024780484083 0.47276409339120506 0.3096364274939623 0.47465923160091383 0.30361085985283687 0.48311446361346083 0.2975852922117114 0.4864674004460226 0.29233721716944083 0.4877794192065901 0.29797403851113885 0.4901118970031549 0.3082758154459662 0.4871962997574491 0.3092476811945349 0.49040345672772545 0.30225024780484083 0.4984213491534166 0.2756211262940606 0.5011911665368372 0.23907897414788046 0.4998791477762696 0.23149842130904522 0.49783822970427544 0.22275162957192765 0.4927359345242902 0.21866979342793946 0.49069501645229613 0.2143935841342375 0.49171547548829314 0.2093398822416807 0.48690474003287837
29 0.25026011770274553 0.40312206068215867 0.26319143709819065 0.40312206068215867 0.26319143709819065 0.39909627256848235 0.26075156551414436 0.39671739777403725 0.251236066336364 0.39744935924925107
29 0.2971056521164334 0.40897775248386964 0.30149742096771665 0.4023900992069448 0.3073531127694276 0.40678186805822814 0.307109125611023 0.40897775248386964 0.2990575493836704 0.4104416754342974
28 0.6136303413325439 0.3551719095212821 0.6200437019233941 0.34747587681226194 0.6295354755978523 0.35401750461492915 0.620300236347028 0.35613391360990965
28 0.6567281245030572 0.36036673159987076 0.6492886262176709 0.3563263144276352 0.651597436030377 0.3528630997085761 0.6605761408575671 0.35170869480222305
28 0.7408714154550111 0.3313142081233195 0.740358346607743 0.3284281958574369 0.7280446942733108 0.32400297704975034 0.7229140058006307 0.32592698522700536 0.7229140058006307 0.3328534146651236 0.7200921271406565 0.3353546252955551 0.7200921271406565 0.34112664982732027 0.7290708319678467 0.3355470261132807
28 0.7439498285386192 0.3322762122119471 0.7457455695040572 0.32573458440927994 0.7565200152966856 0.3284281958574369 0.7670379266656798 0.3313142081233195 0.774477424951066 0.3330458154828492 0.7747339593747 0.33958744328551627 0.772681683985628 0.3415114514627713 0.7578026874148556 0.3384330383791632 0.7511327924003713 0.33824063756143763
28 0.894541384314869 0.44758390692785277 0.8749132587019843 0.44069318197864865 0.8778365965592225 0.4369346047336281 0.8845185116614812 0.4350553161111179 0.9003880600293452 0.43975353766739356 0.8982999615598893 0.4460178330757609
28 0.8912004267637397 0.4742071624134143 0.8874418495187192 0.468882511316302 0.89495900400876 0.46637679315295505 0.8857713707431545 0.4547878466474753 0.8757484980897666 0.46073892728542437 0.8699018223752905 0.4601124977445877 0.8715723011508552 0.46794286700504695 0.8845185116614812 0.47389394764299597
28 0.899552820641563 0.6098291580045692 0.9074875948254949 0.600432714892018 0.9033113978865833 0.5991798558103445 0.8907828070698485 0.6051309364482936 0.89495900400876 0.6117084466270795
28 0.8851107327621697 0.5744988426817911 0.8882095887193242 0.5688337466351185 0.8849170542648476 0.563168650588446 0.8804624488264384 0.5604087320016055 0.8802687703291163 0.5621518384775047 0.881430841313049 0.5663643457942613 0.8820118768050156 0.5743535838087994
28 0.7812990581975037 0.5750798781737576 0.773551918304618 0.5746441015547827 0.7729708828126518 0.5644759804453706 0.7754887032778396 0.5606992497475888 0.7849789496466244 0.5609897674935721 0.7954375885020197 0.5631686505884461 0.7964059809886305 0.5666548635402446 0.7900145905770001 0.5697052998730683
28 0.7622806395358335 0.5752308643787954 0.7544575623648995 0.5815675568872523 0.7466344851939649 0.5768737105846917 0.7416277158045671 0.571006402706491 0.7466344851939649 0.5672513256644425
28 0.8330012571610791 0.5069354006765394 0.8261169492506569 0.5120986316093561 0.803273563911529 0.5111598623488439 0.814225871950837 0.5013027851134667
28 0.8411372574188508 0.5078741699370516 0.8389467958109891 0.503180323634491 0.8427018728530377 0.5017721697437227 0.8470827960687608 0.5071700929916675 0.8398855650715014 0.5153843240211484 0.837069257289965 0.5142108624455083
28 0.636433399039654 0.6136186497814996 0.6229839933111138 0.6080147307279411 0.6265705015053912 0.6051006928200907 0.6346401449425154 0.6073422604415142 0.6427097883796397 0.6037557522472367 0.6519749345481896 0.6035315954850944 0.6498828047681944 0.6073422604415142
28 0.6406176585996444 0.5959102655722549 0.6439052911110654 0.5864956815622766 0.6406176585996445 0.5824608598437145 0.6280648799196734 0.5829091733679992 0.61909860943398 0.5835816436544262 0.6214896148968314 0.5887372491837 0.6331457665282332 0.5909788168051233 0.6358356476739412 0.5954619520479701
28 0.6098798069380928 0.5763780160709 0.6083390848511476 0.5658732594451814 0.5946834907850767 0.5610964519311978 0.5920662957049446 0.5654711673510271 0.5958150067535426 0.5762255693713892 0.6003818855540342 0.580569673596247 0.6081789957012148 0.5830758875721266 0.6134141982286075 0.5798178094034832
28 0.6241925558468464 0.557032597306363 0.615797561029286 0.5546252090866214 0.606661831374882 0.5385142263852737 0.6111062403959434 0.5283291223786747 0.6449331312784665 0.5262921015773548 0.6486368054626841 0.5303661431799945 0.6550565073819954 0.5444401050800223 0.6535750377083079 0.5579585158524174 0.6362912248486247 0.5577733321432065
28 0.6874019285908308 0.5857360722340511 0.7017228021031399 0.577402805319561 0.6938216305101418 0.5712917429156016 0.6883895750399557 0.5651806805116422 0.6834513427943318 0.567217701312962 0.6708588505679913 0.5711065592063906 0.6649329718732426 0.5746250496813976 0.6696242925065853 0.5799953772485135 0.6790069337732705 0.580921295794568
28 0.7207349962487914 0.5655510479300638 0.704438829838233 0.5666621501853292 0.6955500117961102 0.5616621900366352 0.6891303098767991 0.5609214551997916 0.6814760498960823 0.5529585557037232 0.6881426634276745 0.5448104724984439 0.6938216305101418 0.5324031639813143 0.7012289788785775 0.5331438988181578 0.7180189685136983 0.5364772055839538 0.725426316882134 0.5394401449313282 0.730611460740039 0.5418475331510697 0.733327488475132 0.5390697775129063 0.7343151349242569 0.5409216146050153 0.729376902678633 0.5594399855261045 0.7229572007593222 0.5594399855261045
28 0.6894649856232857 0.38881593179011376 0.682764302898558 0.3856419241836639 0.6718316100318974 0.39225444003043447 0.6679522674017919 0.40230546411752593 0.6792376277802803 0.39992495841268844 0.6944023307888745 0.3943704451014011
28 0.5960300856537756 0.5048725431420215 0.591615047982266 0.50350907562582 0.5890179669990252 0.5109107564280565 0.5825252645409231 0.50604122958448 0.5822655564425989 0.49084830583252087 0.5765519782794691 0.48987440046380554 0.5812267240493026 0.482083157514083 0.582265556442599 0.4663058905408949 0.5869403022124325 0.46182592584480436 0.5918747560805901 0.46591632839340874 0.5918747560805901 0.46942238772078393 0.5921344641789142 0.4830570628827983 0.5999257071286368 0.4682537012783255 0.6048601609967944 0.47117541738447144 0.618884398306295 0.4814988142928538 0.618364982109647 0.4830570628827983 0.6058989933900908 0.4842257493252567 0.6014839557185813 0.4914326490537501 0.5983674585386923 0.4935752408649238 0.5921344641789142 0.49123786798000707 0.5949912532604792 0.4998082352247019
28 0.612651403946517 0.5140272536079455 0.6090154905699797 0.5072099160269383 0.6046004528984703 0.5007821405934172 0.6069378257833871 0.4980552055610143 0.6160276092247301 0.5025351702571047 0.6175858578146747 0.5050673242157646 0.6175858578146747 0.5111055375017995
28 0.6651124398079822 0.49260133549620844 0.6593988616448521 0.4906535247587779 0.6497896620068611 0.4990291109297296 0.6217411873878599 0.4890952761688333 0.6261562250593693 0.4801353467766524 0.6321295113208233 0.4733180091956452 0.6406998785655182 0.4698119498682701 0.6487508296135647 0.4620207069185474 0.6570614887599355 0.46221548799229045 0.6531658672850742 0.4470225642403316 0.6474522891219443 0.4197532139163026 0.6612168183331208 0.41741584103138585 0.6684886450861953 0.4187793085475873 0.6783575528225105 0.40923503593417704 0.6853696714772609 0.405923757680545 0.6934206225253076 0.4098193791554063 0.7048477788515674 0.4067028819755173 0.7100419408180492 0.42325927324367774 0.7173137675711234 0.42209058680121936 0.7214690971443087 0.421116681432504 0.7206899728493364 0.41488368707272605 0.7396486640269946 0.4154680302939553 0.740947204518615 0.41838974640010124 0.7393889559286706 0.4287131433084836 0.7422457450102354 0.43280354585708786 0.740947204518615 0.4370887294794353 0.7510758203532544 0.43923132129060893 0.7689956791376162 0.44137391310178264 0.7806825435621999 0.4446851913554147 0.771073343924209 0.4491651560515052 0.7702942196292368 0.45987811510737375 0.7669180143510236 0.4629946122872628 0.7721121763175053 0.4661111094671518 0.7669180143510235 0.484810092546486 0.7666583062526995 0.4896796193900626 0.7539326094348193 0.4892900572425765 0.7534131932381711 0.49026396261129174 0.7586073552046528 0.49377002193866687 0.759126771401301 0.503314294552077 0.7630223928761624 0.5040934188470493 0.7679568467443199 0.5025351702571047 0.7786048787756071 0.5044829809945354 0.7728913006124776 0.5091577267643689 0.7734107168091257 0.5128585671654872 0.7669180143510236 0.5177280940090637 0.7604253118929215 0.5321418934660505 0.7466607826817451 0.534089704203481 0.74380399360018 0.5268828044749877 0.7476996150750413 0.515780283271633 0.7495175717633099 0.5128585671654872 0.7367918749454296 0.5097420699855981 0.7406874964202911 0.5146115968291747 0.7204302647510122 0.5194811236727512 0.7147166865878825 0.5070151349531952 0.7227676376359291 0.5058464485107368 0.7230273457342533 0.5017560459621325 0.7204302647510122 0.4963021758973267 0.7157555189811788 0.49747086233978505 0.7045880707532431 0.488316151873861 0.6949788711152519 0.47818753603922176 0.6817337581007236 0.48071968999788156 0.6731633908560287 0.48675790328391655
28 0.6565917355681435 0.5368045886939959 0.6545055015073195 0.5358266664779847 0.6512457607872817 0.5319149776139395 0.6500722541280681 0.5279054965282931 0.6505938126432741 0.521157833237815 0.6547662807649225 0.5215490021242195 0.6505938126432743 0.516072637714556 0.6606338140609904 0.5080536755432633 0.6874141230415561 0.5011851357058007 0.6906738637615939 0.5069548767802675 0.6973237348304708 0.5206457878044259 0.6947159422544406 0.5249486455548757 0.6875445126703577 0.5257309833276849 0.6745055497902066 0.5294470877485278 0.6629008728268724 0.5337499454989776 0.6599019113644377 0.5309139710725448 0.6589891839628271 0.5335543610557753
