24 0.10010665002261789 0.689737024968024 0.07677679844484774 0.6815029597052816 0.052760774761849004 0.6681226036533252 0.028058578973621753 0.6495959568121548 0.010218104237679852 0.6228352447082417 0.004042555290623039 0.606367114182757 0.005414899501080108 0.5785771439210013 0.016393653184736665 0.5569627226063025 0.03903733265727831 0.5327751558969966 0.07128742160301944 0.515277767213669 0.11314392002196007 0.5039559274773981 0.13955055712931386 0.5004786337681043 0.16117596738795748 0.502412040240634 0.19486693923552534 0.5062534838821631 0.23391021054218214 0.5183655416871974 0.26547412738269477 0.5420384793175818 0.2952950543997275 0.5573494698151001 0.3126681580541737 0.5700154340611397 0.32874284293119177 0.5763168133116013 0.33596866158143013 0.5779634617390931 0.350225568898555 0.585494560164747 0.36001516554191043 0.5965078563885219 0.36137483174237645 0.6101725017032055 0.3578939382169794 0.6422254901183649 0.32308648348504915 0.6681271312372428 0.2716911011074333 0.6742456291393398 0.24884870893960398 0.6828115262022757 0.21240965476711446 0.6895418738945827 0.18793566315872592 0.6940287723561204 0.14986500954567714 0.6964761715169593 0.11995235313542452 0.6940287723561205
20 0.19343176634442794 0.4988588999252515 0.1915895590459096 0.4858550837004161 0.19083100309946086 0.4767524123430312 0.190397542558633 0.46293585760414335 0.18895198729390209 0.4477146768793939 0.18709476331181774 0.44377466311898855 0.18112378496369758 0.43659296703898887 0.17314363385133716 0.43108268901103963 0.1700746619444161 0.4244979617577808 0.1785530550858624 0.41669721731231535 0.19955881424653274 0.4048133458501113 0.22240000556581294 0.4035211361614308 0.2535246515796001 0.402365413084716 0.28578271375014885 0.4017412833643188 0.3120786330984002 0.39999875417072595 0.33756829208142525 0.399077135424988 0.3670047399647642 0.39813762752220866 0.3730104664340104 0.41838387942916005 0.37190914403029507 0.42449332588947347 0.36735780835160264 0.4372533205600934 0.36248137726728935 0.45237025692146465 0.360639169968771 0.45342681698973253 0.36193955159125457 0.46366732226679047 0.3612893607800127 0.47585839997757373 0.36161445618563365 0.4903251455277032 0.3640023618661042 0.5066991788809756 0.36527719977254774 0.532708250113996 0.36764528534643787 0.5510239119745524 0.36720126930133345 0.5584611807300509 0.36527719977254774 0.5612362810119534 0.3625858492408432 0.5656294434360787 0.3515426405323211 0.5705932919255573 0.3406610643027064 0.5790711491483908 0.33070199424891067 0.5716211930989062 0.3326738502949231 0.5703865762103237 0.32764491455818245 0.5634163750472242 0.33063761010845466 0.5606469765693353 0.3226311689549776 0.550952548463202 0.30081840514613806 0.555782203557817 0.26668488155592157 0.5415768709667578 0.23478360788045502 0.5176418997005552 0.19794491416993515 0.50604701992452
16 0.7067888316628607 0.7261348753139254 0.700053313175701 0.7234761180163624 0.6943812976075664 0.7192221063402616 0.6927860432290285 0.7132399024207444 0.6914541478528968 0.6886181400688294 0.6919858993124095 0.6629611321473461 0.7135699377898339 0.665491705435144 0.7347737441896253 0.6658136086239197 0.7492015112261684 0.6663453600834324 0.7630633444005952 0.6640246350663713 0.7894736668897212 0.6649552001205182 0.8029447038640407 0.6638916972014932 0.8258847199017751 0.6677098832443933 0.8390738463572837 0.6636369138003343 0.845446412573456 0.6620929330257025 0.8504478342471671 0.6588400583361234 0.8509795857066798 0.6721338448239387 0.851156836193184 0.6904792701771236 0.8497388323011503 0.7235807985317835 0.8178337447303938 0.7233149228020272 0.789296416403217 0.7238466742615399 0.7563278259134353 0.7243784257210525
23 0.3150853176538345 0.3370981602589419 0.3278155424701733 0.3479021010570189 0.3321706193810261 0.35129403595874076 0.33468316375267193 0.35619349748345014 0.3330081341715747 0.35895729629226053 0.32480048922419835 0.36435926669129903 0.3035276135442637 0.37478632583362914 0.28341500512164836 0.38642932435912686 0.2691772536823221 0.39070064979092484 0.2507519282902527 0.39359007581831745 0.2274690171130015 0.39158004032100086 0.20586113551684748 0.3847961705175571 0.19329841365861833 0.37537412912388535 0.1844207568788031 0.3657008332930489 0.1787256563030726 0.35200746646757913 0.17956317109362122 0.34233417063674276 0.1844207568788031 0.32977144877851367 0.19463843732349612 0.3182137446689429 0.20552612960062805 0.31230926539557524 0.22462146682513623 0.30640478612220756 0.25058442533214303 0.305274141154967 0.26766972705933456 0.3076610583080305 0.28291249624731923 0.313942419237145 0.2969827447285358 0.32323883341223447
26 0.3163542477194372 0.37064165340395305 0.3208038182202417 0.3792229679412187 0.3254542994874074 0.3880661129630121 0.32767908473780966 0.3909265511421005 0.33133408907775597 0.39354861947293174 0.33832627129330584 0.39307187977641705 0.3604152105651562 0.3878277431147547 0.38981415851689954 0.38008072304638996 0.41539918889652483 0.3740338357273369 0.42411745644689136 0.3713945983289521 0.41659488382489757 0.35874889435232454 0.4012903395249791 0.3390994158655649 0.3844294008894758 0.31594805012373917 0.35330151417777733 0.2929912336738616 0.3390345661015822 0.2789836846535973 0.32632131256718144 0.2813203010023176 0.3260206788201179 0.2835612084659405 0.317235956894445 0.283821282470319 0.2963687765450705 0.28859545352531385 0.28469434345963684 0.29232318092140536 0.27787462512260125 0.2976980436785605 0.2763719753195257 0.30107900573548063 0.2761407984267448 0.30645386849263584 0.2813422785143143 0.31182873124979094 0.287930819958569 0.31685682866777476 0.30573144070269564 0.32821339352563483 0.3237632383396032 0.34295092044041503 0.33254796026527617 0.35066644923697654 0.33543767142503694 0.3557812379897532 0.33416619851474216 0.3595956567206375 0.32584383037463094 0.3650572108125854
23 0.7429782501507214 0.35162318326894193 0.7207851277440506 0.34614017655670565 0.7100802098773036 0.34281120819570504 0.6886703741438093 0.33948223983470444 0.6855372274511029 0.32185828968823055 0.685144449482521 0.2859824202783886 0.6965116439006578 0.2806538429499846 0.7165311061222013 0.2770765208822128 0.7202671173448835 0.28297345043906774 0.7411950986701886 0.28340648606011787 0.7634434107894752 0.28540609502752134 0.8011918872344467 0.2879629164693605 0.8235760624808738 0.29059138272610824 0.8419737616434483 0.29110720291608216 0.8511863711906098 0.2887573428965523 0.8590043849170226 0.2952990757875843 0.8524663652773289 0.3046157312967799 0.846541840864166 0.31931349617285665 0.8420331736648624 0.33896730781718065 0.8347224980485474 0.35267482459777144 0.8033910311214827 0.35208735959288895 0.7668376530399076 0.35149989458800657
31 0.4890808310649888 0.7742661977254841 0.4700327021535164 0.7680286062157413 0.46413046502601785 0.7629982904820778 0.45930136192170096 0.7402612633659189 0.4598379289332917 0.7149084720682549 0.46252076399124553 0.7010248006433437 0.4735203877288564 0.6943847838749079 0.48505657847805794 0.6923726575814425 0.512153212563392 0.6877447671064723 0.5089338104938473 0.682513238743462 0.5242259703241844 0.6802998998206502 0.5438106662472475 0.676879285121759 0.565005063205083 0.6770804977511056 0.5848580426339417 0.682110813484769 0.6009550529816647 0.6879459797358186 0.6114181097076848 0.7046466279715814 0.6146375117772295 0.7211460635779977 0.6090035581555263 0.7275848677170871 0.6191983313757511 0.7370418612963744 0.6127595272366618 0.7565594863429885 0.6162472128120018 0.7784916629417613 0.603906171545414 0.7809062144939198 0.5896871457382586 0.7766807492776425 0.5642002126876969 0.7788940882004545 0.5419326817066799 0.7887535070384349 0.515640898138732 0.789558357555821 0.5110800785402104 0.778692875571108
11 0.4909550432427835 0.36335842671217333 0.5038033320374826 0.3518928018318927 0.5573464370995592 0.3531403751015148 0.5736914861987932 0.3515830648457607 0.5913603448523636 0.34794738041860995 0.6109744037714444 0.33428758938567865 0.6240504430508315 0.32027754730062097 0.6477309457325 0.3054189174542574 0.6617409878175579 0.29210937747345267 0.6682790074572514 0.28055109275328005 0.66547699904024 0.2647897954075902 0.6594059808033816 0.24902849806190028 0.6421269288984771 0.23326720071621035 0.6080358264915035 0.21540439705776182 0.5935587830036105 0.20874962706735947 0.5613356862079778 0.19789184445143973 0.5281785866066747 0.19649084024293398 0.49829049682521837 0.20279535918120994 0.46793540564092667 0.21610489916201478 0.439448320067976 0.2357189580810955 0.4235702723715773 0.26023653172994643 0.4165652513290485 0.2861551095873031 0.4165652513290485 0.3019164069329931 0.42683928219142414 0.3215304658520738 0.4389813186651408 0.3355405079371315 0.45205735794452795 0.3477992947615569 0.4651333972239151 0.35480431580408583 0.4791434393089728 0.3618093368466146
33 0.6848910239161135 0.6160429189090231 0.6980287489057992 0.6256820106134122 0.7071680358551461 0.6291092432194171 0.713736898349989 0.631037061560295 0.7228761852993357 0.631037061560295 0.7257322124710065 0.6295376472951678 0.727715723341732 0.6370368606411825 0.7274301206245649 0.6430345177016913 0.7242884907357269 0.6449623360425691 0.7022970815138614 0.6445339319668186 0.6891593565241756 0.6430345177016913 0.68087687772633 0.6400356891714369 0.6648831255649733 0.631896011732175 0.6585998657872975 0.6321102137700504 0.6611702902418013 0.6378936687926838 0.6520310032924544 0.6396072850956863 0.6366084565654319 0.6400356891714369 0.6337524293937611 0.6383220728684343 0.6203291016869081 0.6385362749063097 0.623185128858579 0.6411066993608133 0.6083337875658906 0.645604942156195 0.5883415973641947 0.6464617503076964 0.5851999674753567 0.6381078708305591 0.5832007484551872 0.6308250015427984 0.5809159267178504 0.6303965974670478 0.5812015294350175 0.6333954259973023 0.5769174886775112 0.6361800524896813 0.5686350098796656 0.6417493054744395 0.5603525310818203 0.6441055278910679 0.5534980658698102 0.6406782952850629 0.5620661473848227 0.6376794667548085 0.559495722930319 0.6323244158079256 0.5654933799908277 0.6297539913534218 0.562922955536324 0.6254699505959156 0.5677782017281645 0.6246131424444143 0.5620661473848227 0.6231137281792871 0.5517844495668077 0.625041546520165 0.5503564359809723 0.619686495573282 0.5397891354457901 0.6171160711187784 0.5346482865367826 0.6139030405506486 0.5303642457792763 0.600408312164504 0.52608020502177 0.580701724679975 0.5209393561127625 0.5502850353016805 0.5180833289410917 0.5299358417035257 0.5163697126380892 0.4922362830374706 0.5152273017694209 0.4408277939473953 0.5157985072037551 0.40676966992522057 0.5157985072037551 0.3787092029635544 0.5103720555775805 0.3694985153349159 0.5135136854664184 0.36371506031228246 0.5260802050217701 0.35857421140327506 0.5369331082741193 0.36093043381990336 0.5415027517487926 0.36307245419865647 0.5537836685869773 0.36500027253953427 0.5597813256474862 0.3679991010697886 0.5840575566066883 0.3645718684637837 0.6223283207070778 0.36307245419865647 0.6337524293937612 0.3632866562365318 0.6417493054744396 0.3667138888425368 0.6488893734036166 0.3714263336757937 0.6594566739387989 0.3759245764711753 0.6645975228478062 0.37785239481205307 0.6668823445851431 0.37828079888780375 0.6900694419118827 0.3877225791510234 0.706734825081239 0.3940922808912341 0.709619218322089 0.39901978601101973 0.7062540928744306 0.4081536979403785 0.7017087778712612 0.42124159621582036 0.6999460931129637 0.4306158742485832 0.6977026761478582 0.44720113538347145 0.6936965744244552 0.46919463384495375 0.6898507167699881 0.48710190854856483 0.68936998456318 0.4973174679432424 0.6900109608389244 0.5024853391664322 0.6880880320116911 0.513061447716216 0.6856843709776492 0.5338531156606773 0.68648559132233 0.5505585598472676 0.6871265675980744 0.5685860176025809 0.6900109608389244 0.583608899065342 0.6914531574593497 0.6003143432519322 0.6900366209749484 0.6141790224090413
34 0.6912929133904135 0.6114913670602266 0.6957797473206248 0.6104097195949078 0.7045931711121112 0.6116115501119286 0.7105222016627476 0.6124528314738432 0.7143680593172144 0.6088473399227806 0.7167717203512562 0.6060831297336325 0.7175729406959368 0.6003143432519322 0.7222200186950842 0.599953794096826 0.7318346628312513 0.5991125127349114 0.7363214967614627 0.5997134279934219 0.7457758968286936 0.5993528788383156 0.7587556664125191 0.5969492178042738 0.761319571515497 0.5955070211838487 0.7619605477912414 0.5919015296327861 0.766767869859325 0.5854116448408733 0.7723764122720893 0.5863731092544899 0.7795873953742145 0.5832483499102357 0.7826320326840007 0.5834887160136398 0.7847152055801704 0.5869740245130003 0.785836914062723 0.5908198821674673 0.7895225276482537 0.5916611635293819 0.7943298497163372 0.5921418957361902 0.7962527785435707 0.5902189669089568 0.8058674226797378 0.5902189669089568 0.8089120599895242 0.5910602482708714 0.8130784057818632 0.5926226279429986 0.8186869481946273 0.5944253737185299 0.8262184194346248 0.5971895839076781 0.8294233008133474 0.5986317805281031 0.831826961847389 0.5976703161144864 0.8361535517086641 0.5994730618900177 0.8390379449495142 0.6007950754587407 0.8414416059835561 0.6000739771485281 0.8425633144661089 0.5959877533906571 0.8456079517758951 0.5939446415117217 0.8472103924652563 0.589137319443638 0.8464091721205758 0.5731529735672602 0.8436850229486618 0.5652208921549224 0.8395186771563226 0.5527218547779053 0.8366342839154726 0.5468328852445029 0.8374355042601532 0.5382998885736546 0.8358330635707919 0.5159458409570662 0.8350318432261113 0.5086146748032387 0.8385572127427061 0.5040477188385594 0.8383969686737699 0.4986394815119654 0.8417620941214284 0.4938321594438818 0.8433645348107894 0.4904670339962233 0.8403198975010032 0.48157348817026874 0.8412813619146199 0.47448268811984545 0.8401596534320671 0.4715982948789954 0.839999409363131 0.460060721915595 0.8374355042601532 0.44984516252091744 0.834551111019303 0.4240058064049683 0.8364740398465365 0.3991279147026361 0.8363137957776003 0.3921572977039149 0.8315064737095167 0.3860279620671083 0.8212508532976053 0.37845642980987676 0.8214110973665413 0.3768940501377497 0.808591571851652 0.37376929079349536 0.7935286293716568 0.37076471450094317 0.7751005614440032 0.3670390398981784 0.7618003037223053 0.3660775754845617 0.7510639511035854 0.36511611107094505 0.7406480866227377 0.3645151958124346 0.7350395442099737 0.3708848975526452 0.7337575916584848 0.3723270941730703 0.7275080729699761 0.37376929079349536 0.72734782890104 0.36932251788051806 0.7276683170389123 0.367760138208391 0.7199766017299786 0.3642748297090304 0.7015485338023251 0.36223171783009483 0.6871265675980744 0.3594675076409468 0.6831204658746715 0.36211153477839275 0.673025089531696 0.3673995890532846 0.6725443573248877 0.37004361619073056 0.667416547118932 0.3740096568968995 0.6672563030499958 0.3774949653962601 0.6714226488423348 0.37929771117179145 0.6832807099436076 0.3838646671364707 0.7073173202840253 0.3937196773760421 0.7106824457316838 0.39900773165093395 0.7055546355257278 0.41439116226880124 0.7018690219401972 0.4250874538702871 0.7001063371818997 0.4422736302636859 0.6956195032516885 0.46354603041495546 0.6904916930457329 0.48758264075537316 0.6906519371146689 0.5018844239079218 0.6884085201495634 0.5224357257489789 0.6879277879427551 0.5556062480187552 0.6884085201495634 0.5690667498093891 0.6912929133904134 0.5846905465306607 0.6925748659419024 0.5981510483212946
