20 0.5160584780928201 0.3417713506218357 0.5203721102777573 0.3367527183394026 0.5324298899697963 0.32054052102158004 0.5344423823215001 0.2984162681832873 0.5340306655623669 0.2884086669288856 0.5444936877685378 0.22571743177420991 0.5506063624992809 0.21673934001310266 0.557262495669862 0.18675885665116743 0.6105908066657989 0.19619126240600465 0.6426353795254462 0.2007690585288114 0.6633444572238579 0.20714527455700654 0.679693729091025 0.2130310124291867 0.6857974572547673 0.2102516362117683 0.6899392727944496 0.20927067989973827 0.6942990786256942 0.21139608524247003 0.6951710397919433 0.22087866292542688 0.6964789815413164 0.24049778916602732 0.69778692329069 0.26191533531201616 0.6919011854185098 0.270416956682943 0.7007683738137694 0.29707287109756203 0.7143257282852108 0.3423390112964585 0.6804688716139355 0.3425157065574036 0.6301835278218525 0.34130678387508095 0.572224515350847 0.34169978202379137 0.5264289507330813 0.34308693902680515 0.5187640837490076 0.34410090169451885
22 0.4443752041829596 0.7535374561318 0.4432449310086298 0.742093440241711 0.44720088711878403 0.7213246706634016 0.4528522529904329 0.6980127864428498 0.4601990286235764 0.6950458193602342 0.4828044921101719 0.6980127864428498 0.4912815409176453 0.6895357376353766 0.513321867817076 0.6912311473968713 0.5240594629732087 0.6954696718006077 0.5314062386063524 0.6925027047179922 0.5545768386801126 0.6946219669198606 0.557967658203102 0.7005559010850918 0.5681401167720701 0.7005559010850918 0.5743566192308839 0.7022513108465865 0.5811382582768625 0.6963173766813552 0.5913107168458304 0.6958935242409815 0.603178585176293 0.7043705730484549 0.6048739949377877 0.7128476218559281 0.6020483120019632 0.7153907364981701 0.6076996778736121 0.7183577035807859 0.6144813169195907 0.7314971292323694 0.6222153824685412 0.7370793938098046 0.6216502458813764 0.7514903767825093 0.6176942897712222 0.7663252121955874 0.6126080604867382 0.7671729170763348 0.6052612848535948 0.7909086537372602 0.5962190994589565 0.7900609488565127 0.5781347286696801 0.7998095549851071 0.5651365871648876 0.8040480793888437 0.553268718834425 0.7981141452236125 0.5351843480451486 0.7985379976639861 0.522751343127521 0.8053196367099648 0.5091880650355638 0.811253570875196 0.5001458796409255 0.8078627513522068 0.4888431478976278 0.8070150464714595 0.4769752795671652 0.8070150464714595 0.457760635603559 0.8057434891503383 0.44928358679608565 0.80362422694847 0.4521092697319101 0.7964187354621177 0.44532763068593134 0.793451768379502 0.4453276306859315 0.7828554573701604 0.45041385997041544 0.7794646378471711 0.44815331362175587 0.7705637365993241 0.44419735751160166 0.7625105402322244
24 0.5303369465510016 0.2926018586418082 0.5125389869500008 0.3192987980433093 0.4598866897970403 0.33709675764431 0.40426806604391297 0.32875396408134094 0.36766649845769966 0.29714297535614653 0.3543180287569491 0.2632156148667389 0.33800323245603175 0.2465300277408007 0.3283626710054897 0.2309568130899251 0.317980527904906 0.21482741220151824 0.2831261903529462 0.15475929854814072 0.2749687922024876 0.1347365939970149 0.2729309338103288 0.10821682628183592 0.28400531620382435 0.08115320791840813 0.3063738624535352 0.0591199368713267 0.39161689272175354 0.06432745587399522 0.5330556538693748 0.07249307775064218 0.5500955843679572 0.08857313628191926 0.5619608907686244 0.112489144495764 0.5664103806688745 0.13751752518467128 0.5597361458184994 0.16574843463120886 0.5559624353717352 0.188247155820899 0.5496470048623485 0.21637055730801155 0.5441210031666351 0.22436352404645404 0.538615228271286 0.25435355755018496
29 0.21909384669551224 0.4446992237998071 0.21756172189344575 0.4384941183514377 0.2092882479622865 0.435506474987408 0.20591757339774017 0.4299908256999686 0.20377259867484707 0.4191893458453995 0.20898182300187323 0.4191893458453995 0.2086914187964943 0.4153586866985065 0.2117877099106961 0.4124624422746702 0.21133677713104695 0.4108547526576809 0.2314626693733586 0.4056744194473818 0.2345589604875604 0.4066568964355419 0.23729798724243117 0.4110333848373464 0.23896522091930905 0.4079073216932004 0.25068049213056803 0.40754931790681054 0.2559203694007557 0.40996085233229473 0.2608029823116123 0.4092463236136329 0.25472948820298574 0.4026369329660097 0.24913234657346708 0.3994215537320309 0.24913234657346708 0.3927228469945751 0.25699216247874856 0.39084720910808746 0.2619938635093823 0.3872745655147776 0.2554440169216477 0.386113456346952 0.2555631050414247 0.3748596290280263 0.25877848427540345 0.36887545100923247 0.2671146526597929 0.36950066363806167 0.2746172042057434 0.3692327153685635 0.2780707596792762 0.3751275772975246 0.28235793199124787 0.37235877851270943 0.28450151814723373 0.36708912921257764 0.2885505142196515 0.3539596640071643 0.3015311192753436 0.35413829618682974 0.31206059054807045 0.35114035605162264 0.3205310815931754 0.35258418975249284 0.32553637175619193 0.35922582477649556 0.3257288829163079 0.3660118431705853 0.32380377131514776 0.3694770440526737 0.3197610369527113 0.37005457753302173 0.32168614855387145 0.37611867907667645 0.32611390523654005 0.3820383972502441 0.33456734169205665 0.3855697119019607 0.3347041231073028 0.38982703345149683 0.34052154735773216 0.39532400944335955 0.33898475837075975 0.4007323245321277 0.3383300062088396 0.40447103991738104 0.34211287140754076 0.4069535452040288 0.33868464982121776 0.4201640197651181 0.33407428286030066 0.4242424213074678 0.333601424710463 0.4261929611755482 0.3437678749319726 0.42690224840030466 0.34743252559321436 0.4294734145900469 0.33407428286030066 0.43621164322523337 0.32851819959970835 0.4371869131592735 0.32556283616322296 0.44161995831400147 0.3224892581892782 0.4426838891511362 0.3226074727267376 0.4504860486234575 0.3150417423293353 0.45589436371222564 0.29884635069739574 0.4569582945493603 0.2886799004758862 0.45536239829365827 0.2768584467299449 0.4583768689988734 0.2565255462869259 0.4598841043514808 0.2533337537755217 0.458022225386495 0.2503783903390364 0.45952946073910256 0.2385569365930951 0.45828820809577875 0.21940618152467026 0.4578449035803059 0.22106118504910202 0.4539438238441453 0.22153404319893966 0.4488901523677554 0.2189333233748326 0.44676229069348594
29 0.1919014559058048 0.4158967534699787 0.1974823182885633 0.40869744099622013 0.19902328498014316 0.40514898553169343 0.20886727754939075 0.39881931457873754 0.2097602155306321 0.39563822302056517 0.19279439388704614 0.3948010936631514 0.19056204893394268 0.39212227971942726 0.17381946178566707 0.39614050063501355 0.17426274989647342 0.3982726090865238 0.1826176437381156 0.4016631687340837 0.1793971432886114 0.4040142879144245 0.18609735902773586 0.41305051365477186
29 0.26844040494467186 0.35751673879465046 0.2664704675553077 0.35278888906017636 0.25602979939167736 0.35293663436437867 0.25327188704656745 0.35559604984002036 0.258196730519978 0.3585509559240666
28 0.791816791614145 0.42712615151941546 0.7835646826988427 0.4138310871558729 0.7945674945859125 0.407068942350278 0.8118357965753414 0.393544652739088 0.8156562173694628 0.3951492294726191 0.8193238213318194 0.40443285200233414 0.8161146678647573 0.4094758074505745 0.8092379104353388 0.4141749250273438 0.8023611530059201 0.42024939408999695
28 0.8586736659710742 0.48746255982221615 0.8492159787531913 0.48604390673953374 0.84448713514425 0.48258593985049536 0.8377485330015085 0.4819652791268217 0.8375120908210615 0.47788665151410975 0.8395218493548614 0.47469468207807436 0.8496888631140854 0.4744286846250714 0.8577278972492857 0.47655666424909504 0.8645847204822509 0.48107862095014525 0.8636389517604626 0.48294060312116593 0.8612745299559919 0.4835612638448395 0.8583190027004035 0.48462525365685133
28 0.8689250131429802 0.4953759233091663 0.8578122306619679 0.48961264516076886 0.8504825230681087 0.48952397934310127 0.8401972882186612 0.4939572702264839 0.8390150773164258 0.4986565585628693 0.8411430569404494 0.49989788001021646 0.8552113666770501 0.5032671810815872 0.8608859790077797 0.5034445127169225
28 0.8495367543463205 0.5058384897939491 0.8496549754365439 0.5035331785345902 0.8458719005493909 0.5022918570872431 0.8335769071661433 0.5006072065515577 0.83747820314352 0.5089417934123169 0.8437439209253672 0.5098284515889935 0.8552113666770501 0.5129317552073612 0.8569846830304031 0.511956431213017
28 0.7799227883823907 0.5455709889886433 0.7781582571869553 0.5371343242104684 0.7907305419544316 0.5255545882404244 0.7951418699430198 0.532998704221167 0.7872014795635611 0.5424279177967742 0.7847752491698377 0.5450747145899271
28 0.8465338410100722 0.6107483600200337 0.8416813802226253 0.6066127400307323 0.8436664778174898 0.6009882968452823 0.8434459114180605 0.5966872520564089 0.8487395050043663 0.5990031992504177
28 0.780769896212458 0.6205514788669995 0.7811464796559658 0.6180095406233209 0.7754977280033468 0.6142437061882415 0.7713553101247596 0.617632957179813 0.7703510876087383 0.6223402502236622 0.7631960021820875 0.6230934171106781 0.7628194187385795 0.6245997508847099 0.7674639478751775 0.6263885222413725 0.7772551174063839 0.6245056050238329 0.7856654809780612 0.6246938967455868 0.7916908160741882 0.6207397705887535 0.7880505094536114 0.6184802699277059 0.7831549246880083 0.6203631871452455
28 0.5615065115737853 0.611357173335781 0.5591360303860414 0.6044679623839003 0.5520245868228099 0.6040234971611984 0.5618028217222533 0.5938007970390529 0.5646611701032543 0.5881839173610235 0.5713912944931646 0.5933671013138923 0.5796592599901582 0.5912179552793708 0.5836379063339214 0.5930979681094242 0.5861221152066286 0.5988364906053777 0.5797625404924982 0.6054693282955058 0.5694282315820366 0.6062145909573179 0.5673891216249979 0.6094970097792811
28 0.6514740691622606 0.6330017471638195 0.6358336582721529 0.6392119103113623 0.630313513252115 0.6382918861413559 0.6232599946153998 0.6415119707363782 0.6090560005441896 0.638036761899389 0.6262297850509745 0.6326316199006018 0.6158028444575694 0.6304465624968367 0.6153428323725663 0.6261914507105575 0.61442280820256 0.6256164356043035 0.6078293016508479 0.6268814688380622 0.5957156500790979 0.6235463812217893 0.5954089753557624 0.6199812875630147 0.5882021193573795 0.6064109310554213 0.5983223852274492 0.6072159522041769 0.6299098817309998 0.6083659824166848 0.628683182837658 0.6069859461616753 0.6211696521159397 0.6020408162478913 0.6185629169675885 0.595600647057847 0.622089676285946 0.5867454144215362 0.6305232311776707 0.5867454144215362 0.6328232916026866 0.5923805624628249 0.6411035091327436 0.5992807437378723 0.649230389301133 0.6023858253116438 0.6590439804478669 0.6003157709291295 0.6630307518512276 0.6044558796941579 0.6637974386595661 0.6087109914804372 0.6581239562778606 0.6141161334792243 0.6536771727894967 0.6125060911817133 0.6440169190044303 0.6117010700329578 0.641410183856079 0.609401009607942 0.6360433761977087 0.6079059703316817 0.6361967135593765 0.6135411183729704 0.6388034487077278 0.6148061516067291 0.6429435574727562 0.6135411183729704 0.6450902805361042 0.6144611425429768 0.644630268451101 0.617106212031745 0.6366567256443796 0.6209013117330211 0.6437102442810947 0.6221663449667797 0.6518371244494839 0.6222813479880305 0.6596573298945377 0.6219363389242782 0.6634907639362307 0.6245814084130463 0.6734576924446326 0.6223963510092814 0.682044584698025 0.6226263570517829 0.6955382725247843 0.6165311969254911 0.6996783812898131 0.6179112331805005 0.7038184900548415 0.6123910881604625 0.7208389371999586 0.6128511002454657 0.7209922745616264 0.6113560609692054 0.7153187921799207 0.6069859461616753 0.7166988284349302 0.6043408766729071 0.7309592030700283 0.599970761865377 0.7410794689400979 0.608250979395434 0.7444528908967878 0.6121610821179609 0.7446062282584556 0.6151511606704815 0.7406194568550947 0.6211313177755227 0.74429955353512 0.6218213359030274 0.7591732776168889 0.6218213359030274 0.7596332897018923 0.6261914507105575 0.7603999765102308 0.6301015534330844 0.7686801940402878 0.6309065745818399 0.7669934830619428 0.6334366410493574 0.7539598073201865 0.6359667075168747 0.7430728546417782 0.6370017347081318 0.7231389976249746 0.6366567256443795 0.7097986471598827 0.6336666470918588 0.6918581758447593 0.6305615655180875 0.6809712231663511 0.6294115353055796 0.6768311144013226 0.6336666470918588 0.6657908243612467 0.6336666470918588
28 0.7019610972138932 0.6099334221961827 0.7052120748639753 0.6080578581672893 0.7169656094450416 0.5984924816199322 0.7174657598527464 0.5949289099650344 0.7039616988447129 0.5904275562956899 0.6999604955830734 0.5870515410436815 0.6972096683406961 0.5876142102523495 0.6974597435445485 0.5911777819072473 0.6892072618174171 0.586301315432124 0.6944588410983189 0.5789866157194392 0.6934585402829092 0.5711092467980863 0.6962093675252862 0.5634194342796227 0.6832054569249577 0.5617314266536185 0.6694513207130717 0.5568549601784953 0.6654501174514321 0.5589180806102783 0.6634495158206122 0.5705465775894183 0.6644498166360221 0.5752354876616521 0.6672006438783993 0.5855510898205667 0.6591982373551201 0.5902399998928005 0.6601985381705301 0.5921155639216941 0.6792042536633182 0.597367143202596
28 0.6429383716311456 0.5710014094149254 0.6307864095865727 0.5771989100576574 0.6179053298193256 0.5637102321881817 0.5916570918030484 0.5582418492681239 0.5875254247078936 0.5555076578080951 0.5901988563576996 0.5432949359532995 0.5846089538171961 0.541654421077282 0.5853380715398705 0.5398316267705962 0.5736721879770805 0.5321758906825154 0.5787760120358011 0.520692286550394 0.5860671892625449 0.5208745659810626 0.5945698979272162 0.5236060088661942 0.6063971968561788 0.5251839315487239 0.6033229753658382 0.5332695672665269 0.6055103285338613 0.5336341261278641 0.6149888589286281 0.529623978653155 0.618839874473986 0.5293532095360769 0.6196469513048497 0.5322586861271855 0.6172257208122591 0.536495839489219 0.6306231962045934 0.5395223776049571 0.6455000493246381 0.5327917698945482 0.657444786421418 0.5262544475645539 0.6777831225591785 0.5389659076506542 0.67487764596807 0.5444136762589828 0.673263492306343 0.5519194907860137 0.6640628164344988 0.5545828443278632 0.6556692173935184 0.5607569820839691 0.65098817177451 0.5646309508721139 0.6400119268747662 0.5658415661184092
28 0.5569525618371575 0.519934106550935 0.547202845218564 0.5133835156978174 0.5453747733525777 0.5176490167184521 0.5490309170845502 0.5213051604504247
28 0.5773201828523096 0.5160052431147941 0.5872173071740417 0.5124694797648243 0.5884786336715828 0.5089656753550172 0.5852713400522688 0.5036632728931705 0.5790925433252136 0.49632885109371144 0.5719833749574892 0.4954074756822855 0.5719833749574892 0.49373174313846474 0.5780769478441101 0.48946624211783013 0.578889424228993 0.483067990586878 0.5752332804970204 0.4818492760095539 0.5658898020708683 0.485657759063692 0.5595751176295396 0.49687180537583203 0.556764276231423 0.5026286247777436 0.5586021340686531 0.5114665587891293 0.5649805818566866 0.5146287553620104 0.5686562975311468 0.5165747224837833
28 0.7615420520462425 0.405408481831252 0.7581280858834529 0.40831035306962316 0.7417410483020633 0.4062619733719493 0.7408306573253195 0.39858054950567307 0.7442446234881089 0.39738566134869674 0.7583556836276388 0.4033601021335783
28 0.7082841799067263 0.3671720608080097 0.703732225023007 0.36956183712196233 0.6998630633718456 0.36956183712196233 0.6891659693951052 0.3728051049766124 0.6846140145113858 0.37041532866265975 0.6939455220230105 0.36256320648824386 0.7064633979532386 0.3606855250987097 0.7208020558369544 0.36000273186615184 0.7390098753718317 0.36529437941847553 0.7326371385346248 0.37178091512777556 0.7235332287671861 0.36956183712196233
28 0.5506175888366485 0.4102534593989595 0.5496541284887277 0.40645983427902194 0.5551940254892715 0.40627918546378683 0.5588070017939739 0.40971151295325414 0.5566392160111524 0.4171181143778941 0.5489315332277873 0.42073109068259645 0.5400195250095214 0.418563304899775 0.5395377948355611 0.4225375788349477 0.5299031913563546 0.42000849542165597 0.5241224292688307 0.41585357267124823 0.5352022232699181 0.4030275067895546 0.5426690409663031 0.4041113996809653
28 0.5988511199249735 0.4657928639864307 0.5730631059853473 0.4600127918965144 0.570988208312044 0.4546773407365917 0.5760272455186376 0.44245026516176883 0.5680240687787536 0.44245026516176883 0.5600208920388695 0.4384486767918269 0.5609101338988567 0.42933394772695893 0.5570567525055792 0.42511004889202014 0.56298503157216 0.4228869442420524 0.5665419990121084 0.4128829733171973 0.5849196641185088 0.40399055471732614 0.5864017338851539 0.4062136593672939 0.5887730455117862 0.40465748611231656 0.5869945617918121 0.39976665588238736 0.5813626966785603 0.3919857896075001 0.5869945617918121 0.38909575356254195 0.5766200734252958 0.37975871403267725 0.5861053199318249 0.3733117105477707 0.5970726362049994 0.3810925768226579 0.5985547059716446 0.3842049233326128 0.609375614272266 0.38315611728158033 0.6159023711266775 0.38777548828481323 0.6133637361028415 0.3943204067056403 0.6162197005046569 0.39384441263867104 0.6220902939972776 0.38967946455269015 0.6238356055761648 0.38539551794996707 0.632403498781611 0.3890844719689786 0.6309755165807034 0.39253542895450555 0.6309755165807034 0.39670037704048644 0.622758904284756 0.4069749272587003 0.6206962633278894 0.410306885727485 0.6256148686865715 0.40935489759354654 0.6424333257194845 0.404951952474081 0.652746530503818 0.41209186347861965 0.6530638598817976 0.4158998160143736 0.6600451061973464 0.41780379228225056 0.6621077471542133 0.42244473443520064 0.6703583109816801 0.434463584626174 0.6703583109816801 0.4361295638605663 0.6654397056229978 0.43577256831033945 0.663535729355121 0.4404135104632896 0.6540158480157361 0.4383905356786702 0.6479865898341256 0.4323216113248124 0.6483039192121052 0.4251817003202738 0.640212020073628 0.42672868103792383 0.63894270256171 0.4274426721383777 0.6360867381598947 0.42958464543973934 0.6319614562461613 0.42934664840625464 0.6337067678250485 0.43184561725784315 0.6294228212223253 0.43470158165965855 0.6289468271553561 0.437557546061474 0.6502078954799821 0.4386285327121548 0.6500492307909924 0.44184149266419726 0.6424333257194845 0.4437454689320741 0.6483039192121052 0.44481645558275495 0.6486212485900846 0.4474344229510858 0.6463999429442282 0.4523133621375205 0.6343414265810075 0.45445533543888206 0.6256148686865713 0.4536223458216859 0.6243455511746534 0.4545743339556243 0.6287881624663664 0.46040526127599757 0.6310094681122228 0.46730717524705156 0.6397360260066589 0.4731381025674247 0.6364040675378743 0.47789804323711704 0.634024097203028 0.4811110031891595 0.6403706847626179 0.4824199868733249 0.6367213969158537 0.48682293199279036 0.6387840378727204 0.4890839038108943 0.6378320497387819 0.4915828726624828 0.636562732226864 0.4934868489303597 0.6378320497387819 0.4945578355810405 0.6398946906956486 0.5015787480688368 0.6279948390214177 0.5071716783557254 0.6281535037104075 0.5089566561068601 0.6325961150021202 0.5068146828054985 0.6389427025617102 0.5091946531403446 0.6417986669635256 0.5139545938100372 0.6494145720350333 0.514311589360264 0.6546505067716951 0.5160965671113986 0.6544918420827053 0.5241884662498757 0.6449719607433206 0.5207375092643488 0.6424333257194845 0.523117479599195 0.6237108924186945 0.5224034884987411 0.6187922870600123 0.5163345641448833 0.6110177172995147 0.5119316190254178 0.6068924353857813 0.5057436961548176 0.6095897350986069 0.5028877317530023 0.6140323463903198 0.5040777169204254 0.6054644531848735 0.495866819265206 0.6008631772041709 0.48777492012672885 0.5911846311757964 0.48741792457650185 0.5900739783528681 0.4771840521366633
