30 0.24989288957171124 0.584661935513989 0.22366506442715844 0.5720944359655575 0.20690839836258307 0.5562484582740569 0.19233738439338707 0.5404024805825562 0.18505187740878906 0.5207316117241416 0.18318834490486172 0.5100449409408337 0.16833038834261077 0.5067265298561067 0.15618283454469045 0.5028219589924894 0.14663832798918155 0.49783278511120066 0.14316759833263287 0.4913251670051719 0.14548141810366533 0.47961145441432007 0.1530013323595208 0.47418843932596283 0.16485965868606212 0.4739715187224285 0.1906009036387981 0.4778760895860457 0.20014541019430698 0.4676808212199341 0.2166313760629132 0.4516286965583964 0.23340656940289845 0.44013190457107887 0.27129536815355487 0.4286351125837614 0.3007965702342186 0.4234290180989384 0.33723923162797964 0.4240797799095412 0.36847579853691775 0.4310212392226386 0.4040507775165418 0.44729028448771063 0.430948932354794 0.46941618604820834 0.4407826663816819 0.4839498664850058 0.44917026305167446 0.503255800199558 0.46073936190683673 0.5275509077953987 0.46073936190683673 0.5440368736640049 0.4584255421358043 0.557485951083131 0.4509056278799488 0.5685489018633799 0.4358657993682379 0.5839502647143147 0.4153306489003249 0.596097818512235 0.3965308632606863 0.6008700717899894 0.37339266555036166 0.6036900396359353 0.35748515462451363 0.6045577220500724 0.33492541185694724 0.6010869923935237 0.30889493943283214 0.5980501039440436 0.27997219229492654 0.5937116918733577 0.2585693594128764 0.5891563591991377
29 0.21687114359406393 0.3788989114523213 0.20519346663130666 0.3751453724285778 0.21492486410027106 0.36972359383872627 0.2193735029432262 0.37055771362178036 0.22159782236470382 0.3745197825912873
29 0.2541284939038134 0.41914519098468117 0.23828021802578564 0.41330635250330255 0.232441379544407 0.41560018190670145 0.2371680583150469 0.4226902000626611 0.24634337592864186 0.4228987300084247 0.2566308532529757 0.4243584396287694
29 0.27025480970952587 0.41935372093044476 0.2669183305773095 0.41977078082197183 0.25885517267445324 0.4158087118524648 0.256352813325291 0.4070504541303969 0.26107949209593084 0.40308838516088996 0.27108892949257996 0.4057992744558158 0.27136696942026467 0.40934428353379565 0.27081088956489524 0.41539165196093786
29 0.30278548124863547 0.3228043560419336 0.28943956471976995 0.3280176046860216 0.2819324866722831 0.322178766204643 0.2802642471061749 0.3123778587537574 0.2813764068169137 0.30862431973001403 0.2952784032011486 0.31175226891646685
29 0.2896850262935329 0.42134101006422076 0.2947084660558485 0.4171548102622911 0.28828962635955635 0.4169455002721946 0.2743356270197908 0.3989448411238971 0.26400966750836424 0.39329347139129195 0.2514510681025753 0.3991541511139936 0.24447406843269248 0.3966424312328358 0.24084602860435347 0.3832465918666609 0.24391590845910188 0.3817814219359855 0.2347062688948566 0.37696729216376634 0.23526442886844723 0.37257178237174027 0.24196234855153467 0.3723624723816437 0.24893934822141744 0.36650179265894217 0.2520092280761659 0.3568735331145039 0.2553581879177096 0.3558269831640215 0.2734983870594049 0.3633621428074949 0.27880090680851577 0.3639900727777844 0.28075446671608295 0.3652459327183633 0.28633606645198917 0.3614783528966266 0.28745238639917037 0.3501756134314165 0.29917374584457346 0.34012873390678533 0.31480222510511086 0.3432683837582326 0.3254072646033327 0.3464080336096798 0.3242909446561515 0.3432683837582326 0.33350058422039675 0.3365704640751451 0.341872983824256 0.33657046407514507 0.34968722345452474 0.34264045378794317 0.359734102979156 0.34850113351064466 0.37201362239814967 0.3551990531937321 0.3834559018567575 0.3491290634809341 0.39489818131536514 0.34724527357006574 0.39908438111729483 0.35436181323334615 0.41052666057590254 0.3671297226292317 0.4080149406947447 0.36964144251038955 0.40271242094563386 0.3713159224311614 0.40745678072115415 0.3717345424113543 0.4007588610380667 0.3809441819755995 0.4049450608399963 0.38471176179733624 0.4085731006683354 0.3918283014606166 0.40578230080038225 0.39727036120312526 0.40047978105127136 0.4022938009654408 0.404665980853201 0.4106662005693002 0.3982471411569089 0.4173641202523876 0.38596762173791516 0.424899279895861 0.3775680914210657 0.42179585891633825 0.3526047424923073 0.42303360442095506 0.34215206381105134 0.42385272994537865 0.3378333067650734 0.4233053868149766 0.3245277939329906 0.42273515055074445 0.30184506253353516 0.4219748355317683
20 0.4920057278404169 0.3493653974197792 0.4712563809587359 0.35508205421371175 0.44415519319490754 0.35190613377263813 0.4411910007832388 0.3325330190820889 0.45008357801824495 0.3287219145528006 0.4581292431356315 0.31697100892082813 0.45474159466515296 0.3049025112447483 0.4428848250184781 0.30045622262724525 0.44039430116221034 0.25407363528589055 0.4437819496326889 0.24327550578624021 0.43997084510340057 0.22834867971319414 0.4488634223384067 0.22993663993373092 0.4852806433960509 0.2286662717573015 0.5335546341003702 0.22644312744854997 0.6241742306856712 0.2226320229192616 0.6483112260378309 0.22199683883104687 0.6874576371653844 0.2166935661205374 0.694361527968795 0.2166935661205374 0.6955121764360299 0.2793463751614866 0.706498158882329 0.2815061475090583 0.7108706230578224 0.3151626151756839 0.7002846571592598 0.3149900179055986 0.6892384318738032 0.31619819879619543 0.6517272918419401 0.3148174206355134 0.6040904452984085 0.31153807250389354 0.5559933393679828 0.30929430799278507 0.5090468819047922 0.3075683352919325 0.5042141583424049 0.3106750861534672 0.5039840286489579 0.31757897695687753 0.49178715489626623 0.3160256015261102 0.4947788409110775 0.33121416129361303 0.4931679330569483 0.334493509425233 0.48557365317319695 0.3374276630166824
27 0.7851019525025563 0.366590074710787 0.7820722333959825 0.3637934109201034 0.7853350078184466 0.3608219556425023 0.7853350078184466 0.3545294621134645 0.7965216629811803 0.35487904508729995 0.8007166586672055 0.35680175144339477 0.7958224970335095 0.3608219556425023 0.7925597226110455 0.35994799820791373 0.7878986162932398 0.36711444917154007
27 0.8144530171311684 0.45706764639303443 0.8079955285501869 0.4601264567734994 0.8015380399692053 0.45706764639303443 0.8025576434293603 0.4471265126565234 0.8052765859897736 0.4443226031410973 0.8117340745707551 0.4453422066012523
27 0.8102548022197658 0.5831041583626246 0.8053189952387779 0.5798378155075591 0.8079320695228303 0.5778780097945199 0.8195457330075078 0.5713453240843888 0.8239008568142617 0.5702565431327002 0.8265139310983142 0.5730873736070904 0.822449148878677 0.5789667907462083
27 0.80038318825779 0.5907256250244443 0.7989314803222052 0.5870237697887033 0.7818013266823062 0.5835396707433 0.7765751781142012 0.5848462078853263 0.7794785939853707 0.5883303069307295 0.787027475250411 0.5905078688341066 0.7954473812768021 0.5920321621664704
27 0.6361384173732066 0.5861996643890937 0.6384611500701421 0.5835865901050412 0.634396367850505 0.5798847348693004 0.6271378281725817 0.5803202472499758 0.6227827043658276 0.5820622967726774 0.6230730459529445 0.585328639627743 0.6282991945210493 0.5864174205794315 0.6306219272179848 0.5855463958180805
12 0.707272106216856 0.5798847348693004 0.6971101506677633 0.5792314662982873 0.6828834128990334 0.5783604415369364 0.6834640960732673 0.5748763424915332 0.6918840020996585 0.5716099996364676 0.6976908338419971 0.5670371196393759 0.7058203982812714 0.5659483386876875 0.7090141557395576 0.5716099996364677
27 0.6409889516004265 0.5325465848411061 0.6362992965563327 0.5336017572260272 0.6337199862820809 0.5327224469052596 0.6353613655475138 0.5256879643391188 0.6426303308658593 0.5219948609918948 0.6477889514143625 0.5211155506711274 0.6508372271930236 0.5234017575051231 0.6506027444408189 0.5260396884674258 0.6468510204055437 0.5263914125957329 0.6430992963702686 0.5285017573655751
27 0.602810672951293 0.45167973694771646 0.6037623790974113 0.44554123230525383 0.5934839527193343 0.44696879152443114 0.5908191755102032 0.448681862587444 0.5913901991978742 0.45125146918196324 0.5950066825531234 0.45167973694771646
