23 0.2281705368814455 0.6732593164009927 0.21707950438448204 0.6599500774046365 0.21042488488630393 0.6466408384082802 0.21264309138569665 0.6316679445373794 0.2242886755075083 0.6166950506664789 0.2522111623316078 0.6247879624123448 0.2765276059967725 0.6271977518215566 0.29890874254645833 0.6223635384111771 0.3205060907953128 0.6123146134182306 0.3383863181316965 0.6118728890692815 0.34129906835047286 0.642481701221919 0.3410890802086698 0.6554501473752581 0.33134188747013693 0.6691300524099139 0.3182824675426271 0.67850870363691 0.3079010613251593 0.6830950664619916 0.29305307698868177 0.6865685553973491 0.26067710578057396 0.6865685553973487 0.24334241309175653 0.6798503428090968
20 0.3815739431152408 0.3426133835615612 0.3641329290299426 0.3383704315560291 0.35648231201192343 0.34124083959877877 0.34015096888156626 0.3359098288632637 0.3276555500279943 0.32913838345690927 0.32655438311795915 0.31083120118589186 0.32887503073521857 0.2808964754801449 0.3304580730923512 0.24139295231275792 0.33620215224260136 0.23376335732207695 0.33530778405170947 0.22185411200544908 0.36815097697071464 0.22377985991332663 0.42789900292176464 0.22269696646275114 0.4604118132909239 0.2217445584087678 0.4645311669390736 0.2181514507464936 0.4734447743231938 0.22044772304423713 0.47175390012918245 0.22234995651249992 0.4816173329275823 0.22213859723824853 0.4900717038976394 0.22319539360950563 0.5007805737930449 0.22404083070651132 0.5453069275686786 0.22361811215800848 0.5715154775758553 0.2238294714322599 0.5751790383295468 0.22192723796399708 0.5906787184413179 0.22446354925501422 0.6002603388740493 0.22678850127177988 0.6050511490904149 0.2798396791088878 0.5949059039263465 0.28279870894840775 0.591952039366234 0.2901962835472076 0.5926200524148449 0.303300558550796 0.5951877162920151 0.32020930049091006 0.5915241555383237 0.3250705637986929 0.5923730361549344 0.33209503136792323 0.5885006987666953 0.3370188193931576 0.5893843754890639 0.3435657916155444 0.589314783277548 0.3506685504227301 0.5584580509966421 0.3472607049553889 0.5536290011549136 0.3436962770121367 0.5447050632119784 0.3459142580719249 0.5004987614273764 0.34979959888610973 0.45523480239161573 0.3548748041078476 0.43459635100589933 0.3541337553281158 0.4278328542298537 0.34890196763046716 0.4047835018977322 0.34571322935648824
22 0.20791679355334924 0.579710608151716 0.20664220410804673 0.5752495450931572 0.2006941200299683 0.5714257767572496 0.2006941200299683 0.5628222980014577 0.19729521484249496 0.5625036506401321 0.18879795187381151 0.54880181410313 0.18786657394522652 0.5297719554613929 0.19466438432017327 0.5256295397641597 0.18914116339052903 0.520212534621624 0.18616712135148986 0.5052361086393194 0.1967887000623441 0.49472074571557373 0.2078351419216326 0.49408345099292256 0.21590754174188187 0.49057833001834056 0.21973131007778943 0.48324944070785114 0.22865343619490697 0.484205382791828 0.23205234138238037 0.48261214598519986 0.24097446749949797 0.4803816144559205 0.24989659361661556 0.47687649348133854 0.26094303547590403 0.4765578461200129 0.273264066780495 0.4800629670945948 0.2804867403038759 0.4813375565398973 0.2834607823429151 0.48484267751447924 0.28983372956942766 0.48579861959845616 0.2898337295694277 0.4822934986238742 0.29535695049907196 0.4791070250106179 0.30257962402245286 0.4813375565398973 0.3166001079207805 0.48070026181724607 0.3229730551472931 0.49025968265701503 0.3314703181159765 0.4956766877995507 0.33486922330344987 0.5007750455807607 0.3340194970065815 0.5109717611431808 0.33359463385814736 0.5173447083696933 0.3306205918191082 0.5227617135122291 0.3238227814441615 0.5284973660160903 0.3238227814441615 0.5332770764359748 0.31872442366295134 0.5406059657464642 0.30130503457715035 0.5351889606039286 0.2885591401241252 0.5323211343519979 0.28388564549134926 0.5224430661509034 0.27241434048362667 0.5214871240669265 0.2503214567650497 0.522761713512229 0.2528706356556547 0.5323211343519979 0.26094303547590403 0.5332770764359748 0.27071488788988995 0.5390127289398361 0.2758132456711 0.5390127289398361 0.2809116034523101 0.5358262553265799 0.2919580453115985 0.5358262553265799 0.3017298977255845 0.5447483814436974 0.29960558198341364 0.5469789129729768 0.3076779818036629 0.5492094445022562 0.3098022975458337 0.5619553389552813 0.30342935031932117 0.5689655809044452 0.28516023493665177 0.5676909914591427 0.2749635193742317 0.5555823917287688 0.25244577250722056 0.564823165207212 0.24947173046818139 0.5705588177110733 0.23587610971828796 0.5769317649375859 0.23460152027298536 0.5810741806348191 0.22780370989803864 0.582030122718796 0.2125086365544085 0.584579301609401
16 0.6035484479103801 0.787851534930818 0.6335786633673844 0.7958007096106132 0.6418222519242092 0.7971255720572458 0.6465328739566804 0.7962423304261574 0.661842395562212 0.7697450814935065 0.6848066779705094 0.7339737954344281 0.6965832330516875 0.7132176171038515 0.693050266527334 0.704826821608512 0.6689083286109188 0.6959944052976285 0.6276903858267954 0.6845122640934798 0.5964825148616731 0.6849538849090239 0.5964825148616731 0.6911365763266424 0.5829394765183183 0.6937863012199075 0.5735182324533759 0.7101262713950421 0.5835283042723773 0.7189586877059257 0.5882389263048485 0.7277911040168096 0.5970713426157321 0.738831624405414 0.6029596201563212 0.7551715945805486 0.604137275664439 0.7688618398624182
24 0.3410820362867258 0.8238635950013928 0.321018387093389 0.7962760773605545 0.31368223143805996 0.7742637406575511 0.3157198007116483 0.746847138137614 0.32745971361991677 0.7242058775288106 0.34716599600165304 0.7053381603548078 0.37819290868779104 0.6889861388040052 0.40754269095846235 0.679552280217004 0.4494709513451355 0.674520888970603 0.4830135596544739 0.6754642748293032 0.5194911461908794 0.6845836714634046 0.5475830806499504 0.6943319920033059 0.5647736674084863 0.7056526223077078 0.5819642541670222 0.7223191058114105 0.5924463192636905 0.7374132795506128 0.6016705365487587 0.7625702357826164 0.6016705365487587 0.7867838061559201 0.597896993113958 0.8003056701306223 0.5798678411476886 0.8229469307394257 0.5555494501234183 0.8399278761960284 0.5111054941135448 0.8572232836055309 0.47588575538873945 0.863512522663532 0.44234314707940103 0.8631980607106319 0.40209201710819475 0.8547075879823304 0.37483864785685733 0.8462171152540293 0.3580673437021882 0.8386700283844282
26 0.2905819064931502 0.4267921751618142 0.24960887595071451 0.37841653497852873 0.2445656389432186 0.371118455653462 0.24431810287141376 0.36406367760702296 0.25347693752819417 0.3568232475067304 0.2737748954161941 0.34902586124487667 0.3034792240327793 0.33751543390594996 0.3257350985404102 0.3286265072757824 0.3389420752173114 0.33631257547693916 0.35663698837701474 0.34229228285326735 0.3592778546659055 0.3413019579949333 0.3635992722295448 0.34751399574266495 0.371521871096217 0.3560668013373678 0.3859265963083482 0.37281229439647035 0.4040525422002799 0.39324899829118154 0.4162965586305914 0.4077437530358885 0.41689675551443023 0.41359567265331676 0.4149761254861461 0.4190874741404418 0.4111348654295778 0.4228687145086262 0.3996110852598729 0.4271001025396897 0.37224210735682356 0.43673326252530253 0.3681607685467197 0.4356529081343928 0.3682808079234875 0.4274602206699931 0.3517153739295366 0.42466930516014256 0.34691379885882623 0.43169160870105666 0.3357501368194245 0.42367898030180856 0.32854777421335896 0.4245792756275668 0.31594363965274413 0.4248493642252943 0.3029793869618261 0.4257496595510525 0.2963772212395993 0.42367898030180856
14 0.22470271489027907 0.37878761059245053 0.21620733814584503 0.3701860416387111 0.17500476093534023 0.33354972942833944 0.17288091674923173 0.3322754229166743 0.21238441861084978 0.3128422486137817 0.24891453861191595 0.2899047314038099 0.25910899070523674 0.294683380822554 0.27397590000799615 0.3077450225671213 0.2981877237296331 0.3297268098933442 0.3015858744274067 0.33641691907958593 0.2523751515021561 0.35533340545024567 0.24319857318340055 0.3622207948316346 0.24167142358727245 0.37167003295767725 0.2449166164790447 0.37625148174606154 0.23957159289259627 0.3796875683373498 0.23098137641437572 0.37854220614025363
11 0.1964179745558368 0.4451781016718827 0.1890176113072652 0.438008999774829 0.17730036949702693 0.4333837727444718 0.17561233471323912 0.4240827128085799 0.1667042594408008 0.42197771526288946 0.16019022216723788 0.41605570031381234 0.15697178847985957 0.4087045051869596 0.15960505240589637 0.4028893806836284 0.16428641049662848 0.3993783621155793 0.16677338198232985 0.40025611675759165 0.1777453150074831 0.3992686427853278 0.1881320782712949 0.39762285283155485 0.1913505119586732 0.39904920412482475 0.19895771885611283 0.3974034141710518 0.2042242467081864 0.39762285283155485 0.20802785015690617 0.3955381855567757 0.20641863331321705 0.3936729569424997 0.21490359485266888 0.38807727109967144 0.22060900002574862 0.3864314811458984 0.22060900002574862 0.38292046257784945 0.22368114127279154 0.3807260759728187 0.22938654644587125 0.3805066373123157 0.24065106435169534 0.3805066373123157 0.2453324224424273 0.3861023231551439 0.2519155822575193 0.3958673435475303 0.25703581766925754 0.4076073118844443 0.2592302042742882 0.4162751389743154 0.2636189774843495 0.43097752922802074 0.2580598647516052 0.4331719158330515 0.24869714857014105 0.4371218117221066 0.238602970187 0.4374509697128612 0.22806991448285288 0.439864794978395 0.21431842509132745 0.44173002359267094 0.20363907694684488 0.44381469086745007
15 0.7147835099721701 0.43396699209067596 0.713828033687864 0.43018851769364763 0.7140013688177568 0.42540410021714886 0.7158254599059773 0.41713054420986273 0.7194736420824185 0.41628364477604607 0.7253802227490376 0.4136778003643024 0.7280729286411725 0.414394407577532 0.7316342493372221 0.41941065807013844 0.7394517825724529 0.42364515523922186 0.7403203973763675 0.4276190679671309 0.7428393803077198 0.4291174285038835 0.7517861127880395 0.4275539218568373 0.7636861356016688 0.42501322355538723 0.7685503785035902 0.42651158409213985 0.7760204658172555 0.43009462015828737 0.7894839952779309 0.437651568952344 0.7901788871210625 0.45042020656988785 0.7882679345524505 0.45270032043016345 0.7885285189936249 0.45843317813599943 0.7756730198956897 0.46468720472418423 0.7669000103761525 0.4679445102388637 0.7532627579546943 0.4627979675256701 0.7374539685234496 0.4556970415036687 0.7357167389156206 0.45335178153309935 0.7347612626313145 0.448791553812548 0.7278123441999982 0.44657658606256584 0.724164162023557 0.4429935499964184 0.7198210880039843 0.44084372835672986 0.7216451790922048 0.4398013905920324 0.7213845946510306 0.43608806230529773 0.7177364124745894 0.43426397121707716
27 0.5376463299667903 0.4272200276413532 0.5294917601643222 0.42862368309915505 0.5266844492487183 0.422507755747304 0.5282886269147776 0.42120436139363077 0.5331011599129556 0.4203020114564724 0.536710559661589 0.42240749464317523
27 0.5768355524204942 0.4238036871520443 0.5689483455623693 0.42420473156855915 0.5670768049519668 0.42320212052727213 0.5672104864241384 0.4180888042167081 0.5705525232284285 0.41528149330110425 0.5754987376987781 0.4161838432382626 0.5775039597813523 0.4209963762364406 0.5771029153648374 0.42229977059011375
27 0.5954172770523479 0.4353337141268456 0.5902036996376552 0.4325264032112418 0.5932783734976022 0.426310214755262 0.6039728912713309 0.41899115415386645 0.6062454762982483 0.4158830599258765 0.6099885575190533 0.41538175440523295 0.6123948240181423 0.41668514875890617 0.6103896019355681 0.42169820396534147 0.610790646352083 0.4250068204015889 0.6039728912713309 0.4293180478791232
27 0.550643434866658 0.4602487089951447 0.538487950653266 0.4662095714459427 0.5368983873330533 0.4582150029825195 0.5440046704116517 0.4566721915246659 0.5507369385913765 0.45877602533082995 0.5470902933273589 0.45470861330557955 0.5424151070914389 0.45379695198957515 0.5474643082262325 0.4485373674741651 0.5613963632092741 0.4485373674741651 0.5686896537373093 0.4502204345190963 0.5707467356811141 0.4521840127381827 0.5671935941418149 0.4543579743378855 0.5615833706587109 0.45309567405418716 0.5593392812654693 0.45505925227327354 0.5636404526025156 0.4617213926594596 0.5668195792429414 0.46193177604007596 0.5728038176249188 0.4614408814853044 0.5736453511473845 0.46277330956254153 0.572616810175482 0.4643161210203951 0.5701857133328037 0.46606931585886513 0.5667260755182228 0.4663498270330203 0.5648560010238549 0.4650173989557832 0.5510174497655317 0.46536803792347714
27 0.5610223483104005 0.4713289003742751 0.561115852035119 0.4696458333293439 0.5665390680687862 0.4704172390582707 0.5681286313889989 0.47904295766354316 0.5659780457204758 0.48156755823093994 0.560180814787935 0.48219870837278916 0.5534485466082101 0.47581707916075827 0.5495213901700373 0.46943544994872755 0.5504564274172213 0.46775238290379634 0.5568146806980725 0.4681030218714903
27 0.5579273200729813 0.49381525344297317 0.5532796470994004 0.4935054085780678 0.552969802234495 0.48978727019920304 0.5551387162888327 0.48661136033392277 0.5591666995326029 0.48405514019845325 0.5650537519658054 0.483125605603737 0.5666029762903324 0.4855269033067538 0.5638143725061837 0.4899421926316558 0.5611290503436703 0.4912590333075036
27 0.557720756829711 0.5086103457422058 0.5513172962883329 0.5078357335799422 0.5517304227748734 0.5058992031742835 0.5480122843960086 0.5048147461471146 0.5466696233147519 0.5028007545252297 0.5463597784498465 0.4983854652003277 0.5494582270989006 0.49761085303806424 0.5558616876402787 0.49846292641655404 0.5605093606138596 0.49970230587617565 0.5612323319653055 0.5008642241195709 0.559269981154238 0.5031880606063613 0.561645458451846 0.5041175952010776 0.5619553033167514 0.5058217419580572
27 0.7966314949003384 0.39779685959008854 0.8023035985519459 0.3975841557031533 0.8042888348300088 0.3956698207207356 0.8024454011432361 0.39364913379485034 0.7932282327093736 0.3923729104732386 0.79067578606615 0.3923729104732386 0.7876979316490561 0.3975841557031533 0.7862799057361542 0.40215728927226196 0.7926610223442129 0.4049224398024207 0.7957806793525971 0.401838233441859
27 0.8023190615199145 0.42657764524872444 0.7983485889637891 0.4167932664497011 0.7953707345466952 0.4140281159195423 0.7969305630508872 0.41009309401123945 0.8067149418499104 0.41328365231526876 0.8085583755366831 0.41764408199744224 0.8106854144060359 0.4241315505489686 0.805580521119589 0.4281729244007391
27 0.776888940668008 0.474131051133072 0.7786783058979639 0.4711114973075214 0.7982122096583162 0.4706641560000324 0.7988086647349683 0.4725653565568606 0.7952299342750563 0.47603225168990027 0.7830026052036907 0.4749138984211778
27 0.7432072342939854 0.4285019383995895 0.7409783555506845 0.4272946290803015 0.7404830491632843 0.4231154814366123 0.732062840577481 0.41875059389764824 0.7288433490593799 0.4137356167252213 0.7342917193207819 0.4147571861492342 0.7365205980640828 0.41550014573033445 0.739492436388484 0.4166145851019849 0.7398639161790341 0.41299265714412103 0.7440740204719357 0.41169247787719554 0.752989535445139 0.4132712669870336 0.7584379057065412 0.41624310531143477 0.7664866345017942 0.4173575446830852 0.7668581142923443 0.42032938300748635 0.7720588313600465 0.4231154814366123 0.7731732707316968 0.42599444981337603 0.7819649591080503 0.4223725218555121 0.786546543191502 0.4249728803893632 0.7924902198403042 0.4328668259385536 0.7918710868560539 0.4374174533727929 0.7828317452860005 0.4329596958861912 0.7683440334545449 0.42580870991810094 0.7633909695805431 0.42441566070353787
15 0.6012696769047563 0.5575179447126216 0.6012696769047564 0.5488451732672042 0.605638184003189 0.5490379015215467 0.6112915461305721 0.5463397059607501 0.6182297632869062 0.5417142278565276 0.6218273573679682 0.5374742062609901 0.6321061975995741 0.5440269669086387 0.6472674869411928 0.5517360970823433 0.6598590662249099 0.5598306837647329 0.647781428952773 0.5646488901232982 0.6328771106169444 0.5698525529905487 0.6174588502695356 0.5648416183776408
15 0.6159804777897954 0.5359668846206714 0.609120480149279 0.5327734374431897 0.603443240722645 0.5336605061036013 0.6029701374370922 0.5432408476360462
27 0.6089643849436479 0.4628813555217728 0.6053721793021265 0.46262476940452124 0.6041747774216192 0.46493404445978503 0.5976745957845803 0.4648057514011593 0.5969903661385763 0.45492718588697506 0.6074248682401387 0.4467164301349259 0.6105039016471572 0.44581837872454555 0.6118723609391654 0.4410715355553921 0.6171751406956971 0.4408149494381405 0.6216226333947238 0.4431242244934044 0.6195699444567115 0.44710130931080316 0.6139250498771777 0.4562101164732328
27 0.6758861450229716 0.6245455070036633 0.6674282942510048 0.6292195824302766 0.6620864937634466 0.6287744323896469 0.6604542769478039 0.6269938322271276 0.6622348771103233 0.6224310443106716 0.6653509273947321 0.6199827190872075 0.673066861432316 0.6178682563942158 0.6801892620823934 0.617200531333271 0.6830085456730489 0.617200531333271 0.6825633956324192 0.6209843066786247 0.6858278292637047 0.6210955941887821 0.6893890295887434 0.6234326319020888 0.6901309463231265 0.6269938322271276 0.6852342958761981 0.6277728447982297 0.6877568127731007 0.6301098825115363 0.6879051961199774 0.6313340451232684 0.6827117789792958 0.6343388078975197 0.6763312950636015 0.6315566201435834 0.6751442282885886 0.6288857198998042
27 0.7293070085126581 0.6407329921933237 0.7201462888768038 0.6403554900105274 0.7168242696681972 0.6383169782234281 0.720347623374295 0.6350704594513807 0.7238709770803929 0.631672939806215 0.7255823203090689 0.6322769432986889 0.727595665283982 0.6306159336943856 0.7319243569800452 0.6307669345675041 0.7359510469298711 0.6326544454814852 0.7349443744424147 0.6346174568320254 0.7317230224825537 0.6359009642535324 0.7286023377714386 0.6377884751675134
27 0.7536618574281618 0.6353004619568965 0.7521416968013458 0.6391008635239369 0.7472434014482716 0.6378340630015901 0.7435274532493878 0.6326401808599684 0.7408249454683813 0.6245326575169493 0.7430207330404489 0.6218723764200211 0.7470744947119587 0.6217456963677863 0.7487635620750877 0.6274462987183467
27 0.8347368785306409 0.6292491349098593 0.8346151080159027 0.6266006262143027 0.8286483527937287 0.6240434454047995 0.823168679630508 0.6256873473537659 0.8201244167620519 0.6278792166190541 0.8203679577915285 0.6307103810867182 0.8236557616894609 0.631349676289094 0.8281612707347759 0.629888430112235 0.8331538618390436 0.6303450695425035
27 0.7949454644692783 0.5017138961015869 0.7937408954063947 0.5030045058118193 0.7885784565654652 0.5026818533842612 0.7863413997343955 0.5011976522174939 0.7863413997343955 0.49403476832570403 0.7798023105358847 0.49461554269530855 0.7761618539633963 0.49025975042546294 0.7821448003937779 0.4885913542688698 0.7914694709326942 0.48745565721605305 0.7940995062129013 0.48805339250700924 0.7955340709111961 0.49092252190359886 0.7937807140577245 0.4920582189564156 0.7952270310880906 0.4986307797156382
17 0.808069770279359 0.5630979812662378 0.804144500708285 0.5679835991931946 0.7929684355098244 0.5703784703071505 0.7869369082598616 0.5679835991931947 0.7809053810098987 0.5601337438752283 0.7704389072526102 0.5468289043532514 0.7605046270762007 0.5347215003882524 0.7512799383409634 0.5199531285188581 0.7462928861035956 0.508866843817139 0.734217790540568 0.503296696987054 0.7322767909383547 0.5044400256321372 0.7348424311162672 0.5074493612932389 0.7299443434320729 0.5114874368718267 0.7249652404254363 0.5093018191495915 0.7167152398037095 0.5096841029087076 0.7102011147246534 0.5061744371068393 0.7112873259630803 0.5033231326059695 0.7125545724079114 0.5000644988906892 0.705132128945329 0.5011507101291159 0.695899333418702 0.5022369213675425 0.6939079461482529 0.4997929460810825 0.694270016561062 0.49517654831776897 0.7063993753901601 0.48865928088720895 0.7129166428207202 0.4847217651479121 0.7145459596783603 0.47847605052695863 0.7214252975217293 0.47548896962128523 0.7288477409843118 0.4672066089282818 0.7388046773365563 0.4673423853330851 0.7460460855927343 0.47277344152521855 0.7536495642617212 0.47820449771735196 0.7489426488952056 0.4839071067190921 0.7493047193080145 0.4897454921256356 0.7464081560055433 0.494361889888949 0.7489426488952055 0.4954481011273757 0.7536495642617212 0.49409033707934247 0.7641496062331793 0.4925967966265057 0.7657789230908193 0.4874372932439789 0.7715720496957617 0.4868941876247655 0.7791841149497114 0.4953103573068764 0.7831800870845121 0.5015183854448702 0.7849230979072391 0.5073457478291336 0.7887763567515109 0.5105567968660268 0.7883482168799253 0.5126974962239558 0.7956265946968831 0.5150522655176774 0.7979100073453407 0.5197618041051207 0.8007642731559124 0.5255416923715287 0.8007642731559124 0.5319637904453152 0.7999079934127409 0.5373155388401372 0.799479853541155 0.5438446718818202 0.8017632661896126 0.5494104902124352 0.8078999376823418 0.5608632317773544
27 0.7613958379503145 0.621209471582132 0.7507930820561438 0.6179789443956268 0.750130409812758 0.6197184590345143 0.7247831965032564 0.6195942079888794 0.7216355033471744 0.6169849360305484 0.7241205242598707 0.614624166163487 0.7443320276831336 0.6135059067527736 0.7459887082915977 0.610648132703173 0.7446633638048263 0.6058023419234152 0.7446633638048263 0.6041870783301627 0.7507930820561438 0.6066720992428589 0.7509587501169902 0.6023233126456405 0.7585794809159254 0.6012050532349271 0.7668628839582463 0.6034415720563538 0.7713359216010995 0.6074176055166678 0.770341913236021 0.6115178900226167 0.766365879775707 0.6137544088440433 0.7653718714106286 0.6179789443956268
27 0.6580146627569262 0.5578102058964318 0.659568722184811 0.557324562325218 0.6459707021908183 0.5439207997597106 0.6380709000990701 0.5406184234754552 0.6338038425863376 0.5416693953634628 0.6337225753252982 0.544361439633588 0.6477307352343291 0.551577808901668
27 0.6068477956766465 0.5261814636650015 0.6001225375373029 0.5241045457102042 0.5994104513813724 0.5216715846774417 0.6085093300404844 0.5206034554435459 0.6114367953481985 0.5252913559700884 0.6185576569075034 0.52630014469099 0.6207730360592872 0.52630014469099 0.6214060015312254 0.5235111405802622 0.6316204203103476 0.5202976179332138 0.6387412818696525 0.5204756394721965 0.6420643505973281 0.5234426651219068 0.638583040501668 0.5245107943558026 0.6320951444143013 0.5267657338495825 0.6327281098862395 0.5306822077072002 0.6332028339901932 0.5335305523309222 0.6333610753581778 0.5386931769614182 0.6327281098862395 0.5413041595331634 0.6306709721024404 0.5423129482540648 0.621413852075344 0.5370316425975804 0.6180257753502183 0.5414937836802537 0.6110232388305004 0.5457768885418287 0.6057203470971217 0.5482753663777474 0.6008933559039182 0.5485303130956984 0.6007904390752167 0.5575684721586082 0.6039857712735346 0.560117939338117 0.6033738991504525 0.5629223532355769 0.600586481700856 0.5662876499125288 0.6070451318889454 0.5666955646612502 0.6084728335094703 0.5659817138509876 0.6101724782958097 0.5662366605689385 0.6143196115744775 0.5676133728458733 0.6160192563608169 0.5687351384048572 0.6178548727300633 0.5688371170920377 0.6174469579813419 0.5665935859740698 0.618398759061692 0.5657267671330367 0.6322678605182206 0.5701118506817922 0.6356671500908991 0.5692450318407591 0.6355311785079921 0.5713865842715466 0.6387265107063099 0.5728652752356619 0.6425337150277101 0.5728142858920717 0.6448452319371314 0.5698569039638414 0.6511679105423136 0.567766340876644 0.6619737892382844 0.5727827139203973 0.6648448805361308 0.5760595029016352 0.6734581544296706 0.5809278751023317 0.676204415671089 0.5883240559456973 0.6796996572510763 0.5899156391651557 0.6823210884360666 0.5925370703501461 0.687189460636763 0.590196506792119 0.6896860617653252 0.5930988056040726 0.6934309634581688 0.5970309523815581 0.7042911783674145 0.590196506792119 0.7032925379159898 0.5851408895067804 0.7075367598345456 0.5793362918828732 0.7111568314709609 0.5784936890019835 0.7110320014145328 0.5755913901900298 0.7130292823173826 0.574655164766819 0.7162748637845135 0.5744679196821768 0.7182721446873633 0.5783064439173413 0.7175231643487947 0.5837365513719642 0.7247633076216252 0.582425835779469 0.7321282809508838 0.5813023652716159 0.7337510716844494 0.5832684386603588 0.7308799803866027 0.5852345120491016 0.7356235225308709 0.5905709969614034 0.7322531110073119 0.5931924281463938 0.7378704635465771 0.5952521240774576 0.7408663849008518 0.5974054425508426 0.7396180843365705 0.5996523835665486 0.7391187641108581 0.6016184569552915 0.7305054902173186 0.6008694766167227 0.7227660267187754 0.6003077413627962 0.723390177000916 0.6031164176324287 0.7166493539537978 0.6050824910211715 0.7145272429945199 0.6031164176324287 0.7086602303423986 0.6030227950901077 0.7101581910195361 0.6053633586481347 0.7120306418659577 0.6086401476293727 0.6995476362231463 0.6107934661027576 0.691433682555319 0.6105125984757944 0.6898108918217535 0.6065804516983089 0.6860659901289101 0.6061123389867035 0.6845680294517728 0.6083592800024095 0.6703374030189678 0.6096699955949046 0.6599765083354344 0.6079847898331251 0.6542343257397413 0.6095763730525836 0.6491162934261887 0.6085465250870516 0.6452465616769171 0.6058314713597402 0.6421258102662144 0.6059250939020613 0.6421258102662144 0.6070485644099143 0.6463700321847702 0.6119169366106106 0.6443727512819202 0.6151001030495276 0.6386305686862269 0.6169725538959493 0.6371326080090897 0.6201557203348662 0.6328883860905338 0.6219345486389668 0.6278951838334093 0.6202493428771872 0.6265220532127 0.6207174555887927 0.629892464736259 0.6240878671123518 0.631015935244112 0.6248368474509204 0.6298924647362592 0.6265220532126998 0.6235261318584254 0.6270837884666264 0.6170349689241635 0.623245264231462 0.6140390475698887 0.6157554608457751 0.6102941458770453 0.6148192354225643 0.6051761135634927 0.6163171960997017 0.6039278129992115 0.6136957649147112 0.6041774731120677 0.6118233140682896 0.5973118200085216 0.6117296915259686 0.5963131795570966 0.6084529025447305 0.6016808719835055 0.6060187164443823 0.6004325714192245 0.6050824910211714 0.5915696374128283 0.6045207557672451 0.5849536444221384 0.6014312118706492 0.5870757553814163 0.5985289130586956 0.5760907104157423 0.5900092617074769 0.5762586271132605 0.5845868618232172 0.5698168986083214 0.5858291951777412 0.564111367646804 0.5821021951141694 0.5606144293155514 0.5757524913021581 0.5587739354569973 0.5681604541356228 0.5584058366852865 0.555184972432817 0.5504917130935043 0.5473168611874986 0.5458904784471194 0.536135860996783 0.5514119600227813 0.5314426016574703 0.5506757624793598 0.5285438238302477 0.5475469229198179 0.5173628236395321 0.5473628735339625 0.5125315272608278 0.5515960094086367 0.5134977865365687 0.5580377379135758 0.5151542310092673 0.5584058366852865 0.5288198979090308 0.5611665774731176 0.5299241942241631 0.5690807010648997 0.531856712775645 0.5725776393961524 0.5326849350119942 0.5746937434894016 0.5352258314671363 0.5744108972878871 0.5424147861497021 0.5745374892211735 0.5461176001983348 0.5754236327541797 0.5485386709224407 0.5790947988194908 0.5466397919231419 0.5827659648848017 0.5473993435228615 0.5856775793503932 0.548776030797353 0.5864371309501127 0.5449782727987554 0.5911843284483597 0.5446459689738782 0.5952352703135304 0.5455954084735276 0.5992862121787013 0.5446459689738782 0.6027674903440823 0.5435541135492814 0.6097300466748445 0.5398512995006486 0.6166926030056069 0.5360535415020512 0.6140974683732319 0.5343920223776648 0.6130847329069392 0.531591175853699 0.6114390377742135 0.5292175771045755 0.6078944636421891 0.5291226331546106
27 0.742879130421248 0.521910792828296 0.7375739269887162 0.5158154527143233 0.7384769403389343 0.514714905193745 0.7462654304845661 0.5157307952127403 0.7493131005415524 0.5175932602475654 0.7530380306112022 0.5244505178757846 0.7555213173243023 0.5277521604375197
27 0.7717779816596654 0.5899739200359262 0.771465267728685 0.5950164321729854 0.7564549990416249 0.5945473612765149 0.7558295711796642 0.5926710776906323 0.7530151458008405 0.5911465972771027 0.7528587888353503 0.583875998381808 0.7536405736628013 0.5797716280376902 0.7581749256620172 0.5801234312100431 0.7628656346267235 0.5785989507965136 0.7616147789028018 0.5760190608659251 0.7605202801443705 0.5723837614182778 0.7567677129726055 0.5719146905218072 0.7566113560071152 0.5685139265223952 0.7597384953169194 0.5683966587982775 0.7530151458008405 0.567223981557101 0.7461354393192713 0.5666376429365128 0.7444155126988791 0.5681621233500422 0.7459790823537812 0.5732046354871014 0.7458227253882909 0.5748463836247486 0.7478553659396635 0.5760190608659251 0.7495752925600558 0.5780126121759254 0.7494189355945657 0.5816479116235727 0.7411320164235847 0.581530643899455 0.7476990089741736 0.5819997147959257 0.7281543882878974 0.5787162185206313 0.7223691805647596 0.5759017931418074 0.7208056109098575 0.5725010291423955 0.7137695474627982 0.5705074778323953 0.7114241929804451 0.5680448556259245 0.712831405669857 0.5652304302471008 0.7187729703584849 0.5654649656953362 0.7200238260824066 0.5614778630753359 0.7265908186329953 0.5562008154900413 0.7339395960110351 0.5530345869388646 0.7378485201482902 0.5504546970082762 0.7428519430439767 0.542011420871805 0.7392557328377021 0.5377897828035693 0.7392557328377021 0.5305191839082747 0.741444730354565 0.5278220262535687 0.7497316495255459 0.5266493490123921 0.7486371507671145 0.5315745934253336 0.7523897179388794 0.5304019161841571 0.7561422851106444 0.5316918611494512 0.756611356007115 0.5366171055623928 0.7591130674549585 0.5342717510800397 0.7662379107739422 0.5422371365031193 0.7730892888512437 0.5524507414720106 0.7843979167901606 0.5652260012087053 0.7864129926473236 0.5681036026806416 0.7927904776467362 0.5705449153639665 0.8036832446621501 0.5686844087150364 0.804626228968202 0.5703346312506272 0.8044915169244804 0.5729951941141308 0.8017523720354724 0.5737024323436697 0.7976661067092476 0.573803466376461 0.7921068170835845 0.571852625598608 0.7898616163548895 0.5737722722216423 0.7841139024894304 0.5744121544293203 0.778770324755136 0.5702360810739476 0.7745493473851895 0.5719873376423297 0.7761209878952762 0.5745131884621115 0.7764353159972935 0.5787229398284145 0.7785907086968407 0.5795648901016752 0.7789050367988579 0.5839767095335607 0.7751330995746504 0.5834715393696045 0.7754025236620938 0.5864015263205514 0.7741003072394509 0.5879170368124206 0.7719000105253297 0.5891294452059158
17 0.7037013016677992 0.5899522558889309 0.6941964701178995 0.5964571249808934 0.6874242776385961 0.5895067169100293 0.6825530514692726 0.5918235196003173 0.680290870312061 0.5896565883327175 0.6765936373212346 0.5881724877659773 0.6737816573000427 0.5805176532638437 0.6655019383487555 0.5758700751732626 0.6639918009299671 0.5730190398739986 0.6701885717174086 0.5661062556552352 0.6776871851072538 0.5588419739338226 0.6754032658234645 0.5526220387271663 0.6739226871796998 0.5453486961396722 0.6813622918605232 0.541336566626475 0.6868404328424527 0.5381163080762867 0.6909120241128057 0.5383383948728515 0.6918003712990646 0.5400040458470867 0.6889872718759115 0.5442236949818162 0.6872846064355821 0.5477215620277103 0.687876837893088 0.5483323007182633 0.6912081398415586 0.5484988658156869 0.6923926027565706 0.5503866035864868 0.696982396552241 0.5517191243658751 0.7021644218054175 0.5522743413572868 0.7049034922963823 0.5541620791280869 0.7098634307529941 0.5546617744203575 0.713638906294594 0.5580485980679692 0.7119362408542645 0.5616575085121457 0.7100855175495587 0.5649888104606163 0.7083828521092294 0.5706520237730164 0.7062360130757704 0.5755379332974399 0.7061619841435822 0.5789247569450517 0.7028306821951117 0.5846434919565928 0.702978740059488 0.5872530118162282
27 0.582145417638444 0.5352195593633992 0.5784687678947232 0.5351092598710875 0.5777334379459791 0.5336753664710364 0.5753803821099979 0.5337856659633481 0.573615590233012 0.5320208740863621 0.5750862501305002 0.5304766811939994 0.5787628998742209 0.5319105745940506 0.5811159557102022 0.5311384781478691 0.5781746359152257 0.5252926050553531 0.5780275699254768 0.5228660162244975 0.569203610540547 0.5237484121629904 0.564938696837831 0.5193364324705256 0.5650857628275798 0.5170201431319815 0.5659681587660729 0.5117257675010237 0.5702330724687888 0.5102918741009727 0.5700860064790401 0.5064313918700659 0.5802335597717092 0.5079755847624285 0.5833219455564346 0.5076446862854938 0.5771451739869837 0.5009164172544848 0.5759104158564141 0.49336962910988386 0.5759104158564141 0.4888473499251072 0.5775281417436512 0.48608986261731674 0.5809106595078743 0.48542806566344704 0.5825283853951114 0.48675165957118643 0.5876756950363204 0.4794718930786194 0.5825283853951114 0.4788100961247497 0.5804694615386278 0.47759680170932184 0.5813518574771207 0.4719715276014292 0.5878227610260692 0.46645655298584804 0.5978232483289896 0.46744924841665264 0.6040000198984404 0.469103740801327 0.612088649334626 0.4672286494320295 0.6160594310578444 0.468221344862834 0.6217950046580487 0.46204457329338317 0.625030456432523 0.45708109613936027 0.6300307000839831 0.4511249235545327 0.6454726290076102 0.45465450730850454 0.651649400577061 0.452779415939207 0.6615028218902326 0.44958073066216997 0.6701797152854134 0.4477056392928723 0.675768222895869 0.4470438423390027 0.6709150452341575 0.4543236088315697 0.6690031873674228 0.45564720273930914 0.6650324056442044 0.45476480680081616 0.6532671264642981 0.4578531925855416 0.6544436543822887 0.46016948192408563 0.6479727508333403 0.46182397430875993 0.6354721417046898 0.4588458880163462 0.633560283837955 0.46237547177031807 0.6376781315509222 0.4631475682164994 0.6432666391613777 0.46612565450891325 0.6470903548948473 0.46789044638589916 0.6540024564130422 0.4660153550166016 0.6526788625053028 0.46259607075494136 0.655914314279777 0.46193427380107166 0.6610616239209861 0.46193427380107166 0.6657677355929486 0.4638093651703692 0.6701797152854134 0.4643608626319272 0.6791478975366603 0.46438690388903064 0.6830536872044963 0.46094061888799887 0.6775005807614586 0.4543142558112809 0.6798128991466725 0.4520019374260668 0.6877775513624097 0.45258001702237033 0.6921452638678138 0.45701196059403043 0.6955709207347975 0.45380040728123316 0.6871867675169212 0.4478189939364381 0.680506736626303 0.44685552794259903 0.6802498123612792 0.4442220542261054 0.6841893177583104 0.44313012609975433 0.6846175248666833 0.4382485650643026 0.6942093640942377 0.43317431083008306 0.700632470719832 0.4327246933662916 0.7071412187671009 0.4291277536559587 0.7084258400922198 0.43156853417368457 0.7092822543089657 0.43503701175150555 0.7129648354409731 0.4311189167098929 0.7140781739227429 0.43426623895643407 0.7175038307897265 0.43516547388401733 0.7208438462350355 0.43625740201036833 0.7210151290783847 0.43946895532316543 0.7187884521148454 0.4407535766482844 0.7234987303069478 0.44332281929852213 0.727010028595606 0.4474336075389025 0.7337757009078989 0.4490393841953011 0.7346321151246447 0.45302171030316957 0.7360880192931127 0.45616903254971075 0.7497050053393728 0.46182136638023397 0.7574127332900862 0.4717129505836491 0.7551004149048721 0.47331872724004775 0.7512465509295155 0.47543835242649385 0.7388285447866997 0.4668313895481975 0.7282090084990505 0.4666386963494296 0.7211007705000594 0.47492450389644625 0.7139925325010682 0.47787913294421974 0.7121084212242272 0.48398108423853453 0.6953227025760073 0.49355151311066997 0.6948944954676344 0.4888626452739861 0.6957509096843804 0.48674302008754 0.6902698586972065 0.48642186475626026 0.6846175248666835 0.49008303553284904 0.67485440279578 0.49014726659910507 0.6690307861219078 0.4926522781830868 0.6630358866046864 0.49329458884564625 0.6620938309662658 0.49843307414612176 0.6707911035040505 0.4978577300841321 0.6726949571563798 0.4996425928831908 0.6580987458218546 0.5073769983457789 0.6512766035676744 0.5178481934335905 0.644454461313494 0.5170152574606963 0.6450890791976039 0.5128505775962259 0.6395361727116432 0.5103517696775435 0.6395361727116432 0.504759199573826 0.6428679166032196 0.5028553459214966 0.6439784979004117 0.49928562032337903 0.6417573353060275 0.48833846182248514 0.6338246117546551 0.4814369923327911 0.6178005101808828 0.4778672667346736 0.6087572053323183 0.4803660746533559 0.6043148801435497 0.48691057158323814 0.6013004451940283 0.48821947096921453 0.5982860102445067 0.4885764435290263 0.6000312094258086 0.49214616912714393 0.5928917582295734 0.4948829587523674 0.5876561606856676 0.4996425928831908 0.5901946322221068 0.5065440623728849 0.5886080875118324 0.5118986507700612 0.5862282704464206 0.5124936050364141 0.5848003802071736 0.5161823214878022 0.5908292501062167 0.5212989281784375 0.5957475387080675 0.5264155348690727 0.5946369574108754 0.530342233027002 0.5860696159753931 0.5330790226522255
17 0.6293239133988113 0.517529065166345 0.6157617457973893 0.5184419033702868 0.6099497941767733 0.5203177762468625 0.6026470885452385 0.5207089926199804 0.5967428985804174 0.5216610808602665 0.5875873156981277 0.517101398878292 0.5864374318961201 0.5140375162156225 0.5865833310705328 0.5129979845979312 0.5889177178611382 0.5125055748842878 0.5905998580231587 0.5070725806718103 0.5976759679821811 0.5002882690616133 0.6038766828947267 0.4953641719251802 0.6021258928017726 0.4898929528846988 0.6054086242260615 0.48743090431648217 0.6088372548247631 0.48086544146790466 0.6178100540511524 0.47840339289968803 0.6336401144749453 0.4817408365143816 0.6412268715444127 0.4885798603149833 0.6432694599861926 0.4990846008727074 0.6423940649397154 0.5020390591545674 0.6391113335154265 0.5040086980091407 0.6388195351666008 0.5102458877152893 0.6415186698932384 0.5122702387602674
