20 0.5160584780928201 0.3417713506218357 0.5203721102777573 0.3367527183394026 0.5324298899697963 0.32054052102158004 0.5344423823215001 0.2984162681832873 0.5340306655623669 0.2884086669288856 0.5444936877685378 0.22571743177420991 0.5506063624992809 0.21673934001310266 0.557262495669862 0.18675885665116743 0.6105908066657989 0.19619126240600465 0.6426353795254462 0.2007690585288114 0.6633444572238579 0.20714527455700654 0.679693729091025 0.2130310124291867 0.6857974572547673 0.2102516362117683 0.6899392727944496 0.20927067989973827 0.6942990786256942 0.21139608524247003 0.6951710397919433 0.22087866292542688 0.6964789815413164 0.24049778916602732 0.69778692329069 0.26191533531201616 0.6919011854185098 0.270416956682943 0.7007683738137694 0.29707287109756203 0.7143257282852108 0.3423390112964585 0.6804688716139355 0.3425157065574036 0.6301835278218525 0.34130678387508095 0.572224515350847 0.34169978202379137 0.5264289507330813 0.34308693902680515 0.5187640837490076 0.34410090169451885
24 0.5303369465510016 0.2926018586418082 0.5125389869500008 0.3192987980433093 0.4598866897970403 0.33709675764431 0.40426806604391297 0.32875396408134094 0.36766649845769966 0.29714297535614653 0.3543180287569491 0.2632156148667389 0.33800323245603175 0.2465300277408007 0.3283626710054897 0.2309568130899251 0.317980527904906 0.21482741220151824 0.2831261903529462 0.15475929854814072 0.2749687922024876 0.1347365939970149 0.2729309338103288 0.10821682628183592 0.28400531620382435 0.08115320791840813 0.3063738624535352 0.0591199368713267 0.39161689272175354 0.06432745587399522 0.5330556538693748 0.07249307775064218 0.5500955843679572 0.08857313628191926 0.5619608907686244 0.112489144495764 0.5664103806688745 0.13751752518467128 0.5597361458184994 0.16574843463120886 0.5559624353717352 0.188247155820899 0.5496470048623485 0.21637055730801155 0.5441210031666351 0.22436352404645404 0.538615228271286 0.25435355755018496
29 0.21909384669551224 0.4446992237998071 0.21756172189344575 0.4384941183514377 0.2092882479622865 0.435506474987408 0.20591757339774017 0.4299908256999686 0.20377259867484707 0.4191893458453995 0.20898182300187323 0.4191893458453995 0.2086914187964943 0.4153586866985065 0.2117877099106961 0.4124624422746702 0.21133677713104695 0.4108547526576809 0.2314626693733586 0.4056744194473818 0.2345589604875604 0.4066568964355419 0.23729798724243117 0.4110333848373464 0.23896522091930905 0.4079073216932004 0.25068049213056803 0.40754931790681054 0.2559203694007557 0.40996085233229473 0.2608029823116123 0.4092463236136329 0.25472948820298574 0.4026369329660097 0.24913234657346708 0.3994215537320309 0.24913234657346708 0.3927228469945751 0.25699216247874856 0.39084720910808746 0.2619938635093823 0.3872745655147776 0.2554440169216477 0.386113456346952 0.2555631050414247 0.3748596290280263 0.25877848427540345 0.36887545100923247 0.2671146526597929 0.36950066363806167 0.2746172042057434 0.3692327153685635 0.2780707596792762 0.3751275772975246 0.28235793199124787 0.37235877851270943 0.28450151814723373 0.36708912921257764 0.2885505142196515 0.3539596640071643 0.3015311192753436 0.35413829618682974 0.31206059054807045 0.35114035605162264 0.3205310815931754 0.35258418975249284 0.32553637175619193 0.35922582477649556 0.3257288829163079 0.3660118431705853 0.32380377131514776 0.3694770440526737 0.3197610369527113 0.37005457753302173 0.32168614855387145 0.37611867907667645 0.32611390523654005 0.3820383972502441 0.33456734169205665 0.3855697119019607 0.3347041231073028 0.38982703345149683 0.34052154735773216 0.39532400944335955 0.33898475837075975 0.4007323245321277 0.3383300062088396 0.40447103991738104 0.34211287140754076 0.4069535452040288 0.33868464982121776 0.4201640197651181 0.33407428286030066 0.4242424213074678 0.333601424710463 0.4261929611755482 0.3437678749319726 0.42690224840030466 0.34743252559321436 0.4294734145900469 0.33407428286030066 0.43621164322523337 0.32851819959970835 0.4371869131592735 0.32556283616322296 0.44161995831400147 0.3224892581892782 0.4426838891511362 0.3226074727267376 0.4504860486234575 0.3150417423293353 0.45589436371222564 0.29884635069739574 0.4569582945493603 0.2886799004758862 0.45536239829365827 0.2768584467299449 0.4583768689988734 0.2565255462869259 0.4598841043514808 0.2533337537755217 0.458022225386495 0.2503783903390364 0.45952946073910256 0.2385569365930951 0.45828820809577875 0.21940618152467026 0.4578449035803059 0.22106118504910202 0.4539438238441453 0.22153404319893966 0.4488901523677554 0.2189333233748326 0.44676229069348594
29 0.1919014559058048 0.4158967534699787 0.1974823182885633 0.40869744099622013 0.19902328498014316 0.40514898553169343 0.20886727754939075 0.39881931457873754 0.2097602155306321 0.39563822302056517 0.19279439388704614 0.3948010936631514 0.19056204893394268 0.39212227971942726 0.17381946178566707 0.39614050063501355 0.17426274989647342 0.3982726090865238 0.1826176437381156 0.4016631687340837 0.1793971432886114 0.4040142879144245 0.18609735902773586 0.41305051365477186
29 0.26844040494467186 0.35751673879465046 0.2664704675553077 0.35278888906017636 0.25602979939167736 0.35293663436437867 0.25327188704656745 0.35559604984002036 0.258196730519978 0.3585509559240666
22 0.4443752041829596 0.7535374561318 0.4432449310086298 0.742093440241711 0.44720088711878403 0.7213246706634016 0.4528522529904329 0.6980127864428498 0.4601990286235764 0.6950458193602342 0.4828044921101719 0.6980127864428498 0.4912815409176453 0.6895357376353766 0.513321867817076 0.6912311473968713 0.5240594629732087 0.6954696718006077 0.5314062386063524 0.6925027047179922 0.5545768386801126 0.6946219669198606 0.557967658203102 0.7005559010850918 0.5681401167720701 0.7005559010850918 0.5743566192308839 0.7022513108465865 0.5811382582768625 0.6963173766813552 0.5913107168458304 0.6958935242409815 0.603178585176293 0.7043705730484549 0.6048739949377877 0.7128476218559281 0.6020483120019632 0.7153907364981701 0.6076996778736121 0.7183577035807859 0.6144813169195907 0.7314971292323694 0.6222153824685412 0.7370793938098046 0.6216502458813764 0.7514903767825093 0.6176942897712222 0.7663252121955874 0.6126080604867382 0.7671729170763348 0.6052612848535948 0.7909086537372602 0.5962190994589565 0.7900609488565127 0.5781347286696801 0.7998095549851071 0.5651365871648876 0.8040480793888437 0.553268718834425 0.7981141452236125 0.5351843480451486 0.7985379976639861 0.522751343127521 0.8053196367099648 0.5091880650355638 0.811253570875196 0.5001458796409255 0.8078627513522068 0.4888431478976278 0.8070150464714595 0.4769752795671652 0.8070150464714595 0.457760635603559 0.8057434891503383 0.44928358679608565 0.80362422694847 0.4521092697319101 0.7964187354621177 0.44532763068593134 0.793451768379502 0.4453276306859315 0.7828554573701604 0.45041385997041544 0.7794646378471711 0.44815331362175587 0.7705637365993241 0.44419735751160166 0.7625105402322244
28 0.786480938702538 0.422570221769931 0.778749759788205 0.4090146924059038 0.7878424950050538 0.4030339426017629 0.8051107969944827 0.3895096529905729 0.8089312177886042 0.3911142297241039 0.8125988217509607 0.40039785225381896 0.8093896682838987 0.40544080770205937 0.8025129108544802 0.4101399252788287 0.7956361534250616 0.4162143943414818
28 0.8534092630713314 0.4804880078360225 0.8439515758534485 0.47906935475334017 0.839222732244507 0.4756113878643018 0.8324841301017656 0.4749907271406281 0.8322476879213185 0.47091209952791613 0.8342574464551186 0.4677201300918808 0.8444244602143425 0.46745413263887775 0.8524634943495428 0.4695821122629015 0.859320317582508 0.4741040689639517 0.8583745488607196 0.4759660511349723 0.856010127056249 0.47658671185864593 0.8530545998006606 0.4776507016706577
28 0.8626483468675122 0.4878952396351104 0.8515355643865 0.48213196148671295 0.8442058567926408 0.48204329566904536 0.8339206219431934 0.4864765865524279 0.8327384110409579 0.4911758748888133 0.8348663906649816 0.4924171963361605 0.8489347004015823 0.4957864974075312 0.8546093127323118 0.49596382904286657
28 0.7764210881666331 0.5401869263678248 0.7745715907438308 0.534108074399082 0.7871438755113069 0.5225283384290381 0.7915552034998952 0.5299724544097807 0.781915488573098 0.5381908992454093 0.7787245621330722 0.540837696038562
28 0.845637174399291 0.605032110376304 0.840784713611844 0.6008964903870025 0.8427698112067086 0.5952720472015526 0.8425492448072792 0.5909710024126792 0.8478428383935851 0.5932869496066879
28 0.7794248962962864 0.614162729265184 0.7798014797397943 0.6116207910215054 0.7741527280871752 0.6078549565864261 0.7700103102085879 0.6112442075779975 0.7690060876925666 0.6159515006218467 0.7618510022659158 0.6167046675088625 0.7614744188224079 0.6182110012828943 0.7661189479590058 0.619999772639557 0.7759101174902122 0.6181168554220173 0.7843204810618896 0.6183051471437713 0.7903458161580166 0.614351020986938 0.7867055095374398 0.6120915203258903 0.7818099247718366 0.6139744375434301
28 0.5615065115737852 0.6073221735872658 0.5591360303860413 0.6004329626353851 0.5520245868228097 0.5999884974126832 0.5618028217222532 0.5897657972905377 0.5646611701032542 0.5841489176125083 0.5713912944931646 0.5893321015653771 0.5796592599901582 0.5871829555308556 0.5836379063339213 0.589062968360909 0.5861221152066285 0.5948014908568625 0.5797625404924981 0.6014343285469906 0.5694282315820365 0.6021795912088027 0.5673891216249978 0.6054620100307659
28 0.5556075619209858 0.5158991068024198 0.5458578453023923 0.5093485159493022 0.544029773436406 0.5136140169699369 0.5476859171683786 0.5172701607019096
28 0.7575070522977273 0.4017097320617797 0.7540930861349378 0.40461160330015083 0.7377060485535482 0.402563223602477 0.7367956575768043 0.3948817997362008 0.7402096237395938 0.3936869115792244 0.7543206838791237 0.399661352364106
28 0.8417550403133339 0.5012923882943502 0.8458040938162341 0.5074925014706662 0.845804093816234 0.5086312977683567 0.8371998551225712 0.5045822442654566 0.8294391692420127 0.5021781187481097 0.8292704586793919 0.4929412154446187 0.8439482776274049 0.4983821310891408 0.8427673036890588 0.5000270590746939
28 0.6996524260803705 0.3609567283071547 0.6927411082389185 0.36169722664731035 0.6803007361243051 0.36702881469643034 0.6793134050040979 0.36303012365959036 0.6856323241734252 0.35799473494653256 0.6856323241734252 0.35532894092197254 0.6943208380312504 0.3538479442416614 0.6988625611842045 0.3556251402580347 0.7004422909765364 0.35947573162684354
28 0.7027438008985349 0.3608477074478944 0.7033589367013352 0.3582341319366656 0.7072161315666153 0.3548203828055796 0.7132011095461384 0.3560876910538449 0.7172399113350287 0.3551741525539769 0.7282664812983488 0.3580590109746129 0.733715658315106 0.36036689771112174 0.7326899308766575 0.36286710834233965 0.7290357768771851 0.367242476946971 0.7258843274148199 0.36996039753014576 0.7283157263154126 0.3771195165152241 0.7186801825241751 0.3757012004898785 0.7122865039337278 0.37232425757238863 0.7094048459774699 0.3680017706380017 0.7124666075559941 0.3644897500038124 0.7104854677110667 0.3623285065366189 0.7049923072319502 0.3623285065366189
28 0.6817029790308545 0.42527188960460477 0.6769971465118995 0.42474901932472087 0.6750799554856585 0.42657906530431455 0.6660168706343376 0.4251411720346338 0.6695026725002302 0.4289319815637921 0.6731627644594176 0.4299777221235599 0.6736856347393014 0.4332456613728342 0.671071283339882 0.4353371424923699 0.6701998328734087 0.43912795202152816 0.6583481065293736 0.43703647090199255 0.6473134064962683 0.4269235835252043 0.6471391164029737 0.4175119184872941 0.6443504749102595 0.41162962783860024 0.6464419560297953 0.40430944392022555 0.654110720134759 0.40574733718990635 0.6527163993884018 0.40064935196103835 0.6572479418140624 0.39881930598144466 0.6652652861056155 0.3908455342132152 0.6732826303971687 0.39071481664324426 0.6788599133825969 0.3939827558925186 0.6870515477674446 0.39633567215199617 0.6894916090735695 0.3984271532715318 0.6886201586070964 0.40587805475987737 0.6889687387936856 0.41071460484880346 0.6858315171143823 0.41476684951790366 0.6860058072076769 0.41829622390711996 0.6952431821522924 0.41306752110828093 0.7055262976566758 0.4193419644668877 0.7149379626945861 0.4241785145558139 0.7081406490560954 0.42862291193482704 0.6978575335517121 0.43476663772346286 0.6910602199132214 0.4348973552934339 0.6844371963680254 0.4314986984741884
28 0.7062234580298543 0.4511063339698347 0.6933259911260514 0.44535476089111176 0.6799056539423647 0.4428711270616633 0.676942722356356 0.444570455471286 0.6767684322630614 0.4511063339698347 0.6732826303971686 0.45711934218849953 0.6738055006770525 0.45973369358791905 0.6778141728228291 0.4622173274173676 0.6950688920589978 0.4724132978751036 0.7011690453243099 0.4746354965646102 0.7050034273767919 0.4691453586258293 0.7105807103622204 0.47058325189551 0.7316698116508707 0.47332832086490045 0.7368985144497099 0.465485266666642 0.7381185451027724 0.4605179990077449 0.7438701181814952 0.46117158685759974 0.7440444082747898 0.4542435556491381 0.7424757974351379 0.4525442272395154 0.7414300568753702 0.4490148528502991 0.7503188516333965 0.4501913109800379 0.7546761039657623 0.4475769595806184 0.7560704247121195 0.4436554324814891 0.7625191581640209 0.44025677566224375 0.7625191581640209 0.43241372146398527 0.7522360426596376 0.4296686524945948 0.7349813234234688 0.42404779698584283 0.7248724980123801 0.43071439305436265 0.7205152456800142 0.4428711270616633 0.7119750311085773 0.44117179865204065
28 0.6734569204904634 0.4968574834596759 0.6654395761989104 0.501563315978631 0.6629995148927853 0.49907968214918247 0.6692739582513921 0.4870536657118528 0.685482936927793 0.4776420006739426 0.689317318980275 0.4826092683328397 0.6933259911260515 0.485615772442172 0.6948946019657032 0.48430859674246224 0.692628830752873 0.4826092683328397 0.6914088000998106 0.4813020926331299 0.6919316703796945 0.47555051955440697 0.697857533551712 0.4775112831039716 0.7023890759773724 0.48195568048298476 0.7013433354176047 0.4904523225310981 0.6954174722455871 0.49463528477016927 0.6847857765546145 0.4971189185996179
28 0.7674311901534644 0.6086233172191218 0.7821688040726856 0.5909688838783882 0.7819641149904741 0.5816043583672162 0.7790984678395144 0.5794551230039965 0.7559686015496258 0.5708581815511174 0.7485997945900151 0.5743890682192643 0.7400028531371361 0.583446560107119 0.7391840968082903 0.5954208714164861 0.7410262985481932 0.6015615438828283 0.7492138618366494 0.6041713296810237
28 0.6670571264506492 0.6031375066506772 0.6716432875125306 0.597462132336599 0.6652226620258966 0.5950543977791112 0.6571968801676041 0.5957423219383934 0.6510055627340643 0.5938505305003673 0.6459607855659948 0.5933345873809057 0.6312850701679743 0.5883471372261097 0.6283040654777513 0.5850794974695191 0.6175265869823301 0.5866273268279042 0.6177558950354242 0.5886910993057508 0.6211955158318352 0.5914427959428796 0.6253230607875285 0.6002138289737278 0.6328902265396328 0.6027935445710361 0.6411453164510192 0.6048573170488827 0.6477952499907473 0.6027935445710361 0.6560503399021339 0.604341373929421
28 0.6348274389222327 0.6047121982476511 0.6243738458576413 0.6028081509394577 0.6079511052278774 0.602350966086132 0.5880892784051539 0.6014549438234527 0.5922707156309904 0.6076150968793725 0.5982441973821855 0.6202714113397171 0.6066070718338586 0.6221754586479106 0.6125805535850536 0.6213914391680662 0.6170606648984499 0.6253115365672879 0.6231834836934248 0.6272155838754815 0.6089964645343366 0.6318076979717125 0.6088471274905567 0.6339357508455759 0.6197487316864877 0.6369598259821183 0.6294556395321796 0.6341597564112456 0.6340850878893559 0.6353917870224296 0.6508108367927021 0.6287836228351701 0.6490187922673435 0.6273275866583162 0.6575310037627966 0.6278876005724908 0.6767954824104003 0.6272155838754814 0.6782888528481993 0.6241915087389388 0.6927745460948473 0.624079505956104 0.7035268132469984 0.6263195616128021 0.7181618435374263 0.6267675727441417 0.7224926178070428 0.6284476144866654 0.7214472585005836 0.6318076979717125 0.746237207768043 0.6291196311836749 0.7575868230953137 0.6267675727441417 0.7592295305768922 0.6235194920419295 0.7554961044823955 0.6221754586479106 0.7580348342266532 0.6185913695971935 0.7563921267450746 0.6145592694151368 0.7416077594108669 0.6135512443696227 0.732946210871634 0.6139992555009623 0.7351862665283322 0.6080631080107122 0.7407117371481875 0.6031349855659763 0.7356342776596718 0.6019029549547923 0.7320501886089548 0.5980948603384055 0.7248820105075208 0.5960788102473772 0.7195058769314451 0.597422843641396 0.7147270915304891 0.5979828575555706 0.7145777544867093 0.6002229132122687 0.7190578658001056 0.6054870440055093 0.7180125064936465 0.6075030940965377 0.7057668689036966 0.605935055136849 0.6975533314958033 0.605935055136849 0.6950146017515454 0.6113111887129246 0.6829183012053754 0.6164633167233303 0.6739580785785829 0.6166873222890001 0.6632058114264318 0.6195993946427077 0.6593230482881549 0.6164633167233302 0.6514081849678215 0.6166873222890001 0.6412532659907899 0.61691132785467 0.6411039289470101 0.6159033028091557 0.6469280736544252 0.6137752499352925 0.643791995735048 0.608399116359217 0.6346824360644753 0.6101911608845755
28 0.7053188577723568 0.6038070022629858 0.6994947130649419 0.6039190050458206 0.6927745460948472 0.6007829271264433 0.6841129975556144 0.595070785201863 0.6682832709149475 0.5879026071004289 0.6602190705508342 0.5846545263982166 0.6684326079587274 0.5806224262161599 0.6661925523020292 0.5717742063722022 0.6602190705508342 0.5749102842915796 0.6529015554056204 0.5732302425490559 0.6476747588733247 0.573230242549056 0.6405065807718906 0.5700941646296787 0.6391625473778716 0.5685261256699898 0.6321437063202174 0.5728942342005513 0.6218394502994059 0.563486000442419 0.6116845313223743 0.5503816748507349 0.608399116359217 0.5422054717037867 0.6100418238407956 0.53817337152173 0.6146712721979718 0.5379493659560602 0.6224367984745254 0.5411974466582725 0.6257222134376826 0.5461255691030085 0.6306503358824186 0.5507176831992396 0.6361758065022741 0.5482536219768717 0.6463307254793057 0.5518377110275887 0.6507062668057185 0.5514495581679922 0.6474585011246364 0.5490002220549293 0.6534108841622678 0.5455110687879139 0.6585746776592509 0.5493751701646145 0.6567843185438973 0.5512776971134142 0.6632032247570817 0.5512889491250881 0.6697766413527464 0.5529577388559378 0.682171615986476 0.556317822340985 0.6870997384312119 0.5557578084268104 0.6954626128828852 0.5583338724320134 0.6965079721893442 0.5615819531342257 0.694267916532646 0.5640460143565936 0.6956119499266652 0.5713261952408626 0.6891904570441302 0.5812944429131693 0.6954626128828852 0.5868945820549147 0.695611949926665 0.5831984902213628 0.7011374205465204 0.5868945820549147 0.7071109022977154 0.5875665987519242 0.7121883617862312 0.587678601534759 0.714876428574269 0.590142662757127 0.7151751026618288 0.5941747629391838 0.7065135541225959 0.6029109800003065
28 0.5656706054444288 0.5061180959201562 0.5601628588988313 0.5064936240937198 0.5565327532210513 0.5055548036598111 0.5550306405267973 0.4987014144922778 0.5614146194773761 0.4837741695931303 0.5688000068907909 0.4794555955971505 0.5754343379570787 0.47785960085950585 0.5780630351720231 0.47954947764054134 0.5761853943042057 0.4843374618534754 0.5681741266015186 0.4918480253247448 0.5669223660229736 0.49917082470923224
28 0.6101820611589611 0.5360885251610872 0.6133518381000466 0.5323739428082526 0.6202857251586712 0.5276192773966243 0.6187008366881284 0.5222702788085425 0.6056255068061508 0.5264306110437172 0.6076066173943292 0.5201901126909552 0.5925501769241729 0.5185556964557079 0.5816540686891915 0.5136524477499663 0.5784842917481059 0.5161783637498938 0.5761069590422918 0.5201901126909552 0.5737296263364777 0.5262820277496039 0.5768994032775632 0.5283621938671913 0.5844276235126412 0.532522526102366 0.5844276235126412 0.5353456086905203 0.5909652884536302 0.5390601910433549 0.5915596216300837 0.5417346903373957 0.6008708413945224 0.5427747733961894 0.6066160621002399 0.5406946072786021
28 0.6200876140998534 0.5167726969263473 0.6022576188062473 0.498051201868061 0.6127575049235932 0.5001313679856484 0.5998802861004331 0.4839357889272896 0.5919558437477194 0.48631312163310375 0.5864087341008197 0.48586737175076355 0.5850219566890948 0.47695237410396063 0.5915596216300837 0.4649171272807765 0.5971067312769833 0.4579337124574475 0.5933426211594443 0.45570496304574676 0.5895785110419052 0.44991021457532476 0.5901728442183588 0.440698050340295 0.5786824028069238 0.43549763504632666 0.5741258484541134 0.43029721975235824 0.5745220705717491 0.4279198870465441 0.5897766221007231 0.4200449724585348 0.5913615105712658 0.41633039010570017 0.5945312875123514 0.41023847504705135 0.5862106230420019 0.4118728912822986 0.5854181788067305 0.40399797669428933 0.5907671773948123 0.39909472798854767 0.5868049562184555 0.3906254802240848 0.5893803999830874 0.3888424806947242 0.6089933948060541 0.38319631551841565 0.6163235039823143 0.3852764816360031 0.619097058805764 0.38364206540075585 0.6220687246880318 0.3820076491655086 0.6295969449231099 0.3846821484595495 0.6278139453937492 0.3867623145771369 0.6284082785702029 0.39121981340053835 0.6301912780995633 0.39493439575337297 0.6260309458643887 0.398054644929754 0.6234555020997566 0.40384939340017595 0.6234555020997566 0.41157572469407183 0.6236536131585745 0.41439880728222617 0.6187008366881285 0.4169247232821537 0.6173140592764036 0.42881138681122427 0.6194932809233998 0.43594338492866674 0.6236536131585745 0.4341603853993062 0.6236536131585745 0.44352113292844936 0.6236536131585745 0.446492798810717 0.6234555020997566 0.45095029763411854 0.6299931670407455 0.4589737955162412 0.6292007228054742 0.46313412775141594 0.638313831511095 0.4696717926924048 0.6341534992759205 0.47546654116282683 0.6397006089228199 0.4754665411628267 0.640889275275727 0.4775467072804142 0.6387100536287308 0.48051837316268187 0.6347478324523739 0.4827471225743826 0.6377194983346415 0.48824470445657764 0.6367289430405523 0.48898762092714465 0.6367289430405523 0.49433661951522645 0.6375213872758236 0.4981997851621744 0.6284082785702029 0.5023601173973492 0.6286063896290206 0.5039945336325964 0.634549721393556 0.5028058672796892 0.6402949420992734 0.5080062825736577 0.6557476046870653 0.5114236983382655 0.6533702719812511 0.5182585298674811 0.6438609411579946 0.5161783637498938 0.6371251651581878 0.5170698635145741
28 0.577481630004699 0.38109299836122373 0.5731979986274848 0.3766903772235313 0.5798614252142624 0.3697889711157973 0.5833517915216222 0.3706218994391444 0.591601748248109 0.3760954284211404 0.591601748248109 0.3787132031516603 0.5819239143958842 0.37847522363070396
28 0.6182707954445913 0.3799343052068091 0.6206505906541548 0.37791147927868013 0.6174775303747368 0.37327087862003133 0.609386226662221 0.37493673526672583 0.6165256122909115 0.37945834616489643
