20 0.5968819394666774 0.37265451570224356 0.594779960059461 0.35859465249081235 0.5978587413117563 0.3401305659836119 0.5988848167978024 0.3043126497072975 0.600783265904868 0.275306323595107 0.6043693003925676 0.2576154242567577 0.6304860974073558 0.25983265639309416 0.6410264465274885 0.2642201629134248 0.6644346457417162 0.2748959504827235 0.6957263369962514 0.2722152641523133 0.7012523999373435 0.2735790861936896 0.7558297993644638 0.2756758622844964 0.8150372040656935 0.27752355573144344 0.8220920440129114 0.2838183761110191 0.8235347634681358 0.28599409043026064 0.8293744405878595 0.28644550976245275 0.8348790574413423 0.28980958057572026 0.838527006732724 0.29388772622715986 0.8451363625554488 0.3065019203846192 0.8334951929001749 0.31296276954329616 0.8083502664447838 0.3269321731296246 0.8120879951518992 0.34452041594782756 0.8153475226553758 0.36617299150663674 0.8166682874638219 0.37209347396960074 0.791803580632086 0.3719920220751999 0.7321004822872175 0.37303935530484233 0.6528483427466527 0.3727687547492552
26 0.43122135612527274 0.8082610445532158 0.42318262725551237 0.7877622859353268 0.4159477712727281 0.7633446469934296 0.41434002549877597 0.747970578030013 0.41876132637714414 0.7425444360429247 0.4328291018992248 0.7377211987210682 0.4878943946570835 0.7322950567339801 0.5361832156130181 0.7280073832676751 0.5550742284569551 0.7271030262698271 0.5611032751092754 0.7280073832676751 0.5715536226399639 0.7343378822526115 0.575572987074844 0.7515206652117243 0.5816020337271643 0.7762397564862376 0.5884349532664607 0.7952312534410467 0.5868272074925086 0.7994515860976708 0.5807981608401883 0.8015617524259828 0.5542703555699791 0.8048777280847591 0.5032244272470004 0.8100024177392313 0.45941335490680635 0.8151271073937035 0.4473552616021658 0.8157300120589355 0.4369049140714773 0.8133183933980075
13 0.3858009863349471 0.2825962975906851 0.3848363576934364 0.285038013839509 0.3876096650377796 0.28874580518031573 0.38845371509910154 0.2927248983265473 0.39170933676420006 0.2930866340671138 0.3959295870708093 0.2948048788348047 0.3999086802170409 0.2940814073536717 0.4001498373774185 0.289650144531732 0.3971353728726977 0.2861232210612086 0.3970147942925088 0.2832293351366765 0.3947238012689209 0.28196326004469374
13 0.47891024467821564 0.2322019173885871 0.479864090808695 0.23476537886425056 0.4774794754824964 0.23619614805996966 0.4785128087905158 0.2381634557040835 0.4773999883049565 0.24174037869338139 0.48057947540655455 0.24317114788910055 0.48455383428355225 0.24019037873135235 0.4886871675156298 0.23619614805996966 0.4865410137220511 0.23369230196746116 0.481692295892114 0.23261922507067184
13 0.42969347171732253 0.2612902689619349 0.4307971432389976 0.26276840046417826 0.4298511390775618 0.2635961541054345 0.4256729540312207 0.26377352988570374 0.4250422845902635 0.2623545236435501 0.41920859226140983 0.2625910246839091 0.4179472533794955 0.2668480434103699 0.4175530849788973 0.2713415631771896 0.41553232791064637 0.27676534248004203 0.41316731750705704 0.28202749062802834 0.4112753091841856 0.2840377494710793 0.41182714494502304 0.2870531377356557 0.41466515742933024 0.2880582671571812 0.4206565171184232 0.2883538934576298 0.42507120320512326 0.28811739241727086 0.427593880968952 0.2900685260002321 0.427120878888234 0.29373429212579555 0.427120878888234 0.29763655929171795 0.4281457167297894 0.3007110728163841 0.43035305977313953 0.30313520848006315 0.4327969038568485 0.30260308113925555 0.4327969038568485 0.3045542147222167 0.43602908474175395 0.3092842355293953 0.4391824319465398 0.31159012067289504 0.44004960242785585 0.31318650269531784 0.4399707687477363 0.3154332625787276 0.43870942986582195 0.3170887698612402 0.44399128643383806 0.3174435214217786 0.45557983741142577 0.31821214980294515 0.4583390162156134 0.31702964460115046 0.45999452349812586 0.3146055089374714 0.46267486862219376 0.31537413731863795 0.4633843717432706 0.316911394080971 0.4632267043830314 0.3196902813051885 0.4632267043830314 0.32105016228725236 0.4663012179076975 0.3234151726908417 0.4692968977522441 0.32436117685227733 0.4722137439166708 0.32447942737245683 0.474184585919662 0.3237107989912903 0.4759977605624137 0.3254254315338926 0.4785204383262423 0.3276130661572128 0.481043116090071 0.32938682395990476 0.48522130113641215 0.32885469661909716 0.48679797473880504 0.3258984336146105 0.48798047994059973 0.32495242945317476 0.4923951660272998 0.32483417893299527 0.4923951660272998 0.32666706199577705 0.49539084587184634 0.3273765651168538 0.4977558562754357 0.32849994505855873 0.5030377128434518 0.3282634440181999 0.506979396849434 0.3256028073141618 0.5093444072530234 0.32004503286572683 0.5132860912590056 0.31082149229172845 0.520302288789654 0.2976365592917179 0.5219577960721666 0.2921970353634625 0.5197504530288165 0.2803719833455157 0.5173066089451075 0.2730404510943888 0.51234008709757 0.2671870503455052 0.5080830683711092 0.26346215895985203 0.5024858770826144 0.2619840274576087 0.5041413843651269 0.2607423969957243 0.50343188124405 0.2598555180943783 0.5006727024398625 0.2593825160136604 0.4988595277971106 0.2602693949150064 0.4915279955459838 0.25902776445312203 0.4913703281857444 0.2567218793096224 0.4862461389779675 0.2541794931257639 0.48143728449066925 0.25459336994639203 0.47355391647870476 0.25181448272217455 0.4707947376745172 0.25134148064145667 0.463069037022792 0.2487399691975084 0.45810251517525447 0.24743921347553427 0.45542217005118657 0.24548807989257304 0.4517169870855632 0.24466032625131684 0.4481694714801792 0.24400994839032975 0.44572562739647026 0.24235444110781723 0.4443066211543167 0.2446012009912271 0.43863059618570227 0.24915384601813653 0.43705392258330933 0.24803046607643162 0.43397940905864324 0.2516962322019951 0.43224506809601104 0.2529378626638795 0.43295457121708786 0.25459336994639203 0.4315355649749343 0.2566627540495327
14 0.23094990762943868 0.48922685597618387 0.22738756562744947 0.47238966098660273 0.222049829345115 0.4539744708125488 0.2169789798768972 0.44336571995140894 0.21404322492161323 0.4281531715467557 0.21270879085102962 0.420947227565604 0.22738756562744947 0.42054689734442896 0.24233322721798609 0.41954607179149134 0.25914709650733975 0.41714409046444073 0.2770285130531603 0.41394144869504 0.28209936252137807 0.41394144869504 0.29918011862484845 0.42054689734442896 0.30585228897776656 0.43916225262907055 0.30691983623423347 0.44716885705257226 0.3066529494201167 0.4553756265866616 0.3085211571189338 0.46178091012546296 0.3138588934012683 0.4729901563183654 0.3162608747283189 0.4819975862948048 0.3125244593306847 0.4854003931747932 0.30131521313778226 0.48660138383831836 0.27649473942492686 0.49040452093948167 0.258880209693223 0.49260633715594465 0.2479378503144373 0.4900041907183066 0.23832992500623523 0.489403695386544
30 0.15826867446353207 0.646498669872466 0.13949433381949863 0.6360416329698687 0.12548653460749878 0.6233470649339938 0.10972776049399892 0.603648597292119 0.102723860887999 0.5896407980801192 0.101556544286999 0.5686290992621194 0.10505849408999897 0.5550590437754945 0.11439702689799888 0.5353605761336196 0.13015580101149873 0.5209150331962449 0.14649823342549856 0.50909595261112 0.17976675655399824 0.49683912830062005 0.2142025962834979 0.49202394732149507 0.23754892830349766 0.4911484598707451 0.2585606271214974 0.493774922222995 0.28179785979069244 0.49893784494014654 0.3093762644809918 0.5087468670654064 0.3431519900952927 0.5323195089003873 0.35652154815095344 0.5425225926797074 0.3705947671569121 0.5411152707791115 0.41117254862409297 0.5374210507900473 0.4297022869819386 0.5368933050773238 0.4374425574352159 0.5400597793536646 0.440491754886507 0.5441058298178777 0.4440100596379966 0.5504387783705591 0.4461210424888904 0.5553644050226446 0.4468247034391883 0.5608177773874536 0.4428372913875 0.5648638278516667 0.43580068188452065 0.5696135392661779 0.3994448661191274 0.5882605544490731 0.3905318274153535 0.5928343506260096 0.38654441536366524 0.615175585797969 0.3799769131608845 0.6255545848148636 0.3701256598567134 0.6341744314560133 0.34901583134777536 0.6457848371359292 0.32485680538754635 0.6542287685395044 0.30257420862811174 0.6559879209152494 0.271847680465102 0.6593303104291643 0.25542892495815017 0.6616172085176327 0.22704793329613351 0.6628486151806541 0.19913604893431539 0.6596821409043134 0.17685345217488085 0.6542287685395044
11 0.30971419780743437 0.4450485925367876 0.31218658447652564 0.43145046585678537 0.3134227778110713 0.41877948417769256 0.3183675511492539 0.4045632608304175 0.3307294844947104 0.3922013274849611 0.34762412673350096 0.3810755874740501 0.36781528453107987 0.37242223413223063 0.3838857978801733 0.36778650912768446 0.4044890201226008 0.3634598324567747 0.4283887579238167 0.36253268745586537 0.4415748201589703 0.36376888079041114 0.4498161090559412 0.36840460579495726 0.45517294683897247 0.3733493791331399 0.45517294683897247 0.3761308141358676 0.4498161090559412 0.37736700747041324 0.4522884957250326 0.38138463580768656 0.4543488179492753 0.386947505813142 0.45764533350806375 0.3835479741431415 0.45805739795291234 0.3897289408158698 0.4559970757286696 0.39900039082496214 0.45476088239412393 0.401163729160417 0.45805739795291234 0.4030180191622355 0.4559970757286696 0.40765374416678163 0.44857991572139566 0.41908853251132894 0.45105230239048694 0.4243423541831479 0.45146436683533553 0.4302142725222397 0.4613539135117007 0.43454094919314945 0.45888152684260947 0.43948572253133217 0.45656740489219316 0.44379340710188797 0.4619242426752244 0.4459567454373431 0.46728108045825545 0.4552281954464352 0.4681052093479525 0.46140916211916355 0.4635725004546185 0.46326345212098197 0.4701655315721953 0.46604488712370973 0.467693144903104 0.47284395046371086 0.4734620471309837 0.4768615788009841 0.47758269157946914 0.48149730380553035 0.4763464982449236 0.4876782704782586 0.479643013803712 0.49138685048189557 0.4825274649176518 0.49416828548462327 0.4779947560243178 0.49509543048553245 0.48293952936250034 0.4994221071564423 0.48335159380734893 0.5043668804946249 0.47181378935158946 0.5086935571655347 0.44626579377097947 0.5096207021664438 0.4363762470946142 0.5108568955009896 0.40258696261703314 0.5111659438346259 0.37127006480854335 0.5046759288282613 0.34036523144490194 0.4944773338182597 0.3251188469855058 0.4836606421409852 0.31633467607228627 0.47619448439158923 0.31421661713628746 0.471111142945192 0.30955688747709 0.4617387321533972 0.3078624403282909 0.45570226418580057
16 0.2378449906047815 0.41605025288497516 0.21759517746445628 0.4110602706076033 0.19438580982171053 0.4026205005556958 0.17258307052094946 0.39365324487554404 0.15613574596028926 0.38585573706064724 0.1460913839789646 0.38159537076620986 0.14056158345593206 0.38038458078319937 0.1386320157844145 0.37470719898046506 0.14709242788260685 0.3727034171677353 0.15777926421716554 0.3692524596013673 0.17514537326082347 0.3645769687049979 0.20128431285739803 0.3591912561704873 0.1914339668259611 0.34954102033631157 0.17055026135403806 0.3276131295907924 0.16081979716589623 0.3169669055354816 0.1593668692536015 0.3125972418958145 0.16141503871191992 0.3055749466101513 0.17394810613861625 0.2983378262768488 0.19618537454321655 0.28868217025906184 0.21710596258175488 0.28012374787965977 0.2257375338703826 0.2772709404198591 0.25324152373923026 0.2788070675135979 0.2696268794057778 0.27990430115198284 0.2805992157896266 0.2915349777188625 0.30166610164661634 0.31304075703120615 0.31439401185188093 0.3268659008748557 0.3127847358489164 0.33333957934132646 0.317173670402456 0.3354243232542578 0.3221477962298007 0.3365215568926426 0.32492745478037577 0.3402521512631512 0.32946268715236654 0.3431049587229518 0.3337053238874547 0.3472744465488144 0.3357534933457732 0.3501272540086152 0.33663128025648115 0.3538578483791237 0.33516830207196796 0.35890512311569417 0.33165715442913635 0.36274544085004123 0.33355902606900334 0.364720461399134 0.331949750066039 0.36691492867590386 0.3279997089678533 0.3707552464102509 0.3186366485869691 0.37591224451065985 0.3007883147359084 0.38337343325167694 0.2848418525247148 0.3907248986288556 0.27606398341763577 0.39500410981855666 0.2605564146617962 0.4032333621064432 0.2473896110011776 0.410365380755945
33 0.5453098825438069 0.5395960733010194 0.5363573608484573 0.5379796457726924 0.5315495251231771 0.5343737689787322 0.5356942110932463 0.5310165733429763 0.5411651965737376 0.5256699284415869 0.5477966941258483 0.5231831168595454 0.5547597665555646 0.5279080588654242 0.5512782303407064 0.5316382762384866
33 0.7839639410475615 0.6150971355504623 0.7787043516722898 0.6198088510324766 0.7658475776438476 0.6196992762538251 0.7633638826610805 0.6173982059021437 0.7611723870880505 0.6102758452897965 0.76014968915397 0.6046875315785702 0.7620489853172624 0.5924151563696028 0.7700844690850388 0.5806906550538927 0.781188046655057 0.5718150979831215 0.7827951434086124 0.5683087050662735 0.7959441168467919 0.5651310364853803 0.8036874012048308 0.5705002006393035 0.8033952017950934 0.5758693647932269 0.8052944979583861 0.5781704351449082 0.8016420053366697 0.5826630010696195 0.7972590141906097 0.5852927957572555 0.7899540289471767 0.5928534554842088 0.7879086330790155 0.6018385873336313 0.7864476360303289 0.6064407280369941 0.7861554366205915 0.6107141444044024
33 0.7207865235438785 0.5959346266471358 0.7114338129444984 0.5990423311184488 0.6962441903158905 0.6032054378818654 0.681504791966234 0.6063131423531785 0.6672389485836352 0.6104419497222088 0.6464617244039992 0.6159470262142489 0.6272235538672993 0.6210525407028348 0.6187587588311514 0.6214077069281276 0.6053216366409025 0.6267795960856831 0.5934235680935896 0.6298429047788346 0.5876762348978343 0.6296962961631855 0.5827892810428649 0.623538734305924 0.5826226385894526 0.6128240134131634 0.586727679827627 0.6060800170933056 0.5920055899909938 0.5967703699995889 0.5904417647574037 0.5818895955112071 0.5844796810543411 0.5746324690365775 0.5830135948978502 0.5685482114871406 0.5781266410428807 0.5655427348663344 0.5777356847344832 0.5589453471621258 0.578419858274179 0.5565996093117405 0.5748035124215015 0.553814045614408 0.5716758619543211 0.5534475240752852 0.5675708207161468 0.5511017862248999 0.5674730816390473 0.5442844855972174 0.5684504724100413 0.539079879741675 0.5701120367207309 0.5327757092687645 0.5754876859611973 0.527277886181924 0.5748035124215015 0.5255918871019596 0.5810588133558624 0.5222931932498551 0.5860435062879311 0.5219266717107325 0.5908327210658012 0.5225864104811533 0.6017794977009326 0.5162822400082429 0.6056890607849083 0.509391635072736 0.6073506250955978 0.5061662455284562 0.6008998460070382 0.5025743344450537 0.5997269770818455 0.4995688578242475 0.5920055899909938 0.5003752052103174 0.586727679827627 0.5003019009024928 0.5795927271993715 0.4923850356574425 0.5771492502718869 0.4874003427253736 0.578713075505477 0.4820491282541821 0.5750967296527998 0.4769178267064642 0.5685482114871407 0.47010052607878194 0.5658115173283579 0.46650861499537943 0.5619996933214818 0.46357644268239784 0.5508574385321513 0.45507314297475104 0.5377604022008334 0.4475227992688232 0.5378581412779327 0.4412919331037374 0.5380536194321316 0.4355741970934231 0.5390310102031254 0.42831707061879354 0.5458727456000826 0.42795054907967084 0.5555489142329221 0.4303695912378807 0.573141948110812 0.43674706601861574 0.5794949881222722 0.4406321943333164 0.5889756786009128 0.4464965389592797 0.600117933390243 0.4566858377468909 0.6067641906330015 0.4654823546858358 0.6117488835650703 0.46951409161618574 0.6251210817857404 0.4757012987798595 0.6249577368466797 0.4779064554571804 0.6287146704450783 0.4824392775161181 0.6314915344091122 0.4712909854252174 0.6342683983731461 0.4681057591135315 0.6311648445309905 0.4628378848288202 0.632471604043477 0.4586725888827694 0.6342683983731461 0.45573237997967475 0.6313281894700514 0.45328220589376256 0.6207107684310984 0.44838185772193806 0.612216831599936 0.4434815095501136 0.614013625929605 0.4404187919427233 0.6231609425170107 0.43576346117949005 0.635248468007511 0.43257823486780417 0.6296947400794433 0.4298830433733008 0.6233242874560715 0.4308631130076656 0.611236761965571 0.427922904104571 0.6079698631843548 0.42363509945422456 0.6073164834281114 0.4211849253683123 0.6153203854420913 0.41603955978789664 0.6251210817857403 0.41371189440628003 0.6406388509965177 0.41224178995473276 0.6506028922792275 0.41493698144923613 0.6599135538056938 0.4191022773952869 0.6574633797197817 0.4216749601854947 0.650112857462045 0.42424764297570255 0.6541964809385654 0.4291479911475271 0.6584434493541464 0.43159816523343936 0.661710348135363 0.434538374136534 0.6662840064290657 0.4357634611794902 0.6720010792961943 0.43564095247519447 0.6767380825289581 0.44054130064701896 0.6860487440554246 0.4346608828408296 0.6845786396038772 0.4312306391205525 0.6948693707647086 0.4291479911475271 0.7043433772302358 0.42351259074992886 0.7131640039395198 0.42400262556711144 0.7213312508925606 0.4287804650346402 0.7241081148565943 0.4271878518787973 0.7203511812581957 0.4215524514811991 0.7205145261972564 0.4138344031105757 0.7262315990643851 0.40611635473995217 0.737400390354555 0.40258556561727493 0.7520705720270895 0.4042928712429579 0.7687642270337668 0.40808688374447544 0.7763522520368019 0.41415730374690357 0.7809050670386228 0.42345263437562153 0.7743287787026591 0.4280054493774426 0.7657290170325527 0.43255826437926376 0.7657290170325527 0.4354037737554018 0.7763522520368019 0.43635227688078115 0.7834344087063013 0.4401462893822988 0.7892518945419618 0.4450785056342717 0.7905165653758008 0.4536150337626861 0.7877342895413545 0.4610133581406453 0.7783757253709446 0.4672734787681494 0.7901663369827241 0.4733030595643157 0.7972484936522235 0.4755794670652262 0.8018013086540445 0.47387216143954325 0.8081246628232406 0.47520006581507446 0.8076187944897049 0.4814601864425784 0.8053423869887942 0.49872294332448336 0.8020542428208124 0.5030860577012285 0.7952250203180807 0.5036551595764561 0.7939603494842415 0.5063109683275184 0.7990190328195983 0.5091564777036566 0.8033189136546516 0.5133298914553259 0.8028130453211159 0.5228149227091199 0.7997778353199017 0.5271780370858651 0.7914310078165633 0.5309720495873825 0.7904192711494918 0.536473367714583 0.7805548386455462 0.5362836670895071 0.7633553153053333 0.5378012720901141 0.7582966319699765 0.5370424695898106 0.7550084878019948 0.5383703739653418 0.7560202244690659 0.5436819914674663 0.7519732778007806 0.5537361245964879 0.760573039470887 0.5562022327224744 0.7696786694745292 0.5639799583505853 0.769931603641297 0.5694812764777858 0.7671493278068507 0.5770693014808208 0.7615847761379584 0.5844676258587801 0.7560202244690659 0.5956599627382569 0.7519732778007806 0.6085596052434167 0.7524791461343162 0.6174755346219829 0.7539967511349233 0.6214592477485764 0.7499498044666378 0.6269605658757769 0.7410971086297635 0.6322721833779015 0.7345208202937996 0.6377735015051019 0.717068362786819 0.6366352977546467 0.7125155477849979 0.6337897883785085 0.7117567452846945 0.6237356552494869 0.7147919552859086 0.6093184077437201 0.7173212969535868 0.6026788858660644
