13 0.23040719088455067 0.5530385366311356 0.25328450061776847 0.5582472098293235 0.25083336028920944 0.5671325935203501 0.2479736965725572 0.5818394354917044 0.2565526877225139 0.5873545012309622 0.2663572490367501 0.590418426641661 0.27575328696289314 0.6005293804969671 0.27166805308196135 0.6130914746808322 0.2577782578867935 0.6412795884592613 0.25859530466297975 0.6464882616574493 0.2369435650940415 0.6538416826431264 0.21324920858463733 0.6538416826431264 0.19854236661328303 0.6480202243627987 0.20344464727040112 0.6440371213288902 0.20793840453942602 0.6400540182949819 0.20426169404658748 0.6323942047682348 0.19772531983709668 0.6314750271450251 0.19976793677756255 0.6152362224683213 0.1928230391799786 0.6097211567290636 0.19037189885141953 0.595933492380919 0.19568270289663084 0.5839841832791934 0.19854236661328303 0.5806138653274248 0.20017646016565574 0.5741796219649573 0.20344464727040112 0.5701965189310488 0.20325349619752434 0.5660053530148437 0.20996100652616548 0.5573326869225737 0.21753071470770416 0.5538278486462687
26 0.337705655165335 0.4349016788772295 0.32962129780555555 0.4371065036117149 0.31786223255496715 0.4373821067035255 0.28295250759228285 0.42139712737850693 0.24032589605889998 0.40182930785994975 0.23665118816809114 0.39631724602373647 0.23812107132441465 0.38694674090217385 0.25245243209856927 0.3753714110461259 0.2745006794434225 0.3560791946193793 0.29471157284287125 0.3362357720090114 0.30720557967162143 0.3243848390611528 0.3185971741331289 0.31611674630683284 0.32925382701647465 0.31473873084777954 0.3395430091107395 0.31666795249045415 0.36085631487743086 0.3260384576120168 0.3976033937855196 0.3425746431206567 0.4174468163958875 0.3513939420585979 0.42185646586485814 0.35359876679308333 0.42222393665393904 0.35690600389481125 0.42038658270853463 0.3593864317211073 0.39833833536368135 0.38005666360690715 0.35644666540846026 0.41836549336858964
23 0.2914043357411433 0.3376137874680648 0.2675187344508857 0.35855962244567535 0.246940370262356 0.3660009059245633 0.22489212291750277 0.36820573065904866 0.1910848103220612 0.3660009059245633 0.1679341506099653 0.36434728737369926 0.15984979325018578 0.3607644471801607 0.159114851672024 0.3411966276616034 0.16536185508639906 0.31170709683786224 0.17969321586055367 0.29461970514560104 0.20137399241632598 0.28580040620765973 0.22452465212842188 0.28249316910593175 0.24400060394970885 0.2827687721977424 0.26457896813823856 0.2891076433093877 0.27817538733423136 0.2976513391555183 0.28699468627217267 0.30784865355251295 0.2910368649520624 0.3174947617658862 0.2936091604756286 0.3296212978055555
19 0.5799884063911386 0.30015715465103093 0.5448470196026284 0.30621192061797026 0.5201530721296213 0.3030064562825318 0.4973586590776145 0.2962393649077173 0.4788381984728591 0.2841298329738388 0.46649122473635546 0.26917099940845945 0.46206174790838456 0.1381911291277902 0.5370933575379063 0.13071171234510054 0.6567640260609412 0.1171775295954716 0.656289142455691 0.12145148204272285 0.6534398408241902 0.13071171234510054 0.6491658883769389 0.14958833565379354 0.6444170523244375 0.1652594946270481 0.6420426342981869 0.178793677376677 0.6292207769564331 0.212985296954687 0.6140245015884287 0.26747819065714035 0.6107003163516779 0.2778069090713309 0.601202644246675 0.28706713937370854 0.5888556705101714 0.29525888156427343
16 0.49420971654484214 0.3984886795782793 0.4882120594843334 0.39934548772978057 0.4790727725349867 0.39891708365403 0.46964788286847287 0.39484724493439893 0.46422143124229825 0.3875643756466383 0.4521091012754951 0.3600736256684021 0.4395425817201435 0.33544039131274095 0.4375433626999738 0.327943319987105 0.44268421160898136 0.32323087515384813 0.4549651284471661 0.32173146088872095 0.49352149526472244 0.3150911977145862 0.5235097805672664 0.310164550843454 0.5403603408801244 0.3075941263889503 0.5646365718393266 0.30395269174506995 0.5786311049805138 0.3022390754420674 0.5863423783440251 0.3018106713663168 0.5926256381217009 0.3024532774799427 0.6011937196367133 0.30630891416169836 0.6040497468083842 0.3097361467677034 0.6134746364748981 0.33179895666886067 0.6117610201718955 0.35236235230489077 0.6254699505959157 0.3671422929182874 0.6260411560302498 0.36992691941066647 0.6217571152727436 0.37571037443329997 0.6140458419092323 0.3787092029635544 0.5792023104148479 0.3838500518725619 0.5315066566479448 0.39177552727394854
14 0.6328956212422598 0.3767813846226765 0.6260411560302499 0.3658570806910355 0.6129034310405639 0.3515055441533896 0.6151882527779007 0.31701901605546406 0.6209003071212423 0.31466279363883565 0.6446053326461103 0.3123065712222072 0.6768784396859909 0.3099503488055787 0.7014402733623603 0.3090935406540775 0.7008690679280261 0.31701901605546406 0.6945858081503502 0.3230166731159729 0.7222892717155573 0.33008534036585824 0.7325709695335725 0.33265576482036197 0.7354269967052433 0.3307279464794841 0.7368550102910788 0.3281575220249804 0.7359982021395775 0.3247302894189754 0.7365694075739116 0.3185184303205913 0.7388542293112483 0.31680481401758875 0.7434238727859216 0.31980364254784316 0.7542767760382709 0.3262297036841025 0.7608456385331138 0.3311563505552348 0.7657008847249542 0.33415517908548914 0.7888347048154881 0.3307279464794841 0.805399662411179 0.3234450771917235 0.807970086865683 0.3288001281386063 0.8128253330575232 0.34786410950950925 0.8125397303403562 0.3534333624942673 0.8125397303403562 0.3626440501229059 0.8162525656635283 0.37035532348641714 0.8196797982695334 0.38170803149380883 0.8193941955523664 0.3937033456148263 0.8062564705626803 0.39713057822083137 0.7994020053506703 0.38984770893307075 0.7928331428558273 0.3883482946679435 0.771412939068296 0.3919897293118238 0.754847981472605 0.39348914357695103 0.7359982021395775 0.390061910970946 0.720861258129722 0.38449265798618787 0.6962994244533526 0.3883482946679434 0.6663111391508089 0.3904903150466966 0.6554582358984595 0.3911329211603225
20 0.3471501027165916 0.4288324798263778 0.3456649685873227 0.4416417616913215 0.34158084973183345 0.4550079688547411 0.3382392979409785 0.47171572780901555 0.3374967308763441 0.4887019494125279 0.33489774615012363 0.5081943348591814 0.3322987614239031 0.5162697516870808 0.3382392979409785 0.5210036167241252 0.3556896239598874 0.5237882432165043 0.370912248784893 0.5251805564626938 0.385021023012947 0.5293574962012625 0.3865061571422158 0.530749809447452 0.3813081876897748 0.5363190624322101 0.36794198052635535 0.5482929563494402 0.3605163098800111 0.5494068069463918 0.35680347455683903 0.5499637322448676 0.3003683776446231 0.5502421948941055 0.23539375948911126 0.5488498816479159 0.1644786048165241 0.5488498816479159 0.14108774228053989 0.5499637322448676 0.1381174740220022 0.5399390768723029 0.13700362342505057 0.5296359588505003 0.13737490695736776 0.521560542022601 0.13588977282809894 0.5026250818744233 0.13551848929578172 0.4834111590770076 0.1414590258128571 0.4619695350856887 0.1251225503908998 0.44498331348217646 0.13329078810187847 0.43746482195275294 0.13588977282809894 0.43440173281113587 0.14777084586224964 0.42855401717713987 0.15779550123481434 0.4366294340050392 0.1644786048165241 0.4421986869897973 0.167820156607379 0.4466540893776038 0.17747352844762648 0.45055256646693453 0.18749818382019115 0.4527802676608378 0.21348803108239586 0.449160253220745 0.24727483252326204 0.44581870142989016 0.28551703635193465 0.4441479255344627 0.3081653318232844 0.44108483639284574 0.31990457797400257 0.43824555131811443 0.32959159545629046 0.4374638447276719 0.3386913634133664 0.43573888871383054
21 0.7262912386631412 0.5921555608645178 0.7090413725296275 0.5878430943311395 0.726291238663141 0.5746361655726681 0.7370724049965871 0.5738275780976597 0.7428223603744251 0.5786791029477104 0.7431817325855399 0.5838001569560972 0.7446192214299993 0.5886516818061479 0.7471348269078032 0.5894602692811564 0.7456973380633438 0.5956594399228877 0.7410254993188505 0.5991633189812576 0.7309630774076343 0.601589081406283 0.7248537498186817 0.6002414356146023
21 0.6598073796068911 0.4536175734797376 0.6630417295069251 0.46062533159647745 0.6641198461402695 0.4638596814965112 0.678854106795979 0.47005885213824267 0.6770572457404046 0.46089486075481356 0.6896352731294251 0.4630510940215028 0.700057067251756 0.46116438991314973 0.6957446007183775 0.45793004001311594 0.7072445114740533 0.45523474842975437 0.7191037944408438 0.4452621695713169 0.724135005396452 0.45739098169644365 0.72916621635206 0.459816744121469 0.7341974273076681 0.4687112063465619 0.7324005662520938 0.47005885213824267 0.7255724942409114 0.4687112063465619 0.7212600277075328 0.4638596814965112 0.71586944454081 0.4638596814965112 0.7147913279074654 0.467094031396545 0.7205412832853032 0.4719455562465956 0.7230568887631073 0.4800314309966801 0.724135005396452 0.4902735390134538 0.7259318664520262 0.4956641221801767 0.7266506108742559 0.5061757593552866 0.7341974273076681 0.5037499969302612 0.7456973380633438 0.5032109386135889 0.7589941098745938 0.5131835174720263 0.76905653178581 0.521538921380447 0.7855876534970938 0.5185741006387493 0.7888220033971277 0.5218084505387831 0.7848689090748642 0.5280076211805145 0.7787595814859113 0.5296247961305314 0.7704940206302695 0.5307029127638759 0.7722908816858438 0.5358239667722627 0.7686971595746951 0.5460660747890365 0.763665948619087 0.5476832497390534 0.7539628989189857 0.5455270164723641 0.7525254100745263 0.5409450207806497 0.7410254993188505 0.5439098415223472 0.7467754546966884 0.547144191422381 0.7536035267078708 0.547144191422381 0.7478535713300328 0.5514566579557594 0.7381505216299318 0.556038653647474 0.7108382335852018 0.5598120618641799 0.6662760794069588 0.5606206493391885 0.6479480966401006 0.5603511201808523 0.641838769051148 0.5517261871140955 0.6414793968400331 0.5457965456307002 0.6321357193510466 0.5250428004388168 0.6271045083954385 0.5123749299970178 0.6141671087953033 0.5059062301969504 0.6084171534174656 0.4986289429218743 0.6026671980396278 0.4932383597551514 0.5961984982395602 0.49404694723015985 0.5936828927617561 0.48973448069678144 0.5987141037173642 0.48757824743009226 0.5926047761284116 0.48380483921338624 0.6005109647729385 0.4770666102549825 0.6033859424618574 0.4784142560466632 0.6023078258285128 0.46574638560486425 0.5951203816062155 0.46574638560486425 0.588651681806148 0.4538871026380737 0.5979953592951345 0.45253945684639296 0.599073475928479 0.4487660486296869 0.6145264810064183 0.4490355777880231 0.6339325804066209 0.4501136944213676 0.6321357193510466 0.4530785151630653
21 0.6777759901626346 0.4530785151630653 0.6835259455404722 0.4498441652630315 0.6907133897627695 0.44202781967128324 0.6878384120738507 0.43798488229624105 0.6781353623737494 0.4344810032378711 0.6669948238291884 0.43609817818788804 0.6749010124737154 0.43825441145457716 0.6777759901626346 0.4441840529379724
27 0.7345592999980901 0.4997068501858092 0.7293475638846371 0.49680316863688534 0.730241004361229 0.4945695674454054 0.737462981547014 0.49378780702838737 0.7454271709698937 0.492509062721319 0.7491498396223603 0.4953010642106689 0.7478096789074723 0.49680874501491784 0.7446081838663513 0.4978697055808708
27 0.7688381752987847 0.5466801291972775 0.7635181354092729 0.5479015669270123 0.7585238122476903 0.5470058459252067 0.7588495289756197 0.5497744381126057 0.7641695688651314 0.5555559100333508 0.7700324699678589 0.5555559100333508 0.7709010479090037 0.553845897211722 0.7687296030561417 0.5496115797486412 0.7691638920267141 0.5479015669270123
21 0.7562882239642186 0.6293693471656833 0.75176008994225 0.632919815887454 0.7418805248034096 0.6369333892251079 0.7408514034347804 0.6326110794768652 0.7431154704457648 0.6197985184374317 0.7359116208653602 0.6156305768944834 0.7270611770951492 0.6119257399674184 0.7258262314527941 0.6046704343185825 0.7387931606975219 0.6029723840603443 0.7466144830991042 0.601274333802106 0.7488785501100882 0.6068315891927037 0.7534066841320566 0.6062141163715262 0.7564940482379443 0.6055966435503487 0.7564940482379443 0.6089927440668251 0.7571115210591217 0.6256645102386181
21 0.783868676643481 0.6052879071397599 0.7727541658622857 0.6046704343185825 0.7680202075665913 0.6014287020074005 0.7651386677344295 0.5920122414844432 0.7661677891030588 0.5901598230209107 0.7739891115046408 0.5896967184050276 0.7772822998842541 0.5930928189215039 0.7795463668952384 0.5989588107226904 0.7778997727054316 0.6005024927756342
27 0.7691549601324013 0.6030274031147894 0.7644816133221509 0.6048378648977343 0.7533987678138364 0.6037417592980109 0.7551038209689617 0.5967084150331189 0.7554691895022029 0.5916845977010534 0.7474310817708978 0.594150835300431 0.7476746607930587 0.5886703073018139 0.7533899155432232 0.5833108633194741 0.7547296001651074 0.5813013363866478 0.7522938099434997 0.5766428875878234 0.757165390386715 0.5748160449216178 0.7598447596304833 0.5756381241214104 0.7598447596304833 0.5770995982543748 0.7624023393631713 0.5776476510542365 0.7638638134961357 0.5818493891865096 0.7624023393631713 0.5848636795857489 0.7598447596304833 0.5886087070514706 0.7709276051387978 0.5875126014517472 0.7738505534047267 0.5887000491847809 0.7660560246955825 0.5894307862512632 0.7647163400736985 0.5912576289174688 0.7671521302953059 0.600939895048359
21 0.7467078053658451 0.6605688974298266 0.7583829603880775 0.6690397300138919 0.766377903501128 0.6669458163414264 0.7703064237494571 0.67024273097739 0.7685297697243348 0.6747160920049299 0.7733521163639526 0.6810930109165299 0.7769054244141972 0.6867085066745056 0.7730983086460779 0.6883265308759563 0.7653571732509021 0.6854711940498669 0.7588850764450996 0.6868988624629117 0.7501287101784251 0.6882313529817533 0.7489865754479895 0.6851856603672579 0.7408647284760018 0.6774762509368165 0.7475906329996791 0.6738594909571032 0.7402302091813152 0.6724318225440585 0.736423093413196 0.6686247067759392
27 0.7676414427117737 0.6667211488918796 0.7676414427117737 0.6642465236426021 0.772336885492454 0.6594876289324532 0.776397808978448 0.6581551384136114 0.7860425022576832 0.6617718983933245 0.7968293302673544 0.6676729278339095 0.7973369457031038 0.669671663612172 0.7951795801011694 0.6734787793802913 0.799494311305038 0.6767148277831926 0.7955602916779813 0.6803315877629059 0.7854079829629969 0.6857567277324758 0.7783013668625075 0.6866133287803025 0.7755094819658868 0.6839483477426191 0.7691642890190213 0.6746209141107271 0.7711947507620183 0.670528264659999
27 0.7609734778947258 0.6318054852198892 0.762787052119851 0.6374502349955912 0.7669582728376387 0.6413947589352386 0.7726710316467831 0.6411907318349118 0.7731244252030642 0.6390824517982039 0.7727617103580393 0.6341177923569238 0.7664142005701012 0.628201006447453 0.7612455140284946 0.6296972051831813
17 0.5479951848453851 0.47910159510966677 0.5335758663191397 0.4749099327473863 0.5256396522465548 0.47164043610480727 0.5261985405615256 0.47029910414887743 0.5351407536010577 0.4709697701268423 0.5488894061493383 0.47591593171433355 0.5533605126691044 0.4775087634120002
27 0.5554842882659933 0.4782632626372107 0.5595082841337827 0.48069442680733354 0.5501189604422739 0.48446692293338617 0.5424063016956775 0.4880717525649476 0.5399471931098062 0.48857475204842127 0.53681741854597 0.4887424185429124 0.5373763068609407 0.4834609239664388 0.5462067422374787 0.4805267603128423
27 0.5716309685520904 0.4841370028434185 0.565259641761424 0.4880771654639624 0.566824529043342 0.48992149690336584 0.5595589809487223 0.4919334948372606 0.5496107689422427 0.49428082576013777 0.547598771008348 0.4964604901885237 0.5537465424730262 0.4981371551334361 0.5581058713297982 0.49620899044678685 0.5624652001865702 0.49637665694127814 0.5689483046402309 0.49428082576013777 0.5747607431159268 0.49285566055696234 0.5795671826246753 0.49377782627666406 0.5902978382721139 0.49486765849085707 0.5930922798469677 0.49377782627666406 0.5935393904989443 0.49168199509552374 0.5930922798469677 0.48975383040887466 0.5955513884328391 0.4882448319584536 0.5944336118028974 0.48707116649701504 0.5850442881113888 0.4845561690796466 0.5736429664859852 0.4834663368654536
27 0.5063052355558352 0.5095025568799247 0.5085621682551926 0.5105369843671302 0.5091890940050141 0.512605839341541 0.5030452216567635 0.514674694315952 0.4981552008081558 0.5135462279662734 0.4938921057093697 0.5064933132807816 0.49627442355869134 0.5005688649449686 0.5014152147072275 0.4905067066603335 0.5060544652559066 0.48928420144818163 0.5099414049047998 0.4924815227722712 0.5089383237050854 0.4949265331965751 0.5098160197548355 0.49727750475840565 0.5115714118543356 0.49953443745776305 0.5105683306546214 0.5020734867445401 0.508311397955264 0.5070575464556208
27 0.4954273139600099 0.5393823523609061 0.4947871265556147 0.5367758750715823 0.49807951892107627 0.5290936262188385 0.5026522860953284 0.5255268678229219 0.5064934105217003 0.5279275705894042 0.5065848658651854 0.5317001035081623 0.5064019551782153 0.5371188326096512 0.5092370708262517 0.537804747685789 0.5127123738786833 0.5395881268837475 0.5092370708262517 0.5426061532187539 0.5046643036519994 0.5463786861375121 0.4991769830428967 0.5490537549344496 0.4951529479295548 0.5474075587517186 0.4951529479295548 0.5440465748786434 0.501737732660478 0.5397939014065888 0.4994513490733518 0.539107986330451
21 0.5135309617159756 0.5746252438700125 0.5170189826329032 0.5683160295643932 0.5171215714834011 0.5607757490527995 0.5152749721744393 0.5603910408634325 0.5099403519485499 0.5650844807737101 0.5087092857425755 0.5674696715477857 0.5005021777027455 0.5701626288733549 0.5011177108057329 0.5755485435244933 0.5053238536761456 0.5820885827437327 0.5072730418356053 0.58270411584672 0.5105558850515372 0.5812422247271253 0.5188655819418649 0.581011399813505 0.5176345157358905 0.5760871349896071
27 0.5430410550657347 0.6438132694962334 0.5336341279920995 0.6486236299316149 0.5294651489481023 0.6503072560839985 0.5234789226285163 0.6501469107361525 0.5233720257299521 0.6469400037792313 0.5312823962236908 0.6430917154309261 0.54133070468871 0.6369184195388531 0.5450720961384513 0.6360365201256998 0.5520203945451136 0.6398848084740051 0.5603583526331084 0.6425305067134649 0.5619618061115689 0.6465391404096162 0.5615342185173128 0.6489443206273071 0.558968692951776 0.6507882921275366 0.5552273015020347 0.6507081194536135 0.5496686627767048 0.6466193130835393
27 0.5875053545079378 0.6394572472100588 0.5826949940725563 0.6390563838404436 0.5659121809980028 0.6381744844272904 0.5638811399252861 0.640258973949289 0.5702949538391281 0.6466727878631312 0.5710432321290764 0.651964184342051 0.5711501290276405 0.6574159261688167 0.5682639127664115 0.661103869169276 0.5689052941577957 0.6656737115828887 0.5741432421874334 0.6718470074749615 0.5775639429414826 0.6750539144318826 0.5862225917251694 0.6764168498885739 0.5871846638122458 0.6738513243230372 0.5856881072323493 0.6708849353878851 0.5764949739558423 0.6648719848436584 0.5767087677529703 0.6629478406695057 0.5790604995213791 0.6617452505606601 0.581839818884044 0.6632685313651977 0.5856881072323493 0.6623064592781214 0.5873984576093738 0.6590995523212002 0.5886812203921422 0.6526055657334352 0.5882536327978861 0.6485167593633608 0.5835501692610685 0.6480357233198226 0.58782604520363 0.6448288163629017
27 0.5311408618658221 0.6707610746858435 0.5322756921452679 0.6660798997831293 0.5446169714342415 0.6613987248804152 0.549581853906817 0.6615051152191133 0.5514259531109166 0.6654415577509412 0.5510003917561243 0.6703355133310511 0.5443332638643801 0.6746975172176711 0.5426310184452112 0.6785275694108008 0.5535537598848775 0.6787403500881969 0.556958250723215 0.683315134652213 0.5616394256259292 0.6786339597494989 0.5694413837971193 0.6784211790721028 0.5768177806135172 0.6798042534751774 0.5852887166241926 0.6814301193609948 0.5906791604515603 0.6860049039250109 0.596637019418651 0.6914308111986114 0.6051482465144948 0.6885582720537642 0.6125246433308927 0.6917499822147054 0.6160709879541612 0.6961119861013255 0.5928069672255213 0.6995164769396629 0.5820260795707859 0.6991973059235687 0.5779123198077947 0.6952608633917411 0.5694010927119508 0.6964311571174195 0.5676988472927821 0.6985589638913807 0.5665640170133363 0.7005803803266434 0.5613154269708992 0.7012187223588316 0.5495415628216487 0.6954736440691373 0.5413140432956662 0.6902605174729327 0.5298238867162772 0.6782384092000535 0.5295401791464156 0.6736636246360374
27 0.6311129772953377 0.6581602727111827 0.6314557030059224 0.6625300255211378 0.6308559330123991 0.6662571676237466 0.6240014188007048 0.6657430790578697 0.6151762317531485 0.6624657644504032 0.6095212575285006 0.6596382773380793 0.6088358061073312 0.6579674894989789 0.6094355761008544 0.6532121702646159 0.6105494346602548 0.6515413824255154 0.6134626032002248 0.6510272938596384 0.6178323560101799 0.6534049534768198 0.6248582330771666 0.6562967016598784
27 0.5598278786968717 0.5524720007558547 0.5609996114662373 0.5574518650256584 0.5699828960313732 0.5661422163984527 0.575841559878201 0.564091684052063 0.5759717524081305 0.5622364405005676 0.5698527035014437 0.5542295999099031
27 0.60500468658241 0.5326501880740875 0.6044839164626921 0.5305020113302508 0.5930269738288956 0.5223975263421391 0.5880796576915743 0.5225928151370333 0.5869079249222089 0.5274750350093897 0.5996667928553003 0.5353842312026071 0.604223531402833 0.5347007204204772 0.6043537239327625 0.5378253411387856 0.6091708475401542 0.5406570286647521 0.6194560574045851 0.5448557377549786 0.6212787528235981 0.5456368929345556 0.6220599080031752 0.5439769381779544 0.6227108706528227 0.5402664510749636 0.6083896923605772 0.5323572548817461
27 0.606827382001423 0.5020874916731362 0.6106029653693787 0.5020874916731362 0.6132068159679688 0.5062862007633627 0.617372976925713 0.5083367331097525 0.616331436686277 0.5099966878663535 0.6164616292162064 0.511851931417849 0.6227108706528227 0.512633086597426 0.6241429884820472 0.5165388624953112 0.6249241436616243 0.5192729056238308 0.629480882209157 0.5205422827906435 0.6378132041246453 0.5400711622800694 0.6342980058165487 0.5418287614341176 0.629741267269016 0.5403640954724107 0.6254449137813423 0.5303067225353564 0.6141181636774754 0.5302090781379093 0.6130766234380394 0.5275726794068368 0.616071051626418 0.5264009466374713 0.6172427843957835 0.5237645479063987 0.6108633504292378 0.5216163711625619 0.6035725687531854 0.5217140155600091 0.5991460227355823 0.5206399271880906 0.5970629422567102 0.5177105952646768 0.5982346750260757 0.516343573700417 0.6035725687531854 0.5174176620723353 0.6063066118817051 0.516343573700417 0.6070877670612822 0.5114613538280605
21 0.6340414181849451 0.5848120458272952 0.6237617557101345 0.5803676035220094 0.6209801999816562 0.5787349512465984 0.6206173883648982 0.5748347263664496 0.6150542769079419 0.5752882408873972 0.616384586169388 0.5875331329529804 0.6220686348319303 0.5905263287912341 0.6255758137939246 0.5917054665456977 0.6304133020173649 0.5876238358571699
27 0.6266965993466929 0.5946482398664008 0.6264547249355209 0.5913829353155785 0.6345575177097834 0.5851244349265026 0.6339528316818533 0.5842174058846076 0.6264547249355209 0.5807706955254064 0.6258500389075908 0.5736051660944353 0.628268783019311 0.5687072092682021 0.6321387735980633 0.5695235354059076 0.6372181362326756 0.5730609486692984 0.6387903199052937 0.5818591303756804 0.6361297013824014 0.584308108788797 0.6360087641768155 0.5871198988186718 0.6401206291667397 0.590566609177873 0.641450938428186 0.599546196692634 0.6375809478494336 0.6009974431596662 0.6315340875701332 0.5964622979501909
27 0.648334336895744 0.6898521830271452 0.6422221943772971 0.686274343504152 0.6376008183267641 0.6894049530867712 0.6367063584460158 0.6944362899159803 0.6405823512625919 0.6966724396178513 0.6453528039599162 0.694771712371261 0.6498251033636577 0.6938772524905127
27 0.6651799979831707 0.6676024934935307 0.6613040051665948 0.6669316485829695 0.6624966183409259 0.6755408249351721 0.657129859056436 0.6767707072712011 0.6531047895930684 0.6796777018836331 0.6459491105470818 0.6793422794283525 0.6469926470746217 0.6748699800246107 0.6443092674323765 0.6684969533742791 0.6496760267168665 0.665813573732034 0.6519121764187373 0.6649191138512858 0.6493778734232837 0.662906579119602 0.6496760267168665 0.6565335524692703 0.6438620374920023 0.6560863225288961 0.6423712710240885 0.6528439054611833 0.6528066362994857 0.645352803959916 0.6492287967764924 0.6413277344965488 0.6487815668361182 0.6387561623393974 0.6537010961802339 0.6374144725182749 0.6574280123500187 0.6394270072499586 0.6611549285198034 0.6404332746158005 0.6656272279235451 0.6397624297052392 0.6651799979831707 0.6437874991686067 0.66831060756579 0.6436756916835131 0.6708449105612435 0.6416631569518294 0.6708449105612435 0.6398742371903327 0.6672670710382502 0.6320477132337848 0.6689069141529554 0.6302587934722883 0.676807976432899 0.6301469859871947 0.6787459728411871 0.6354019377865912 0.6797895093687267 0.6427812318027648 0.6784478195476042 0.6444583440791679 0.6815784291302234 0.6480361836021612 0.6909702578780808 0.6487070285127224 0.6903739512909152 0.6517258306102479 0.6875414950018789 0.6530675204313705 0.6948462506946569 0.6560863225288961 0.6994676267451899 0.6559745150438024 0.7020019297406435 0.6598877770220765 0.7028963896213918 0.6643600764258182 0.7073686890251334 0.6645836913960053 0.7104992986077526 0.6617885042686666 0.7137789848371631 0.6612294668431989 0.7173568243601564 0.6626829641494149 0.7176549776537392 0.6645836913960053 0.7145243680711201 0.6678261084637178 0.7212328171767325 0.6744227500842367 0.7258541932272654 0.6778887821221364 0.7242143501125604 0.6834791563768134 0.7224254303510637 0.6848208461979359 0.7179531309473219 0.682361081525878 0.7169095944197822 0.6844854237426553 0.7176549776537392 0.6872806108699939 0.715269751305077 0.6890695306314905 0.7008093165663124 0.6907466429078936 0.6896285680569583 0.6917529102737354 0.6814293524834321 0.6926473701544839 0.676360746492525 0.6926473701544839 0.6727829069695317 0.687951455780555 0.6777024363136473 0.6854916911084972 0.6847090387128425 0.6851562686532165 0.6754662866117765 0.6825846964960652 0.668757837506164 0.6803485467941942 0.6686087608593726 0.6753172099649851 0.6708449105612435 0.6743109425991431 0.6662235345107105 0.668273338404092
27 0.657846698252418 0.5738710592562607 0.6558400006121115 0.5696068267706091 0.6595189462860069 0.5662205245025916 0.6660407136170037 0.5698576639756474 0.6713919073244878 0.574874408076414 0.6757397522118188 0.5782607103444314 0.6757397522118188 0.5805182451897763 0.6697196592908989 0.5823995242275639 0.6693852096841811 0.5845316404703896 0.6650373647968502 0.5854095706880238 0.6541677525785226 0.5831520358426788 0.6473115356408082 0.5834028730477172 0.647813210050885 0.5786369661519888 0.6553383262020347 0.5771319429217588 0.662361767943108 0.5787623847545081 0.6611911943195959 0.5768811057167206
27 0.7151131193506732 0.5798664806022622 0.716427508271878 0.5768194881031059 0.7184588366046486 0.5726970864866006 0.7161885284680225 0.5700085636932275 0.7096165838619994 0.571352825089914 0.7066293363138071 0.5755648441328651 0.7079437252350117 0.5795976283229248 0.7073462757253732 0.5823757685427438 0.7040005584713979 0.5834511776600929 0.7007743311193501 0.58775281412949 0.6991014724923624 0.5886489883939475 0.6953972855326039 0.5859604656005745 0.6920515682786285 0.5868566398650322 0.6913346288670623 0.5890074580997307 0.6922905480824838 0.5907998066286461 0.6953972855326039 0.5912478937608749 0.6971896340615192 0.5951014430980431 0.6962337148460976 0.5986861401558738 0.7001768816097116 0.5979692007443077 0.7106919929793486 0.589276310379068 0.7079437252350117 0.5879320489823815 0.7194147558200703 0.5790599237642502
27 0.7117405402710466 0.5941195240431779 0.7094115477447164 0.5968520601288291 0.7091725679408611 0.5995405829222021 0.7141911438218241 0.6018706360097922 0.7108454265678488 0.6021394882891296 0.7018836839232718 0.603125279980033 0.7005692950020672 0.6085023255667792 0.7002108252962842 0.6117285529188269 0.705348891079175 0.6128039620361762 0.7109649164697764 0.6144170757122 0.7177758408796551 0.6171952159320189 0.7220774773490519 0.6188979470344885 0.7241088056818228 0.6185394773287054 0.7274545229357982 0.6143274582857542 0.7259011542107382 0.611280465786598 0.7249452349953167 0.6046487762296111 0.7312781997974844 0.6033941322593702 0.7308002401897737 0.6021394882891296 0.724347785485678 0.6010640791717803 0.7245867652895336 0.5960455032908171 0.7202851288201366 0.5960455032908171 0.7175244878611031 0.5958913509722622 0.7144135081659441 0.5941414248937352
21 0.8132654995681853 0.4789639310199435 0.8105300658050839 0.46917949486731203 0.819578039021496 0.4726513915666329 0.8237863986570363 0.47880611753361074 0.8216822188392661 0.4803842523969384
