22 0.5832471090750496 0.7759963357831091 0.5618519423864448 0.7866939191274117 0.5592585888484319 0.7832901426087698 0.5462918211583683 0.795932741106582 0.5025634383466092 0.7870881088973236 0.5022358593758959 0.7807003189684149 0.5002703855516163 0.7728384236712965 0.49863249069804993 0.765959265286318 0.4852017528988061 0.7553948434808152 0.48913270054736524 0.7507268431481511 0.4852017528988061 0.7379512632903336 0.4969945958444837 0.7337746314137396 0.4927360692252112 0.7246843149764465 0.49595456165988483 0.7080619451967245 0.5087301415177021 0.6982345760753264 0.5172471947562471 0.7011827868117458 0.5362467750576165 0.7019198394958508 0.5421431965304554 0.6940579441987323 0.5533345886507879 0.6944210765915441 0.5576947472349625 0.6981667672979114 0.5664930119629923 0.6919320445561454 0.576182035983563 0.689042501935228 0.584143850731478 0.6872496080717199 0.6027014534356158 0.6930400240405882 0.6039211162928384 0.697078510612275 0.6168572036248782 0.6992836076095427 0.6326976851691577 0.7089197297011022 0.6495973002618217 0.7140970313562175 0.6510866068297115 0.721246996411741 0.6506342363189538 0.7307896857159846 0.6641741608252552 0.7428126104129025 0.660544632192319 0.7544239828108621 0.6707305235596493 0.7697795284234518 0.6627284629269947 0.7850683660147284 0.6520062026110852 0.8000081345798575 0.6381642564348129 0.7958984603296081 0.6399619789004943 0.7876310629963257 0.6253092462230236 0.7877381164541016 0.6128935549520735 0.7845511920836585 0.606715772964371 0.7802843791237861 0.6029957193912798 0.771695974617212 0.6004231132409285 0.7763225023402015 0.592973694962505 0.781490536270858 0.5870141603397663 0.7813508596781373
24 0.4011434549361404 0.3227428710979677 0.37044762423183786 0.29668885619282004 0.353909783864345 0.26493620268723406 0.33671042988215255 0.23616036044779654 0.3228186439734587 0.2173072224288548 0.2904044768531729 0.1691821069594509 0.2771742045591786 0.13941399429796394 0.27122058202688126 0.10914974642545218 0.2791587454032778 0.0888082027734361 0.3035624960319114 0.05905261341584723 0.35774255256373083 0.06262984294505483 0.5379177034032168 0.07311949213776463 0.5532775750664579 0.08792794176242033 0.5635615448632321 0.11014131652345284 0.5668524151981998 0.13235469128448535 0.5602706745282643 0.1570362187967437 0.5553343690258127 0.17307921167971163 0.5557457278176837 0.1835688608724214 0.5537720834032197 0.1856418458474961 0.5527521476757842 0.1982635504745109 0.5422658284198955 0.22833811097963153 0.5376761176464356 0.2554938997226028 0.5335963747366934 0.2864744474434573 0.5273067710841743 0.29654631275188326 0.5133676494758886 0.3179649630280296 0.4611809380887701 0.3354313623603633 0.4047444945040035 0.32612444884751396
20 0.4522177873895131 0.6822536684648416 0.41994468034963256 0.6876087194117246 0.3765330673402356 0.6963910029646125 0.34729290407517505 0.7010832699659013 0.340438438863165 0.6916583802993875 0.35100573939834717 0.678377853951118 0.3521481502670155 0.6657399337164747 0.34129524701466624 0.6344664361866786 0.33872482256016245 0.6246131424444143 0.33187035734815246 0.6136888385127733 0.32958553561081577 0.592268634725242 0.3253014948533096 0.5845573613617308 0.3255870975704766 0.5622803494226981 0.3121637698636236 0.5579963086651918 0.3073085236717832 0.5539264699455609 0.31473419431812744 0.5470720047335508 0.3284431247421475 0.5453583884305483 0.34300886331766883 0.5430021660139198 0.3581458073275243 0.5434305700896704 0.41383833717510593 0.541716953786668 0.43183130835663214 0.5408601456351667 0.44525463606348514 0.5400033374836655 0.4663892371338494 0.5432163680517951 0.48009816755786955 0.5464293986199249 0.48209738657803913 0.5466436006578002 0.48009816755786955 0.541074347673042 0.4778133458205328 0.5350766906125333 0.48438220831537576 0.5357192967261591 0.4898086599415505 0.5400033374836655 0.49037986537588457 0.5447157823169223 0.49037986537588457 0.5504992373395557 0.49009426265871747 0.5554258842106881 0.48809504363854794 0.5665643901802043 0.49066546809305156 0.5712768350134613 0.4966631251535605 0.5777028961497206 0.5029463849312362 0.5918402306494913 0.5066592202544083 0.6083337875658904 0.5100864528604133 0.6261125567095416 0.5157985072037551 0.6331812239594269 0.5195113425269272 0.6357516484139306 0.5272226158904385 0.653102013481831 0.5363619028397852 0.6710949846633574 0.5372187109912865 0.6725943989284845 0.532077862082279 0.6732370050421105 0.5215105615470967 0.6717375907769833 0.5066592202544083 0.6758074294966143 0.49409270069905664 0.6766642376481156 0.4709588806085228 0.6758074294966143 0.46496122354801406 0.6753790254208636 0.45667874475016856 0.6775210457996168
29 0.29584674742673134 0.45330917242022145 0.30065231482226007 0.46364114232060816 0.30161342830136584 0.46652448275792535 0.2980893455446448 0.4653230909090432 0.2865559837953759 0.4679661529765839 0.27662447784461663 0.47084949341390114 0.27374113740729944 0.4698883799347955 0.2654114872550497 0.4706092150441247 0.2615670333386267 0.4720508852627834 0.25964480638041526 0.4631605855810552 0.2445873618744253 0.4583550181855266 0.24522810419382918 0.4470619348060341 0.2474707023117426 0.4448994294780462 0.26028554869981907 0.44826332665491636 0.2705374258102803 0.4485036050246927 0.27470225088640515 0.44153553230117626 0.27630410668491473 0.4340869028381068 0.27694484900431854 0.4321646758798952 0.28719672611477975 0.4309632840310131 0.2891189530729911 0.42615771663548435 0.2806451358988756 0.41856492015054897 0.2806451358988756 0.4135190743852439 0.2751988261839431 0.4096746204688209 0.26686917603169336 0.40655100166172725 0.25918026819884743 0.40799267188038585 0.24988950456749198 0.40847322861993873 0.24348208137345373 0.40462877470351577 0.23803577165852116 0.40462877470351577 0.23707465817941548 0.407512115140833 0.23707465817941548 0.40847322861993873 0.22618203874955042 0.40919406372926803 0.21753201743759878 0.4127982392759146 0.21593016163908924 0.4207274254785369 0.2162505327987911 0.42649410635317136 0.2229783271525313 0.4300982818998179 0.21817275975700262 0.43057883863937074 0.21977461555551214 0.4392288599513224 0.20631902684803183 0.43081911700914716 0.20183383061220506 0.4341830141860173 0.19638752089727254 0.4387483032117696 0.19350418045995535 0.4526844486588027 0.21112459424356056 0.4618150267103073 0.20920236728534905 0.4646983671476244 0.2027949440913108 0.4601330781218722 0.19062084002263813 0.4553275107263435 0.18004859175247495 0.455087232356567 0.18325230334949413 0.4695039345431531 0.18677638610621516 0.4723872749804703 0.194785665098763 0.4728678317200232 0.20375605757041654 0.47623172889689336 0.20535791336892611 0.4781539558551048 0.20023197481369553 0.4788747909644341 0.1903004688629362 0.4793553477039869 0.187417128425619 0.481037296292422 0.187417128425619 0.484881750208845 0.19382455161965725 0.4851220285786214 0.202154201771907 0.4839206367297392 0.21016348076445482 0.4853623069483978 0.21208570772266624 0.48920676086482073 0.21432830584057969 0.4918498229323615 0.2207357290346179 0.4906484310834794 0.22618203874955042 0.49737622543721954 0.23899688513762699 0.4990581740256546 0.25053024688689585 0.5007401226140896 0.26654880487199145 0.5000192875047603 0.290256270689933 0.4985776172861016 0.30146926127949997 0.4976165038069959 0.3065951998347306 0.49545399847900806 0.31011928259145155 0.48872620412526785 0.2998674054809904 0.4899275959741501 0.2924988688078464 0.48920676086482073 0.301148890119798 0.4868039771670564 0.3030711170780095 0.48440119346929206 0.30691557099443245 0.4793553477039869 0.3065951998347306 0.4731081100897996 0.3097989114317497 0.46397753203829517 0.3059544575153267 0.4471580461539448 0.30178963243920187 0.4454760975655097 0.29378035344665404 0.4485997163726033
29 0.2982191078608819 0.41028082773047797 0.2977612676639216 0.407533786548716 0.30233966963352493 0.4037566049237932 0.30691807160312834 0.4070187163271356 0.307833751997049 0.4090789972134572 0.30485779071680674 0.4109675880259186
29 0.24854344649068527 0.3996360431511504 0.2501458871800465 0.3970606920432483 0.26044729161165403 0.3968890019693882 0.2629654126949359 0.40135294388975146 0.2629654126949359 0.4030698446283527 0.25197724796788784 0.4028981545544926
28 0.703677248301767 0.5982103690521641 0.701006651394185 0.5922015260101053 0.6973345806462603 0.5896978414092475 0.686318368402486 0.5899482098693333 0.6859845437890383 0.5952059475311348 0.6899904391504107 0.599462211352593 0.6929948606714401 0.5987111059723357 0.6993375283269466 0.6029673697937941 0.7030095990748716 0.6012147905731935
28 0.7247081989489726 0.5967081582916494 0.7200346543607048 0.5954563159912205 0.718699355906914 0.5886963675689043 0.722037602041391 0.5851912091277033 0.7267111466296591 0.5851912091277033 0.7397303065541198 0.5861926829680465 0.741733254234806 0.5871941568083897 0.7390626573272243 0.5906993152495906 0.7353905865792996 0.5912000521697622
28 0.7741392785852426 0.6171582541114562 0.7741392785852426 0.6151553064307699 0.7671289617028407 0.6156560433509415 0.7637907155683634 0.6156560433509415 0.7597848202069909 0.6171582541114562 0.7547774510052753 0.6159064118110272 0.7454303618287393 0.6174086225715419 0.7511053802573504 0.6204130440925714 0.7537759771649322 0.6206634125526571 0.7557789248456185 0.6191612017921424 0.7644583647952587 0.6194115702522281 0.7744731031986903 0.6199123071723998
28 0.7798142970138536 0.5312818723020325 0.7741392785852426 0.5362892415037481 0.7554451002321706 0.5347870307432334 0.7611201186607818 0.5290285561612604 0.77013338322387 0.5287781877011747
28 0.7884937369634941 0.5417973476256355 0.7894952108038372 0.5360388730436624 0.7871584385097034 0.5300300300016035 0.7888275615769418 0.5292789246213462 0.795504053845896 0.5310315038419468 0.7965055276862391 0.5357885045835765
28 0.711067520136012 0.3527906280715068 0.711067520136012 0.35028602929209446 0.7051041897088399 0.3461713312973456 0.6958013942424514 0.34635023121016084 0.6929389956374087 0.3520750284202461 0.6891224641640185 0.3551163269381039 0.6895995305981922 0.3599466245841134 0.6929389956374087 0.35887322510722247 0.7017647246696235 0.35493742702528874
28 0.7139299187410547 0.35493742702528874 0.7167923173460974 0.3495704296408338 0.7241868470757908 0.35010712937927935 0.737067640798483 0.35314842789713713 0.743269504442742 0.35565302667654947 0.7435080376598289 0.35851542528159214 0.7361135079301354 0.36352462284041676 0.7244253802928778 0.35851542528159214 0.7175079169973579 0.3558319265893645
28 0.5931798700663921 0.3756654010809596 0.6025448745209178 0.3722939994773304 0.5989861728281981 0.3689225978737011 0.5989861728281981 0.36653452173779705 0.5931798700663921 0.36077504399826377 0.5871862672154956 0.36246074480007834 0.5825037649882328 0.3662535716041612 0.5884973678391292 0.37046782360869784
28 0.631389088240857 0.37032734854188 0.6255827854790511 0.37327732494505544 0.6214621835190598 0.37102972387596933 0.6186526821827021 0.36793927240597585 0.6253954853899606 0.3655511962700718 0.6317636884190382 0.3689225978737011
28 0.6222108959586895 0.3967015886937099 0.6218362957805085 0.3913635361546302 0.6195886947114222 0.39080163588735867 0.6160299930187025 0.3922063865555376 0.6077887890987199 0.39318971202326275 0.5963634836641984 0.3944539876246237 0.5928047819714787 0.4009158406982465 0.5883095798333063 0.4073776937718692 0.5883095798333063 0.4096252948409555 0.5913063812587546 0.4097657699077733 0.5997348852678277 0.40695626857141565 0.6025443866041855 0.4049896176359652 0.6105982904350776 0.40147774096551797 0.6145315923059784 0.40133726589870006
28 0.6377568033532022 0.40119679083188214 0.6388806038877453 0.39318971202326275 0.6430012058477366 0.3934706621568985 0.6499313091440855 0.3974039640277994 0.6562995121731632 0.40035394043097483 0.6568614124404347 0.40119679083188226 0.6518043100349908 0.40625389323732614 0.653677310925896 0.40695626857141565 0.6577979128858871 0.4061134181705083 0.6636042156476932 0.41060862030868056 0.660982014400426 0.4187561741841179 0.6579852129749777 0.4221275757877472 0.6497440090549951 0.42311090125547246 0.6473091078968184 0.4280275285940985 0.6461853073622753 0.4329441559327244 0.6521789102131719 0.43477033180135716 0.6577979128858873 0.4377203082045326 0.6707216190331328 0.439686959139983 0.6776517223294818 0.43477033180135694 0.6862675264276455 0.432241780598635 0.6868294266949171 0.4288703789950057 0.6930103296349039 0.42746562832682694 0.6946960304367187 0.4315394052645456 0.6931976297239946 0.4353322320686285 0.6978801319512574 0.4410917098081618 0.7001277330203436 0.4464297623472415 0.7005023331985246 0.4509249644854139 0.6971309315948955 0.4559820668908578 0.6896389280312748 0.4616010695635733 0.6842072254476499 0.46497247116720253 0.6821469244676542 0.46609627170174567 0.6926357294567229 0.4708724239735538 0.6973182316839859 0.4714343242408252 0.7020007339112488 0.46876529797128536 0.7042483349803349 0.4653938963676562 0.709305437385779 0.4653938963676561 0.7109911381875933 0.4639891456994773 0.7151117401475847 0.46427009583311313 0.7147371399694038 0.46722007223628864 0.7124895389003175 0.4726985998421862 0.7083689369403262 0.4736819253099114 0.7083689369403262 0.48000330331671637 0.7063086359603307 0.4823913794526204 0.7049975353366971 0.4836556550539813 0.6973182316839859 0.48028425345035203 0.6834580250912878 0.47986282824989834 0.6785882227749345 0.4777557022476301 0.6746549209040338 0.4776152271808122 0.6705343189440424 0.47607000144581546 0.6688486181422277 0.4714343242408251 0.6607947143113357 0.47382240037672924 0.6527408104804434 0.4743843006440008 0.6581725130640683 0.48042472851716994 0.6645407160931458 0.48913418265987885 0.6628550152913312 0.49475318533259427 0.6639788158258743 0.49812458693622347 0.6669756172513225 0.5014959885398528 0.6710962192113138 0.503603114542121 0.6746549209040336 0.5033221644084853 0.673718420458581 0.5003721880053097 0.6709089191222233 0.4984055370698593 0.672594619924038 0.4936293847980512 0.6731565201913096 0.48730800679124636 0.6752168211713052 0.48632468132352114 0.6793374231312965 0.48927465772669676 0.6806485237549302 0.49180320892941864 0.679524723220387 0.4968603113348625 0.679899323398568 0.4993888625375845 0.6845818256258309 0.4995293376044024 0.6909500286549083 0.49981028773803815 0.6941341301694471 0.5013555134730349 0.7010642334657962 0.5013555134730349 0.7042483349803349 0.5021983638739422 0.7066832361385116 0.5054292904107536 0.7079943367621452 0.5095030673484723 0.7094927374748693 0.5113292432171048 0.7111784382766839 0.5145601697539162 0.7098673376530503 0.5224267734957178 0.7079943367621452 0.5241124742975325 0.7128641390784984 0.5248148496316218 0.7158609405039468 0.5229886737629894 0.7214799431766623 0.523410098963443 0.7197942423748475 0.5207410726939031 0.7222291435330243 0.5207410726939031 0.7252259449584725 0.523410098963443 0.7226037437112054 0.5293100517697942 0.7211053429984812 0.5325409783066056 0.7154863403257657 0.5361933300438707 0.716235540682128 0.5413909075161325 0.7111784382766839 0.544340883919308 0.7081816368512357 0.5492575112579341 0.6928230295458135 0.5520670125942918 0.6907627285658178 0.5471503852556658 0.6924484293676325 0.5398456817811357 0.6948833305258091 0.5346481043088739 0.6993785326639815 0.5298719520370658 0.6920738291894515 0.5267815005670723 0.6838326252694688 0.52959100190343 0.6828961248240162 0.5342266791084203 0.6780263225076629 0.5331028785738772 0.672220019745857 0.5402671069815894 0.6516170099459003 0.537036180444778 0.6424393055804651 0.5339457289747844 0.6407536047786505 0.5298719520370658 0.6411282049568315 0.5242529493643503 0.6435631061150082 0.5228481986961715 0.6353219021950256 0.5169482458898202 0.6278298986314048 0.5162458705557309 0.6222108959586895 0.5138577944198267 0.6126585914150733 0.5179315713575455 0.6120966911478017 0.5203196474934495 0.615468092751431 0.523410098963443 0.620525195156875 0.5280457761684333 0.6195886947114223 0.5321195531061519 0.6156553928405215 0.5331028785738772 0.6049792877623621 0.5293100517697942 0.5989856849114656 0.5246743745648039 0.5946777828623839 0.524814849631622 0.5905571809023925 0.5220053482952641 0.5858746786751297 0.516105395488913 0.5843762779624055 0.5048673901434819 0.5849381782296771 0.497562686668952 0.5871857792987633 0.4922246341298722 0.5939285825060218 0.4844985054548886 0.6014205860696424 0.4776152271808122 0.6098490900787155 0.47340097517627555 0.6147188923950689 0.4724176497085504 0.6197759948005128 0.475367626111726 0.6274552984532239 0.47227717464173247 0.6257695976514093 0.4673605473031064 0.6312013002350342 0.4578082427594903 0.6278298986314049 0.4562630170244935 0.6276425985423144 0.44544643687951635 0.6263314979186808 0.440951234741344 0.6276425985423144 0.44052980954089027 0.6272679983641334 0.42985370446273097 0.6310140001459437 0.4269037280595554 0.6323251007695773 0.42367280152274406 0.6287663990768575 0.4187561741841181 0.6265187980077713 0.41622762298139604 0.6253949974732282 0.41215384604367733 0.6173410936423361 0.4080800691059586 0.6214616956023274 0.40232059136642534 0.6248330972059567 0.4016182160323359 0.6298901996114006 0.3988087146959781 0.6341981016604825 0.3995110900300676
28 0.6989226635878067 0.40936188724364064 0.6956915132938374 0.40861623717580153 0.6850038623214778 0.41830968805770924 0.6805299619144434 0.41737762547291046 0.6775473616430873 0.4151406752693933 0.6681024607837923 0.4155135003033128 0.6668597106707275 0.40936188724364064 0.6698423109420836 0.40787058710796253 0.6710850610551486 0.40190538656525004 0.6768017115752482 0.39221193568334234 0.6857495123893167 0.39444888588685956 0.6944487631807725 0.3968722486073365 0.7001654137008718 0.39799072370909505 0.703148013972228 0.3907206355476643 0.7071248143340363 0.3836369599031933 0.7133385648993618 0.3840097849371127 0.7354595169119204 0.3875516227593483 0.7401819673415677 0.3882972728271874 0.743910217680763 0.39407606085294 0.7441587677033761 0.400414086429572 0.7409276174094068 0.4110395998962785 0.7394363172737286 0.4156999128202726 0.7332225667084031 0.4179368630237898 0.7265117160978517 0.4168183879220312 0.703645114017454 0.4129037250658761 0.6989226635878067 0.41141242493019803
28 0.5659875961308741 0.47470725392270424 0.57654214337807 0.4828705365592073 0.5775316321824946 0.48484951416805644 0.5745631657692207 0.4870758639780119 0.561369981710226 0.48484951416805644 0.5498259456586055 0.49276542460345335 0.5485066272527062 0.49796024082668244 0.5494961160571308 0.5048866624576548 0.5402608872158343 0.5128025728930515 0.5379520800055103 0.5051340346587608 0.5402608872158343 0.4964760076200456 0.5409205464187842 0.4915285635979225 0.5508154344630302 0.47718097593376574 0.5577418560940024 0.4717387875094305
28 0.5551032192822034 0.5830562780071985 0.5554330488836784 0.5667297127341926 0.5547733896807286 0.5600506633043264 0.5501557752600804 0.5583190578965833 0.5435591832305832 0.5716771567563156 0.5458679904409072 0.5810773003983493 0.5501557752600804 0.5860247444204723
28 0.8413813207334742 0.6376044960415522 0.8416669234506415 0.6339630613976719 0.8468077723596488 0.6331062532461705 0.8493781968141526 0.6296790206401656 0.8485213886626514 0.6271085961856617 0.8405245125819731 0.6288222124886642 0.8353836636729655 0.6311784349052928 0.833670047369963 0.6341772634355471
28 0.8273910716330447 0.6016935243917556 0.8313895096733839 0.5989088978993766 0.832246317824885 0.5954816652933717 0.8302470988047154 0.5905550184222393 0.8248206471785409 0.5894840082328628 0.8231070308755384 0.5911976245358653 0.825391852612875 0.5941964530661197
28 0.8428136183600672 0.5068020216129919 0.8379583721682267 0.4990907482494805 0.8430992210772343 0.4982339400979793 0.838815180319728 0.48688123209058765 0.8362447558652242 0.48495341374970985 0.8345311395622217 0.48795224227996425 0.831960715107718 0.4892374545072162 0.828533482501713 0.49030846469659267 0.825391852612875 0.49030846469659267 0.825391852612875 0.4967345258328521 0.8273910716330447 0.5005901625146078 0.8311039069562167 0.5020895767797349
28 0.8496680835720772 0.4810977770679542 0.8348167422793888 0.47317230166656765 0.8305327015218825 0.47381490778019353 0.832246317824885 0.46824565479543545 0.8382439748853937 0.465889432378807 0.8479544672690748 0.46867405887118607 0.8542377270467505 0.472101291477191 0.8528097134609152 0.4765995342725726 0.8516673025922468 0.4793841607649518
