23 0.4531904696340161 0.46260042166148446 0.4598765418662051 0.4587893604891367 0.47057425743770764 0.45176898464533827 0.4802022014520599 0.43933289029346656 0.4812719730092101 0.4258938851067666 0.4753882294448838 0.41105080475130706 0.4625509707590808 0.3994170390672981 0.44850172533524124 0.3919375542509219 0.4313853804208374 0.38672241790981443 0.4095091593702333 0.38404053798037957 0.39560212912727993 0.3866481061509334 0.38779218946696475 0.3883270752455397 0.38190844590263834 0.3909346434160936 0.38003634567762545 0.39334162941968154 0.3677400457015824 0.3967966528597186 0.3550109787577314 0.40297185078322806 0.347207112028601 0.4076212578282819 0.35358948060304934 0.413334850959885 0.35279204588399293 0.41584420996142657 0.33458732517534473 0.41535909039633334 0.3316618452644602 0.41855405324617867 0.33281316669305405 0.42230753671692833 0.34065715573331096 0.43043394073944774 0.34721248844347513 0.4359605261679185 0.35398024704439307 0.4432078322121084 0.3592793525390696 0.4483978384760121 0.36607467605577254 0.45400865605861085 0.37247935478560895 0.458389170535461 0.3822467085255576 0.4632398495887464 0.39497812438896474 0.4658195369594135 0.40617549234146394 0.46487137273762935 0.4210752158266444 0.4641263865633702 0.43416891222271203 0.46358457843663636 0.44654019778313464 0.463923208515845
32 0.33485624092622535 0.5247090469588938 0.32294125355447517 0.5290355243772783 0.310966523043998 0.5321885248434876 0.30067458562751137 0.5347386071007003 0.29048952466326644 0.5378009960190464 0.2833580008581193 0.540090024162019 0.27254827836472667 0.5369703800014005 0.25535057426312796 0.5339423442284177 0.2405353359880005 0.5307997979708903 0.2185713711137623 0.5244928001986991 0.20357424518306014 0.5196779150558629 0.18056077121010086 0.5167404908307434 0.1577763182062311 0.513268854687354 0.11906870380948253 0.5035350281258186 0.08559800194876471 0.4943135082254168 0.059185747419218664 0.48133507281003646 0.04165347501598553 0.46784433073352266 0.024576586311537647 0.45127974869020826 0.012281226444335179 0.42959210003555937 0.008182773155267688 0.4113198291218002 0.009277821322245614 0.3929032273901387 0.012852937737843715 0.3783090320831743 0.020728633270025207 0.36452656490185675 0.03210463792762069 0.34959555878876275 0.05026249151570579 0.3346645526756686 0.06776403714277578 0.32514808724094935 0.09401635558338073 0.31497531384521493 0.1211437513053392 0.3090685421960788 0.15067760955101978 0.3066073873422721 0.16735393005323318 0.30777667020962074 0.1913131535761402 0.31010606501089627 0.2002516714954275 0.31244463074559353 0.2134515758646077 0.3161083837299526 0.23507031687869787 0.3249949335218021 0.2500371375807604 0.3322444872993636 0.2602228905585529 0.3382468060184199 0.26434856355719466 0.3415056487859641 0.2699928985168437 0.345964072942921 0.2785156714166293 0.35516243149939686 0.2864148267871622 0.3652182641585951 0.2972107772579686 0.3825586624811731 0.2981596235880863 0.3840826944184863 0.3021092012733527 0.39296924421033597 0.324455496071571 0.41775804099812697 0.32746964746295854 0.42563121230494105 0.34389157573327717 0.44675625610837294 0.351472292549845 0.4606074195178593 0.3540369374753509 0.4718588505975919 0.36107923155589694 0.4904978434245432 0.36021360641998484 0.49455247831627125 0.35050983175862116 0.5041018609286039 0.34061715693057937 0.5154949123203828
11 0.6026622372752222 0.42139014445653494 0.5900703677641044 0.416590784355986 0.589657519583412 0.411791424255437 0.590689640035143 0.4001800691734636 0.5869740064089115 0.3977029800893094 0.5867675823185653 0.3912006212434042 0.5869740064089115 0.38996207670132704 0.5869740064089115 0.3873301695494131 0.5844969173247572 0.3851627166007781 0.5844969173247572 0.3811374468390273 0.5867675823185653 0.37912481195815195 0.591721760486874 0.378660357754873 0.5911024882158353 0.37587363253519934 0.592960305028951 0.3709194543668907 0.5962630904744902 0.368597183350496 0.5889279297576897 0.36459654957396403 0.5852122961314583 0.3508177415433556 0.5765424843369181 0.34632801757832593 0.5784003011500339 0.33440702636083325 0.5858315684024968 0.324034215820937 0.5992491342749994 0.31335176914552154 0.6184465746771953 0.30561086575753926 0.6217493601227344 0.3046819573509814 0.6304191719172746 0.30127595986026917 0.6514744291325862 0.2953928732854027 0.678722409058284 0.29291578420124836 0.7109245671522902 0.29353505647228695 0.7315669761869095 0.2950832371498834 0.7540672020346445 0.30003741531819206 0.771819673804417 0.3059205018930585 0.7862693601286505 0.3128873149422426 0.7982419573687299 0.31877040151710906 0.812278795512271 0.3303817565990825 0.8223935759392346 0.3413738394100172 0.8271413300171969 0.350198469272317 0.8304441154627359 0.3632031869641273 0.8331276286372364 0.37945908407888984 0.8285862986496203 0.38766444167015107 0.8172329736805797 0.4008239774297209 0.8027832873563461 0.41367387705377145 0.7870950564900354 0.4223436888483116 0.7627370138291846 0.42311777918710985 0.7280577666510242 0.42280814305159065 0.6958556085570179 0.4226533249838309 0.6599378168367803 0.4229629611193502 0.6297998996462361 0.4218792346450327
28 0.5562369107182493 0.48745549201919125 0.5466756753656526 0.48679151734192766 0.5439280556143897 0.48921654220786404 0.5382621383684065 0.48589666882154575 0.5384391982823435 0.4820456156934166 0.5385956020319975 0.4735567050707536 0.5436635680289776 0.47310953160043184 0.5456510056748521 0.47117177989570413 0.5484334183790764 0.4695321438378577 0.548234674614489 0.46453870675259795 0.5507189716718323 0.45686222884540756 0.5606561599012049 0.45552070843444226 0.5718851826003961 0.454700890405519 0.5785430987140757 0.4506763291726232 0.5870890805913361 0.446875354674888 0.5974237563498838 0.4459064788225242 0.6087521509313686 0.44627912338112563 0.6178943641023914 0.45045274243746214 0.6208755205712032 0.44784423052725186 0.6255459990390084 0.44903669311477656 0.6308127088005759 0.4522414363187493 0.6356819310329684 0.4515706761132666 0.6384643437371927 0.4532848410828334 0.6446254004394038 0.45857639381497434 0.6485009038488592 0.4628245417830311 0.6511839446707897 0.4593216829321773 0.6459172349092224 0.45298672543595214 0.6441285410279353 0.4497819822319795 0.6510845727884962 0.4497819822319795 0.6562519106677699 0.44955839549681864 0.6615186204293374 0.4497819822319795 0.6675803052492547 0.45045274243746214 0.6674809333669609 0.4479187594389721 0.6696671147774229 0.4468008257631677 0.6797036748890892 0.44523571861704153 0.6853678721798316 0.44285079344199213 0.6908333257059867 0.4439687271177965 0.6962987792321416 0.4444904294998386 0.6974912418196663 0.4459810077342445 0.6983855887603099 0.44821687508585334 0.6996774232301284 0.4546263614937987 0.7041491579333461 0.45887450946185543 0.7107077021647319 0.4619301948423875 0.7169681307492368 0.46438964892915735 0.7203467747472234 0.4684887390737735 0.7216386092170418 0.46997931730817943 0.7244210219212662 0.4637188887236746 0.7299858473297149 0.46349530198851374 0.7334638632099952 0.4628990706947514 0.7346563257975202 0.4583528070798134 0.7350538133266951 0.4548499482289596 0.7382337135600943 0.4524650230539101 0.736544391561101 0.4473225281452098 0.7391280605007379 0.4434470247357545 0.7422085888518433 0.4416583308544674 0.7436991670862492 0.4445649584115588 0.7485683893186418 0.45037821352574187 0.7460840922612985 0.45306125434767247 0.7502577113176352 0.45321031217111307 0.7578099743719584 0.44858951964445476 0.7650641217794003 0.44806781726241274 0.7744050787150107 0.44926027984993744 0.7829510605922709 0.45127256046638536 0.7859322170610828 0.4535829567297146 0.7847397544735579 0.45432824584691744 0.7815598542401588 0.4545518325820784 0.7811623667109839 0.4575329890508901 0.7776843508307035 0.45894903837357576 0.7727157567160172 0.46118490572518456 0.7634741716627006 0.4634207730767934 0.756418768019846 0.4663274006338849 0.7585055775480143 0.46886138363237495 0.7597974120178328 0.47124630880742446 0.7591018088417766 0.47467463874655796 0.7603936433115951 0.4786991999794539 0.7626791966043508 0.48071148059590185 0.7605923870761826 0.4839907527115949 0.7565181399021398 0.48727002482728776 0.7494627362592852 0.48958042109061695 0.7481709017894667 0.49524461838135936 0.7516489176697472 0.49390309797039417 0.7541332147270903 0.49412668470555504 0.7569156274313148 0.4981512459384509 0.7595986682532455 0.49837483267361177 0.7627785684866447 0.49725689899780734 0.7627785684866447 0.4944993292641564 0.7647660061325193 0.4915927017070649 0.7784793258890536 0.49218893300082733 0.7786780696536411 0.49725689899780734 0.7787774415359346 0.5003125843783395 0.7831498043568587 0.5005361711135002 0.7875221671777827 0.5021758071713467 0.7958694052904556 0.499194650702535 0.8056078497552409 0.49815124593845084 0.8089864937532273 0.5007597578486612 0.8118682783397455 0.5068711286097254 0.8143525753970887 0.508287177932411 0.8184268225711315 0.506498484051124 0.8231966729212304 0.5092560537847749 0.8224016978628805 0.5122372102535866 0.8209111196284746 0.5146966643403563 0.8241903917441676 0.5149202510755172 0.8273702919775668 0.5181995231912102 0.8297552171526162 0.5225967289827076 0.8348231831495965 0.5246090095991556 0.8371087364423522 0.5263977034804427 0.8402886366757515 0.5351921150634376 0.8411829836163949 0.5382478004439696 0.8410836117341012 0.5410053701776204 0.8443628838497941 0.5455516337925584 0.8449591151435566 0.5492780793785732 0.844064768202913 0.5506195997895384 0.8412823554986886 0.5508431865246993 0.8451578589081441 0.5545696321107141 0.8459528339664938 0.5565819127271621 0.8443628838497942 0.5594885402842535 0.8425741899685071 0.5620225232827436 0.8417792149101573 0.5644819773695133 0.8396924053819891 0.5666433158094019 0.8377049677361144 0.5698480590133745 0.8359162738548275 0.5697735301016543 0.8347238112673029 0.5745433804517531 0.8266746888015107 0.5777481236557258 0.8245878792733424 0.5810273957714187 0.8225010697451742 0.5814745692417406 0.8199174008055372 0.5799094620956143 0.8183274506888377 0.578567941684649 0.8147500629262635 0.5773754790971243 0.8160418973960819 0.5804311644776563 0.8206130039815933 0.5822943872706637 0.8264759450369232 0.5855736593863567 0.8271715482129793 0.5863934774152799 0.8272709200952729 0.5894491627958122 0.8208117477461808 0.5958586492037575 0.8146506910439697 0.6015973754062202 0.812067022104333 0.6036096560226681 0.8154456661023199 0.607857803990725 0.8130607409272702 0.6108389604595367 0.8145513191616761 0.6147144638689921 0.8150481785731448 0.6180682648964053 0.8139550878679138 0.6217201815706997 0.8138557159856201 0.6254466271567145 0.8117689064574517 0.629620246213051 0.8145513191616761 0.629620246213051 0.8153462942200259 0.6308127088005757 0.815743781749201 0.6365514350030385 0.8175324756304879 0.6433335659695854 0.8208117477461809 0.644004326175068 0.8228985572743492 0.6461656646149565 0.8244885073910487 0.6520534486408597 0.8244885073910487 0.654363844904189 0.8219048384514118 0.6560780098737556 0.8146506910439697 0.6567487700792384 0.8112720470459833 0.6573450013730008 0.8098808406938711 0.6622639095465402 0.805210362226066 0.6762753449499556 0.8006392556405545 0.6858895745618737 0.7932857363508187 0.6993047786715268 0.7885158860007199 0.7057142650794721 0.7849384982381458 0.7128690406046203 0.782255457416215 0.714583205574187 0.7767900038900603 0.7163718994554742 0.7733119880097796 0.7168936018375163 0.7720201535399611 0.7147322633976277 0.7746038224795981 0.7104095865178506 0.779373672829697 0.7013170592879746 0.7819573417693338 0.6952056885269106 0.7861309608256704 0.6873801527962794 0.7881183984715449 0.6822376578875792 0.7895096048236571 0.6784366833898442 0.7895096048236571 0.6764989316851165 0.7900064642351257 0.6739649486866264 0.7868265640017266 0.6741885354217874 0.7842428950620896 0.6747102378038295 0.7782805821244659 0.6751574112741511 0.7772868633015286 0.6753809980093121 0.777883094595291 0.67739327862576 0.7770881195369412 0.6788093279484457 0.7697346002472055 0.6789583857718863 0.7683433938950934 0.678883856860166 0.7662565843669252 0.6808216085648937 0.7630766841335259 0.683951822857146 0.7588036931948956 0.6870075082376781 0.7551269335500277 0.6883490286486434 0.7533382396687407 0.6893924334127274 0.7519470333166285 0.6905848960002523 0.7515495457874536 0.6912556562057349 0.7546300741385591 0.6925226477049798 0.7551269335500277 0.6940132259393857 0.7553256773146153 0.6976651426136803 0.7540338428447968 0.7008698858176529 0.7516489176697473 0.7041491579333459 0.7417117294403748 0.7059378518146331 0.734755697679814 0.7057887939911923 0.7287933847421902 0.7063104963732343 0.7273028065077844 0.7028821664341006 0.7322714006224708 0.7010934725528137 0.7300852192120086 0.6998264810535687 0.7233279312160353 0.7002736545238905 0.7155769243971247 0.6972179691433584 0.7119995366345503 0.6984104317308831 0.7095152395772072 0.7009444147293732 0.7069315706375704 0.7027331086106602 0.7018636046405904 0.7030312242575415 0.6961000354675542 0.7008698858176529 0.6950069447623233 0.7028821664341006 0.6949075728800296 0.7044472735802271 0.6955038041737919 0.7066086120201155 0.6958019198206729 0.7085463637248433 0.6914295569997491 0.7085463637248433 0.6883490286486434 0.7092171239303259 0.6803992780651452 0.7110803467233332 0.675430683950459 0.712496396046019 0.673244502539997 0.7111548756350535 0.6672821896023735 0.7133907429866622 0.6622142236053934 0.714583205574187 0.6597299265480503 0.7149558501327885 0.6597299265480503 0.7166700151023555 0.6497927383186776 0.7201728739532094 0.6456191192623411 0.7194275848360063 0.6402530376184798 0.7197257004828876 0.6316076838589256 0.7199492872180484 0.6285271555078201 0.7180115355133206 0.6292227586838762 0.7164464283671945 0.6313095682120444 0.7148067923093481 0.6284277836255264 0.714583205574187 0.6250491396275397 0.7151794368679495 0.622366098805609 0.7127945116929001 0.6120314230470615 0.7120492225756972 0.6081559196376062 0.7103350576061306 0.5998086815249332 0.7098133552240884 0.5983181032905273 0.7081737191662418 0.584207296004818 0.7054906783443112 0.5782449830671945 0.7028821664341006 0.5730776451879208 0.6982613739074427 0.5697983730722277 0.6928952922635813 0.5692021417784654 0.6846971119743489 0.5652128113322408 0.6831063616710688 0.5631957701037714 0.6771366478377965 0.5598536836883355 0.6768221386755131 0.5526438606398614 0.6698171401454615 0.5460426590175572 0.6641581313079011 0.5451063183619113 0.6599445983574942 0.5481494254927607 0.657194097681534 0.5483054822687017 0.6543265544236182 0.5520508448912856 0.6527464795672155 0.5543136681424302 0.6536242989318837 0.5581370591529847 0.6528635221491713 0.5557962075138697 0.6490011169446315 0.5516607029514332 0.6443194136664014 0.5484615390446427 0.642212647191198 0.5501001351920233 0.633844102581362 0.5550939520221353 0.6292794418850877 0.5602438256281882 0.6228420998775215 0.5621945353274507 0.6205012482384065 0.5680466644252381 0.620267163074495 0.5628967908191852 0.6183359604722252 0.5576688888251617 0.6165218004519111 0.5561863494537221 0.6107867139360793 0.5567325481695156 0.6068657874405617 0.5561083210657518 0.6004869667239734 0.5573567752732796 0.5979705512119248 0.5651596140703297 0.5929962414788053 0.5733525948072321 0.5904798259667567 0.5768638722659046 0.5905968685487124 0.5749131625666422 0.587495240126885 0.5639111598628016 0.5809408555373631 0.5650035572943887 0.5771369716238013 0.5676565224853857 0.5741523857839297 0.5645353869665657 0.5723382257636156 0.5615703082236867 0.5704070231613457 0.5565764913935747 0.5680076502312529 0.5557181791258993 0.5669542669936511 0.5547818384702532 0.5632089043710671 0.5556401507379287 0.560458403695107 0.5527531003830202 0.5612191804778194 0.5499440784160822 0.5596391056214167 0.5479933687168197 0.5572397326913238 0.5448722331979997 0.5524409868311381 0.5457305454656752 0.5498075287371337 0.5478373119408787 0.5479348474258416 0.5460426590175572 0.5469985067701957 0.5474471700010262 0.5437213144754347 0.5449502615859703 0.5411463776724084 0.5429215234987372 0.5406196860536074 0.5399564447558582 0.5383373557054704 0.5398784163678877 0.5351186847016872 0.5408927854115042 0.5320755775708377 0.5426874383348258 0.5309636730422581 0.5445601196461177 0.5318414924069262 0.5456525170777047 0.532368184025727 0.5448722331979997 0.526340491055006 0.5458085738536458 0.5231803413422007 0.5476812551649377 0.5218343516497096 0.5476812551649377 0.5176793399902805 0.5440919493182947 0.5146947541504089 0.5354307982535692 0.5098960082902231 0.5326217762866312 0.5055654327578604 0.5321536059588082 0.500591123024741 0.5322316343467787 0.4960849836194447 0.5348065711498052 0.4951486429637987 0.5392541892641238 0.49672871782020134 0.5449502615859703 0.4956168132916217 0.5493978797002887 0.4945634300540199 0.5537674694266367 0.494973079090865 0.5596976269123947 0.49690428169313494 0.5591514281966012 0.49239814228783857 0.5614142514477457 0.491227716468281 0.5610241095078932 0.4899987693577457 0.5569666333334272 0.4877164390096086
26 0.2982314587161306 0.38200020093932807 0.28503945677749365 0.36012925035685095 0.26765877617602857 0.33952047094702453 0.25273098450862364 0.3291057325744164 0.22105874196338604 0.3161721257601684 0.19505411475222226 0.3091362573538791 0.17924370876219659 0.3073181830973471 0.18550109048700297 0.3035334764089561 0.19539179063266465 0.30232237026867104 0.2297064646074095 0.3029279233388135 0.2771414551019098 0.3033820881414205 0.2878395593410949 0.306107076957062 0.2953080472061864 0.31231399592602316 0.2975284084633758 0.3230625629210536 0.2979321105101375 0.3395638840824382 0.29773025948675663 0.3554596521736802
13 0.43601035142868677 0.30317337847155035 0.43283243341535815 0.29872429325289024 0.43283243341535815 0.2963408547428938 0.43940013064290395 0.2947518957362295 0.44427293826334113 0.29602306294156094 0.44681527267400406 0.29856539735222387 0.4470271338748926 0.3030144825708839 0.441306881450901 0.3055568169815468
13 0.4260528749869238 0.29141508182223447 0.4178714299995962 0.29513585579872553 0.4084683953131721 0.3006310440608875 0.40211255928651485 0.29348072853089807 0.4016888368847376 0.28791937200757295 0.39681602926430043 0.2887138515109051 0.39279066644741756 0.28712489250424084 0.3908839156394204 0.28108684827891645 0.4141886477371636 0.2620193401989447 0.4196970389602665 0.262496027900944 0.4258410137860352 0.25137331485429387 0.44681527267400406 0.2331002862776543 0.45253552509799555 0.23564262068831718 0.4559253043122128 0.23103463956899067 0.4620692791379814 0.22388432403900127 0.4624930015397586 0.2194352388203412 0.46630650315575295 0.21768738391301046 0.46270486274064715 0.21609842490634615 0.46418789114686715 0.21021927658168818 0.46376416874509 0.20735915036969244 0.46842511516463864 0.2070413585683596 0.47965375881173317 0.21260271509168466 0.480713064816176 0.21546284130368043 0.4855858724366132 0.22038861422433978 0.4934247368694905 0.22007082242300693 0.5008398789005906 0.22308984453566916 0.5067719925254707 0.22753892975432918 0.5218141377885595 0.2373904755956479 0.530076724623214 0.242951832118973 0.5294411410205482 0.2467653337349673 0.5319834754312112 0.25057883535096165 0.5338902262392082 0.2537567533642903 0.5216022765876709 0.25693467137761894 0.5135515509539051 0.26726290492093696 0.5038059357130307 0.2725064696429292 0.4985094056908163 0.2748899081529257 0.4944840428739333 0.28410587039157864 0.4906705412579391 0.28934943511357086 0.4790181752090674 0.2910972900209016 0.47478095119129593 0.2895083310142373 0.4711171854369387 0.28975464267873896 0.4737445098582898 0.29123251266574895 0.47308767875295205 0.2949271876332739 0.46498676178711945 0.2904114737840767 0.46783302991024983 0.2881946688035617 0.45737339301687024 0.2869530891444402 0.4432515242521081 0.289498309677624 0.43449377618093776 0.2907298680001324
13 0.42330272820504994 0.30412597621612963 0.4263352438641782 0.30578205812361814 0.4239696163871616 0.3070184663396291 0.41935369238072107 0.30612825242410124 0.4217275961554619 0.30380380497800086
13 0.4144440340068341 0.3196362520031228 0.4129273732618609 0.3191416887167184 0.4099599935434349 0.31642159064149455 0.41114694543080527 0.3152840950827646 0.4147737428644371 0.3144433374958772 0.4168838795530956 0.31454225015315807 0.4152353352650811 0.3169161539278989 0.41642228715245155 0.31790528050070754
20 0.32419476920289064 0.6843259071432192 0.3115801059399434 0.6869061791742765 0.26811893371609713 0.6942651944898427 0.22499972110820468 0.7030381193954376 0.21811899569205162 0.6982216116041304 0.2066511199984632 0.6899647411047468 0.2112382702758986 0.6817078706053633 0.21605477806720572 0.6717308187519413 0.21513734801171863 0.644207917087329 0.2133024879007445 0.6218455594848317 0.2107795552481551 0.5867538598624511 0.2091740526510527 0.5618112302288963 0.20022910961005372 0.5583708675208198 0.19999975209618193 0.5516621602400705 0.1944951717632595 0.5465016161779558 0.19495388679100306 0.5435773078760908 0.20710983502620675 0.5434052897406869 0.23348594912146012 0.5470176705841672 0.2802748819513009 0.5518341783754744 0.31536658157368147 0.5569947224375892 0.3470179184879854 0.565079574801569 0.366283949653214 0.5709281914052989 0.37431146263872583 0.5669717742910111 0.3733940325832388 0.5616392120934925 0.3752288926942129 0.5599190307394543 0.3814215455687507 0.5754006629257986 0.3924307062345955 0.6091162174649485 0.38784355595716025 0.6158249247456977 0.3866967683878013 0.6416276450562717 0.3876141984432884 0.6782675078972867 0.38532062330457073 0.7030381193954376 0.3825683331381095 0.7056183914264951 0.3651371620838551 0.7033821556662453 0.34587113091862665 0.7033821556662453 0.3341738977111664 0.6939211582190349
14 0.5495946143864772 0.7744701076653914 0.5474122400077089 0.7619214549874738 0.5612339444065746 0.7420072887812132 0.5819665010048732 0.7469176311334419 0.6074275354238364 0.7518279734856705 0.6219766979489583 0.7575567062299373 0.6379807767265923 0.7651950165556262 0.6197943235701899 0.7954754610610361 0.5830576881942573 0.7862003699512708
