19 0.4225369083867313 0.35288643019210303 0.40584914162265856 0.35270864250066647 0.3923344210463121 0.34800262372854585 0.38026770624600276 0.3411245962923695 0.3735103459578295 0.3393145890723231 0.36337430552556976 0.319766511095822 0.346556049064884 0.2838091321032754 0.3301453169364633 0.24797098914635674 0.3151825905840797 0.20670282452929883 0.3021505385997456 0.17738070756454716 0.29870331380353893 0.16262004513455927 0.30140225948076793 0.14642637107118558 0.30462385813041265 0.12941230320274943 0.3163449936429497 0.11313080630384684 0.3253186310163396 0.11258244908688603 0.37918044744688006 0.11393406394587928 0.3963745134935364 0.1135219450935561 0.46466134069498854 0.1144588589386738 0.4778419060922495 0.12887251406730363 0.49425263822067017 0.1563846238120089 0.49666598118073213 0.1813627234486492 0.4985966555487816 0.20489281730925238 0.5029406728768929 0.29032515809544246 0.5023894596327604 0.2984327052290231 0.4867098704602874 0.3128527864187892 0.48776374448663407 0.32401485461247176 0.48790940187238907 0.3375995478545242 0.4682285186324054 0.34516516383228024 0.42272343770617377 0.347240781579292
31 0.19573088323956053 0.4639161158308117 0.18610508400663067 0.45998184647298546 0.17742395982802261 0.45361847141182177 0.17988835336419118 0.446753375132495 0.17601573495021203 0.43645573071350496 0.1753116225113067 0.4269502127882834 0.17707190360856995 0.422989580319441 0.1746075100724014 0.4134840623942194 0.17495956629185405 0.40345046013981883 0.17812807226692795 0.3984336590126186 0.17214311653623285 0.3934168578854183 0.16651021702499041 0.3891921832519865 0.1654004908912448 0.3823185196820619 0.17143900409732754 0.3793021188425532 0.17707190360856995 0.38338325563101777 0.18235274690035974 0.3815349604788912 0.18870213362662117 0.3733556207295369 0.19027889618946034 0.3705861274734219 0.2007141795092685 0.3671535793337585 0.24080645410561363 0.36200180765218876 0.24819963471411927 0.36622648228562066 0.2541845904448144 0.3635860606397257 0.26087365861441475 0.3635860606397257 0.2636901083700359 0.3596254281708834 0.3038245173876382 0.3601535125000625 0.30452862982654355 0.3633220184751363 0.31192181043504924 0.3646422292980837 0.32177938457972344 0.3633220184751363 0.3224834970186288 0.36622648228562066 0.3316369587243977 0.3651703136272627 0.33374929604111364 0.36833881960233655 0.340438364210714 0.37441178938789477 0.3467753761608618 0.37441178938789477 0.3478315448192197 0.3849734759714744 0.347479488599767 0.40055196368225426 0.34923976969703024 0.40715301779699137 0.3464233199414091 0.41349002974713917 0.3436068701857879 0.4195629995326973 0.3436068701857879 0.42642809581202407 0.3453671512830511 0.43540552940806665 0.34923976969703024 0.44306275218116187 0.35064799457484086 0.4501918906250781 0.3513521070137462 0.45468060742309935 0.3386780831134508 0.4541525230939204 0.33515752091892426 0.45520869175227835 0.3224834970186288 0.4541525230939204 0.318258822385197 0.45652890257522566 0.3189629348241022 0.45943336638571014 0.31016152933778596 0.46550633617126835 0.29431899946241663 0.46629846266503683 0.2876299312928163 0.4649782518420894 0.28129291934266853 0.46629846266503683 0.27249151385635223 0.46761867348798425 0.26545038946729926 0.46550633617126835 0.2356816817573842 0.46518349842391116
20 0.12790936731110272 0.7244390654554418 0.13349271270960325 0.6707628131016754 0.13603059698164893 0.6380241059922862 0.13907605810810375 0.633455914302604 0.13095482843755757 0.6273649920496942 0.1094860791472595 0.6358219210946535 0.09643960233773619 0.6338365969434108 0.10616617618918203 0.6138662483543644 0.13073639924500124 0.6029703229314285 0.15807849501463284 0.6024684308695706 0.2039102808956115 0.6004101171324009 0.23519664970059087 0.5983518033952312 0.28212620290806006 0.5950585014157598 0.29228055067809716 0.5946468386683258 0.29722050364730446 0.5917651994362882 0.3243902449779445 0.586413583719647 0.3282324306206612 0.5876485719619489 0.33042796527364227 0.6088492034547968 0.3318001744317554 0.6386947526437572 0.3361912437377174 0.6806843528820191 0.33811233655907585 0.6946808862947731 0.3652820778897158 0.6961217059107918 0.3529321954666977 0.7164990119087719 0.34222896403341524 0.7197923138882433 0.32027361750360506 0.7074424314652253 0.3029837821113796 0.6983858510216785 0.29914159646866284 0.6975625255268108 0.29008501602511616 0.7025024784960181 0.27306962246451333 0.7031199726171689 0.24891874128172214 0.7047666236069048 0.2190045816348559 0.7080599255863763 0.18854153832474435 0.7097065765761118 0.1805827252076882 0.7097065765761118 0.14463084526512415 0.7247322668574507
29 0.5022697199560956 0.7886216064724663 0.4860422865990849 0.7669262336147237 0.49239215182574125 0.7634867232836181 0.484278435147236 0.7568722803391846 0.4846312054376057 0.7454954384747584 0.5036808011175747 0.7436433944503171 0.5005058685042466 0.7378226846592156 0.49380323298722045 0.7362352183525515 0.48956998950278285 0.7288270422547857 0.5005058685042466 0.7206251330036879 0.5230831670879136 0.7134815346236993 0.5262580997012418 0.7073962471148205 0.5167333018612572 0.6999880710170548 0.5234359373782835 0.698665182428168 0.5343718163797471 0.7002526487348321 0.5382522895738149 0.6920507394837344 0.5467187765426901 0.6901986954592929 0.5523631011886068 0.697077716121504 0.562240669318961 0.7013109596059415 0.5671794533841382 0.7013109596059415 0.574587629481904 0.6997234932992774 0.5802319541278207 0.7026338481948282 0.5802319541278207 0.7113649128814807 0.590462292548545 0.7190376666970237 0.6024564824211179 0.7185085112614691 0.6105701990996234 0.7301499308436723 0.6077480367766649 0.7388809955303249 0.6116285099707326 0.7425850835792077 0.6190366860684984 0.7465537493458682 0.6186839157781285 0.7544910808791885 0.6102174288092536 0.7608409461058449 0.593637225161873 0.7698365885102746 0.6024564824211179 0.7780384977613722 0.6102174288092536 0.7796259640680365 0.6021037121307482 0.7878278733191343 0.591873373710024 0.7904736504969077 0.5858762787737376 0.7957652048524547 0.5784681026759718 0.7978818265946734 0.5668266830937685 0.8060837358457714 0.5604768178671121 0.7944423162635681 0.555185263511565 0.7933840053924587 0.544954925090841 0.7973526711591188 0.532960735218268 0.7992047151835603 0.5220248562168043 0.7933840053924587 0.5211931512638577 0.7983151210499659 0.5175556939343317 0.7991881108090522 0.5094077895161935 0.7947140382937351 0.5094077895161935 0.7900217183386467
29 0.482028375270829 0.7020669378753422 0.4847616629737981 0.692432098722376 0.4814817177302351 0.6883321671679226 0.4710952244589526 0.6942770679218804 0.46918192306687423 0.7006319618312834 0.4730085258510309 0.7018619412976195
29 0.48722162190647 0.7016569447198968 0.4910482246906268 0.7076018454738546 0.5093612523005198 0.7063718660075184 0.5107278961520043 0.7026819276085102 0.505261320746066 0.6985819960540566
29 0.6171745016589096 0.7257280455955436 0.6166531061837527 0.7289867673152749 0.6237788443442316 0.736416652836262 0.6274286126703306 0.7386325836056793 0.6340329553556525 0.7370683971802083 0.6368137312231564 0.7313330469534813 0.6336853583722144 0.7259887433331221 0.6281238066372066 0.7245549057764403
12 0.7423616400411803 0.601466168221438 0.7281727707743383 0.5980608395973959 0.7100110181127803 0.5938041788173432 0.7003625870113278 0.5857165233352432 0.6946897470078887 0.5721073935039139 0.6968593698732035 0.5678629173887006 0.692297270081433 0.5665798268222653 0.6854541203937774 0.560164373990088 0.6851689891567916 0.5567427991462602 0.677470445758179 0.5511827400250398 0.6888756952376052 0.5417734092045133 0.692297270081433 0.5447672871928627 0.6971445011101892 0.5451949840483412 0.7076943568786583 0.5377102890774678 0.7116861941964575 0.5347164110891184 0.707124094404687 0.5312948362452905 0.7188144751210989 0.5248793834131134 0.7313602495484678 0.5165392947312829 0.7376331367621521 0.5182500821531969 0.7598747465667691 0.5125946812909603 0.7761272270749515 0.5134500750019172 0.7943756262420334 0.5185824372676591 0.7932351012940907 0.5237147995334008 0.8006485134557179 0.5294887070823603 0.7989377260338039 0.5376149473364515 0.8049254820105027 0.5395395831861046 0.8126240254091153 0.5504458530008058 0.8120537629351439 0.5542951247001122 0.816045600252943 0.5613521228155072 0.8174712564378713 0.5703337567805553 0.8154753377789719 0.5769630580404718 0.8129091566461009 0.5793153907456033 0.8126240254091153 0.5846616014390844 0.8074916631433734 0.5919324479822186 0.8017890384036603 0.5968509618202211 0.7935202325310765 0.600272536664049 0.787247345317392 0.6043356567910946 0.7678584212023674 0.6054048989297907 0.7584490903818409 0.6045495052188338 0.7547423843010275 0.6026248693691806 0.7478992346133717 0.601127930375006 0.7473289721394003 0.6030525662246591
17 0.6927972613084143 0.4809949404521385 0.6847977661577616 0.46765606927311787 0.6770715865506073 0.4712219983225738 0.6568646552703573 0.47322783341289265 0.6387378492689568 0.4627529168301161 0.6322003126782877 0.44224882479574495 0.6322003126782877 0.43244251990974125 0.6491384756632032 0.42129899163019174 0.658350459040964 0.4208532504990099 0.6818261586165485 0.42575640294201156 0.6919296242566735 0.43489409613124225 0.6951983925520075 0.44804345950111063 0.6967683535541273 0.45167611406344427 0.7134149675904107 0.4432784141646063 0.7205087555060585 0.4446514053740865 0.7451909789453908 0.4503411167095129 0.7459918904842542 0.45394521863439846 0.7526280146634086 0.46518658416201786 0.748852288837338 0.470249489246976 0.7328340580600687 0.4804611113674852 0.7244816948690641 0.485094956699481 0.7068616410140679 0.4838077774405933
15 0.5519506854454242 0.5271597330533155 0.542147374668717 0.5291816659010115 0.5340596432779335 0.5255054243597462 0.5286678223507445 0.5194396258166586 0.5264620774259854 0.513373827273571 0.5338145605085158 0.5120871427341281 0.5416572091298817 0.5082270891157996 0.5465588645182353 0.5047346596515977 0.5477842783653237 0.5003231698020795 0.5492547749818298 0.4948088074901815 0.5558720097561073 0.4900296934865367 0.5558720097561072 0.485985827791145 0.5607736651444609 0.48120671378750024 0.5656753205328146 0.48194196209575324 0.5703318931517505 0.48469914325170216 0.5720474725376743 0.4885591968700307 0.5639597411468908 0.4933383108736755 0.5595482512973725 0.4988526731855733 0.5526859337536774 0.5038155992662814 0.5509703543677537 0.5076756528846099 0.5499900232900828 0.5146605118130139 0.5519506854454242 0.5209101224331647
15 0.5636903696606689 0.5510686070356582 0.5536419761145439 0.5400398824118625 0.5565829693475561 0.5301140302504463 0.5710428527431994 0.5273568490944974 0.5737387632067938 0.5273568490944974 0.582806825675248 0.5183500573183977 0.5886888121412724 0.5124680708523733 0.5980019573791444 0.5060346481551591 0.6200594066267359 0.5027260307680204 0.6237356481680011 0.5007040979203244 0.6293725518646076 0.5016231583056409 0.6315782967893668 0.5071375206175387 0.6350094555612144 0.5144900037000691 0.6271668069398485 0.5159605003165753 0.623000399859748 0.5179824331642712 0.6269217241704309 0.5209234263972833 0.6364799521777205 0.5222101109367261 0.6369701177165558 0.5273568490944974 0.6407590785454426 0.5289312741192947 0.6325586278670375 0.5345255200999647 0.6210397377044065 0.5365474529476605 0.6193241583184828 0.5378341374871033 0.6210397377044065 0.5420618152595583 0.6200594066267359 0.5442675601843175 0.6163831650854705 0.5448189964155072 0.6156479167772174 0.5479438017255828 0.6011880333815742 0.5541934123457337 0.5955511296849676 0.5551124727310499 0.5825617429058304 0.5543772244227968 0.5931003019907908 0.5591563384264416 0.5972667090708914 0.5576858418099356 0.6134421718524583 0.5549286606539867 0.6087855992335224 0.5613620833512007 0.6033937783063333 0.5661411973548457 0.6006978678427389 0.5751479891309454 0.5938355502990437 0.5904043915271964 0.5783953358257298 0.5968378142244103 0.5703076044349463 0.5975730625326634 0.559769045349986 0.5933453847602084 0.5416329204130775 0.5837871567529187 0.5462894930320135 0.5771699219786414 0.5541321416533792 0.5652221369695293 0.564425617968922 0.5597077746576316 0.5754543425927175 0.5541934123457337
15 0.6549691534612768 0.5162676718205685 0.6667315847992316 0.5068157180668549 0.6532888061272832 0.5063116138666569 0.646063312591111 0.5126129163691326 0.6544650492610787 0.5131170205693307
17 0.5509572529466774 0.351745879287369 0.5553305955946342 0.34111111033174274 0.5616935872483951 0.33348101788383727 0.5685019943665575 0.32719633439014895 0.5758341251091939 0.3234648035657715 0.5826425322273562 0.32483957808001584 0.5936407283413108 0.3228756144882382 0.5996635500227622 0.32523237079837136 0.6080431280143466 0.33328462152465954 0.6054245098919765 0.3436936285610808 0.5973067937126291 0.34624678123039165 0.5952118992147329 0.3493891229772359 0.5923314192801257 0.35783416642187965 0.5865704594109113 0.373153082437745 0.5813332231661712 0.39259632199634326 0.5823806704151192 0.4006485727226314 0.5860467357864374 0.4022197435960535 0.5928551429045998 0.3996665909267426 0.6043770626430284 0.4000593836450981 0.6101380225122427 0.40104136544098695 0.6090905752632947 0.40496929262454207 0.6103686428473636 0.4051653598107372 0.6206124950017233 0.40673685985714203 0.6237548367485675 0.41007559796316395 0.6242238133906512 0.41022042898498434 0.6371097891726551 0.4141999215058969 0.6433944726663435 0.42382334310560715 0.6305632438667298 0.4318755938318953 0.6303592465036643 0.4409179163302316 0.6379687324097278 0.4634673039392913 0.6564043307607313 0.4740192582586157 0.6775173572806817 0.47200865780183426 0.6843758120904644 0.46857943039694283 0.6910709703571571 0.4803367814994276 0.685845480978275 0.48107161594333286 0.6701690128416289 0.48021430909211005 0.6618408891440353 0.4783772229823468 0.6546558412480725 0.47580530242867825 0.6517165034724514 0.48107161594333286 0.6575951790236937 0.48254128483114345 0.6768641711083214 0.48266375723846106 0.6835593293750142 0.48352106408968387 0.6879594387319004 0.48335980773350257 0.693453320424963 0.48218054058909987 0.7060005312955674 0.48426307051940126 0.7083092944446469 0.487293322152568 0.7182177362927792 0.4950132489323022 0.7206269446839656 0.4978362583824568 0.7243998606247193 0.4963270920061553 0.7324487479649939 0.49255417606540147 0.7422583294109537 0.4921768844713262 0.746282773081091 0.4868948021542709 0.7508102722099956 0.48576292737204485 0.7482949949161596 0.47727386650534875 0.7470373562692418 0.4735009505645952 0.7503072167512284 0.4706712636090298 0.7553377713389 0.4635027233215976 0.747540411728009 0.4535044960786002 0.7472888839986254 0.4484110595585826 0.7520518482599156 0.44232313551068986 0.7475990794655274 0.4379101235805375 0.7421921459294849 0.43445127639203984 0.7413970086447729 0.4325429469087306 0.7468039421808154 0.4325429469087306 0.7566636445112457 0.43111169979624875 0.7754288844304521 0.4358825235045216 0.7862516394553566 0.4328687390433547 0.7864368389239845 0.4270505237338844 0.7778648232863623 0.4185696997519815 0.7742171570575868 0.41460286272818825 0.7658275247314034 0.40926815086860413 0.7672865912229134 0.40571167629554805 0.7793238897778724 0.40010338946880586 0.7984741374789435 0.3980515772151197 0.804492786756423 0.4043438014597573 0.8061342365593718 0.40078732688670127 0.8128824190826065 0.3972308523136452 0.8165300853113818 0.40010338946880586 0.8247373343261266 0.4018816267553339 0.830755983603606 0.4042070139761782 0.8375041661268406 0.40844742596712963 0.837139399503963 0.426366586315989 0.8349507997666978 0.4312909357248358 0.8347684164552589 0.43977175970673876 0.8342212665209428 0.44606398395137636 0.8314855168493612 0.450714758393065 0.8267435507519533 0.4617945445629704 0.826014017506198 0.4664453190046592 0.8247373343261266 0.4686339187419244 0.8258316341947592 0.4768411677566691 0.8234606511460553 0.47834583007603887 0.8210896680973512 0.48887846631162807 0.8170772352456982 0.4910670660488933 0.8099642860995858 0.48764737895941634 0.8023041870191576 0.49284530333542137 0.797197454298872 0.4955810530070029 0.795556004495923 0.49818001519500543 0.7816948728265765 0.502830789636694 0.7758586068605358 0.504472239439643 0.7795062730893112 0.5088494389141736 0.782789172695209 0.5136370008394413 0.7758586068605358 0.5121323385200716 0.7592617255196075 0.5118587635529134 0.7377404947698325 0.5171934754124974 0.7311746955580367 0.5154152381259693 0.718955013691639 0.523348912173556 0.7065529485138025 0.5307354362868262 0.6906856004186294 0.5407209225880989 0.6877674674356089 0.5412680725224153 0.676459702126405 0.5508431963729509 0.677371618683599 0.5522110712087416 0.6689819863574155 0.5601447452563282 0.6523851050164872 0.5780639056051875 0.6390711232814569 0.5928369538317281 0.6264866747921816 0.6013177778136309 0.6184618090888757 0.5988556031092075 0.6058773605996004 0.5988556031092075 0.5963934284047843 0.6020017152315263 0.5819851468011212 0.6009074153628937 0.5792493971295397 0.5972141533062586 0.5947519786018354 0.590921929061621 0.6015073788500656 0.5749016344427348 0.6037450597638577 0.5663680205827184 0.6095888129252479 0.5611972839371062 0.614907284903592 0.5533673113023221 0.6218016004310748 0.5470112930189597 0.6242258543992835 0.5436677648037893 0.6314313132516262 0.5357205675401759 0.6419216136395957 0.52864756197556 0.6555907929330105 0.5170446539706846 0.6668228317322509 0.5072696013364401 0.6670896124730525 0.5065903629364826 0.6537020147935944 0.5058665246473454 0.641902732114782 0.503175809888252 0.6312588299110247 0.5009129330417839 0.6247216301323391 0.4992157754069327 0.6200282559322571 0.5022958022257366 0.5973156772140032 0.5055644021150795 0.588180359574558 0.5119758865134056 0.5739326164671663 0.5269988744663466 0.5708316370849694 0.526936016776167 0.5558296016954216 0.529764612834252 0.5519743300310685 0.5278788821288619 0.5523095710453602 0.5272503052270652 0.5523095710453602 0.5207759631385593 0.5504657454667564 0.5149930556420298 0.5516390890167769 0.5076387058910085 0.5531476735810891 0.504118675240947 0.5600201143740662 0.4994043484774717 0.5642106270527109 0.49381001405148117 0.5724240319028542 0.4889071142174671 0.5728513742355084 0.48560419323930065 0.5743459475535603 0.4842794577983001 0.5704057088059687 0.48366804144091513 0.5664654700583772 0.48142618146383725 0.5622534907075035 0.48020334874906745 0.5618458798025803 0.4744967960801418 0.5606230470878105 0.474394893353911 0.5600795658812461 0.48061095965399075 0.5553019228071229 0.4859741013947582 0.5552375936924706 0.4898205658325379 0.5484729656646515 0.4947210776140547 0.5461668424733495 0.504406795017523 0.5410933714524852 0.5080389390438236 0.5338675187864056 0.5116710830701241 0.5264110538011959 0.5129394508253402 0.5240280598368505 0.51270883850621 0.5218756781916354 0.5098261845170825 0.5211069704612014 0.5048103665760008 0.5192928397393821 0.5018930488625312 0.5199385471340358 0.49624310915931164 0.5205477779899647 0.4829084177766112 0.525605819248085 0.47168925179450377 0.5292648278177892 0.46264934826935245 0.5254982013489761 0.45925938444742065 0.5250677297525403 0.45118804201424983 0.5290495920195712 0.44343955327840584 0.5348609585714543 0.4315746799016447 0.5395724057585898 0.42168544396123214 0.5368734661758159 0.42104381478011477 0.5323457876166233 0.42032350228206133 0.5280925138185939 0.41641323443548595 0.530424954288481 0.4104449308801865 0.5287785257215019 0.40313890411421666 0.5315220223730972 0.3989502221361314 0.531247617611934 0.39246740965365107 0.5356380937905451 0.38886584716338424 0.5356380937905451 0.3779582579071475 0.541400593774972 0.36746227579265556 0.5460654747147463 0.3594359365286322
27 0.6375410515532078 0.5272790411939798 0.6411343976113107 0.5284023575002542 0.6435781032600473 0.5262739687094191 0.6546930225010752 0.5170509506158003 0.6541412179997476 0.5133853921426953 0.645154687549555 0.5129715387666997 0.6526434629247154 0.5062907628399117 0.6312019165874135 0.5013245223279631 0.6248167502149082 0.4994326211805541 0.6236026008224028 0.500329691380213 0.6296685040772407 0.5014830673512034 0.6355635368178578 0.5146828145747592 0.6274365282187303 0.5161998234609978 0.6234210711345418 0.5180260020817323 0.6270093519331783 0.5206851744592933 0.6369625593865392 0.5220628179801987
27 0.6926588705133828 0.5445190316079148 0.6969265076741974 0.5448048108820766 0.711024951866174 0.5346882245767527 0.7066811068989165 0.531544652560974 0.6938019876100295 0.5392606929633398 0.6910585065780773 0.5412039920276392 0.6893057270298857 0.5414326154469686
27 0.7300959601186119 0.4914597443479857 0.7241482115661182 0.490005457900847 0.718681606374258 0.48721399993053555 0.7092604357244566 0.4868650676842465 0.7071668422467229 0.48416084277550725 0.7246134545611702 0.485556571760663 0.745131134834234 0.47343117620212216 0.7468467641631069 0.47379565251100997 0.7505296152618222 0.48566468159303505 0.7459129153492428 0.4868310057814761 0.7421709585779945 0.4918972264750169 0.7325001871821708 0.49218880752212724
27 0.5442118984331218 0.36131848950658524 0.5388310622072489 0.35734591901170254 0.537906230980927 0.3542561419601271 0.5416055558862146 0.35261666842255646 0.5406807246598927 0.3473829644372347 0.5448845029613559 0.3460587742722738 0.5473226943762046 0.3463740576448835 0.5514423971116387 0.34940077802193703 0.5474908455082632 0.3562108988703075
27 0.586158569705575 0.40165978910198197 0.5831761967469064 0.40023638382625376 0.581685010267572 0.3928143420313852 0.5873886872487153 0.3720456102413663 0.5915503479883315 0.3612069993041235 0.5954376135143469 0.34985389734137884 0.5976327752231556 0.34656115477816585 0.6057731665599876 0.3438172026421551 0.6084531186845688 0.3343573701918341 0.6174383939250359 0.3286049222434657 0.6230266096990541 0.3288724432113708 0.6237399989468011 0.3302992217068649 0.6267124541457469 0.3286940958994341 0.6298038075526506 0.33092343729864354 0.6437148978837172 0.33921658730370247 0.649659808281609 0.33734394052836664 0.6500165029054825 0.33609550934480936 0.651086586777103 0.3342228625694734 0.6527511616885129 0.3347579045052837 0.6584582756704888 0.3353821200970623 0.6592905631261936 0.33235021579413754 0.6666622520195794 0.3302100480508965 0.6709425875060614 0.331280131922517 0.6689213179707783 0.3381465034320819 0.6692780125946518 0.34224849160662724 0.6785520728153629 0.3411784077350067 0.6892529115315679 0.33984080289548113 0.6997159538318575 0.33975162923951274 0.7066120498934119 0.3365413776246512 0.7176695832334904 0.33894906633579736 0.7312239789406838 0.3330636050418845 0.7404980391613948 0.3369872459044931 0.7401413445375212 0.3418026233267854 0.7416870212409731 0.3430510545103427 0.7456106621035816 0.3432294018222794 0.7500098957980215 0.3475989109647297 0.7542462332305587 0.3500663891114902 0.7676039990215421 0.3508091625795913 0.7725585447952987 0.352449880252679 0.7731970338890329 0.35587249871484183 0.7777213462114443 0.3584796693231642 0.7791714850604518 0.3622295981888463 0.7673009406385582 0.36180847881434813 0.7650810536478315 0.3649037868729917 0.7668988866341989 0.3675568409718975 0.7758409739110913 0.36887692554628804 0.7901211197060587 0.3640806407194234 0.7952701989556354 0.36402650759372535 0.7976043035375756 0.368329666299707 0.798874130031859 0.372143191698209 0.7917195984250587 0.38495763593616666 0.7908312197849167 0.390510002437054 0.7991227537595751 0.3891774344768411 0.8029723945335236 0.390954191757125 0.801787889680001 0.3953960849578349 0.7997150061863364 0.3973949368981543 0.7787585486295263 0.39935154712256876 0.7663700618674065 0.40511148836920285 0.7645066235584408 0.4093042245643764 0.7645066235584408 0.41042228754975596 0.7733268982208795 0.41498771140672264 0.7856255910600551 0.4269137165841048 0.7857498202806529 0.43203817193376115 0.775438794971041 0.4352991889744517 0.7565559534401859 0.4302679055402436 0.7472387618953559 0.4316654842719681 0.740654613203676 0.4316654842719681 0.7409030716448717 0.4344606417354171 0.7463691573511718 0.43772165877610747 0.7514625553956791 0.4422870826330741 0.7463691573511717 0.44843642905266173 0.7457480112481831 0.4494613201225931 0.7143180184369571 0.4421007388021775 0.6972986152150679 0.45113841460066256 0.6931990509353428 0.4347401574817619 0.6828880256257309 0.4251434501905871 0.65829063994738 0.41992582292548236 0.648228073078964 0.4202053386718273 0.6443769672404343 0.42272098038893124 0.6380412769899498 0.41368330459044633 0.6242518335036016 0.40939739647982454 0.6213945614298536 0.4059500356082376 0.6100897023554602 0.4042729411301682 0.6114562237820351 0.4002665487658914 0.6043751582079645 0.39896214194961516 0.5923249238099846 0.398868970034167
