29 0.2506223319279182 0.4439907522184423 0.2580321792693408 0.4437491267616566 0.25545484106362865 0.4398831194530884 0.26350902295647927 0.43770849034201864 0.26705286298933356 0.4357754866877345 0.2683415320921897 0.4328759812063083 0.260609517475053 0.43021810118166764 0.24611199006792187 0.42683534478667035 0.24772282644649202 0.4220028356509599 0.2506223319279182 0.4203114574534613 0.24901149554934812 0.4135459446634668 0.25545484106362865 0.4091966864413275 0.272851873952186 0.41161294100918266 0.2812282231207507 0.4145124464906089 0.2860607322564611 0.4152373228609654 0.28928240501360136 0.4123378173795392 0.3111897797621551 0.41137131555239714 0.3137671179678673 0.4169287010584641 0.31795529255214966 0.42731859570024133 0.3050686015235886 0.42973485026809655 0.3121562815892972 0.4311846030088097 0.31312278341643923 0.43746686488523323 0.3108676124864411 0.4437491267616566 0.31312278341643923 0.44785675952701054 0.3147336197950094 0.4514811413787933 0.31634445617357954 0.45655527597128925 0.3166666234492935 0.4587299050823589 0.31312278341643923 0.4679116724402086 0.3057129360750167 0.47105280337842037 0.309901110659299 0.4790264434523426 0.3031355978693045 0.4867584580694792 0.29572575052788186 0.4896579635509054 0.3015247614907343 0.49134934174840406 0.3082902742807289 0.48941633809411983 0.32278780168786 0.48941633809411983 0.3147336197950094 0.49883973090875516 0.24578982279220787 0.5036722400444655 0.22935929173079253 0.497873229081613 0.222593778940798 0.49183259266197504 0.2145395970479473 0.4920742181187606 0.21035142246366498 0.48603358169912253 0.20004206964081614 0.484342203501624 0.18812188043939718 0.4862752071559082 0.18779971316368316 0.4812010725634122 0.1968203968836759 0.478784817995557 0.20874058608509483 0.47854319253877153 0.20616324787938264 0.4756436870573452 0.19488739322939172 0.47226093066234803 0.18522237495797098 0.4729858070327046 0.17944717257271248 0.46512900431212495 0.17944717257271248 0.45328935692963446 0.1913673617741315 0.45449748421356206 0.19813287456412598 0.45812186606534483 0.2042540528026925 0.459571618806058 0.20940872921411688 0.46392087702819734 0.21746291110696755 0.4612629970035566 0.20908656193840292 0.45618886241106066 0.20908656193840292 0.4528061060160634 0.20586488918126264 0.4479735968803531 0.2055427219055486 0.4419329604607151 0.21327473652268522 0.4380669531521468 0.22358408934553406 0.441449709547144 0.23357127489266888 0.4419329604607151 0.24645796592122993 0.4499066005346372 0.24747905037721632 0.4440157350366876
29 0.26007653302179207 0.4024121543705117 0.2587925859738825 0.39605661648335927 0.24800743077144208 0.39624920854054574 0.24723706254269637 0.39933068145552875 0.25083211427684315 0.40106400997020664 0.25211606132475267 0.402989930542071
22 0.5832471090750496 0.7759963357831091 0.5618519423864448 0.7866939191274117 0.5592585888484319 0.7832901426087698 0.5462918211583683 0.795932741106582 0.5025634383466092 0.7870881088973236 0.5022358593758959 0.7807003189684149 0.5002703855516163 0.7728384236712965 0.49863249069804993 0.765959265286318 0.4852017528988061 0.7553948434808152 0.48913270054736524 0.7507268431481511 0.4852017528988061 0.7379512632903336 0.4969945958444837 0.7337746314137396 0.4927360692252112 0.7246843149764465 0.49595456165988483 0.7080619451967245 0.5087301415177021 0.6982345760753264 0.5172471947562471 0.7011827868117458 0.5362467750576165 0.7019198394958508 0.5421431965304554 0.6940579441987323 0.5654013034510973 0.700937102583711 0.5707267992192967 0.7064928005101249 0.5800077325393388 0.7067741037605261 0.6022461399522312 0.7118485929078124 0.5999322932796163 0.7016936495280865 0.605459538601727 0.6966746747561917 0.6168572036248782 0.6992836076095427 0.6283536678410463 0.7067477210370465 0.6428399399736484 0.717355044352301 0.6510866068297115 0.721246996411741 0.6506342363189538 0.7307896857159846 0.6641741608252552 0.7428126104129025 0.660544632192319 0.7544239828108621 0.6707305235596493 0.7697795284234518 0.6627284629269947 0.7850683660147284 0.6520062026110852 0.8000081345798575 0.6381642564348129 0.7958984603296081 0.6399619789004943 0.7876310629963257 0.6253092462230236 0.7877381164541016 0.6128935549520735 0.7845511920836585 0.606715772964371 0.7802843791237861 0.6029957193912798 0.771695974617212 0.6004231132409285 0.7763225023402015 0.592973694962505 0.781490536270858 0.5870141603397663 0.7813508596781373
20 0.5299210318910422 0.32541932184667355 0.5332777666711837 0.3191364782514393 0.5347474751224909 0.28615572124816646 0.5379250916979216 0.2611319907166492 0.5429184891735985 0.22878839343101473 0.5499546401620523 0.21040361181602246 0.5538131745750753 0.19831732019875903 0.5544940924126677 0.18606079912209755 0.5790071345659907 0.19065699452584564 0.6169115608586292 0.19695548452357448 0.6327996437357829 0.19882800857695326 0.6402897399492983 0.20036007371153594 0.6502765349006521 0.2017219093867206 0.6666185630028675 0.20870131722204172 0.6818257280424288 0.21329751262578978 0.6822796732674905 0.21142498857241093 0.689542796868475 0.20955246451903212 0.6929473860564366 0.21125475911301286 0.6943092217316211 0.22180898559569362 0.6949901395692134 0.23457619505054936 0.6961250026318673 0.2609617612572512 0.6952171121817443 0.2640258915264166 0.6922664682188444 0.2730480528745146 0.7017993179451366 0.3040298144849645 0.7094508451720517 0.3303398291543239 0.6573974053710906 0.3296385219416644 0.6054126691509752 0.32532762329443726 0.5540226532918912 0.325015931199922
24 0.4011434549361404 0.3227428710979677 0.37044762423183786 0.29668885619282004 0.353909783864345 0.26493620268723406 0.33671042988215255 0.23616036044779654 0.3228186439734587 0.2173072224288548 0.2904044768531729 0.1691821069594509 0.2771742045591786 0.13941399429796394 0.27122058202688126 0.10914974642545218 0.2791587454032778 0.0888082027734361 0.3035624960319114 0.05905261341584723 0.35774255256373083 0.06262984294505483 0.5379177034032168 0.07311949213776463 0.5532775750664579 0.08792794176242033 0.5635615448632321 0.11014131652345284 0.5668524151981998 0.13235469128448535 0.5602706745282643 0.1570362187967437 0.5553343690258127 0.17307921167971163 0.5557457278176837 0.1835688608724214 0.5537720834032197 0.1856418458474961 0.5527521476757842 0.1982635504745109 0.5422658284198955 0.22833811097963153 0.5376761176464356 0.2554938997226028 0.5335963747366934 0.2864744474434573 0.5273067710841743 0.29654631275188326 0.5133676494758886 0.3179649630280296 0.4611809380887701 0.3354313623603633 0.4047444945040035 0.32612444884751396
28 0.6127691020640293 0.612789389431341 0.6002525693282207 0.6079913852159475 0.5924645045148286 0.5990212034219513 0.595524101405804 0.5887993683543742 0.6038684565630099 0.580037795439308 0.6166631344707255 0.575657008981775 0.6319611189256029 0.5754484001028448 0.6444776516614116 0.5821238842286095 0.6494842647557352 0.5919285015383263 0.6480935388962008 0.6008986833323225 0.6433650709737841 0.6109119095209696 0.6291796672065343 0.615918522615293
28 0.5621629234553479 0.5521374393819458 0.5605073389294651 0.5499299933474353 0.5617950157829296 0.5451012051469435 0.5581159390587453 0.545791032032728 0.5540689546621428 0.5478605126900816 0.5527812778086783 0.5485503395758663 0.5489182472482849 0.5555865738108685 0.5524133701362599 0.5562764006966531 0.5549887238431888 0.5531031970220442 0.5590357082397913 0.5542069200392995
28 0.5479984780672388 0.5858009914082315 0.5525973239724691 0.5855250606539176 0.554252908498352 0.5838694761280347 0.5524133701362598 0.5735220728412667 0.5557245391880257 0.5692451461494026 0.5514936009552137 0.5598635005027328 0.5479984780672388 0.5604153620113604 0.5476305703948203 0.5711766614295992 0.5448712628516822 0.5736600382184236
28 0.5505738317741677 0.5074366571831077 0.5437675398344268 0.5077125879374217 0.5424798629809624 0.5122654453835995 0.538616832420569 0.5117135838749719 0.5358575248774308 0.5027458343597728 0.5382489247481506 0.49419198097604455 0.5461589397051466 0.4856381275923163 0.5507577856103769 0.4841205084435903 0.5518615086276322 0.47860189335731396 0.5588517544035823 0.4729453128938807 0.566577815524369 0.47680834345427414 0.5744878304813651 0.48370661231211953 0.5737520151365282 0.487569642872513 0.5606912927656742 0.4846723699522179 0.5555405853518164 0.4849483007065317 0.554436862334561 0.48881133126692516 0.547084461163014 0.49517552356423955 0.5462161525594433 0.5001940457601168
28 0.596418163433622 0.36826304388308384 0.5895919299840878 0.36052109619031936 0.580767774549324 0.36651486214600804 0.5879269949963966 0.37413193971469566 0.5942537479496234 0.372258887853543
28 0.6233516593916155 0.3654948531729284 0.629178931848535 0.36899121664708007 0.6218532179026934 0.3742357618583077 0.6150269844531591 0.3682419959026191 0.6216867244039243 0.36499537267662097
28 0.6207337002373077 0.3912044873267135 0.6211853071490847 0.3964544176761196 0.6137337931047663 0.4017043480255257 0.6101209378105513 0.4017043480255257 0.5986049615602411 0.40780104133451345 0.5884438060452616 0.410680035397091 0.5852825576628236 0.4081397465183461 0.594314695898361 0.395099596940789 0.6037984410456751 0.3942528339812074
28 0.7099260653132394 0.3520840385940422 0.7074422272984667 0.34903569193954825 0.701345533989479 0.3453099349173891 0.6952488406804912 0.3464954030608034 0.6941198234010489 0.3497131023072136 0.6891521473715033 0.3542856222889544 0.6871199162685077 0.3595355526383605 0.6907327715627225 0.3598742578221932 0.694571430312826 0.35784202671919724
28 0.7112808860485701 0.35462432747278705 0.717239496417293 0.34856052935715826 0.723700076122434 0.35123727563446056 0.7269679497355316 0.35141127918195425 0.740020689919249 0.3556216135324307 0.740522508809304 0.35867937493285174 0.734087035093302 0.3647854829877666 0.7272911517341065 0.36222636461716734 0.7228128920464097 0.35862776308241096 0.7152425006695889 0.35718832246850846
28 0.7396871497824019 0.4139039651263082 0.7436426960379227 0.39544474926721085 0.7379291292243925 0.3888521721746761 0.7118518242805884 0.3837978630703994 0.7059917557538907 0.3850065022040309 0.6998386838008583 0.3955546255520865 0.689730065592305 0.3967632646857178 0.6813794679417611 0.3925879658604458 0.6765449114072355 0.3939064812789528 0.6724428634385472 0.3975323986798469 0.6718568565858773 0.4008286872261143 0.6695128291751984 0.4033558417782527 0.6702453377410356 0.40808052202790257 0.6648247743538402 0.40983854258591185 0.6658502863460124 0.41577186196919313 0.6699523343147007 0.415552109399442 0.6742008839965564 0.4153323568296908 0.6802074542364214 0.4186286453759582 0.6853350141972818 0.4190681505154605 0.6876790416079609 0.415552109399442 0.6932461067083235 0.40917928487665833 0.6964691443980072 0.4089595323069071 0.6982271649560164 0.41126693428929445 0.7018897077852024 0.41313483113217925 0.7269415007368346 0.4158817382540687 0.7335340778293694 0.4169805011028245
28 0.7632739256023595 0.4008286872261143 0.7584393690678342 0.3975323986798469 0.7581463656414994 0.3892916773141784 0.7618089084706852 0.3877534093259204 0.7648854444472015 0.3889620484595517 0.764738942734034 0.3912694504419389 0.7678154787105502 0.39313734728482375 0.7656179530130386 0.40016942951686085
28 0.6991105745829784 0.5918611939131425 0.6913079214564797 0.5893790401995516 0.6838056387587426 0.5923558764673529 0.6870065379714321 0.5972532522627677 0.6894392213730761 0.5994618727195236 0.6928961925227807 0.5995578996959042 0.6932803004283037 0.603302951774751 0.6976335233575612 0.6042632215385578 0.7028829980663721 0.603591032703893 0.7042913937199554 0.5972532522627677
28 0.7303171643672384 0.5953672535602487 0.7383834303832159 0.5906619317175951 0.7374871786036629 0.5875890684734131 0.7308293082412688 0.5860526368513221 0.7195621430126018 0.585188394063896 0.7153369560518515 0.5905659047412144 0.7182817833275259 0.5948871186783451 0.7196901789811093 0.5969036851823396 0.7272443011230565 0.5971917661114816
28 0.8427102009648603 0.6332345500800246 0.8421511968289344 0.6366724255159691 0.8398033794580454 0.638349437923747 0.8363375538153045 0.6370916786179136 0.834884143061897 0.6319767907741911 0.8376791637415267 0.6296289734033022 0.8458406241260455 0.6271134547916354 0.8494182505959718 0.6267780523100799 0.8518778687940458 0.6271973054120243 0.8509834621765643 0.6307190314683578 0.8462878274347863 0.632899147598469
28 0.8317981542578123 0.5973518196504691 0.8294503368869232 0.6010412469475803 0.8262081128985528 0.5987772801970803 0.8264317145529232 0.5933269898718023 0.8237484947004786 0.5906437700193578 0.8247547021451453 0.5892183094727466 0.8276615236519602 0.590392218158191 0.8311273492947012 0.5929915873902467
28 0.7644398256137934 0.6163653806062453 0.75680863518724 0.6174660330716136 0.7463891251817535 0.61724590257854 0.7463891251817535 0.6197774032488871 0.7510852423673249 0.6219787081796236 0.7559281132149454 0.6203277294815712 0.7613579987107623 0.6194472075092766 0.7663476232204318 0.6196673380023503 0.7767671332259184 0.6191170117696662 0.7754463502674764 0.6148244671547298
28 0.7711203237586265 0.5360987063571316 0.7566198019365583 0.5354435622989056 0.7539992257036543 0.5320368131961305 0.7625597747311406 0.5266646319186775 0.7789820524573385 0.5303334386447429
28 0.7863475749533706 0.5414110497179504 0.7879199206931129 0.5360388684404974 0.7854740495424025 0.5306666871630443 0.786172869871177 0.5292253702349472 0.792287547747953 0.5298805142931732 0.7949081239808568 0.5359078396288521 0.7887934461040806 0.5416731073412409
28 0.6140268736915542 0.4726108837884192 0.6063457368184533 0.4743129538909814 0.5974426008973591 0.47981194960695134 0.5894123214391173 0.4868820869560555 0.5827786123214391 0.49526150899943827 0.5828935458928157 0.5008013955615499 0.5842901162333796 0.5120612439323455 0.5897018263030643 0.5239757346502805 0.5965101067133128 0.5237138777114247 0.6022709593681386 0.5285582310802555 0.6132689508000785 0.5335335129185139 0.616411234066347 0.5307840150605289 0.6157129488960651 0.5277726602636883 0.6118723804595146 0.524368520058564 0.6090792397783871 0.5201788090368726 0.6160620914812059 0.5155963126068975 0.6293295097165621 0.5117993869934898 0.6315989365199783 0.5158581695457534 0.6412003576113544 0.5239757346502805 0.6354395049565288 0.5302603011828175 0.6425969279519183 0.5351046545516482 0.6577846304055496 0.5377232239402053 0.6682589079597779 0.5402108648593346 0.6738451893220332 0.5335335129185139 0.681875468780275 0.5347118691433647 0.682224611365416 0.5314386574076682 0.689556605653376 0.5276417317942603 0.6933971740899264 0.5307840150605289 0.6926988889196446 0.5345809406739368 0.6921751750419332 0.5360211538376431 0.6893820343608055 0.5391634371039118 0.6886837491905237 0.547150073739011 0.6902548908236578 0.5514707132301302 0.6970631712339064 0.5512088562912746 0.7047443081070075 0.548983072311001 0.7080611626658464 0.5415201495536132 0.7110288746395445 0.5382469378179168 0.7180117263423633 0.5332716559796582 0.7181862976349339 0.5303912296522454 0.7228997225343368 0.5260705901611262 0.7222014373640548 0.5204406659757284 0.7181862976349339 0.5201788090368726 0.7187100115126454 0.5230592353642856 0.7143457291983835 0.5224045930171463 0.7070137349104235 0.5248922339362755 0.7071883062029939 0.5205715944451562 0.7099814468841216 0.5155963126068976 0.7098068755915512 0.5110138161769227 0.7063154497401416 0.5086571037272213 0.7017765961333091 0.5018488233169727 0.6975868851116176 0.5018488233169727 0.6900803195310873 0.5009323240309778 0.6867634649722483 0.4994921108672713 0.6782094716362951 0.500670467092122 0.6768129012957312 0.49687354147871415 0.6787331855140066 0.4934694012735899 0.678907756806577 0.48927969025189855 0.6747180457848856 0.4877085486187643 0.6729723328591808 0.48797040555762 0.672274047688899 0.4934694012735899 0.6712266199334761 0.49504054290672417 0.668608050544919 0.4967426130092863 0.6700046208854827 0.4992302539284156 0.6729723328591808 0.4998848962755549 0.6750671883700265 0.5045983211749577 0.6672114802043552 0.5036818218889627 0.664592910815798 0.49752818382585345 0.6586574868684019 0.49831375464242056 0.6551660610169924 0.5042055357666742 0.637010646589663 0.5069550336246591 0.6274092254982868 0.4946477574984407 0.6206009450880382 0.4809002682085157
28 0.6361295444067001 0.40055919853716554 0.6365512411547324 0.39628951896333864 0.6397139667649746 0.39344306591412076 0.6455532711789551 0.39690946006792943 0.6536299594500399 0.39992665341511713 0.6551861142202456 0.40183481427274303 0.649171650671446 0.4068563239337691 0.6498525333373479 0.4079627582658596 0.6567748404406832 0.40643077226758045 0.6616544995463132 0.4103458475965161 0.6612005777690453 0.4135800402595497 0.6558669968861475 0.42353794924836413 0.6444054720101332 0.42353794924836413 0.6429302262340125 0.43587894756783496 0.66198593012458 0.4397116893707509 0.6718179129007384 0.44018743047282316 0.6746008827383645 0.43577884949812534 0.6879216335963857 0.432329726508102 0.6958506519642556 0.44113093689643745 0.6983879378419737 0.4462451537437135 0.6904589194741041 0.45766294019344594 0.6806269366979456 0.46503692727556484 0.6858600888207396 0.4699132735718049 0.6931547857191799 0.47193517325561163 0.7010838040870496 0.4699132735718049 0.7115501083326378 0.46456118617349274 0.7137702334756413 0.4662262800307454 0.7118672690673526 0.4715783674290575 0.7050483132709846 0.4749085551435629 0.7042554114341977 0.4835908302563803 0.6942648482906817 0.4795470308887667 0.6839571244124508 0.48014170726635697 0.6765038471466532 0.4764547137252976 0.6722221772280037 0.4781198075825502 0.6673061858399243 0.47633577844977937 0.6677819269419963 0.47169730270457555 0.6538268546145454 0.47443281404149074 0.6263924510617158 0.47443281404149074 0.6243309062860697 0.4680103091635162 0.6289297369394342 0.45742506964241 0.6246480670207845 0.45445168775445877 0.6262338706943584 0.44434218933542474 0.6271853528985029 0.4295942151711869 0.6298812191435786 0.42245809864010403 0.6235380044492828 0.41294327659866037 0.6170362093876294 0.40913734778208277 0.6184634326938461 0.40366632510825246 0.6210007185715645 0.4006929432203013 0.6249652277554993 0.4018822959754818 0.6279782547352898 0.39878997881201256
28 0.8484276345130737 0.48018443274635186 0.8548238827582524 0.4725653723366536 0.8486157594614612 0.46790927986406017 0.840902636577569 0.4655106867721181 0.8354470130743281 0.4655106867721181 0.830743889364638 0.4704489666672929 0.836575762764654 0.4751050591398863
28 0.844304768363603 0.4989073631239471 0.838472894963587 0.48677330395294616 0.8343341460990596 0.4852212731287484 0.8294428974409818 0.4904417404465046 0.8232347741441904 0.4912883027142489 0.824927898679679 0.4990484568352379 0.8320766467184083 0.5011648625045986 0.8407303943442385 0.5065264235336455 0.8422353939313393 0.5029990807513778 0.838472894963587 0.4989073631239471
