28 0.7444843207446339 0.632556362393317 0.7411044069320056 0.6298946802658723 0.7448223121258967 0.6290074528900573 0.7483712216291561 0.6290074528900573 0.7490472043916818 0.6262190239946391 0.7541170751106242 0.6206421662038026 0.7595249372108293 0.6245713160109829 0.7593559415201979 0.6272329981384276 0.7648744957977666 0.6267627676292457 0.7674094311572375 0.6271430079331665 0.7685924009916575 0.6289174626847962 0.7623395604382953 0.6317058915802145 0.75693169833809 0.6319593851161616
28 0.6156794371409913 0.6383641796414228 0.609124150334783 0.6375878956775297 0.5963585918174298 0.6421162188002394 0.5882507370834352 0.6388817022840182 0.5856631238704583 0.6351296631252016 0.5934259635093891 0.6328008112335222 0.6060190144792105 0.6281431074501637 0.6068815522168696 0.6273668234862705 0.5944610087945799 0.6255554942371866 0.5899758125587531 0.626073016879782 0.5787628219691862 0.6219328357390188 0.5785903144216543 0.6159813253491717 0.5742776257333594 0.6067952984431034 0.5763477163037409 0.6051133498546684 0.5841105559426719 0.605501491836615 0.6004987729581929 0.606277775800508 0.6141268692132049 0.6069246791037524 0.6198196182817544 0.60718344042505 0.6208546635669452 0.6082184857102408 0.6194746031866907 0.6120999055297063 0.6198196182817544 0.6167576093130649 0.6179220352589045 0.6198627451686373 0.6160244522360547 0.6207684097931793 0.6215446937570723 0.6221915970603166 0.6294800409435352 0.6232266423455074 0.6317226390614485 0.6238735456487515 0.6313776239663849 0.6259436362191332 0.6253398598027718 0.6262023975404309 0.6255123673503037 0.6278843461288659 0.6277549654682171 0.630471959341843 0.6286175032058761 0.6318951466089802 0.6230972616848585 0.6351296631252015 0.6180945428064364 0.6370703730349343
28 0.5537353632954496 0.6041939314024481 0.544050282205904 0.6090804950430826 0.5408806193038709 0.6100049800561755 0.5408806193038709 0.6060429014286342 0.5410567116873172 0.6026090999514316 0.5350695706501436 0.5983828827487209 0.5401762497700857 0.5953452891342724 0.5429937279052263 0.5883456168922827 0.5466916679575982 0.5857042311405884 0.5493330537092924 0.586364577578512 0.5528549013782181 0.5887418247550368 0.5535592709120033 0.5916473490819004 0.5581376728816067 0.5915152797943157 0.5588420424153917 0.589534240480545 0.567646661587706 0.5896663097681297 0.5709924168731854 0.590987002643977 0.5722250635573094 0.5942887348335947 0.5724011559407557 0.5958735662846113 0.570111954955954 0.5982508134611361 0.563948721535334 0.6002318527749068 0.5616595205505324 0.6024770306638468 0.5593703195657307 0.6041939314024481
28 0.5469262289866459 0.5350711989454305 0.5428859496900882 0.5406531637630431 0.5396962555085952 0.541131617890267 0.5384203778359982 0.5336358365637587 0.5362939150483362 0.5291702647096688 0.5343800985394405 0.5262995399463252 0.5318283431942462 0.5192822127470408 0.5314030506367138 0.5164114879836972 0.5356559762120376 0.5095536454934876 0.5394836092298291 0.503971680675875 0.5433112422476205 0.49998456294900884 0.5441618273626854 0.5018983794579046 0.5418227182962573 0.5073208595664425 0.5405468406236601 0.5098726149116368 0.5452250587565163 0.5141787020566522 0.549265338053074 0.5157735491473986 0.549265338053074 0.5168899421109211 0.5445871199202177 0.5181658197835183 0.5401215480661277 0.5180063350744436 0.5388456703935306 0.5282133564552208 0.541610072017491 0.5323599588911616 0.5447997661989838 0.5323599588911616
28 0.5601102982701498 0.508915706657189 0.5539435561859303 0.5081182831118157 0.5524550322345668 0.5022173488760538 0.5543688487434626 0.4861093932595148 0.5590470668763187 0.4857904238413655 0.5667023329119018 0.4829196990780219 0.5709552584872256 0.48148433669635016 0.5732943675536537 0.4818033061144994 0.5764840617351464 0.48323866849617125 0.573719660111186 0.4877042403502612 0.5715931973235241 0.49009651098638085 0.5654264552393046 0.4926482663315752 0.5632999924516425 0.501260440621606
28 0.5824738767742388 0.4043200261925316 0.5791356306397617 0.3983111831504727 0.5731267875977029 0.40181634159167373 0.5727929629842552 0.4033185523521884
28 0.5888666181217626 0.3870696392926211 0.5962107596176122 0.38506669161193474 0.5985475319117463 0.3813111647106481 0.5912033904158965 0.37505195320850343 0.5875313196679717 0.3763037955089324 0.5801871781721221 0.3813111647106481 0.5811886520124652 0.3833141123913343 0.5855283719872855 0.3865689023724495
28 0.6202461317858475 0.3883214815930501 0.6189108333320567 0.38181190163081963 0.6252535009875632 0.3798089539501334 0.6312623440296219 0.3798089539501334 0.6389403101389193 0.37755563780936136 0.6422785562733965 0.37880748010979026 0.6419447316599488 0.38231263855099124 0.6302608701892788 0.38356448085142014
28 0.6239182025337723 0.44879775915302494 0.6162402364244749 0.4509135966144957 0.606893147247939 0.45742317657672615 0.6028872518865664 0.45867501887715517 0.599882830365537 0.44866028047372375 0.5978798826848508 0.43739369976986353 0.5972122334579554 0.4278796982866037 0.5988813565251939 0.4248752767655743 0.5945416365503736 0.42312269754497384 0.5868636704410762 0.4216204867844591 0.5868636704410762 0.42437453984540274 0.5815224766259129 0.4248752767655743 0.5815224766259129 0.41911680218360137 0.5861960212141808 0.41636274912265775 0.5921216214112072 0.4161502238978294 0.602219602659671 0.4183656968033439 0.6055618928863103 0.415600598461783 0.6083670435192523 0.4121818211278851 0.611172194152194 0.4094643314522228 0.6107046690467037 0.40850006092214897 0.605678774162683 0.4109545677259731 0.5978477286457204 0.41349673548707666 0.5936400026963078 0.41481164984626806 0.5910686146161112 0.41472398888898865 0.5913023771688563 0.4101656191104583 0.5937568839726803 0.4073604684775164 0.5980814911984657 0.40508128358825124 0.6004191167259171 0.40069823572427965 0.6052112490571927 0.40008460902332366 0.6124578881922923 0.3998216261514853 0.6220421528548434 0.3971917974331024 0.6233278468949418 0.39841905083501444 0.6269511664624916 0.39561390020207265 0.6338471617684734 0.39096786946626283 0.6368860749541605 0.39017892085074785 0.6415613260090635 0.39263342765457204 0.6427301387727892 0.3940360029710429 0.6419119698381813 0.3971917974331024 0.6401587506925926 0.3979807460486173 0.6386392940997492 0.3991203384932498 0.6388730566524943 0.40131186242523564 0.6408600383508279 0.40280209869898603 0.6436651889837698 0.4048183007164129 0.6431976638782796 0.4063085369901632 0.6406262757980827 0.41007795815317877 0.6403925132453377 0.4142856841025915 0.6393405817579845 0.416214225162739 0.6430807826019069 0.42068493398398993 0.6429639013255344 0.4230517798305346 0.6420288511145538 0.42550628663435863 0.6407431570744554 0.42822377631002106 0.6372367187832781 0.43278214608855153 0.6317432987937671 0.43918139596995 0.627652454120727 0.4450546801076718
28 0.6473552978521039 0.5178257976434967 0.6476892443560254 0.5248386742258513 0.64251307354524 0.5238368347140864 0.6346653307030814 0.5217079257515859 0.6256487750971971 0.5224593053854095 0.6191368182707251 0.5205808563008503 0.6044431720981728 0.5098110815493774 0.6029404128305255 0.5032991247229053 0.6027734395785644 0.5002936061876105 0.6052780383579769 0.5009197558824636 0.602439493074643 0.4966619379574626 0.5989330547834657 0.4947834888729035 0.6009367338069955 0.4934059595442266 0.5977642420197399 0.48701923265672525 0.5974302955158184 0.48376325424348926 0.5954266164922885 0.4843894039383423 0.5879128201540516 0.4840137141214305 0.587411900398169 0.48025681595231196 0.5890816329177772 0.475998998027311 0.6047771186020944 0.46510399333686747 0.6122909149403314 0.4584668065714248 0.616465246239352 0.4544594485243651 0.6214744437981765 0.45308191919568835 0.6264836413570012 0.448949331209658 0.6324946784275908 0.4493250210265699 0.636001116718768 0.45182961980598224 0.6403424212697495 0.4520800796839234 0.6428470200491616 0.4525809994398059 0.6400084747658277 0.45508559821921823 0.636001116718768 0.45871726644936606 0.6361680899707288 0.46222370474054336 0.6321607319236692 0.464603073580985 0.6273185076168053 0.4674833621773092 0.6321607319236692 0.47199163998025134 0.6348323039550423 0.47487192857657556 0.6329955981834732 0.47837836686775276 0.6361680899707288 0.48351279436554806 0.6324946784275908 0.48664354283981337 0.633162571435434 0.49152751045966736 0.6324946784275908 0.4927798098493736 0.6333295446873948 0.49716285771334506 0.6353332237109247 0.4984151571030513 0.6358341434668072 0.5011702157604048 0.6308249459079825 0.5054280336854058 0.6281533738766094 0.5075569426479062 0.6308249459079825 0.5081830923427593 0.6338304644432773 0.5088092420376124 0.6353332237109247 0.5140688994743783 0.6371699294824937 0.5153211988640843 0.6395075550099452 0.5156968886809963 0.6451846455766131 0.5171996479486437
28 0.7201948384675361 0.530776111777492 0.7094117047670393 0.5289499359088594 0.7041940594280892 0.5250367019046469 0.6986285710665424 0.5213843501673818 0.6986285710665424 0.5153840580275892 0.7024548443151059 0.5132969998920094 0.7132379780156026 0.5059922964174792 0.7198469954449394 0.5018181801463192 0.724368954738696 0.5031225914810568 0.7309779721680328 0.5075575900191642 0.7348042454165962 0.5135578821589567 0.7368913035521761 0.5200799388326444 0.7292387570550496 0.5258193487054894
28 0.7681971755858764 0.5529511044680296 0.7657622744276997 0.5469508123282372 0.7716756058118431 0.5393852265867595 0.7772410941733898 0.5346893457817045 0.7807195243993565 0.5393852265867595 0.7814152104445501 0.5419940492562345 0.7744583499926165 0.5492987527307647
28 0.7812554287521202 0.5593315803354448 0.7774291555035568 0.5564618753990223 0.7809075857295236 0.5533312881956522 0.7864730740910705 0.5473309960558598 0.7847338589780868 0.5554183463312323
28 0.8195181612377539 0.6172474435977903 0.8226487484411238 0.6138559741274728 0.8212573763507371 0.6075947997207327 0.8271707077348807 0.6094209755893653 0.827866393780074 0.6141168563944203 0.8247358065767039 0.6195953840003178
28 0.8435193297969241 0.4980242476027818 0.8508240332714542 0.49411101359856935 0.8522154053618409 0.49176307319604184 0.8490848181584708 0.4901977795943568 0.8330840391190238 0.4855018987893018 0.8275185507574773 0.4868063101240392 0.8247358065767039 0.4907195441282518 0.8240401205315105 0.4925457199968843 0.8309969809834441 0.4930674845307793 0.8365624693449907 0.49750248306888684
28 0.841432271661344 0.5243733565644796 0.8236922775089139 0.5201992402933195 0.8209095333281405 0.5123727722848945 0.8330840391190238 0.5139380658865795 0.8337797251642174 0.516807770823002
28 0.8432406997534744 0.5141858040205436 0.853258934429631 0.5092421850815245 0.8553459925652109 0.5071551269459444 0.8487369751358742 0.5021983638739419 0.8469977600228908 0.5019374816069944 0.8424758007291342 0.5008939525392044 0.8376059984127806 0.5001113057383619 0.8309969809834441 0.5045463042764694 0.8250836495993006 0.5068942446789969 0.8270147562659421 0.5105597405492454 0.8353814033823377 0.5129214918823294
28 0.7371559661122713 0.38178436029918944 0.7368558211749293 0.378632838457097 0.7416581401724034 0.3736804469909519 0.7305527774907445 0.36827783811879355 0.720347849621112 0.3660267510887276 0.7077417622527427 0.364676098870688 0.6978369793204524 0.36625185979173414 0.6972366894457681 0.37007870774284635 0.7041400230046371 0.37345533828794536 0.7116436464381902 0.37345533828794536 0.7158456755609802 0.3745808818029783 0.7152453856862959 0.3770570775360509 0.7128442261875588 0.3768319688330443 0.7176465451850329 0.38043370808114985 0.7197475597464278 0.38538609954729497 0.7212482844331385 0.3867367517653346 0.722448864182507 0.38853762138938736 0.7149452407489537 0.3907887084194533 0.7053406027540057 0.39529088247958527 0.7098427768141375 0.39844240432167766 0.720347849621112 0.40429523059984923 0.7215484293704806 0.4105982742840339 0.7239495888692177 0.4135246874231197 0.7197475597464278 0.41645110056220536 0.7173464002476908 0.42342947035541 0.7209481394957965 0.42928229663358153 0.722448864182507 0.4353602316147596 0.7218485743078227 0.43693599253580584 0.7182468350597172 0.4344597968027333 0.7161458204983222 0.4326589271786805 0.7077417622527427 0.4315333836636475 0.7071414723780584 0.4304078401486145 0.7089423420021111 0.42815675311854856 0.7086421970647688 0.4236545790584166 0.7104430666888218 0.42185370943436384 0.7143449508742695 0.4182519701862583 0.7176465451850329 0.41420001353213953 0.7110433565635061 0.4119489265020736 0.7044401679419792 0.4105982742840339 0.6984372691951366 0.406096100223902 0.6906335008242411 0.4015939261637701 0.6882323413255041 0.4013688174607634 0.6849307470147408 0.4081220785509614 0.6783275583932139 0.4103731655810272 0.6663217608995287 0.41465023093815256 0.6597185722780019 0.41735153537423186 0.655516543155212 0.4207281659193308 0.657917702653949 0.4268061009005089 0.6636204564634496 0.42725631830652216 0.671724369771687 0.42928229663358153 0.6723246596463713 0.43243381847567386 0.6759263988944768 0.43761131864482566 0.6786277033305559 0.4405377317839114 0.6879321963881622 0.43761131864482566 0.699337704007163 0.43513512291175305 0.7017388635059 0.4355853403177663 0.6936349501976625 0.4387368621598587 0.6921342255109519 0.44076284048691794 0.6906335008242411 0.44661566676508957 0.6909336457615833 0.4508927321222149 0.6954358198217153 0.45291871044927423 0.6972366894457681 0.4556200148853534 0.7143449508742695 0.4502174060131951 0.7248500236812441 0.4457152319530631 0.7281516179920076 0.4477412102801225 0.7299524876160602 0.4495420799041753 0.7254503135559284 0.4520182756372479 0.7215484293704806 0.4538191452613006 0.7116436464381902 0.4576459932124128 0.7086421970647688 0.4628234933815645 0.706541182503374 0.4761049068589538 0.7134445160622431 0.47903131999803955 0.7209481394957965 0.4806070809190857 0.733854371801508 0.47858110259202635 0.7410578502977191 0.4758797981559472 0.7440592996711404 0.47092740668980204 0.7449597344831668 0.4648494717086239 0.7470607490445618 0.4574208845094062 0.7428587199217719 0.4508927321222149 0.7461603142325353 0.4479663189831291 0.7524633579167201 0.44278881881397736 0.7620679959116682 0.43873686215985863 0.7680708946585107 0.43693599253580584 0.7719727788439585 0.43603555772377944 0.7728732136559848 0.43108316625763426 0.7731733585933269 0.427931644415542 0.7761748079667485 0.42478012257344966 0.7737736484680113 0.4207281659193308 0.7746740832800377 0.41780175278024506 0.7890810402724598 0.40947273076900087 0.8094908960117251 0.3984424043216776 0.8241979979414893 0.3892129474984071 0.8311013315003583 0.38426055603226206 0.8293004618763056 0.37975838197213 0.8211965485680679 0.3743557730999717 0.8139930700718568 0.3784077297540904 0.8064894466383037 0.38336012122023555 0.7920824896458813 0.3907887084194533 0.7734735035306692 0.40024327394573045 0.7734735035306692 0.39776707821265783 0.7713724889692745 0.3948406650735721 0.7575658218515364 0.39281468674651265 0.7452598794205091 0.3943904476675588 0.7461603142325353 0.3896631649044203 0.7446595895458248 0.38628653435932137 0.7365556762375873 0.38561120825030154 0.7372117259768948 0.38251689892734625
28 0.7905640133199018 0.43590617835793316 0.8001733836365574 0.4286991506204415 0.8062071743005038 0.4235033864375986 0.8144757022473936 0.41746959577365206 0.8151461234322765 0.41227383159080916 0.8120174912361562 0.4038935667797723 0.8109001225946845 0.4030555402986685 0.8064306480287982 0.4052344091495381 0.8055367531156209 0.40724567270418705 0.7941395929726108 0.41478791103412027 0.7820720116447177 0.42249775466027417 0.7836363277427779 0.42434141291870225 0.7849771701125436 0.42786112413933775
28 0.6577385047218989 0.6245698388413168 0.6596282369787739 0.6261896093472096 0.6565236768424794 0.6318588061178343 0.6489647478149797 0.6303402712685598 0.6404609526590426 0.6295303860156134 0.639381105655114 0.628011851166339 0.6469400346826137 0.6237599535883704 0.6485598051885064 0.6223426543957141 0.6459951685541764 0.6212290621729128 0.6352200000609555 0.6208782820400295 0.6311705737962234 0.61966345416061 0.6294158224148396 0.6176387410282439 0.6341401530570269 0.6156140278958779 0.6450736039718032 0.6110584233480545 0.6468283553531871 0.6127794295105656 0.654927207882651 0.6129819008238021 0.6497979346139906 0.6093374171855434 0.6464234127267139 0.6041743986980102 0.6520926094973386 0.5998212654634232 0.6480431832326068 0.598707673240622 0.6456135274737675 0.5947594826325083 0.642508967337473 0.59465824697589 0.6380545984462678 0.5940508330361802 0.6379196175707768 0.5910137633376312 0.640484254205107 0.5893939928317384 0.6418340629600177 0.579776605453 0.6377846366952856 0.5782580706037256 0.6360298853139018 0.5749172939353216 0.6376496558197946 0.5728925808029557 0.6464234127267139 0.5678307979720407 0.6493929919875172 0.5657048491830564 0.6468283553531871 0.5627690151411258 0.6352200000609555 0.5668184414058578 0.6341401530570269 0.5690456258514603 0.6314405355472056 0.5723864025198642 0.6230717212667595 0.5759296505015047 0.6132181173559116 0.566919677062476 0.6052542457019389 0.5572010540271193 0.5928360051567607 0.5574035253403559 0.5909462728998858 0.5526454494792958 0.5906763111489036 0.5512281502866396 0.5928360051567607 0.5504182650336933 0.5893265023939931 0.5476849023049991 0.5885166171410466 0.5457614248292515 0.5833873438723861 0.5446478326064502 0.5794728984831452 0.5443441256365953 0.5724538929576097 0.5398897567453902 0.5696192945722975 0.5317909042159261 0.5701592180742616 0.5288550701739956 0.5766383000978328 0.5283488918909041 0.5820375351174754 0.5287538345173771 0.5886515980165377 0.5295637197703236 0.5900014067714483 0.5275390066379576 0.5951306800401088 0.5279439492644308 0.5963455079195283 0.5298674267401785 0.5993150871803319 0.5319933755291628 0.6032295325695728 0.5292600128004687 0.6053892265774298 0.5285513632041406 0.6106534807215813 0.5316896685593079 0.609843595468635 0.5352329165409484 0.6078188823362689 0.5383712218961157 0.6101135572196171 0.5406996419983365 0.6080888440872511 0.543230533413794 0.6111934042235456 0.5448503039196868 0.6151078496127865 0.5448503039196868 0.6152428304882777 0.546571310082198 0.61807742887359 0.549304672810892 0.6202371228814471 0.5491022014976554 0.6215869316363577 0.553050392105769 0.621991874262831 0.5547713982682801 0.6245565108971611 0.5522405068528227 0.630360688543277 0.5525442138226775 0.6350850191854643 0.5524429781660593 0.6368397705668482 0.5538602773587153 0.6368397705668482 0.5563911687741729 0.6392694263256873 0.5584158819065389 0.6431838717149283 0.5595294741293402 0.642778929088455 0.5582134105933023 0.6454785465982763 0.5538602773587153 0.6545222652561777 0.5531516277623874 0.6646458309180078 0.5492034371542737 0.6704500085641236 0.548292316244709 0.6736895495759092 0.5484947875579456 0.6769290905876947 0.5520380355395861 0.6816534212298819 0.5532528634190057 0.6869176753740335 0.5569985827138827 0.6919119677672029 0.5604405950389049 0.6978511262888099 0.5600356524124317 0.7029803995574704 0.5601368880690499 0.7106743094604611 0.5569985827138827 0.7280868423988085 0.5547713982682801 0.7271419762703711 0.5518355642263494 0.7329461539164869 0.5441416543233587 0.7367256184302368 0.5437367116968855 0.735375809675326 0.541205820281428 0.7363206758037635 0.5386749288659706 0.7406400638194777 0.5384724575527339 0.7430697195783168 0.5391811071490621 0.745364394461665 0.5356378591674216 0.7449594518351916 0.5322970824990176 0.7475240884695219 0.5300698980534151 0.7498187633528701 0.5298674267401785 0.7545430939950574 0.5324995538122543 0.7538681896176019 0.5349292095710935 0.751438533858763 0.5384724575527339 0.7490088780999237 0.5415095272512829 0.7472541267185399 0.5446478326064501 0.7468491840920667 0.5477861379616175 0.7456343562126471 0.5493046728108919 0.7459043179636292 0.5521392711962043 0.7461742797146114 0.5543664556418069 0.7452294135861739 0.5627690151411258 0.7465792223410845 0.5657048491830564 0.7491438589754148 0.5672233840323309 0.7523833999872004 0.5706653963573531 0.7521134382362181 0.5835223247478771 0.7467142032165757 0.5850408595971516 0.7427997578273345 0.5853445665670065 0.741449949072424 0.5886853432354103 0.7398301785665312 0.5908112920243946 0.7388853124380936 0.5942533043494168 0.7383453889361296 0.5992138515237135 0.735105847924344 0.6038706917281552 0.7320012877880495 0.6057941692039029 0.7287617467762639 0.6059966405171395 0.7168834297330501 0.6051867552641931 0.7206628942467997 0.6074139397097956 0.720167138628412 0.6098540311782166 0.7160197836680544 0.6122411715333061 0.7084002245548394 0.6128922098119669 0.7045422199405533 0.6129645473984847 0.6966333104812668 0.6105774070433952 0.693064656213052 0.6099263687647344 0.6909427536751948 0.6124581842928597 0.6873740994069801 0.6136879232636634 0.684094795484837 0.6147729870614314 0.6816835426009081 0.6162920763783065 0.6901711527523376 0.6186068791468783 0.6958617095584095 0.6204876563963427 0.7062783220169819 0.62294713433795 0.7183604591800704 0.624924409927829 0.7250155171397139 0.6263711616581863 0.7273303199082854 0.6258647985525613 0.7343711783293575 0.6283966140806865 0.7373611319054294 0.6290476523593473 0.7380362827129293 0.631362455127919 0.7355285797136435 0.6344006337616692 0.7350463291368576 0.6352686847998836 0.7401581852507868 0.6370771244628303 0.7437268395190014 0.6372217996358659 0.7451735912493587 0.638234525847116 0.7446913406725728 0.6401876406830983 0.7403510854815012 0.6410556917213128 0.7303202734843572 0.6414173796539021 0.7214468628714993 0.6408386789617592 0.7153705056039987 0.6406216662022056 0.7099692991439981 0.6369324492897945 0.7037000416457831 0.6375834875684553 0.6997455869161401 0.6379451755010446 0.6941514802254253 0.6359197230785444 0.6800697633832811 0.631362455127919 0.6713892530011372 0.6284689516672044 0.6659880465411367 0.6260818113121148 0.6659880465411367 0.6273838878694364 0.6636732437725651 0.6280349261480972 0.6626122925036364 0.626009473725597 0.6607797403118505 0.6247797347547933
20 0.564105710546792 0.1877527804845653 0.5771794051259881 0.18993172958109794 0.6042952161050614 0.19465278595691882 0.6241478634290257 0.19864752596722865 0.6415794562012871 0.20010015869825046 0.653684728959802 0.20409489870856035 0.6817689617595565 0.21317385327744648 0.6827373835802376 0.20954227144989201 0.6938742345180713 0.20917911326713662 0.6962952890697742 0.21716859328775637 0.6948426563387525 0.2324212369634851 0.6962952890697742 0.24876335518748013 0.6972637108904555 0.2622002079494316 0.6924216017870494 0.27018968797005144 0.6996847654421585 0.28943707165609006 0.7209900454971446 0.34645290634869497 0.69290581269739 0.34608974816593974 0.6469057762150336 0.343184482703896 0.6067162706567644 0.3406423754246079 0.5394109541194217 0.33955290087634155 0.5152004086023921 0.33955290087634155 0.5374741104780594 0.31485814444897126 0.5360214777470376 0.29815286804222074 0.5418320086711247 0.26764758069076333 0.5495793832365742 0.23351071151175148 0.5520004377882772 0.22479491512562075 0.5582951796227049 0.21535280237397916
24 0.5147094220753543 0.3246257925425842 0.4957397709009289 0.3306044966194608 0.46694171803281553 0.3420150458690906 0.44520733850971117 0.33671729086033386 0.4109756907608217 0.33182705546763536 0.3979350630469591 0.319193947369831 0.3783741214761651 0.3041157215756773 0.3700278113808528 0.29300660394585143 0.35970398110737806 0.2714080642947663 0.34177311800081694 0.23880649501010973 0.3254723333584885 0.2204681122874904 0.3086281892280827 0.19194173916341584 0.290153966633444 0.1581176110305846 0.2820035743122798 0.14018674792402347 0.2814602148242022 0.11125285518389072 0.2917840450976768 0.0904693547649221 0.3021078753711514 0.07661368781894305 0.3211254574538678 0.06072042279267295 0.5352090957564463 0.07376105050653561 0.5493364424464641 0.08354152129193258 0.5618337106722491 0.09943478631820268 0.5710708219695685 0.11736564942476382 0.5737876194099565 0.13937170869190704 0.5638972891437953 0.17060613071625563 0.5618337106722491 0.1850139056904263 0.5572562848119531 0.21375532652829993 0.5495533901622847 0.2262123514695606 0.5382397636455841 0.27423508530108753 0.5353511781519585 0.29409411056976403 0.5310182999115199 0.30275986705064106
29 0.15464049732765234 0.5026647838512797 0.16207632709562397 0.4976190422230131 0.16331563205695257 0.4953617367577361 0.16158074618083998 0.4898407196786927 0.1568850941338889 0.48954887875641667 0.14826692895510526 0.4945650407111677 0.14525718833473583 0.49097990850161 0.13569683577591518 0.4933699966413151 0.12879213670565587 0.4933699966413151 0.1289691802715599 0.4966895635020167 0.13392640011687434 0.499345216990578 0.13605092290772336 0.501336957106999 0.13445753081458658 0.5043909586188444 0.1369361407372438 0.5077105254795461 0.13906066352809282 0.511428440363532 0.1454342319006399 0.5123579190845282 0.1505684953118584 0.5107645269913915 0.15216188740499517 0.50744496013069 0.1514537131413788 0.50332869722342
29 0.22223789189350446 0.45276384143660053 0.2129680551228099 0.4528902483016555 0.207911780520613 0.4493508560801176 0.21195680020237057 0.4492244492150627 0.21886704215870645 0.448718821754843 0.22324914681394387 0.4485924148897881 0.2247660291946029 0.4504885178656119
31 0.47491530495623313 0.8179133770296878 0.46045155451321224 0.8134943415174092 0.44743253364241653 0.8139381717743681 0.4388518153412103 0.8099436994617377 0.4284957760121684 0.8101656145902173 0.43086287071594936 0.8061711422775869 0.4385559285032377 0.8019547548364768 0.441514796882964 0.801510924579518 0.4382600416652651 0.7950753858536133 0.4441777784247176 0.7901932530270649 0.4530543835638966 0.7848672899435576 0.45956389399929437 0.7937438950827365 0.4587392192269032 0.7966419582934628 0.4522946069516849 0.7998935581232322 0.4430378002290986 0.8049027794826064 0.4437408488409406 0.8084180225418163 0.4484278395865539 0.810087762994941 0.4579189958464209 0.8047270173296458 0.4603796659878679 0.8037603254883631 0.46623840441988457 0.8044633741002051 0.46295751089795517 0.8068361631651719 0.4642464333529988 0.8115817412951054 0.46764450164356847 0.8126363142128683 0.4716284437773398 0.8105271683773423 0.47432346345606746 0.8116696223715856 0.47772153174663706 0.8114059791421449 0.4820569981863294 0.8145696978954338 0.48803291138698646 0.8165909626544796 0.4894390086106705 0.8143939357424732 0.48967335814795104 0.8094725954595794 0.49131380490891563 0.8044633741002051 0.4893218338420301 0.8031451579530013 0.4855722412455395 0.8035845633354025 0.47444063822470783 0.8040239687178038 0.4717456185459801 0.8029693958000409 0.46975364747909454 0.8005087256585939 0.46717580256900715 0.7980480555171467 0.4690505988672525 0.7969934825993839 0.4712769194714188 0.8000693202761927 0.47444063822470783 0.7985753419760283 0.48041655142536477 0.7984874608995481 0.4834630954100134 0.7989268662819494 0.4918996787521174 0.79910262843491 0.4903764067597931 0.7961146718345815 0.48686116370058313 0.7938297638460949 0.4903764067597931 0.7933903584636937 0.4942431741249241 0.7952358610697788 0.4948290479681257 0.7974328879817851 0.5003362620942214 0.8024421093411594 0.5049060780711944 0.802266347188199 0.5094758940481673 0.800860249964515 0.5113506903464127 0.799454152740831 0.5138113604878597 0.7992783905878704 0.5173266035470696 0.8070998063946128 0.5271692841128576 0.808945309000698 0.5312704010152692 0.8026178714941201 0.5368947899100052 0.8038482065648435 0.5454485480207495 0.8047270173296461 0.5494324901545208 0.7989268662819495 0.5563458015043005 0.7914569747811285 0.5636106371600011 0.7940055259990555 0.5646652100777642 0.7954116232227395 0.5690006765174564 0.7955873853757001 0.5719300457334648 0.7905781640163257 0.5734533177257891 0.7878538506454382 0.5774372598595605 0.7858325858863923 0.5831788235229367 0.787853850645438 0.5854051441271031 0.786096229115833 0.5861081927389451 0.7830203914390242 0.5760311626358765 0.7740565216380388 0.5751776233954037 0.7623441774705024 0.5729904978291716 0.760709026595594 0.5705026150706188 0.7446155350012063 0.5717465564498951 0.7443822959925919 0.5737679611912192 0.7455484910356635 0.5761003512773625 0.7405338523504557 0.5658378348983325 0.7368020282126266 0.560551084036408 0.7357524526738621 0.5619505180880939 0.731904009031726 0.5580632012778552 0.7280555653895897 0.5549533478296644 0.728988521424047 0.5547978551572548 0.7207085366182387 0.5574412305882172 0.7159271369416451 0.562261503432913 0.7124285518124305 0.565993327570742 0.7078803911444512 0.5635054448121893 0.7068308156056868 0.5602400986915889 0.7077637716401441 0.5582186939502648 0.7042651865109293 0.555108840502074 0.7001835038601789 0.5473342068815966 0.6977344942697286 0.5364497198129287 0.694352528644821 0.5313184616234136 0.6933029531060565 0.5201229892099264 0.6930697140974422 0.51203737024463 0.6938860506275922 0.5097049801584869 0.6941192896362065 0.5013083758483716 0.6916702800457563 0.4885579767107889 0.6950522456706639 0.48467065990055036 0.697384635756807 0.47845095300416857 0.6985508307998785 0.46212422240116635 0.6986674503041858 0.4545050814530987 0.6947023871577425 0.4464194624878023 0.694469148149128 0.43786736550527733 0.6929530945931348 0.42713837110901876 0.6919035190543706 0.4213851422298657 0.6917868995500634 0.4151654353334839 0.695985201705121 0.4100341771439689 0.7020494159290933 0.40661333835095886 0.7058978595712297 0.40381447024758715 0.7158105174373381 0.40381447024758715 0.7196589610794742 0.40661333835095886 0.7226910681914603 0.4044364409372253 0.7273558483637467 0.40117109481662483 0.734936116143712 0.3975947633512053 0.7344696381264835 0.39806124136843396 0.731904009031726 0.39619532929951945 0.7291051409283543 0.39308547585132847 0.7287552824154326 0.3888871736962709 0.7372685062298552 0.38671027628253724 0.7386679402815411 0.38297845214470816 0.7401839938375342 0.37302692111049734 0.7417000473935272 0.3671181995589346 0.7434493399581347 0.36727369223134415 0.7460149690528922 0.3710055163691732 0.7505631297208712 0.37442635516218314 0.7500966517036427 0.3812680327482031 0.7474144031045779 0.39044210042036626 0.7475310226088852 0.39448490990301444 0.7458983495485849 0.3943294172306049 0.7471811640959636 0.39277449050650953 0.7517293247639428 0.39184153447205217 0.7552279098931575 0.39370744654096673 0.7568605829534579 0.3971282853339767 0.7576769194836079 0.3901311150755472 0.7621084606472798 0.38966463705831855 0.7692222504100166 0.38919815904108984 0.779018288771818 0.39261899783409987 0.7862486980388617 0.3972837780063862 0.7895140441594621 0.4016375728338535 0.7933624878015985 0.4095676991267403 0.7937123463145199 0.41112262585083575 0.7937123463145199 0.4119000892128834 0.7962779754092775 0.4151654353334839 0.7962779754092775 0.4156319133507125 0.7977940289652704 0.4150099426610743 0.8011759945901781 0.41889725947131295 0.8021089506246352 0.4165648693851697 0.8059573942667714 0.41687585472998884 0.810155696421829 0.41905275214372245 0.8168030081673373 0.42962625386757153 0.8175027251931801 0.4352239900743151 0.8156368131242657 0.4397332775741919 0.8183190617233304 0.44673044783262145 0.8224007443740808 0.4543495887806891 0.8235669394171523 0.4610357736942995 0.8215844078439308 0.4660115392114049 0.8235669394171523 0.4703653340388721 0.8235669394171523 0.47860644567657795 0.8224007443740808 0.47705151895248255 0.8186689202362518
28 0.23850297513514263 0.46397858709464174 0.23315974024594666 0.4660430187563766 0.22943566744438576 0.46810745041811136 0.226683091895406 0.46288565268548804 0.21842536524846673 0.4622784669026248 0.20887230893141928 0.46203559258947957 0.2075769792613112 0.4699290077667009 0.20741506305254767 0.47891535735307605 0.21356787898556123 0.480615477545093 0.20611933375595515 0.4848985661945379 0.20077609886675915 0.4865986863865548 0.19948076919665106 0.49072754971002447 0.2049859202946106 0.49582791028607526 0.21405322798536744 0.49898527635696377 0.2156723900730026 0.5006853965489807 0.20790041205235388 0.502264079584425 0.20239526095439433 0.5012925823318438 0.2004522664492321 0.4988638392003912 0.18879429941825904 0.5001996479226901 0.18377489694659002 0.49849952773067313 0.1771363323872859 0.4999567736095448 0.16515453293878576 0.5053000084987409 0.15997321425835326 0.5093074346656379 0.15738255491813702 0.5174437241560045 0.15883980079700866 0.5248513907069354 0.16288770601609656 0.5264300737423797 0.16418303568620465 0.5301946255961314 0.16839285711405608 0.5349306747024642 0.17325034337696155 0.5441598986019845 0.17875549447492106 0.5541177454409408 0.18150807002390082 0.5559393027895303 0.1881466345832049 0.5572751115118293 0.18005082414502918 0.5604324775827179 0.17972699172750217 0.5623754720878801 0.183451064529063 0.5656542753153413 0.194137534307455 0.5655328381587686 0.19543286397756315 0.5683258927599393 0.20304292578944838 0.569418827169093 0.21340556315031337 0.5661400239416318 0.21016723897504305 0.5616468491484442 0.2200441277096175 0.5624969092444527 0.2401217375962934 0.5632255321838885 0.26117084473555047 0.5637112808101791 0.266999828251037 0.5581251716078378 0.27590521973303034 0.5581251716078378 0.28497252742378726 0.5549678055369492 0.2848106112150237 0.5470743903597279 0.2848106112150237 0.5437955871322666 0.2856201922588413 0.5412454068442413 0.28497252742378726 0.5383309150864981 0.29355408648825354 0.5344449260761737 0.2951732485758887 0.5280087567778239 0.29355408648825354 0.5271586966818155 0.2942017513233076 0.5241227677674996 0.2961447458284698 0.5224226475754826 0.2979258241248685 0.5118576149536633 0.2943636675320711 0.5094288718222105 0.3022975617614834 0.5017783309581344 0.30278331038777395 0.4963136589123657 0.2993830700037401 0.49509928734663944 0.29193492440061836 0.4908489868665971 0.29339217027949005 0.4879344951088538 0.2878870191815305 0.4834413203156663 0.28302953291862504 0.47858383405276084 0.27817204665571954 0.47433353357271857 0.27703863319437494 0.4732405991635648 0.27817204665571954 0.4702046702492489 0.2809246222046993 0.4648614353600529 0.28416294637996964 0.4570894573394042 0.2806007897871723 0.4540535284250883 0.27525755489797626 0.4540535284250883 0.26959048759125326 0.45490358852109664 0.25550377742882746 0.4534463426422251 0.24724605078188816 0.4535677797987976 0.2446553914416719 0.45623939724339574
