20 0.3881163072075119 0.32522458712756774 0.3783555308668774 0.31337221585679736 0.3760315365000597 0.3032628403611403 0.37184834663978783 0.303611439516163 0.37138354776642424 0.28757587838512066 0.37417234100660557 0.26038514429335335 0.373707542133242 0.2380747983719033 0.37974992748696806 0.22796542287624622 0.3746371398799691 0.22587382794611024 0.37045395001969716 0.22482803048104227 0.3662707601594253 0.21715884907054378 0.38067952523369514 0.21262706005524926 0.38765150833414835 0.21506725414040784 0.4099618542555984 0.21506725414040784 0.4444779737101825 0.21030669225884469 0.4788827564626932 0.20717446492732997 0.49379812470800133 0.2046388523256276 0.5033439603849986 0.2055337744203461 0.5321803389925943 0.20523546705543994 0.5600223597171695 0.2031473155010968 0.5922395551270351 0.20777107965714228 0.5972113445421378 0.22984582466019834 0.6015865192274281 0.245656115000225 0.6009899044976158 0.251174801250989 0.5824948478734338 0.2678800136857341 0.5868700225587241 0.28607676294501 0.5924384267036392 0.30621251007617595 0.599398931884783 0.32232110778110873 0.584682435216079 0.32306687619337415 0.5620110754832106 0.32426010565299884 0.5359588989480724 0.3188905730846879 0.511497695025767 0.31978549517940635 0.4762974259668398 0.3193380341320471 0.4313524496543113 0.3178464973075163 0.3979420247848211 0.31605665311807934
26 0.4323528743499692 0.6932875984623401 0.4366564918608967 0.6810603587451741 0.442955143062975 0.6737926842812376 0.4514340966042343 0.6701588470492693 0.479908770435275 0.6742584983917106 0.5172161660168159 0.6795275623780647 0.5605799569849703 0.6857050856724107 0.5818984687458508 0.6889755391811822 0.5903774222871101 0.6913375333819616 0.5961915618582593 0.6975150566763076 0.5966760734891885 0.7011488939082758 0.5949802827809366 0.7133222486353696 0.5862590734242128 0.739485876705541 0.5787491431448117 0.762379051266941 0.5770533524365599 0.7678298071148935 0.5695434221571587 0.7696467257308776 0.5453178406107037 0.7658311966373109 0.5070414217673046 0.7598353652045633 0.4530183749187099 0.7518409232942331 0.4333956538660813 0.7489338535086586 0.4263702352176093 0.7449366325534935 0.42152511890831834 0.7362154231967696 0.4263702352176093 0.7187730044833219 0.42927730500318395 0.7029658125242599
18 0.17141124656143586 0.6257787670533838 0.17657914113907477 0.6072755271054221 0.1328468998657391 0.5854905883020909 0.10652376491676369 0.5530567255971033 0.09920377575531594 0.5281113644639597 0.10270470642800338 0.5076309200287384 0.1188089875223656 0.4808488003826795 0.15591885265285238 0.4540666807366206 0.20632855581061796 0.4413632954088254 0.2444201609410307 0.44073257310840175 0.2784514261969126 0.4472398659248802 0.3078592438474871 0.45721751834203933 0.3246637110763868 0.4661448915573922 0.3422714587646301 0.4826968938263469 0.35865999180823266 0.5052311267613002 0.37504852485183504 0.5321185637859605 0.3847665063785929 0.5479748619132383 0.39188609553807846 0.5566769818646474 0.3932527318764651 0.5645421776714695 0.39072878241619174 0.5724412151539304 0.3820846119971075 0.5851117430405725 0.3619403734643462 0.6032927718858189 0.3346261517250087 0.6163523841549395 0.3035562244965123 0.6217298715598717 0.2803391360180755 0.6232662965327093 0.25854754901511057 0.6227952607671939 0.24218392863338525 0.6448053939668338 0.22409722528934994 0.6591438656202733 0.20907041730681397 0.6614447661802484 0.18040842159706116 0.6578620167165297 0.1694907049531269 0.6511892275704396 0.16777559404261766 0.6414293882614044
13 0.1930722913661144 0.37746750529265793 0.1930722913661144 0.3714994200378009 0.1970510148693524 0.3585685686522773 0.21031342654681245 0.35657920690065836 0.21959711472103455 0.36022637011195985 0.23197536561999726 0.35657920690065836 0.23816449106947865 0.35989480982002336 0.24523777729745735 0.35989480982002336 0.25231106352543603 0.36022637011195985 0.27220468104162615 0.36221573186357886 0.2731551514541279 0.3646361183581409 0.2788358868803562 0.35989480982002336 0.28754213269909445 0.36169525858862456 0.2994009742942417 0.3630753823949563 0.3040361629652389 0.36573280867792257 0.31180574883792145 0.36450603196118325 0.31753070684937185 0.36619284994669976 0.3287761600861493 0.36619284994669976 0.3379769854616946 0.3692597917385482 0.3400216133229268 0.38704805413126897 0.33695467153107833 0.40222941600091866 0.3300029368028886 0.4167973895121985 0.32407351600531503 0.4282984212316301 0.31057897212118213 0.43090532175470125 0.300560295601144 0.4335122222777724 0.27888724027208195 0.4336655693673649 0.2764336868386032 0.43167205720266333 0.2653926963879489 0.43443230481532696 0.2381991458335597 0.4338189164569572 0.21529931378775827 0.43121201593388603 0.19055931666684775 0.42707164451489077 0.16050328710673337 0.4192509429456773 0.1549827918814062 0.41020346465972446 0.15784527088713138 0.41066350592850176 0.15845865924550107 0.4094367292117624 0.15355155237854362 0.4046829694343973 0.15907204760387075 0.40483631652398977 0.15988989874836368 0.395788838238037 0.15661849417039203 0.39486875570048247 0.15784527088713138 0.38934826047515536 0.16827287297941598 0.3882748308480084 0.16847733576553922 0.3819876001747191 0.1762469216382218 0.381220864726757 0.18135849129130255 0.3816809059955343 0.18851468880561545 0.3770804933077617
28 0.4059469890235111 0.536073912700181 0.40709981077637797 0.5302377525762926 0.40940545428211167 0.5308862148122802 0.41891623374326314 0.5403969942734317 0.4154577684846626 0.5414777646667444
28 0.4449614524195394 0.5289181473792757 0.44177730676367166 0.5250971725922344 0.4405036485013247 0.5112461389892101 0.4451737287965972 0.509494858878483 0.45387706025596875 0.5133158336655241 0.45408933663302664 0.5160223574730116 0.476590632601158 0.5247787580266476 0.4831712002899511 0.5255747944406146 0.4961200592904796 0.5375153406501183 0.49590778291342175 0.5397442426092256 0.4744678688305796 0.5384705843468786 0.450905190977159 0.5316246711867632
28 0.4809710865817902 0.4747155554476214 0.4740080736596129 0.4705122732567948 0.46823386782170995 0.4761166495112302 0.46144068448300024 0.4818483979532664 0.45157686244071726 0.4892365725746883 0.4480104411878948 0.49114715538870013 0.445001310601494 0.492632577179306 0.44063557997846997 0.491149876212996 0.43607882864696296 0.4841018655002269 0.4339745314324394 0.4830914985982078 0.4272130081397858 0.48387167436274475 0.4211648835558631 0.48614702327708637 0.4198645906149682 0.4843916278068783 0.42207508861448956 0.48029570504305924 0.42051473708541565 0.47502951863243487 0.423245352261295 0.4732741231622268 0.43273749072982787 0.47093359586861594 0.4339077543766333 0.4692757223689748 0.4372885160229601 0.4688856344867064 0.4372885160229601 0.46986085419237755 0.44392001002152415 0.47054350798634736 0.4480809474323879 0.46800793675160235 0.45445238284277295 0.4679104147810352 0.4591334374299947 0.465179799605156 0.4636844627231269 0.4633268821643807 0.4682354880162592 0.46459466778175335 0.4717462789566753 0.4655698874874245 0.4720063375448543 0.46020617910623296 0.47278651330939137 0.4566953881658166 0.47031595672169096 0.4517217676668936 0.4640745506053953 0.4486010646087458 0.46810545872216963 0.44518779563889666 0.4726564840153017 0.4424571804630173 0.4783777729552395 0.44109187287507756 0.4783777729552395 0.43514303267048343 0.4803282123665818 0.4340702909942451 0.48370897401290863 0.43475294478821497 0.4881299700119513 0.43533807661161766 0.484359120483356 0.43231489552403696 0.47655736283798655 0.4284140167013522 0.47642733354389705 0.4255858795549059 0.4725264547212123 0.4236354401435635 0.4708360738980489 0.4261710113783085 0.46693519507536413 0.427438796995681 0.45237191413734107 0.4227577424084593 0.4540622949605045 0.4210998689088183 0.44717074237376137 0.41690642417443224 0.44431009790379256 0.4084220127350929 0.4420995999042712 0.4090071445584956 0.4342978422589017 0.41368819914571725 0.42415555731992144 0.41271297944004603 0.41570365320410446 0.4039360020890054 0.4149234774395676 0.4016929967659617 0.41557362391001496 0.3960367224730688 0.407641836970556 0.3901854042390417 0.40686166120601913 0.38394399812274604 0.41271297944004615 0.37984807535892723 0.416093741086373 0.3815059488585682 0.424285586614011 0.3859919595046556 0.42818646543669575 0.3935011512383238 0.4345579008470807 0.40071777706029055 0.4361182523761547 0.39525654670853183 0.4401491604929289 0.3866746132986254 0.44964129896146177 0.3857969155635213 0.46329437484085845 0.3841390420638803 0.4666751364871851 0.3855043496518199 0.469535780957154 0.3901854042390417 0.47135619107440685 0.39964503538405227 0.4717462789566753 0.4123228915577777 0.48175853460156615 0.40637405135318344 0.47707748001434447 0.40071777706029055 0.48253871036610313 0.39496398079683054 0.4904704973055622 0.3915507118269814 0.4954116104809628 0.3921358436503841 0.49983260648000555 0.3906730140918773 0.5117953015362386 0.3915507118269814 0.5175165904761763 0.39281849744435393 0.5241480844747405 0.3892101845333705 0.530389490591036 0.3886250527099678 0.5242781137688299 0.384724173887283 0.5181667369466239 0.3757521525951082 0.5171265025939079 0.3716562298312891 0.5205072642402347 0.3682429608614399 0.5345504280018997 0.36668260933236607 0.5508040897630863 0.36648756539123184 0.5586058474084556 0.3672677411557689 0.562896814113409 0.36717021918520165 0.5640670777602144 0.3727289715075275 0.5660175171715567 0.3744843669777357 0.5710886596410469 0.3727289715075275 0.5795405637568638 0.3746794109188698 0.5829213254031906 0.37428932303660134 0.5874723506963229 0.3761422404773766 0.5903329951662916 0.3777025920064505 0.5938437861067078 0.3769224162419136 0.5959242548121397 0.374776932889437 0.6050263053984042 0.37516702077170544 0.6095773306915364 0.3754595866834068 0.6124379751615051 0.3727289715075275 0.60099539728163 0.3715587078607221 0.585391881990891 0.3713636639195878 0.5735592162287472 0.3713636639195878 0.5680979858769886 0.3677553510086044 0.5713487182292258 0.36570738962669497 0.5835714718736381 0.3656098676561278 0.5885125850490387 0.3660974775089634 0.6059365104570306 0.36551234568556074 0.6156887075137425 0.3643420820387553 0.6188094105718902 0.36356190627421836 0.6188094105718902 0.3618065108040102 0.6218000843359486 0.3610263350394733 0.6249207873940964 0.3626842085391143 0.6296018419813181 0.3685355267731414 0.6364933945680611 0.36736526312633594 0.6427348006843566 0.3652197797738594 0.6527470563292475 0.3656098676561278 0.6683505716199867 0.364147038097621 0.6794030616175933 0.36678013130293324 0.6826537939698305 0.37750754806531633 0.6860345556161573 0.38033568521176275 0.6999476900837329 0.3893077065039376 0.7000777193778225 0.39135566788584714 0.7069692719645656 0.3947689368556963 0.7095698578463554 0.3990599035606495 0.7162013518449196 0.4009128210014248 0.7201022306676044 0.4016929967659617 0.7263436367838999 0.39564663459080035 0.7297243984302267 0.3945738929145621 0.7384363611342226 0.39740203006100855 0.7556002279540354 0.4088121006173614 0.7576806966594674 0.4115427157932407 0.7653524250107473 0.41183528170494205 0.7671728351280003 0.4146634188513885 0.7838165847714551 0.41076254002870377 0.7913582838286455 0.40803192485282447 0.797339631356762 0.4035459142067369 0.8033209788848787 0.40803192485282447 0.807091828413474 0.413395633234016 0.8113827951184273 0.41671138023329796 0.8139833810002172 0.42295278634959355 0.808392121354369 0.42607348940774137 0.8041011546494158 0.4297793242892919 0.8011104808853574 0.4301694121715603 0.7975996899449413 0.4316322417300672 0.7968195141804043 0.4334851591708424 0.7946090161808829 0.43650834025842317 0.7986399242976572 0.440604263022242 0.8011104808853574 0.4427497463747187 0.801240510179447 0.4525019434314306 0.8009804515912679 0.4592309594005617 0.799680158650373 0.4642045798994847 0.7955192212395094 0.46625254128139426 0.7922684888872721 0.4663500632519614 0.7921384595931825 0.4708360738980488 0.7908381666522876 0.4776626118377471 0.7900579908877506 0.48419658386574405 0.7869372878296028 0.48575693539481796 0.7842066726537236 0.4888776384529658 0.7874574050059608 0.491510731658278 0.7878474928882294 0.49648435215720105 0.7878474928882294 0.5008728408327214 0.7858970534768869 0.5035059340380336 0.779525618066502 0.5102349500071647 0.7725040361856692 0.5153060924766549 0.768213069480716 0.5151110485355207 0.766652717951642 0.5132581310947454 0.7645722492462103 0.5101374280365977 0.7601512532471676 0.5102349500071648 0.7493588218377398 0.51208786744794 0.7489687339554714 0.5138432629181482 0.7477984703086659 0.5162813121823261 0.7511792319549926 0.5165738780940274 0.7557302572481248 0.5176466197702657 0.7596311360708096 0.5179391856819671 0.7636620441875839 0.5192069712993397 0.7639221027757628 0.5210598887401149 0.7562503744244828 0.5215474985929505 0.7490987632495607 0.5221326304163533 0.7428573571332652 0.5204747569167122 0.7376561853696856 0.5246682016510983 0.7280340176070632 0.5274963387975447 0.7125605316104136 0.5273988168269776 0.6974771334960327 0.5248632455922325 0.6917558445560951 0.5213524546518162 0.6904555516152001 0.5265211190918735 0.685644467733889 0.528569080473783 0.67771268079443 0.5261310312096051 0.6632794291504964 0.5260335092390379 0.6572980816223799 0.521157410710682 0.6530071149174266 0.5206698008578465 0.6493662946829208 0.5174515758291316 0.6418245956257302 0.5176466197702658 0.6422146835079988 0.5193044932699068 0.6371435410385087 0.5196945811521753 0.6368834824503297 0.5221326304163533 0.6328525743335554 0.5245706796805312 0.6220601429241276 0.528569080473783 0.6169890004546374 0.531007129737961 0.6077569205742835 0.5294467782088872 0.5987848992821085 0.5287641244149174 0.5967044305766767 0.531884827473065 0.5926735224599025 0.5346154426489446 0.5775901243455215 0.531007129737961 0.5673178101124516 0.5273012948564106 0.5502839725867281 0.5224251963280546 0.5409218634122848 0.5205722788872794 0.5409218634122848 0.5155986583883564 0.5431323614118062 0.5116002575951045 0.530129432002857 0.5069192030078827 0.5255784067097249 0.5036034560086007 0.5231078501220245 0.4974595718628722 0.515566151064834 0.49980009915648305 0.5107550671835228 0.5025307143323623 0.5013929580090795 0.5045786757142718 0.4932011124814414 0.5047737196554061 0.4887801164823987 0.5075043348312854 0.47811771436706046 0.5035059340380336 0.47564715777936006 0.4974595718628722 0.4742168355443757 0.48575693539481807 0.4770774800143446 0.4830263202189387 0.47850780224932893 0.4785403095728512
28 0.46336049853054057 0.4954854073684593 0.463808622803781 0.4989303627189947 0.45630254122700475 0.4977540365017387 0.44935661499177904 0.49464517435613364 0.44969270819670937 0.49254459182531946 0.4535017645192525 0.4922084986203891 0.4603356596861681 0.4943931044524359
28 0.6681885685637451 0.5471952483767024 0.6612812290604944 0.5512717110343586 0.6550533000001864 0.5543290580276007 0.6482591955707594 0.5543290580276007 0.6431636172486891 0.5518661951719335 0.640106270255447 0.5494033323162661 0.6435033224701604 0.5468555431552311 0.6475797851278167 0.5430338594136784 0.65516653507401 0.5418448911385286 0.6592429977316663 0.5421845963599999 0.6647915163490317 0.5442228276888281
28 0.7363570874500189 0.5285784347391823 0.7355463883907288 0.5309236713035576 0.7525710686358233 0.5352667019783266 0.7577827054455462 0.5363090293402711 0.770290633788881 0.5370907748617296 0.7758389997407356 0.5356694034260094 0.7798924950371867 0.5349745185180463 0.7796608667345324 0.5321949788861942 0.7741017874708279 0.5315000939782312 0.7646050270619997 0.5273307845304529 0.761478044976166 0.5272439239169575 0.7559189657124616 0.5240300812176284 0.7507073289027388 0.5244643842851053 0.7437584798231085 0.5265490390089944
28 0.8337778266824719 0.4957704689260374 0.8288283617703524 0.49604499948569475 0.8258198634904363 0.49453310269800743 0.8191235286093331 0.4980268426359743 0.8163091269926376 0.4964255451644062 0.820543643764169 0.4894147363101956 0.8261724469975601 0.4815538214497701 0.8248137703550175 0.4790790889937102 0.8247167220234072 0.47776893651697266 0.8244255770285764 0.47624042529411215 0.8220964170699321 0.4734745478432216 0.8244255770285767 0.4629933280293211 0.8259783503343399 0.4627749692831981 0.830248476925188 0.4686706554285172 0.8366536668114608 0.4816993939471854 0.8361684251534097 0.48410134015453754 0.8353920385005282 0.48861408757441155
28 0.8052910477765394 0.3904640071105488 0.8027898256917646 0.39114615858821467 0.803699360995319 0.39907616951608094 0.8090428809037021 0.40282800264324353 0.8157507037674169 0.3958359499971679 0.8090428809037021 0.391572503261756
28 0.7735780012547738 0.3820094924592768 0.776428462674401 0.38303194057718654 0.7759327302535962 0.38925957911354586 0.7715950715715549 0.3900961275736538 0.7704796736247443 0.387493532364429
28 0.7095170272767579 0.3820237967826386 0.7107563583287697 0.3760750077329819 0.7124914218015863 0.36956851970992 0.715094017010811 0.36891787090761374 0.7214146053760713 0.37235701457694653 0.7263719295841184 0.3781199039688014 0.725256531637308 0.38081544900692704 0.7201752743240596 0.3818378971248368 0.7148461508004087 0.38295329507164744 0.7107018620869592 0.3821854216465016
28 0.5030230122585322 0.3676817580695873 0.5007897564549808 0.3685192289959191 0.503519291325988 0.37084553712461843 0.5053803378289475 0.3712177464252103 0.5068691750313152 0.37112469410006244 0.5141892912762891 0.3722413220018381 0.514933709877473 0.36954280457254673 0.5078617331662268 0.36740260109414336
