13 0.25580546281966404 0.688987701595814 0.23424703748915007 0.6756066100113571 0.20575264199406731 0.6634139512746797 0.20709891561199284 0.6571809058581297 0.2271634321287852 0.6521629965139585 0.23374194702468312 0.6528205871036515 0.23833570436217857 0.6477293358770718 0.250230007992807 0.6360208807406721 0.2636110995772639 0.6273789257590435 0.2591507357157783 0.622918561897558 0.2833110399654922 0.607586061123701 0.2955770405845777 0.6031256972622154 0.30317285726930265 0.6025734924244496 0.3143166460631236 0.5978290151767012 0.31591546491328276 0.5928217871223694 0.3260561936380628 0.5914172421258157 0.33064995097555827 0.5926430594880342 0.33710931411523254 0.591322537663728 0.337207103291777 0.5872356510056728 0.3412957701648054 0.58695687826433 0.3701761043681316 0.6129667663814631 0.37091949834504584 0.625248788935308 0.3446410430609197 0.6421538810502149 0.32382601170732 0.649401972325129 0.3141618900074345 0.6597165637548145 0.29130592252719023 0.680055631157304 0.2710031024979506 0.6858258355532562
23 0.3397356718383261 0.7823747608088389 0.33113770794246294 0.7637458390344688 0.32986393551344617 0.7556255397994869 0.33432213901500485 0.7439227556078954 0.34546764776890143 0.7312646420945415 0.3629820186678819 0.7224278458682377 0.3820886051031333 0.7209948518855939 0.4094747123269936 0.7240996721813222 0.42380465215343216 0.7281598217988132 0.4306280284760609 0.7236297305513927 0.4343418463161306 0.7155933199305118 0.4379880308702085 0.7098529543937222 0.4455069149640588 0.7061749232500135 0.458888832737663 0.7015247660068882 0.478731887864415 0.6992973194103703 0.49399027472861945 0.7005234397833868 0.5095211327868275 0.7048148610889443 0.5198750381589663 0.7109454629540265 0.5310184469652082 0.7217622378417177 0.5435111013997813 0.7381892672118545 0.5446472848943139 0.7437185445205644 0.5415646818520167 0.749924311171505 0.5345882644405018 0.7580769850070542 0.5237180326597692 0.7713402902022019 0.5172283420444065 0.7801013725329414 0.4974347856675503 0.7822916431156266 0.4889981878675789 0.7848469587954257 0.4784524406176145 0.7858204123877299 0.4696913582868749 0.7826566882127406 0.4620020833292661 0.7784900696242694 0.46029319841505356 0.773216362578606 0.45879711130990086 0.772206503782628 0.45032221865098054 0.7796109904951026 0.4449363050724306 0.7882508935273599 0.4305738688629641 0.7952076985663203 0.416959476206074 0.7992471337502329 0.3994552570757868 0.8018278840066212 0.3889826473397174 0.802276710138167 0.37297451531458287 0.7996959598817786 0.360556992341815 0.7948710789676611 0.3496355564741998 0.7901584045864297 0.3436512080535888 0.7864555890011766
20 0.4406423179663382 0.7054609151636332 0.44130713498961105 0.6896257268077833 0.444418061419548 0.6852926507089429 0.46352803806058857 0.6916256080841714 0.48930428562292233 0.6966253112751413 0.504414499711187 0.6972919383672704 0.5293019111506816 0.6976252519133354 0.555522576774435 0.6976252519133354 0.5866318410738033 0.6979585654593999 0.6044085635305853 0.6962919977290766 0.6177411053731717 0.6946254299987532 0.6355178278299536 0.6869592184392661 0.6475171154882814 0.6809595746101023 0.6555166405938333 0.6836260829786195 0.6710712727435173 0.7029582686503698 0.6741821991734542 0.7119577343941158 0.6728489449891957 0.7146242427626329 0.676404289480552 0.738289504533224 0.6790707978490693 0.7692876643172375 0.6799596339719084 0.7882865364429233 0.6781819617262301 0.798285942824863 0.6777375436648105 0.8132850523977727 0.6488503696725401 0.8122851117595786 0.6412952626284077 0.8052855272922208 0.6154507052978715 0.7995856100763961 0.6050757585740902 0.8020355072363246 0.5660841383159957 0.8030287841710485 0.5442997019871778 0.8026786771586211 0.5169135534595211 0.8033788911834759 0.48392569273302544 0.8038457005333791 0.4663425405533367 0.8062964496203712 0.46291927198737953 0.8066465566327986 0.4582511784883472 0.8055962355955163 0.4492261977235512 0.803262188846 0.4426908668249058 0.8048960215706614 0.4400456138421208 0.8050127239081373 0.4339770922933786 0.8031454865085244 0.4195060024463782 0.7991776070343467 0.43084935033568866 0.7956647771913211 0.4452659592063107 0.7885518144646724 0.4505031936731779 0.7797862149043648 0.4587843020826981 0.772635586754697 0.4601275895493569 0.7733332152303087 0.46185784013799647 0.7786678409461382 0.46950916762559447 0.7828659953090522 0.47847641229740595 0.7859824240575749 0.4892191750478881 0.7850129008632887 0.49746569417170217 0.7824052177890014 0.5173464916269511 0.7802655803947147 0.5289457461319915 0.7653263264453187 0.5418504341662844 0.7500193223187798 0.5448143944950659 0.7436801213329792 0.5436395811285536 0.7381568144914094 0.5361904783161182 0.7284831255277894 0.5312920410581354 0.721852844328005 0.5199897536226045 0.7109326402903023 0.5096234874031144 0.704744018532149 0.4942227776189543 0.7004630520012373 0.4787951435169898 0.6992312644616825 0.45880696364567336 0.7014592933947773 0.4454429083461342 0.7061251920122887 0.4397778629441028 0.7077687477468625
30 0.5275035768566337 0.13971735290876736 0.5299569451690801 0.12109717323069483 0.5712313961679378 0.12009799266237227 0.5771566247542542 0.13089037330173428 0.5891763741722104 0.1307634041177418 0.6054284297232496 0.1320330959576667 0.6228261705445145 0.13407945829607376 0.6333222897545607 0.13738065707987862 0.6400939795674937 0.13928519483976604 0.6595625877796762 0.1461415307753607 0.6707358759710157 0.15160120568703797 0.6846178400875282 0.16010814101453505 0.7013777723745378 0.17432868962169443 0.7111967226032906 0.18537500862904138 0.7167833666989603 0.19337406722056855 0.7206770883413967 0.20124615662810316 0.7228778875305999 0.20810249256369784 0.7245708099838332 0.2194027499390298 0.7237243487572165 0.22867150037048187 0.7206770883413967 0.24263811060965623 0.7137361062831402 0.25495412145692814 0.7001927266572743 0.2709522386399824 0.6885115617299649 0.2919021539987439 0.6644720628940525 0.33418289226824444 0.6531294824573901 0.3437055810676815 0.6268891844322744 0.3434516426996966 0.5938771965942259 0.3430707351477191 0.5608652087561774 0.34294376596372655 0.5290382666353922 0.3424358892277567 0.5129198959017426 0.3418847743877597 0.49884820290664256 0.33818169728378605 0.4909483050848319 0.33059038922064 0.4874920997877899 0.3279982352478584 0.48280153545608995 0.32262877344709656 0.4809062799027157 0.31328032299617353 0.4791781772541947 0.3051335533674314 0.47670945918487884 0.29457978362110643 0.47275951027397356 0.279026859784417 0.4710314076254526 0.2716207055764696 0.46598930730350396 0.25603175659304356 0.46530493537443446 0.2483258466783596 0.46250273746503767 0.23537373355753782 0.4596436779896213 0.225001331739748 0.45924965439411225 0.21941619229939968 0.45891510990691037 0.21194186231003143 0.4599596778131358 0.20431920534866138 0.46116048060424847 0.1967619790872026 0.46528497714763517 0.18740354863907502 0.47050585884812485 0.1791023467352965 0.4763010375356684 0.17127102418456203 0.4852223523271376 0.16198051847284384 0.49726234482010345 0.15374963864911276 0.5064255249474934 0.14823574828175892 0.5146297676196914 0.14455982137018972 0.5208095867753729 0.14168300900461378
12 0.5414082554693599 0.3894209288985987 0.5465568053590512 0.38720865824233697 0.564728002071127 0.3877547033960773 0.5764569428861106 0.3881545536511336 0.5857867821707566 0.390453692617707 0.5917845359966005 0.3937524572219212 0.5968493058939797 0.39665137157107905 0.6139049166523604 0.3997869476407692 0.625900424304048 0.39868735943936445 0.6335214815929163 0.39708727592553145 0.636417863132463 0.39446067652590844 0.6362479692010836 0.3898458478457578 0.63897794363251 0.3893453525333296 0.6423957671442172 0.395483024450735 0.6453290730046022 0.39493302960191284 0.6519767424988473 0.39184489284451324 0.6551736127592972 0.3891997021153552 0.6532266870260603 0.3867470798707819 0.6516705002542715 0.3835031762168243 0.6533044146689292 0.38271539605261445 0.6544481547591893 0.381630010048592 0.6602135384794807 0.37966931275100285 0.6634346840398055 0.3775335531947006 0.661380620204236 0.3762731049319648 0.6603531951663395 0.37245606856248853 0.6632333446429908 0.3704334181345677 0.6658778455260977 0.37176876016465144 0.6666371576608512 0.3721811452033537 0.6724332836779852 0.3711599873011505 0.6740690506746821 0.37255038924834305 0.6815935788594888 0.3709964106014808 0.6845553527123118 0.3708607236932497 0.6870753536875813 0.37283663354885865 0.6892517181662232 0.37335208829380023 0.6901299003242717 0.3752420890252523 0.6929171741302516 0.3767884532600768 0.6936808107894241 0.37776209000052186 0.6961075154685659 0.3799805135044223 0.6988184256086286 0.3810809684757656 0.6998956984198995 0.383192901173712 0.7006593350790721 0.3860565386456093 0.7024047903000379 0.386015629538868 0.7038747912018641 0.3867141524740547 0.7051293371419334 0.3885550622774172 0.7083475202055892 0.393177791339194 0.7078314360897747 0.3949242955116148 0.7054906062316408 0.3982749313853677 0.7048662625284302 0.3996797047175915 0.7073636373412725 0.4009908264943337 0.7086123247476938 0.39921144694018357 0.7113594370418201 0.39630824872025444 0.7122335182263151 0.3959336424983281 0.7127329931888835 0.39377965672225157 0.7162293179268627 0.3920002771681015 0.724096048587316 0.38834786650431957 0.7255944734750213 0.3876923056159485 0.7281854990812069 0.3887716399357747 0.7328056424849652 0.385306532382956 0.733804592410102 0.3835271528288059 0.7354278860384496 0.38568113860488235 0.7375506546293655 0.38671130571517986 0.7392988169983551 0.385962093271327 0.742420535514408 0.384838274605548 0.7446681728459662 0.3854001839384376 0.7494131849903666 0.38849068526932995 0.7526597722470616 0.3881160790474035 0.7560312282443986 0.3870859119371062 0.758778340538525 0.39017641326799857 0.759527552982378 0.3914875350447407 0.758653471797883 0.3933605661543724 0.7564058344663249 0.39542090037496735 0.7557814907631143 0.3983240985948964 0.7562809657256828 0.4059098745889051 0.7574047843914619 0.4078765572540183 0.7571550469101777 0.4092813305862421 0.7627741402390726 0.40881307280883417 0.7653963837925573 0.408625769697871 0.7647720400893466 0.4054416168114971 0.7655212525331992 0.40047808437097304 0.7660207274957678 0.3963574159297832 0.7636482214235676 0.39364152082081716 0.7629507486448404 0.39314789956107943 0.7590708568405917 0.39289230837696437 0.7597439719394354 0.39153765835857235 0.7631137090387574 0.39083063467219226 0.76581103908643 0.39252259624755065 0.7694611680988318 0.39292354210452757 0.7694611680988318 0.39542470269418745 0.7712757355854482 0.396417810575376 0.7736297690815986 0.3974477002299419 0.776278056764768 0.3979626450572249 0.7772589040548309 0.3987718440715266 0.7767194380452963 0.3997281701793379 0.7776022006063528 0.39998564259297936 0.7788282597189314 0.4000959879131114 0.7838305808982515 0.40248680318263935 0.7854489789268553 0.4032960021969412 0.7855961060203646 0.40469370958528067 0.7848604705528175 0.40539256327945034 0.7833239748478189 0.4064331538728287 0.7836500053244214 0.4086517344766496 0.785251973373474 0.4099658488918881 0.78570252688727 0.4101911256487861 0.7889261037464397 0.4133252331380994 0.7902868030154758 0.4137561212399607 0.7917928280287291 0.4140654027499942 0.7919162474635623 0.41475963707093094 0.7898798267888144 0.4167034931695538 0.7911140211371465 0.41725888062630323 0.7911140211371465 0.41841593782786446 0.7882136644185662 0.4186473492681768 0.7879051158314833 0.4185085024039894 0.7869177603528176 0.4192490190129886 0.7783401096319102 0.4185547846920519 0.7767973666964951 0.4176291389308029 0.7750694946088305 0.41614810571280453 0.7729713642166661 0.41619438800086683 0.7695773297587529 0.4195267127413633 0.7648873912350913 0.4196192773174882 0.765257649539591 0.42142428655192377 0.7664918438879229 0.4233681426505467 0.7675409090840052 0.42503430502079487 0.7664387078531304 0.42729994256553694 0.7647725454828822 0.4306785495940958 0.76110553522023 0.43418049917670337 0.7627767539747918 0.4403222280997178 0.7622753883484232 0.4447091773304425 0.7587658289638435 0.448845443747983 0.7564261227074569 0.44947215078094366 0.7522480758210525 0.450725564846865 0.7578959421669658 0.46212433525079954 0.7599675649833089 0.4636438826157489 0.7627260827873343 0.46552469020940257 0.7643979117594708 0.46640240041977427 0.7671817695292552 0.46601279844623233 0.7685814792294591 0.46461710280967333 0.7682431183953851 0.46840859518633826 0.7652338262455392 0.47003862843417143 0.7618065768526592 0.46878475670506903 0.7634615288205743 0.4718944181111807 0.764618774944508 0.473167396728879 0.7680430946416472 0.473167396728879 0.770108557316112 0.4711698769055478 0.7724008637998513 0.47316546580592617 0.7724008637998513 0.4753047742381246 0.7708161908871115 0.4770875312649568 0.7763625460817005 0.47756293313877873 0.7792149573246319 0.4770875312649568 0.778581088159536 0.47411626955356995 0.7833351068977551 0.4705507554999056 0.7827012377326591 0.4659155872301421 0.794269349995659 0.46353857786103264 0.793635480830563 0.4609238675550121 0.8017173126855355 0.45866570865435796 0.8075434440010532 0.45955034200652983 0.8108712571178066 0.46216505231255034 0.8216470329244365 0.4648986130870263 0.8227563039633542 0.46763217386150224 0.8246579114586419 0.4696526318252453 0.8259256497888336 0.47440665056346437 0.8295703974881349 0.4783287160224951 0.8235486404197241 0.4842712394452689 0.8194284908466009 0.4875990525620223 0.8248163787499158 0.4906891647418646 0.824024042293546 0.49342272551634053 0.8165760796036694 0.4906891647418646 0.8164176123123955 0.4921153703633304 0.8233901731284502 0.4993652489391144 0.8227563039633542 0.5011480059659466 0.8218055002157104 0.501266856434402 0.8184776870989571 0.4991275480022035 0.8168930141862173 0.5004349031552137 0.818953088972779 0.5034061648666007 0.8175268833513133 0.5049512209565219 0.8151498739822037 0.5059020247041657 0.8167345468949434 0.5083978845417307 0.813565201069464 0.5097052396947409 0.8078603785836012 0.5110125948477512 0.8065926402534095 0.511963398595395 0.808335780457423 0.5160043145228812 0.8075434440010532 0.5190944267027235 0.803581761719204 0.5217091370087441 0.8019970888064643 0.5233730435671208 0.7950245279904098 0.5258689034046857 0.7920136494562044 0.5275328099630624 0.7882104344656291 0.5284836137107063 0.7855164905139715 0.5293155669898946 0.7810794063583004 0.527413959494607 0.7737899109596978 0.531692576359004 0.7695112940953007 0.5309794735482712 0.7665004155610953 0.5294344174583501 0.7631726024443419 0.532167978232826 0.7587355182886708 0.5327622305751034 0.75271376122026 0.532167978232826 0.7481182097733149 0.5310983240167267 0.7506536864336983 0.5281270623053398 0.748276677064589 0.5265820062154186 0.7522317770731884 0.5189973716459844 0.7474843406082191 0.5123199500007615 0.748276677064589 0.5087544359470971 0.7458996676954793 0.5054266228303438 0.7430472564525479 0.5016234078397686 0.742794490066993 0.49934851036980304 0.7427303218699999 0.4987709965968371 0.7419379854136302 0.49175881895796403 0.7398779106270686 0.4874802020935668 0.7370254993841372 0.47523860384265276 0.7370254993841372 0.46287815512328306 0.7387686395881508 0.4506365568723691 0.7405117797921644 0.43649335112616733 0.7519630496822374 0.4366821457185185 0.753271440199191 0.43440340484675394 0.7537003873061243 0.4312431045915175 0.7393577122148348 0.4278432511550729 0.7316376114808222 0.4290057716134722 0.7292606021117126 0.4249648556859861 0.7268835927426032 0.4249648556859861 0.7251404525385895 0.42532140709135247 0.7256158544124114 0.42793611739737303 0.7233973123345758 0.428173818334284 0.7202279665090964 0.42793611739737303 0.7188017608876307 0.4250837061544416 0.7176924898487129 0.4238952014698868 0.7134138729843158 0.4275795659920066 0.7086598542460968 0.4285303697396504 0.707233648624631 0.4275795659920066 0.7029550317602338 0.4276984164604621 0.6989933494783847 0.42746071552355114 0.696933274691823 0.42603450990208536 0.6940808634488915 0.428173818334284 0.6943977980314395 0.4296000239557497 0.6923377232448779 0.4320958837933147 0.6882175736717546 0.433165538009414 0.6844143586811794 0.43233358473022565 0.6828296857684398 0.43078852864030437 0.6801357418167823 0.43423519222551327 0.6723708445443579 0.4318581828564037 0.6680922276799608 0.4291246220819278 0.6619120033202759 0.42591565943362986 0.6593765266598924 0.4234197995960649 0.6595349939511665 0.42068623882158895 0.6603273304075362 0.4194977341370342 0.6574749191646048 0.4187846313263013 0.6547809752129473 0.41985428554240056 0.6535132368827558 0.42080508929004445 0.6343122460205979 0.4222630549440272 0.6309335987011382 0.42306326088810975 0.6246208629200424 0.4226631579160685 0.6086386938035122 0.4204612993180053 0.6010615524725866 0.41926490858154336 0.596475387982816 0.41732077363479275 0.58418907816163 0.41303332230669665 0.5788796518163848 0.4112635135249483 0.5761659450177039 0.4122369083549099 0.5779357537994523 0.4156880354793194 0.5789976390685013 0.42011255743369036 0.5792336135727345 0.42276727060631303 0.5776997792952192 0.4261299072916349 0.5752220470007714 0.42816518739064563 0.5728623019584401 0.42949254397695696 0.568614760882244 0.4293155630987821 0.5655470923272135 0.4277227351952086 0.5647211815623975 0.42542198377893564 0.5621254620158331 0.42276727060631303 0.5621254620158331 0.4209974618245645 0.5699126206555261 0.41444916933209547 0.5747500979923051 0.41250237967217224 0.5743961362359554 0.4063080489360527 0.5629448818254673 0.4011408712821997 0.5572814937238725 0.398663138987752 0.551500118370161 0.3961854066933042 0.5467806282854986 0.3947695596679055 0.5430050362177685 0.39370767439885646
27 0.571199152502841 0.4133697181760563 0.5748886149153289 0.4123320568725441 0.5747733192149387 0.40671139147851965 0.5520358134684928 0.396732505042833 0.5523817005696635 0.39854841232397936 0.5538805446747367 0.40010490427924755 0.5554946844802002 0.4013155091333451 0.5574547113868344 0.40269905753802815 0.5598759210950296 0.40373671884154033 0.5598759210950296 0.4060714567744428 0.558722964091127 0.40762794872971114 0.558261781289566 0.41048151731436966 0.5563017543829318 0.41177859394375993 0.5549182059782488 0.41385391655078435 0.5561864586825417 0.41601571093310147 0.5575700070872246 0.4166210133601502 0.5609135823985417 0.4166210133601502 0.5642571577098587 0.41566982383193074 0.5661018889161027 0.4141998036519551 0.5671395502196149 0.41186506571905257 0.5674854373207856 0.40762794872971114 0.5678313244219564 0.40659028742619896 0.5694454642274198 0.4067632309767843 0.5711748997332735 0.4077144205050038 0.5712901954336637 0.4094438560108575
27 0.5673771280991713 0.430770770325123 0.5641438415246376 0.43988863846530807 0.5605225605611598 0.43581469738139567 0.5562546222827754 0.43552370158968756 0.552374678393335 0.4420226076045003 0.5585825886164397 0.449200503799965 0.5640145100616563 0.4461935472856487 0.5677651224881154 0.4460965486884127 0.565049161765507 0.44270159778515233 0.5682824483400407 0.4413436174238482 0.5715157349145744 0.4423136033962083 0.5738437012482387 0.43988863846530807 0.5733263753963133 0.43620269177033966 0.5750076844150708 0.43368072824220333 0.574749021489108 0.43154675910301116 0.5717743978405371 0.430867768922359
27 0.5984166792146947 0.45181946592533734 0.6038486006599113 0.44949149959167317 0.6103151738089786 0.4460965486884127 0.61044450527196 0.44396257954922047 0.6103151738089786 0.4410526216321402 0.6100565108830159 0.439403645479128 0.6083752018642584 0.43659068615928365 0.6016499657892284 0.43232274788089925 0.5986753421406574 0.4342627198256194 0.5963473758069932 0.4342627198256194 0.5915621116766833 0.42912179417211094 0.5938900780103475 0.42640583344950256 0.5856128643795413 0.4238838699213663 0.579922280008362 0.42485385589372643 0.5806982687862501 0.4195189330457459 0.5786289653785485 0.4148630003784174 0.5782409709896045 0.4127290312392251 0.5797929485453807 0.412147039655809 0.6012619714002844 0.4201979232263979 0.6317841966638823 0.4239808685186023 0.6542878712226368 0.42174990078217406 0.6576504892601518 0.4226228881572982 0.6599784555938161 0.4257268432688505 0.664375725335182 0.42853980258869484 0.6701956411693425 0.43203175208919126 0.6723942760400253 0.43300173806155134 0.6731702648179134 0.43513570720074357 0.6769208772443726 0.43765767072887984 0.6779555289482233 0.43911264968742 0.678214191874186 0.4403736314514881 0.6726529389659881 0.441634613215556 0.6679970062986597 0.4453205599105246 0.6599784555938161 0.44735753045248083 0.6554518543894688 0.44716353325800884 0.6496319385553082 0.4415376146183202 0.6454933317399051 0.4410526216321401 0.6460106575918306 0.4428955949796244 0.6454933317399051 0.4443505739381645 0.6396734159057446 0.4453205599105247 0.633594837145621 0.44968549678614506 0.6248002976628896 0.44629054588288475 0.6248002976628896 0.4437685823547485 0.6307495449600314 0.4416346132155563 0.6348881517754346 0.4401796342570161 0.6363107978682293 0.43329273385325934 0.6321721910528263 0.42912179417211094 0.6263522752186657 0.42892779697763883 0.6211790166994119 0.43222574928366325 0.6165230840320832 0.4314497605057752 0.6119964828277361 0.42931579136658293 0.61044450527196 0.430867768922359 0.611220494049848 0.43377772683943944 0.6148417750133257 0.43659068615928365 0.6169110784210273 0.4383366609095319 0.6156177637912139 0.44076162584043216 0.6163937525691019 0.44270159778515233 0.6182043930508409 0.44396257954922047 0.6182043930508409 0.4469695360635369 0.6174284042729526 0.449006506605493 0.6121258142907174 0.4519164645225733 0.6020379601781723 0.4547294238424177
12 0.6170404098840087 0.4413436174238482 0.6209203537734491 0.4426045991879164 0.6232483201071134 0.44095562303490415 0.626869601070591 0.4411496202293762 0.6308788764230129 0.4395976426736001 0.6325601854417704 0.43862765670124 0.634629488849472 0.4342627198256194 0.6324308539787891 0.4316437577002471 0.6303615505710874 0.42989778294999903 0.6258349493667403 0.4309647675195951 0.6182043930508409 0.43280774086707924 0.614583112087363 0.43174075629748315 0.6123844772166801 0.430576773130651 0.611220494049848 0.43154675910301116 0.6119964828277361 0.4331957352560234 0.6166524154950646 0.43726967633993574 0.6172990728099713 0.4381426637150599
27 0.7582062267895838 0.4091568211693837 0.7658254924880755 0.4086234725704893 0.7652667463368528 0.40603292223300225 0.7664473341635979 0.3967732612489497 0.763805988721454 0.39357316965558325 0.759996355872208 0.39338268801312104 0.7591328390930456 0.3944874815394023 0.7575581908486909 0.39566846772266845 0.7568470593834984 0.39848759603111034 0.7572534202207512 0.40587828375864715 0.7584725027325099 0.4077069075262852
27 0.766104576086097 0.4204570346016244 0.7689803866873476 0.4249053004873769 0.7733026304738643 0.42425696391939943 0.7748694438464766 0.4236896694224191 0.774815415799145 0.4213799703989992 0.7738969389945105 0.4195160027660638 0.7738429109471788 0.41907027137557934 0.7761661169824314 0.419110792411078 0.7783272388756899 0.4204479865825315 0.7792997437276561 0.4204885076180302 0.7817310058575718 0.4202453814050385 0.7821632302362235 0.4194349606950667 0.7804343327216168 0.41907027137557934 0.7783812669230215 0.4187461030915906 0.7758959767457742 0.41647692510366935 0.7741670792311678 0.4165984882101651 0.7736264354415715 0.416797314472514 0.7723451541602903 0.41828380095900053 0.7704632722784084 0.4198753925505921 0.7661061061061062 0.41992492492492495
27 0.7007096191217134 0.4548242436844576 0.6810747613452548 0.44155947335456 0.6791262640086597 0.4374001809629819 0.6866204845340256 0.43829948742602576 0.6884190974601134 0.44021051365999414 0.6923160921333037 0.4413346467387991 0.7002599658901916 0.43897396727330873 0.7016089255847574 0.4376250075787429 0.7005597347112061 0.4347022615738501 0.6998103126586696 0.43402778172656725 0.7034075385108453 0.4311050357216745 0.7085036084680941 0.4315546889531966 0.7109017590362111 0.43189192887683797 0.712250718730777 0.4304305558743916 0.7164474822249819 0.43166710226107696 0.7231235479676026 0.4344263831188495 0.7262276629781091 0.43675446937672935 0.7294902673041521 0.4389785508859512 0.7343520844641419 0.43538661134237666 0.7328282313244436 0.43092389857611724 0.7331028174675923 0.4291776020528503 0.7392392392392394 0.42806306306306313 0.7534534534534535 0.4313813813813814 0.753033033033033 0.43433933933933927 0.7517317317317318 0.4364714714714715 0.7400800800800801 0.4362312312312312 0.7364988052348406 0.4361647338735154 0.7343300814535738 0.4390424635063502 0.7331623071098146 0.4406377266723783 0.7311935640994406 0.44245093104836536 0.7272816331220036 0.4428830644009686 0.7256973749779789 0.4444464770430986 0.7249469369097564 0.4453219881226913 0.7206944545231633 0.4478234483500991 0.7168588821744712 0.44844881340695086 0.7152746240304465 0.4495119340035993 0.7141072759243228 0.44963700701496967 0.7111651426520231 0.4486994282912651 0.7057453121593064 0.4515135710470988 0.7044112000380222 0.452201472609636
12 0.6292087599333027 0.5993821369533726 0.6254091901269422 0.5906431263987434 0.6327550250859059 0.5838039007472945 0.6444070391587448 0.5881734060246089 0.6502330461951642 0.5857036856504747 0.67277716037957 0.5898832124374713 0.6791097767235043 0.5872235135730188 0.6732837696870848 0.5836139222569764 0.6818961279148352 0.5815241588634782 0.6780965581084747 0.5779145675474356 0.6811362139535632 0.5760147826442554 0.6808829092998059 0.5706953849153507 0.686455611682468 0.5693655354831245 0.686455611682468 0.5680356860508983 0.6915217047576153 0.5659459226574 0.6917750094113725 0.5636661807735837 0.6877221349512549 0.5602465679478592 0.6887353535662842 0.5575868690834068 0.6925349233726448 0.5594866539865871 0.6965877978327627 0.5558770626705446 0.7029204141766969 0.5560670411608626 0.7100129444819032 0.558536761534997 0.7155856468645652 0.5617663958704034 0.7193852166709259 0.5689855785024884 0.7234380911310437 0.5724051913282129 0.7274909655911616 0.5763947396248914 0.734583495896368 0.5860836426311108 0.7373698470876989 0.5889333199858812 0.7404095029327874 0.5942527177147858 0.7378764563952137 0.6067912980757757 0.7315438400512795 0.6130605882562705 0.7259711376686172 0.6174300935335851 0.7231847864772863 0.6206597278689916 0.7155856468645652 0.6259791255978964 0.7074798979443295 0.6297786954042569 0.7011472816003953 0.630348630875211 0.6813895186073204 0.6288288029526667 0.6737903789945993 0.6278789105010766 0.672017246418298 0.6259791255978964 0.6659379347281211 0.6191398999464474 0.660365232345459 0.6157202871207229 0.6598586230379443 0.6136305237272247 0.6664445440356359 0.6143904376884968 0.6702441138419963 0.6124906527853164 0.6639114974980622 0.6058414056241854 0.6588454044229146 0.6041315992113231 0.6497264368876494 0.6058414056241854 0.6405020821770713 0.6019347089406886
12 0.5802124809996098 0.44684026047117326 0.5879527881272683 0.4451411686626629 0.5888967280208852 0.44330048587010995 0.5830443006804605 0.4413182120935144 0.5781358132336526 0.4428757129179823 0.5749264175953552 0.4431588948860674 0.5694515662123772 0.4421677579977697 0.5664309585528032 0.44259253094989726 0.5691651676743308 0.44613987641554237 0.564538173342677 0.44683392556529034 0.5611670774724721 0.44946139734647955 0.5579281814403144 0.4494118224072119 0.5571349824120309 0.45099822046377885 0.5590164580283797 0.45406597435413276 0.5610112702267833 0.4564018679892433 0.5561836043559386 0.4590234682809047 0.5548346264166809 0.46064224180801394 0.5609746700614286 0.46204148452532373 0.5619842094947465 0.4635762688258993 0.5598258447919343 0.4652962156984529 0.5598258447919343 0.4673196826073394 0.5586117646466024 0.4688372827890042 0.5565882977377159 0.4693431495162258 0.5571278889134189 0.4717713098068897 0.5548346264166809 0.47531237689744105 0.5573976845012705 0.4775381904972163 0.561714413906895 0.47682997707910596 0.5615795161129693 0.4857332314782066 0.5637378808157816 0.48876843184153634 0.5623889028765239 0.49423179249552995 0.569268690366738 0.49827872631330294 0.5767614597636631 0.5035459283426048 0.5810682557296077 0.5067760253170633 0.6021366359954449 0.5100934222097504 0.6106338280363627 0.5121013203290083 0.6147078242203643 0.5155933170581526 0.6169194221488223 0.5160298166492956 0.6225066169154533 0.5159425167310671 0.6277446120091698 0.5120140204107797 0.6327498073209432 0.5080855240904923 0.6336810064487151 0.5054665265436342 0.6368508361647992 0.5029062805346274 0.6418803675720938 0.5013384684385349 0.6520750178493967 0.5021494065287749 0.6547009126177927 0.5020335582301693 0.6530018042382424 0.49878980586920924 0.6565544853954843 0.49612529500127783 0.6560910922010614 0.49264984604310635 0.6624241325248404 0.4888268521891178 0.6597982377564443 0.4838453753490721 0.6629611968209694 0.4799595011234755 0.6638879832098151 0.4794961079290527 0.6683674507559029 0.47694744535972705 0.6674406643670571 0.4738195412973727 0.6689853083484665 0.47219766511689265 0.690455859690059 0.4654784637977612 0.6979546966362551 0.46205238318927355 0.6997652046868015 0.45564185173053234 0.6966716983061907 0.45279441972110646 0.680789042761336 0.44236733230202796 0.6689028275126971 0.44600596962303996 0.6562888847998558 0.4491897772789254 0.6525289595681434 0.44646079928816645 0.6447665332833179 0.4449143784267363 0.6393085773017999 0.44600596962303996 0.6359125158021888 0.4490078454128748 0.635427364159387 0.4525555168008615 0.6305758477313712 0.4547386991934686 0.6256030433926549 0.4535561420641397 0.6213579665181409 0.4546477332604433 0.618325768750631 0.45701284751910104 0.6137168281440158 0.4592869958447336 0.6078950084303967 0.45846830244750586 0.6037712194665832 0.4559212563227975 0.5975855360208627 0.45337421019808916 0.5888528064504341 0.45082716407338075 0.5838800021117178 0.45100909593943134
15 0.5548433379257832 0.6085140767011261 0.5558250354151449 0.597101843387298 0.5649057371917393 0.5915797950096392 0.5712867708725895 0.592131999847405 0.573495590223653 0.5878984294245333 0.572759317106632 0.5831126541638956 0.594111237500246 0.5709641477330463 0.6060188522532504 0.571351478366982 0.614325523317079 0.5747496619840028 0.61885643480644 0.5789973915052787 0.622820982359631 0.5845194398829376 0.6245200741681414 0.5934396718776173 0.6235761342745245 0.598678538287191 0.6213012379786375 0.6061510026860862 0.6192245702126803 0.6088412313828944 0.6118618390424685 0.6120978240158726 0.6039327439360868 0.6167703264892763 0.5941157690424709 0.621726010930765 0.5790127307446008 0.6180446453456591 0.5663639361701344 0.6142216887765107
15 0.5599634956020627 0.4864579629935322 0.5481255259310259 0.4930652018796923 0.5470243194499992 0.5002918694114299 0.5456478113487159 0.5044213937152798 0.5445466048676891 0.5071055845127824 0.5461984145892292 0.5163970141964449 0.5522550502348759 0.5211459671458725 0.577858100918746 0.5285791108928025 0.5844653398049061 0.529611491968765 0.6130967083115996 0.518874728778755 0.6141979147926262 0.5174293952724074 0.6099130743058538 0.5128522154887687 0.5854780192534869 0.5093749191928548 0.5805518464493138 0.5078732211653506 0.5617556502551855 0.49471588382946075 0.5631340379760882 0.48888906300928087
15 0.5741993877177436 0.44227641294071846 0.5822230495025391 0.4339495313791719 0.5942585421797325 0.4335296886113629 0.5974306875365121 0.43506911209332944 0.6006961312861383 0.43387955758453706 0.6027486959287605 0.43408947896844163 0.6052677525356148 0.4354189810665037 0.607133720392544 0.4365385617806613 0.6084398978923944 0.4380779852626277 0.6092795834280126 0.4397573563338641 0.6096527769993983 0.446124971645635 0.598830163429209 0.45123305865397867 0.5813833639669209 0.4473844999490622 0.581010170395535 0.4471046047705228 0.5881941466447126 0.4455651812885562 0.589500324144563 0.44339599365487603 0.5830627350381572 0.44094691084265647 0.5780246218244484 0.44262628191389275
27 0.5450566472477699 0.5031290989828188 0.54085137301928 0.510350493628129 0.5384405550295084 0.5030553192991238 0.5398241034341914 0.4975822132724892 0.5428764206587788 0.4872806426395064 0.5385159674807968 0.4836832687676711 0.5420043300231825 0.4768155550123492 0.5450566472477699 0.47387224911721126 0.5485450097901556 0.46863970530363264 0.5439665339532744 0.465859916402669 0.5393880581163931 0.4622625425308337 0.5398241034341914 0.4513069039211535 0.5437485112943753 0.4478730470434925 0.5481089644723575 0.44836359802601555 0.5487630324490548 0.4504893189502819 0.5476729191545593 0.4534326248454199 0.5487630324490548 0.4570299987172551 0.5522283110475831 0.45475723787977224 0.5581407692032668 0.45430843297075035 0.559416344824202 0.45622450654865654 0.5562323743737868 0.457571788129161 0.554781994303382 0.45808705473312067 0.5546293227170237 0.4605488840631498 0.5548583300965613 0.46140766173641573 0.5586154965324464 0.4620818106791374 0.5607797739193611 0.4627371708571818 0.5609137007673325 0.4638285001005808 0.5592094703077755 0.46484277242947963 0.5592094703077755 0.466331320396474 0.5589041271350588 0.46770536467369955 0.5573774112714748 0.4681061275878904 0.5556980238215324 0.468335134967428 0.5565377175465036 0.4710259716769948 0.5558506954078908 0.47302978624794867 0.5543239795443069 0.47480459343936504 0.556564268069534 0.47839641585403503 0.56076273669439 0.4788544306131103 0.56076273669439 0.4848086224810877 0.5531291573764702 0.48881625162299563 0.5486253455788974 0.49030479958999 0.5472513013016719 0.4936826584381695 0.5454192422653711 0.49975135399591575
27 0.7944168381476068 0.6381934689117534 0.7931917370054136 0.6339056149140776 0.7821658267256754 0.6339056149140776 0.7833909278678687 0.6305365867730465 0.7801239914886869 0.6274738339175636 0.7907415347210274 0.6161416483522772 0.7837992949152662 0.6121600696401496 0.7776737892043006 0.614916547210084 0.75643870273962 0.6155290977811806 0.7425542231280978 0.6195106764933084 0.739287286748916 0.6170604742089221 0.7335701480853483 0.6188981259222117 0.7290781105639735 0.6188981259222117 0.7249944400899964 0.6195106764933084 0.7180415170069245 0.6270702174473014 0.729001165176974 0.6316492120251535 0.7481462748182867 0.6342979286502863 0.7778862509601315 0.6342979286502864
27 0.579148922116571 0.6198848792590148 0.5782178145247436 0.6245404172181512 0.5829761967149301 0.628687702660447 0.5969602599596358 0.6282948050756202 0.6063264310016853 0.6256777866962236 0.610086670621349 0.628635362292859 0.6137596788731332 0.63015047819672 0.6225748986774152 0.6282221488645332 0.6304718664187511 0.6295995269589523 0.6699567051254308 0.6287731001023009 0.6723441604890905 0.6291863135306266 0.668303851412128 0.6242277523907179 0.6565502250064186 0.6161012216336456 0.6561829241812402 0.6133464654448074 0.6672019489365928 0.6126577763975979 0.6681202009995387 0.6119690873503884 0.6631616398596302 0.6064595749727122 0.6561829241812402 0.608112428686015 0.6508570622161532 0.6068727884010379 0.6497551597406179 0.6064595749727122 0.642776444062228 0.6039802944027578 0.6335939234327677 0.6010878004044777 0.6282680614676805 0.6006745869761521 0.6253296548662534 0.6027406541177807 0.6238604515655396 0.606597312782154 0.6220239474396475 0.6092143311615502 0.6194528416633985 0.609489806780434 0.6148615813486684 0.6127955142070398 0.5961292392645692 0.6221616852490894 0.582433385743479 0.6194269811934999
27 0.7328391356596058 0.5807965291381385 0.7428035738453357 0.5736628972551726 0.7431432706016675 0.5700111571246069 0.7392933740299081 0.5692468394228606 0.734877316197596 0.5706056264481874 0.7344243871891538 0.5670388105067045 0.7312538841300578 0.5656800234813776 0.7267245940456352 0.5697563845573581 0.7258187360287505 0.5737478214442556 0.7288760068357358 0.5747669117132507 0.7294421680962887 0.577909106709319
27 0.7739114230631171 0.5334867346482883 0.7655366879078833 0.5378351548250443 0.7616714255285448 0.5379962074241833 0.7587724787440409 0.5359025236353749 0.7643556355141967 0.5330841031504406 0.7703682658820568 0.5320372612560365
27 0.747333447434426 0.558071467109565 0.7430966924278347 0.5574835719200152 0.7415935348358696 0.5619125183963406 0.7392314300484961 0.5637646232864403 0.7357956412668619 0.560946202801506 0.7323598524852276 0.5534572569415376 0.7290314321030195 0.5504777838574642 0.7240333235501446 0.5534539701537999 0.7202984348108195 0.5509112294166464 0.7202984348108195 0.5477887810659903 0.7130138198621097 0.542155637306031 0.7127947006796075 0.5372254556997318 0.7088505553945681 0.5365680981522253 0.7099461513070792 0.5436346917879208 0.706222245312404 0.5449903867195409 0.7004699467312734 0.5430323537851541 0.7016659985018029 0.5461571017456018 0.7000548844537843 0.5498971879285022 0.6981368915394764 0.5513356826142329 0.7009113306046573 0.5553164884795492 0.6964615870434631 0.5556041874166953 0.6926256012148473 0.5588264155127324 0.6885708563442537 0.5573764716966504 0.6873319407713577 0.5599772112613172 0.6888575769460826 0.5616031832236812 0.691497042737145 0.5636353254008425 0.6912626912626914 0.5657902800759944 0.6863189720332579 0.5679046393332108 0.6862781148495435 0.5691609977324262 0.6806492520778236 0.5706412849269992 0.6809635381063951 0.5759448616591472 0.6779778208349636 0.5777834349262919 0.6773573573573575 0.5777477477477478 0.6767095665350059 0.5807866795694097 0.6784255682510077 0.58115132993406 0.6791119689374085 0.5805936293763595 0.6801701699956094 0.5805507293334594 0.6811139709394104 0.5812156799984101 0.6768811667066061 0.5824168811996113 0.673119844921122 0.5833515051201795 0.6772889453001351 0.5865408669101244 0.6772889453001351 0.5872913049783468 0.6728696988983813 0.5896676921943842 0.6524321393126058 0.5855341132309062 0.644158078560411 0.5871696833795959 0.6326128775108368 0.5835137030472306 0.63053552670974 0.5830522876991612 0.6243833220688104 0.5858993185702296 0.61783842351463 0.5766710116088353 0.6137964943574556 0.5741159987991111 0.6062893735761472 0.5712114580206287 0.5940158269019445 0.5705411793794404 0.5723285890892756 0.582963676862796 0.5731627136205322 0.5880131092930808 0.5720306874709697 0.5893983518182031 0.5689325106405886 0.5888621289052526 0.5636894421584049 0.5861363290977537 0.5644044060423391 0.5829636768627959 0.5585739973190992 0.5822280291701062 0.5491223133635597 0.5734380570274926 0.5479866227060025 0.5693351389246735 0.5512137239948713 0.5659839183554635 0.5467454299025913 0.5618879821042069 0.5491644893459742 0.558916718515633 0.5385256938881647 0.5543572347480002 0.5364992566581058 0.5488478585287775 0.5453649195396137 0.5467580951352792 0.540805435771981 0.5387789985419221 0.5370058659656205 0.5370691921290599 0.5385256938881647 0.5275702676131586 0.5456320596774178 0.5189832744394938 0.548345373850351 0.5209177988519358 0.5627573363991316 0.5248090287401065 0.5779263566510663 0.5289584931834412 0.5842026591716563 0.5301334906189697 0.5958339131696125 0.5411552132312412 0.5971027985784442 0.5455963121621518 0.5907583715342861 0.5478168616276069 0.5839909826871843 0.5443274267533201 0.5820150788430021 0.5488375065917106 0.5877713637351376 0.5537178350872167 0.5930271021149135 0.5561579993349698 0.6064120997236591 0.5621763016938791 0.6159224834584917 0.5561697435455639 0.6314394253416393 0.5591730226197216 0.637946530002314 0.5640533511152277 0.6452044544315282 0.5723123685691611 0.6467060939686071 0.576254172353993 0.6509607393236638 0.5747525328169142 0.6539640183978215 0.5717492537427565 0.6564667509596195 0.5696844993792732 0.6554656579349002 0.5657426955944413 0.6467060939686071 0.5616131868674746 0.6432022683820898 0.558609907793317 0.6484580067618657 0.5572959731983731 0.661972762595575 0.5619885967517443 0.663224128876474 0.5631148264045535 0.6762383381978238 0.5606746621568004 0.6779902509910823 0.5578590880247776 0.6682295940000701 0.5529787595292716 0.6579683904966981 0.5490369557444396 0.6412000823326516 0.5477230211494957 0.6189257625326492 0.5496000705708441 0.6096656520539965 0.5465967914966865 0.6151716636899521 0.5435935124225288 0.6341924311596172 0.5432181025382593 0.651961832348383 0.5347713801421909 0.6684786792760365 0.5412120695020145 0.6886100571322418 0.5441809558515514 0.6928913460157713 0.5330444665428783 0.6851397060330408 0.5278712584355477 0.6841993050808138 0.5202503421769735 0.6922469496970369 0.5168658718801691 0.6924011854821469 0.5124940867992258 0.6906342681534422 0.5091811168079041 0.6929312606807584 0.5069282972138054 0.6906342681534422 0.5045429588200537 0.6878072004275143 0.5024226580256078 0.6810929145784353 0.4995072444332447 0.6770290047224141 0.49857961283567465 0.672965094866393 0.4963267932415758 0.6715515610034289 0.4927487856509483 0.671198177537688 0.49023092845754385 0.6644838916886093 0.4857252892693463 0.6605966735654583 0.48333995087559467 0.6653673503529618 0.4794969056856614 0.6753230910270092 0.48471193024764536 0.681515746207268 0.4813944364010784 0.6735675627776115 0.47676841779549295 0.6685173842375732 0.4777153262717502 0.6687698931645751 0.4763896544049901 0.6685173842375732 0.4755374367763586 0.6701586922630856 0.47250732965233566 0.6753351252666249 0.47080289439507267 0.6798802859526593 0.4727914021952128 0.6832891564671852 0.47345423812859283 0.6805115582701642 0.4695719133759384 0.6864230212191232 0.46738789263358427 0.6943824535718925 0.47518331539256226 0.694021594819874 0.47856636619273707 0.6969986795240277 0.481002162768863 0.6981747904068896 0.48227366534064187 0.697240662764724 0.4839083887144317 0.694438279838227 0.483616473826255 0.6935819961662417 0.48519281422240945 0.688444294134331 0.48636047377511654 0.6851748473867513 0.4872946014172822 0.6872766345816241 0.48887094181343677 0.6931149323451592 0.487936814171271 0.6953724074803929 0.4899802183885084 0.7095400100532381 0.49990532458651815 0.707516066828546 0.5017735798708494 0.7165537455112194 0.5077567564946558 0.7205150413260247 0.5091201256629887 0.7257903811937997 0.5081651072386502 0.7308838127902719 0.5053000519656345 0.7354315195728364 0.499979235030034 0.739979226355401 0.49847849179178766 0.7424927010062099 0.5001833468518667 0.742718823404634 0.5016531424416241 0.7476935161699665 0.5087194673923802 0.7471460914599457 0.5129586608252873 0.7517816006276418 0.5190357002829374 0.7478244586552182 0.5266390659299512 0.750126514634404 0.5282873868998272 0.7477677677677679 0.5312012012012013 0.7517403577256413 0.5325367372734336 0.7516910192596176 0.533572845059934 0.7530724963082845 0.5348309759435413 0.7536152194345466 0.5362741260747381 0.7497174806186648 0.5389754070895424 0.7470532034533783 0.5396044725313461 0.7451783417444731 0.5393824494342389 0.744388926288092 0.5377542800554528 0.7439942185599012 0.5367551761184703 0.7382216180351142 0.5370512069146134 0.7350639562095896 0.5400115148760426 0.7369124240234332 0.5447009802207174 0.738494707190378 0.5423275554703003 0.7420908052970704 0.5423275554703003 0.7452553716309598 0.5437300337319104 0.7478445622677783 0.5438379166751113 0.7500022211317939 0.5438379166751113 0.7530229435414156 0.548261117346343 0.756187509875305 0.5553813915975943 0.7564751977238405 0.5579705822344129 0.75309321427042 0.5590778230326205 0.7507821132704684 0.5567515174208272
17 0.6882973373833824 0.543664021144327 0.6917745957677804 0.5337483610947615 0.6839060695599953 0.527519111180265 0.682376078352926 0.5196505849724797 0.6913374554229036 0.5160441771272448 0.6895888940433957 0.5107984929887214 0.690681744905588 0.5067003022554999 0.6852174905946262 0.5024381838929497 0.6749446924900178 0.5022742562636209 0.674070411800264 0.4991596313063724 0.6670761662822325 0.4957171510904665 0.6611747716263937 0.49620893397845306 0.6583333593846935 0.4976842826424128 0.657240508522501 0.5014546181169766 0.6537433857634855 0.5030938944102651 0.6436891578313155 0.502110328634292 0.6360392017959688 0.5048970983328825 0.6360392017959688 0.5076838680314731 0.6292635264503761 0.5116181311353657 0.6233621317945371 0.5163720323859026 0.6181164476560136 0.5173555981618757 0.6084993600687207 0.5263716177749629 0.5980079917916737 0.5299780256201978 0.5917285975469214 0.536349025380537 0.596259430412166 0.5406333215265735 0.5975708514467969 0.5439118741131507 0.5973522812743584 0.5457150780357681 0.5914508866185194 0.5486657753636875 0.5846752112729267 0.545879005665097 0.5833637902382959 0.5483379201050299 0.5907546854047168 0.5541998437932242 0.6061666184195001 0.5613234207742367 0.6159162210134788 0.555503504940076 0.6320329110157697 0.558637305773855 0.6458614289806984 0.5715455806368009 0.646955772129002 0.5753509102206752 0.6505372587961777 0.5737093954982198 0.6557105173154318 0.5697548373032131 0.655312574352412 0.5661733506360374 0.6457619432399434 0.5618457209132 0.6425783995357872 0.5587865343849873 0.6479506295365508 0.5566973338291347 0.6622765762052539 0.5610995778575383 0.6632714336128028 0.5625918639688615 0.6756076654664082 0.5605772777185751 0.6769009800962216 0.5585626914682887 0.6582971465750586 0.5496089748003493 0.644568114350885 0.5488628317446878 0.6322318824972794 0.5490866746613862 0.6188198280543001 0.5500221893000413 0.6091786318614901 0.5466722549020281 0.6152556550277386 0.5429417801294564 0.6340364231088719 0.5427984014629972 0.6516989250679803 0.5343108706766584 0.6687029809687899 0.5408260116603925
26 0.17677524534302402 0.5434434579452 0.19676881164317112 0.4491695327600024 0.1945114118519343 0.43060912630723264 0.19078402283787088 0.4248168713656786 0.1921181768437301 0.4199249733441947 0.19093226217185522 0.41614487032759356 0.19226641617771445 0.4116976903080627 0.18974634749998034 0.40391512527388396 0.19419352751951113 0.3873493797011317 0.2050149989003694 0.384569892188925 0.20833327937648083 0.3839113674552637 0.21164015682690118 0.3863060028503957 0.23148142152942314 0.38288509514306424 0.23648944424110827 0.38469503457801457 0.27553433506669045 0.39218263359049 0.3029946826493505 0.38956459197773635 0.311372415810162 0.3932298502355914 0.3150958527705227 0.3988150056761324 0.3157939972005903 0.40876356380459605 0.3171902860607256 0.4166176886428569 0.3192847193509285 0.4242972773736009 0.3188192897308834 0.4363402687922674 0.31765571568077067 0.4447180019530789 0.316957571250703 0.4578082100168469 0.31765571568077067 0.46496419042504017 0.3169382931007604 0.4717663320426642 0.3162340606259653 0.47579037392953727 0.3128992029160632 0.49191059524109604 0.3088740946862696 0.5104207969031076 0.3070733883729409 0.5208278201551397 0.30368382354785145 0.5367164052727462 0.3002791267369358 0.5478157168763313 0.2810993337785277 0.5486697284995745 0.25875695762959094 0.5494045753880921 0.2174466363238141 0.5506529642187611 0.20700556610367277 0.5508799440061555 0.1847615469390237 0.5491775956006976 0.1797226343352091 0.548900023980855 0.17886007246676988 0.5480426966637256
14 0.4219970630608031 0.5561121427427087 0.4261342891692424 0.5012938968058887 0.4201582959014968 0.4912956003771605 0.39027832956276887 0.4892269873229409 0.3870604870339827 0.4844002235297617 0.38062480197641063 0.48302114816028197 0.33925254089201823 0.48888221848057095 0.34247038342080427 0.5057758917566978 0.34614791773941694 0.5240486404023046 0.3466076095292436 0.5443900021021308 0.3558014453257752 0.5454243086292406 0.36545497291213347 0.5447347709445007 0.3732697333391853 0.5443900021021308 0.3755681922883182 0.5530092231613792 0.3898186377729423 0.5547330673732289 0.3911564936237167 0.5589035620272222 0.4128032272642715 0.5578359869545584
16 0.33773401312812956 0.2952732340209803 0.3396862328571938 0.21279195046801228 0.352659809247839 0.20107863209362628 0.457470156510742 0.20303085182269057 0.4582052504866646 0.2206544460192906 0.4602923481989375 0.2314461156525846 0.46390957686847734 0.24619762632055156 0.46345742328478484 0.2563710819536322 0.4623270393255537 0.2835002969751806 0.4625531161173999 0.30011694117587895 0.45916196423970634 0.30740791771292014 0.4485363550229333 0.31130774237226766 0.44220620485123857 0.31198597274780643 0.43813682259800635 0.30825570568234345 0.422537523960616 0.3043558810229959 0.4026427662781472 0.3021516323024951 0.386139160473372 0.3004560563636483 0.3621750205376709 0.29943871080034024 0.3495147201942816 0.300625613957533 0.34069772531227843 0.3014734019269564 0.33730657343458487 0.2987604804248015
11 0.2096490657830422 0.3827943414291524 0.20046213897088566 0.36504507271463477 0.20456114329978425 0.3396824834295745 0.22198191169760328 0.3216212456053651 0.24811306429433194 0.3116299225536748 0.27873229436510516 0.3062724796998927 0.33304410172301174 0.3028139447973845 0.33621489294979623 0.3012294280211332 0.34495343535600265 0.3021032822617538 0.36158930998258887 0.30016065135660036 0.3941805575776318 0.30254020938206416 0.4210754305812436 0.3050638399395437 0.43729070011491655 0.30865718906640865 0.440203547583652 0.3112787517882705 0.4346970045071851 0.3202021054304371 0.43699439187549577 0.32968430835261064 0.4301291106771601 0.33261190584563155 0.42754521550263946 0.34057358427074713 0.4279695882149631 0.34426674937169954 0.4247654559993541 0.3488544841349579 0.42563931023997476 0.3543160731388369 0.4325578491072153 0.358061775094306 0.42935371689160623 0.36636339038020205 0.42993628638535336 0.3707326615833052 0.43459684233533014 0.37248037006454654 0.43139271011972113 0.3858066472340112 0.4278972931572385 0.38515125655354576 0.42323673720726185 0.39454518964021756 0.42673215416974436 0.4004437057644069 0.4249844456885031 0.40699761256906164 0.43081014062597406 0.4155176914151129 0.42964500163847985 0.41923157193775057 0.4258582999291237 0.4203238897385264 0.4258582999291237 0.4275331872236466 0.42090645923227343 0.42993628638535325 0.4246931609416295 0.4395486830321804 0.41158534733232005 0.44085946439311136 0.3935256930261602 0.44195178219388714 0.36993162852940303 0.4415148550735768 0.35478482169197856 0.44173331863373194 0.3396380148545542 0.4421702457540423 0.33089947244834794 0.44173331863373205 0.3198306520671532 0.44217024575404223 0.32157836054839434 0.43124706774628435 0.32070450630777375 0.419886962618216 0.3169178045984176 0.407653003249527 0.31662651985154405 0.39804060660270013 0.3122572486484409 0.3921420904785108 0.3023535672547404 0.3879912828355628 0.27555537054237417 0.3912682362378902 0.23623192971444554 0.38405893875277 0.23138057487039235 0.3819450897756331 0.21390683502262317 0.385297563816119
