29 0.20180131854911626 0.6101429298598524 0.2104894379387064 0.6054039556473487 0.2049606346907854 0.5956298213340597 0.1919284556064002 0.600072609658282
29 0.24800631712102736 0.5938527060043709 0.253930034886657 0.591483218898119 0.24919106067415334 0.5849671293559264 0.24050294128456318 0.5796357833668597 0.2345792235189336 0.5846709434676451
29 0.24682741549863682 0.6146645842490016 0.24636633845542705 0.6111904305524358 0.238181358010341 0.6076542673665997 0.23420884511031337 0.6095821045092601 0.2288342688338052 0.60905633074308 0.22345969255729703 0.60905633074308 0.22159027472198983 0.6108089099636805 0.2250954331631908 0.6174687110019623 0.22976897775145877 0.6172934530799022 0.23841503523975452 0.6171181951578422
29 0.26316085647372994 0.6115698512008504 0.24807454577036303 0.6032862859953015 0.25241585032134434 0.602123436562003 0.2669902298853532 0.597239468942149 0.27424523885463814 0.5996209549413222 0.2876539108210608 0.6060782890725205 0.31277752776867374 0.6052314255799044 0.31348063618341837 0.608047987698409 0.3126337726908023 0.6141877480198762 0.3182795293082434 0.6158814750051086 0.3280184594733293 0.6235032464386541 0.3305590499511778 0.6255145472336175 0.3426974266786763 0.6266789845359647 0.34989576636591374 0.6260438369165026 0.3479197515498093 0.6207509400876515 0.35667067430684296 0.6213860877071137 0.3554003790679188 0.6365237726376277 0.3549769473216107 0.6388526472423223 0.3486254711269895 0.6343007559695103 0.3469317441417571 0.6347241877158184 0.346649456310885 0.6417108115299017 0.3439677219176005 0.6456275551832517 0.34410886583303657 0.6474271401050609 0.3541300838289946 0.647532998041638 0.3532832203363784 0.6550489115386064 0.35427122774443054 0.6669050004352328 0.3515894933511461 0.6725154710738149 0.3408625557780079 0.6767497885368957 0.34058026794713586 0.6789728052050132 0.34453229757934467 0.682571975048632 0.3501780541967857 0.688182445687214 0.3483431832961174 0.6919933314039867 0.3460848806491409 0.6945339218818353 0.3374751018075432 0.697603802042569 0.3212435515324 0.7048021417298063 0.3191263928008596 0.7052255734761144 0.3157389388303949 0.703002556807997 0.31136347745187803 0.7040611361737672 0.30585886474987295 0.7074485901442319 0.3017656912022281 0.7093540330026182 0.2948496393458627 0.7014146877593417 0.28976845839016574 0.7037435623640361 0.28172325521031216 0.7059665790321533 0.2757952107619989 0.7068134425247697 0.26831458324388946 0.7025791250616887 0.2616808192183961 0.6973920861694148 0.2529298964613624 0.698450665535185 0.2475664276747933 0.6953807853744515 0.23853321708688754 0.6849008496533263 0.23175830914595819 0.6769615044100497 0.23175830914595819 0.6751619194882403 0.235992626609039 0.6745267718687784 0.23825092925601546 0.6715627496446217 0.23316974830031845 0.6712451758348906 0.22851199909092956 0.6656347051963084 0.22794742342918548 0.6604476663040344 0.22921771866810967 0.6562133488409536 0.23359318004662658 0.6530376107436431 0.24276753454996838 0.652296605187604 0.2448846932815088 0.6524024631241808 0.25165960122243813 0.6508145940755256 0.2550470551929028 0.6510263099486796 0.25561163085464694 0.6485915774074081 0.2509367927597295 0.6466151610667378 0.2449621072178312 0.6475788200251086 0.23641766445361106 0.64357963534787 0.2359679569397047 0.6368822055871937 0.23661039624528515 0.63240119143077 0.24027230028709382 0.631052068889051 0.24348449681499618 0.6306666053057027 0.2518014636210159 0.6327119222785711 0.2584179329181829 0.6201833724942843
20 0.47714398789988605 0.8311900142035193 0.4418051020275787 0.8094209250176978 0.4188835938730828 0.765086879135453 0.39768026234969833 0.7272742712520843 0.3967378920597701 0.7219734383712384 0.40239211379933937 0.7074844951635924 0.4254801859025801 0.7046573842938078 0.444327591701144 0.7046573842938078 0.4575207757601387 0.7081912728810386 0.4697715895292053 0.7035972177176386 0.4942732170673383 0.7028904400001924 0.5201884000403637 0.6990031625542386 0.5418629167087121 0.6937023296733923 0.5517578047529581 0.6894616633687156 0.5800289134508041 0.681333719618085 0.5965203935245474 0.6767396644546849 0.6115983181633986 0.6802735530419157 0.6224355764975728 0.6827472750529773 0.6280897982371421 0.6823938861942541 0.6516490554853468 0.6982963848367923 0.6436389080209572 0.7028904400001924 0.6262050576572856 0.705717550869977 0.647879574325634 0.7431767698946227 0.6700252761389467 0.7760419337558685 0.6785520758628806 0.78693361322365 0.6685240034877183 0.7912035543450254 0.6337515263399673 0.7863987848416497 0.6253872929974091 0.7859162329180404 0.5979354502320908 0.792671959848568 0.5655048971438215 0.7994966227681828 0.5195475710858107 0.8031732088528234 0.4972582679476756 0.8180404038325898
12 0.5757750778088429 0.47103028128781443 0.5717766397685037 0.4706018772120639 0.5680638044453316 0.46824565479543545 0.5612093392333215 0.46910246294693664 0.5475004088093015 0.4663178364545576 0.5406459435972915 0.4601059773561735 0.5366475055569523 0.451537895841161 0.5335058756681144 0.4442550265534003 0.5377899164256206 0.4367579552277644 0.5326490675166131 0.4341875307732606 0.5280794240419397 0.42154961053861706 0.5306498484964435 0.40120041694046227 0.5352194919711168 0.3913471231981978 0.5392179300114561 0.38342164779681126 0.5486428196779698 0.37785239481205307 0.556068490324314 0.37206893978941963 0.5663501881423292 0.3660712827289109 0.5786311049805137 0.36221564604715517 0.5883415973641947 0.36307245419865647 0.5946248571418705 0.3626440501229059 0.5949104598590376 0.3656428786531602 0.6006225142023792 0.3645718684637837 0.6037641440912173 0.3679991010697886 0.6094761984345588 0.36692809088041206 0.616901869080903 0.3660712827289109 0.6260411560302498 0.3699269194106666 0.6377508674341004 0.375067768319674 0.6488893734036165 0.3847068600240632 0.6508885924237862 0.38984770893307075 0.653173414161123 0.39070451708457193 0.6585998657872975 0.38620627428919035 0.6780208505546592 0.37378255609242217 0.6908729728271781 0.3742109601681728 0.7062955195542007 0.3746393642439234 0.7114363684632081 0.3748535662817987 0.7237172853013928 0.3787092029635543 0.7302861477962357 0.3838500518725619 0.731714161382071 0.38492106206193843 0.742511278317594 0.37941419328784803 0.7482791189777622 0.3780665968499284 0.7507283144579238 0.37861167123213774 0.7541689071422953 0.3811474616670831 0.693101965052658 0.4171692099019086 0.685263097917247 0.42036752892113954 0.694939962475387 0.4304886941958748 0.7020815598283537 0.43153563065418865 0.7058995203181699 0.42875795794477317 0.6932234762274692 0.4173020301800436 0.7542332895792329 0.38130275099457017 0.7679857064622911 0.39070451708457193 0.7625592548361163 0.40248562916771424 0.7562759950584405 0.4138383371751057 0.7608456385331138 0.414052539212981 0.7702705281996276 0.4164087616296095 0.781694636886311 0.4200501962734899 0.7911195265528248 0.43097450020513084 0.7988307999163361 0.4397567837580187 0.8073988814313486 0.450895289727535 0.8042572515425107 0.4551793304850413 0.7988307999163361 0.4588207651289216 0.7954035673103311 0.46439001811367975 0.7956891700274982 0.4706018772120639 0.7896915129669894 0.4765995342725726 0.7791242124318072 0.48452500967395923 0.7668432955936225 0.49309309118897177 0.7617024466846151 0.4894516565450914 0.7551335841897721 0.4808835750300789 0.7497071325635974 0.4748859179695701 0.7437094755030887 0.47916995872707635 0.7357125994224103 0.48559601986333584 0.7197188472610536 0.4866670300527123 0.693728999998849 0.4875238382042136 0.6777352478374923 0.4825971913330814 0.6566006467671278 0.46696044256818353 0.6511741951409533 0.45924916920467224 0.6465309534173456 0.4503840876217332 0.641898904293224 0.45143769465806083 0.636894059282599 0.45646454271229314 0.6308220462989972 0.45839390938755786 0.6197394966903403 0.45867736319010916 0.616330663646569 0.45530713101149173 0.6131842291158993 0.4567633445209065 0.6113602154394954 0.4587775643732092 0.6051921576770526 0.4631048058864279 0.6001599206540266 0.46439908331594265 0.5991945006165439 0.46781725071968483 0.5909120218186984 0.469959271098438 0.586056775626858 0.46867405887118607 0.5794879131320151 0.46867405887118607
27 0.6951630025247453 0.4304151813431385 0.702019608949944 0.4313567338913568 0.7055154723715471 0.42878780395275456 0.692993127767274 0.41741138930216565 0.6856129716550009 0.4204040602615683
17 0.776218897666964 0.5657047935998077 0.7850066735797973 0.5636768453122308 0.7934564581113679 0.5641838323841251 0.8019062426429384 0.5555650521619231 0.806638121980618 0.5470730187076948 0.8117079926995604 0.5350320757502066 0.8127002762464557 0.5286607692177115 0.8143902331527699 0.5252386064824255 0.8147282245340327 0.5173803068680649 0.8169251685122412 0.5156058521164351 0.8186151254185552 0.507620805734101 0.8167561728216096 0.5029311753190793 0.822671021993709 0.4839191601230455 0.8208120693967635 0.4831586795152041 0.814897220224664 0.4912704726655119 0.8088133753619333 0.48949601791388203 0.8125312805558244 0.480623744155733 0.8170941642028725 0.47428640575705505 0.8208120693967635 0.47542712666881703 0.8209810650873949 0.4721317107015046 0.8223330306124462 0.4697235221100069 0.8209810650873949 0.46668159967864153 0.8199670909436064 0.46085124835185787 0.8165871771309782 0.45856980652833385 0.8170941642028725 0.4552743905610213 0.8089823710525647 0.4545139099531799 0.7995186123772057 0.4589500468322545 0.7968146813271031 0.4637664240152497 0.7971526727083659 0.4709909897897425 0.7913781294390477 0.47633827897032466 0.7973216683989973 0.4792295297080238 0.8015465606647826 0.4842994004269661 0.8037435046429909 0.48962276468185556 0.8013775649741511 0.4938054080249831 0.7985046382334172 0.4945658886328244 0.794279745967632 0.4875948163942787 0.7892098752486896 0.48227145213938927 0.7870129312704812 0.48290518597925697 0.7846469916016414 0.49101697912956477 0.7817740648609076 0.5063533380543653 0.7728172932574426 0.5009032270315023 0.7669024440853434 0.4950728757047186 0.7613029330260085 0.4903135547591043 0.756211485934184 0.4829876838755712 0.7495193488905187 0.4756609476294893 0.7361350748031877 0.4859299165413205 0.6932826029744932 0.4881860097256303 0.6772767055073795 0.4830619330779589 0.6559645060572392 0.46720398615367 0.6504888773475966 0.45936644431688395 0.6460808442962866 0.45087338063612753 0.6428888203625795 0.45201338918388 0.6391647924399214 0.45617442038317685 0.631336733745354 0.4589674413251706 0.6200126488376788 0.4592524434621087 0.6159086180657697 0.4560604195284016 0.6121845901431113 0.45942344474427155 0.6063091445033181 0.46323767162061036 0.600806733309936 0.4648808567706784 0.6001550619940471 0.4677726482349355 0.59111429703517 0.47042424802969807 0.5859649318414568 0.46914978014425396 0.5797341999570639 0.46911115990530106 0.5759050032648886 0.471514497375337 0.5733818143199692 0.4716303580921955 0.571785511109918 0.474333774818895 0.5718884984137923 0.47761649512988713 0.5636495141038512 0.47676684987292445 0.5583640585443039 0.4770978804925205 0.5560836253870881 0.47676684987292456 0.5547595029087047 0.47571858624420427 0.5453177740142321 0.4754703132795074 0.5404626582601596 0.47795304292647633 0.5372259144241113 0.481539207972098 0.5345041071074342 0.48391159407920165 0.5314880503511165 0.48617363664643987 0.5296489913533616 0.49615972700424815 0.531708737430847 0.4974286777126988 0.5342834200277037 0.4985872848812843 0.5382557874628539 0.4984217695714863 0.542228154898004 0.5011803580681184 0.5439200891759384 0.5037734312549527 0.5453913363741422 0.506476847981652 0.5489958920097415 0.5087940623188231 0.5520855111259695 0.5108905895762634 0.5543385551114027 0.5120446263023692 0.5570917360881777 0.5141998912793692 0.5624490313023927 0.5156815182370504 0.5691121672250726 0.5161586523420665 0.5730197322784585 0.5155713315210695 0.5750697176920612 0.514107056225639 0.5827815675813283 0.515644545285841 0.5820982391101275 0.5193052335244172 0.5795601619313813 0.524869479647053 0.5797553986374386 0.5291158780038013 0.5751366371108325 0.5321941446579531 0.5688793727185917 0.5339991247710995 0.5576884960170839 0.5260572122732552 0.551431231624843 0.5225375010526198 0.5447429981475866 0.5221807467332563 0.5358384295893976 0.5245272208803466 0.5309048172801308 0.5260614539765212 0.5288591731518981 0.5273249400557235 0.5288591731518981 0.5307544022707018 0.5364400896271131 0.530844651276359 0.5425770220118109 0.5318373903385897 0.549074950419138 0.5351766035479105 0.5576185229546976 0.5442917531192999 0.5568965309094391 0.5497969424643964 0.5534069026906894 0.5507896815266269 0.5481122943587933 0.5475407173229634 0.5418550299665523 0.5391475597968325 0.5394483898156904 0.5375230776950009 0.5298218292122429 0.5353571015592251 0.5276558530764673 0.5355375995705398 0.5278965170915534 0.5409525399099789 0.5292201691745275 0.5536776497076612 0.5328301294008203 0.5603560761263029 0.5377637417100871 0.5673052495619166 0.5439006740947849 0.5765106481389632 0.5505189345096551 0.576691146150278 0.5555728788264651 0.5767813951559353 0.5593031710603009 0.5763301501276487 0.56315379530168 0.5746154190201596 0.5713363718146104 0.5749764150427888 0.5714567038221534 0.57190794885044 0.5731413519277568 0.5622513052451067 0.5745853360182739 0.5601755781149883 0.5796392803350838 0.562070807233792 0.5910708210516779 0.5613488151885334 0.5992533975646082 0.5608073211545895 0.6079173021077109 0.5604463251319602 0.6120085903641761 0.557558356950926 0.6135729064622364 0.5546703887698917 0.6185065187715032 0.5536776497076612 0.6242824551335716 0.5545801397642344 0.6302990555107264 0.5537678987133184 0.6333073556993037 0.5512409265549135 0.6334276877068469 0.5473602193116487 0.6358343278577088 0.5438405080910133 0.6353306884454711 0.5393283771953339 0.6349173308082262 0.5363315343253081 0.6336772578964913 0.5320946185435476 0.6309215403148584 0.528787757445588 0.6266501780633273 0.5248608598917611 0.6329883285010831 0.5205206047006892 0.6394642648179204 0.5183504771051533 0.6445623423439415 0.5159736706909949 0.6537939962424117 0.5166970465561735 0.6582031443730244 0.5178337800585971 0.6623367207454737 0.5212439805658678 0.6693638005786378 0.5234141081614038 0.6779065250816997 0.5257909145755623 0.698748531955973 0.5263382727655405 0.7019282060886263 0.5258840336037328 0.7014739669268188 0.5211145224047528 0.7055621193830874 0.5170263699484842 0.7149497287271116 0.5171399297389361 0.7184322289676368 0.5136195762349269 0.7292995210556309 0.5151200722434799 0.7259896085316739 0.5116990254592172 0.7199416941036111 0.509800261627151 0.7084084619384677 0.5073740633972884 0.6964532822550873 0.5042094570105112 0.6856232959536723 0.5019942325397674 0.6732461687520552 0.4976692704778386 0.6593633218316092 0.49568284704885845 0.648955283048431 0.49388957009635137 0.6510650206396157 0.48988106867310033 0.6530341090580549 0.48798230484103405 0.6533154074035462 0.48566159349073085 0.65415930244002 0.4841847771769016 0.6576755317586614 0.48460672469513844 0.6613324102500484 0.4873493835636787 0.6630202003229961 0.48682194916588245 0.6659738329506547 0.4880877917205934 0.669490062269296 0.48924814739574496 0.6742721341426481 0.49030301619133726 0.6762412225610872 0.4922017800234036 0.6786322584977633 0.49336213569855525 0.6817265402981676 0.4952608995306215 0.6836956287166067 0.4974761240013655 0.6860866646532828 0.4971596633626878 0.692837824945074 0.4990584271947541 0.698041844336663 0.5000078091107872 0.7071840405651302 0.4990584271947541 0.7118254632657367 0.4984255059173986 0.7195611677667476 0.5007462172677019 0.7216709053579323 0.5036998498953605 0.7233586954308803 0.5076028644390523 0.7271562230950127 0.5100290626689148 0.7319382949683648 0.5129826952965735 0.7347512784232778 0.5164637623220283 0.7396739994693755 0.5201558031066016 0.745159317206456 0.5255356339641227 0.7510665824617733 0.5317593598581177 0.7573957952353275 0.5369282169565205 0.7637250080088818 0.5415696396571269 0.7648502013908469 0.5436793772483117 0.760590063856259 0.5461960643346543 0.7553720393853203 0.5427232714047749 0.7476636604344378 0.54429107729309 0.7400859319742484 0.5477206526737791 0.7325082035140589 0.5493864464301139 0.7297645432095077 0.5513462037905077 0.7285886887932713 0.5535019368869409 0.7308097471350511 0.556049621455453 0.7377342231417758 0.554089864095059 0.7428295922787997 0.5529140096788228 0.743874796204343 0.5539918762270393 0.7443973981671148 0.5556576699833742 0.7417843883532563 0.5586952938919846 0.73747292216039 0.5629087722168312 0.7359051162720749 0.564574565973166 0.7386487765766262 0.5668282869376189 0.7462265050368156 0.5660443839934614 0.7526283790807689 0.5663383475975204 0.7587689521433362 0.5679061534858354 0.7620352144106591 0.5687880442980127 0.7633417193175884 0.566142371861481 0.7666079815849113 0.5656524325213826 0.7710500982684707 0.5664363354655401
27 0.5269575545532886 0.5001237750223332 0.5261793451317426 0.5042823316187205 0.5262766213094358 0.5094622880808873 0.5261793451317426 0.5143504160099742 0.5258875165986626 0.5185089726063615 0.5259847927763559 0.5228864006025588 0.5259847927763559 0.5266072143993265 0.5269575545532886 0.5279933999314556 0.5284166972186878 0.5271908714654862 0.5301676684171667 0.5255858145335471 0.5436890571165316 0.5218650007367794 0.5517629798650732 0.5219379578700494 0.559727126447088 0.5266045879425287 0.5688710871502556 0.5333896013366345 0.5753885910557048 0.5317115872714255 0.5791823619857425 0.5290851304737072 0.5785987049195828 0.5247806596107798 0.5814197140726878 0.5193088746155333 0.5822951996719271 0.5160258036183853 0.5753885910557048 0.5144937038197164 0.5736376198572259 0.5158798893518455 0.5700384012825749 0.5164635464180051 0.5617699261786467 0.5163905892847351 0.5556415269839705 0.5143477895531764 0.5528205178308657 0.511867247021998 0.5445520427269375 0.506979119092911 0.5419255859292191 0.5013614198311246 0.5384610574467587 0.4988584289512476 0.5344203546810381 0.4989706706947398 0.5339713877070692 0.49970024202743946
27 0.5534729826186887 0.5505758866927248 0.5567002831249283 0.549734358148483 0.557286063117253 0.5448301907944677 0.5491436558622291 0.5355955093954772 0.54276095190196 0.5322602254724627 0.5367037952854179 0.5312176001532218 0.5288592809787486 0.5311431269161332 0.5288592809787487 0.534866788770565 0.5300508527721667 0.5350902084818308 0.5393848318206088 0.5368775661719579 0.5419665707063479 0.5387393970991737 0.5481677977439408 0.5473225804350874
27 0.8147871360186001 0.4907258708570123 0.8093102865250965 0.48945363831511907 0.8126136271601871 0.4812845662040165 0.8170857700635017 0.4750784149858401 0.8215497438947054 0.47621672831279693 0.822353259184322 0.4780246377144345 0.822353259184322 0.4813726180878371 0.8221747002310739 0.4831135678820065 0.8206569491284647 0.4828457294521343
27 0.798694197878943 0.4941619031142354 0.801015464271169 0.4936931858619591 0.8034260101400189 0.4896086498064078 0.8014618616542893 0.4846536388537718 0.7972657262529579 0.4796986279011358 0.7910161628892729 0.47681936478000947 0.7891412938801675 0.4788951126115192 0.7892391883995973 0.482055593892913 0.7945605012194565 0.4873993789706571
27 0.5627102475363565 0.6227278058805965 0.5647323646167426 0.6207056888002104 0.5606881304559703 0.6185150619631252 0.5609128101315688 0.6147235924374012 0.5729331727760866 0.6156503960992449 0.5731578524516852 0.6133755143838104 0.5766403874234612 0.6112691424250748 0.5730455126138859 0.6085729863178932 0.5685519191019166 0.6086572411962426 0.5631596068875534 0.6062981046024587 0.5547341190526109 0.6098368094931346 0.5520379629454294 0.6101738290065323 0.5486677678114524 0.6074776728993506 0.5494541466760471 0.6050342814272173 0.5458592718664717 0.601411321658192 0.5466456507310663 0.5979568716458656 0.5515886035942323 0.5885203252707301 0.5495664865138462 0.586919482582091 0.5468703304066647 0.5874250118521877 0.5437248149482861 0.5861611886769462 0.5429384360836914 0.5843918362316082 0.5404669596521083 0.5839705618398612 0.5396805807875138 0.5811058959759807 0.5429384360836914 0.5783254849904498 0.5443988539750815 0.5768931520585096 0.5557830752272425 0.5770786420007683 0.5599286162351965 0.576607073101792 0.5631567768566268 0.5748665745819165 0.5718580170917624 0.5752495108062665 0.5720185611729225 0.5715168609192973 0.5737042740251019 0.562666868445355 0.5745872664714817 0.5605597273801304 0.5795641329874404 0.562426052323615 0.6085423396368124 0.5608005435018705 0.6123953975846513 0.5579709540714262 0.6135994781933509 0.5551413646409821 0.6184158006281496 0.5539974880627173 0.6241953875499079 0.555081160610547 0.6305368787557262 0.5538770800018472 0.6339083044600852 0.5515893268453179 0.6340688485412452 0.547555656806174 0.6367980979209644 0.5434015787061601 0.636029295962924 0.5390725660002804 0.6344985458398696 0.5319140580718789 0.6313470014688752 0.5279971386393573 0.6276551923485675 0.5248230832371414 0.6340483252154419 0.5207035645236274 0.6409817228316296 0.5186775717137024 0.6444033995772805 0.516448979622785 0.6528675473165226 0.5170567774657624 0.6576822881640861 0.5183840269661341 0.6613740972843938 0.5214905492746856 0.6790227457619623 0.5266905974868263 0.6987424091118986 0.526960729861483 0.7029744829815197 0.5260152665501847 0.7019839976077786 0.5214905492746856 0.7054957184783152 0.5175060967484998 0.7150403957161839 0.5175736298421639 0.7183720283369495 0.5141294420652915 0.7334093971928368 0.5158853025005599 0.7375514269375724 0.5191268909964398 0.7437644715546756 0.5245970715832372 0.7446140784903001 0.5268427514907296 0.7476380921621625 0.5303654057148671 0.7482814993263885 0.5341293376255896 0.7512422049503269 0.5350573977703766 0.7560034179655996 0.540896317785728 0.7579336394582776 0.5438881610993791 0.7558747365327543 0.5426335171291382 0.7486685762934226 0.5435503723381604 0.7407434569855841 0.5470111455421977 0.7320443648118774 0.5491810485793752 0.7292858986964909 0.5512498981659151 0.7281693766974058 0.5535650393699002 0.7305994539895321 0.5562249888383087 0.7425528071562073 0.5532202311054768 0.7434722958613361 0.5540576226047907 0.7440633957432046 0.5556338889564401 0.7394659522175604 0.5604612046583667 0.7353282530444804 0.5645989038314465 0.7388091745710398 0.567160336652877 0.7458366953888104 0.5663229451535632 0.7525358273833207 0.5665199784475193 0.7624531698457819 0.5690814112689497 0.7633726585509107 0.5665692367710083 0.7665908690188616 0.5659781368891398 0.7714510236031145 0.5669140450354316 0.7849206209161345 0.5639058706240994 0.7936495671424236 0.5645042258089661 0.8023758661917415 0.555751290065139 0.8080548530963696 0.5530296000345755 0.8105450067268672 0.5528859373251236 0.8130351603573643 0.553245094098753 0.8138013614744405 0.5517366356495095 0.8161957399653033 0.5515929729400577 0.818781668735435 0.5533887568082048 0.8198351952714147 0.555112709321626 0.8179196924787244 0.5576986380917578 0.8163872902445722 0.5610747117638744 0.8131309354969987 0.5638761345981838 0.8074802022585627 0.5678268591081074 0.8050858237676999 0.568688835364818 0.8018294690201266 0.5685451726553662 0.7994350905292639 0.5704846192329651 0.7979984634347461 0.5719212463274826 0.7992435402499948 0.5727113912294675 0.8049900486280654 0.5704127878782391 0.8076717525378317 0.569263486202625 0.8106407818665017 0.5696944743309803 0.8126520597988264 0.5722085717463863 0.8144717874518821 0.5746508378070663 0.81485488801042 0.5767339470941168 0.8143760123122477 0.577883248769731 0.80997035588906 0.5804691775398628 0.8092041547719839 0.5818339732796546 0.8092041547719837 0.5842762393403347 0.8108323321457704 0.5867903367557404 0.80997035588906 0.5887297833333394 0.8087252790738113 0.5900227477184052 0.8083421785152735 0.5915312061676488 0.8060435751640452 0.5941889662925065 0.805852024884776 0.5967748950626383 0.8046069480695273 0.5984988475760595 0.8010632679030505 0.5978523653835265 0.8000097413670708 0.5984270162213335 0.8003928419256089 0.6013002704103689 0.7983815639932843 0.6034552110521455 0.7983815639932843 0.6052509949202926 0.796849161759132 0.6064002965959067 0.7952209843853453 0.6078369236904243 0.7941674578493657 0.6097763702680231 0.7867927720975083 0.6139425888421244 0.7901449019847161 0.615451047291368 0.7957956352231524 0.6169595057406115 0.7978069131554771 0.6179651447067739 0.7992435402499948 0.6193299404465656 0.7989562148310912 0.621628543797794 0.7960829606420561 0.622131363280875 0.7924435053359444 0.6227060141186822 0.788229399192026 0.6224186886997787 0.7884209494712952 0.624070809858474 0.7862181212597013 0.6262257505002504 0.7827702162328589 0.6266567386286057 0.780184287462727 0.6262975818549763 0.775682855899905 0.6239989785037481 0.775108205062098 0.6249327861151844 0.775682855899905 0.6271595581116869 0.7776941338322299 0.6288116792703822 0.7769279327151537 0.6319722588783211 0.7730969271297734 0.6316131021046916 0.7682123950084133 0.631325776685788 0.7542292246217746 0.6316849334594175 0.7376669665464064 0.6295710393060557 0.7009372004965716 0.6289348187356265 0.6818743177477434 0.6276343151996275 0.6573022702613384 0.62700605262185 0.6363601843354248 0.6242835814514813 0.6056451249774183 0.6215611102811126 0.598385201856435 0.6238647397329631 0.5958721515453254 0.6251212648885178 0.5863784059255779 0.6238647397329631 0.576605432493485 0.6228176354366673
24 0.43107131952625055 0.3322449253117171 0.4040901452327589 0.30730302581947766 0.39405063851890154 0.30306760892456913 0.3714617484127224 0.24424237427306117 0.36645684639708653 0.2333517000613666 0.35791732515379077 0.2236055073380398 0.3426947003287851 0.19770848095891438 0.3304423437623171 0.1729253051767406 0.3174474201312148 0.14507904025294988 0.3144771518726771 0.12948513189562705 0.31521971893731154 0.11695431267992121 0.38910514186843637 0.11834662592611074 0.5197969452440943 0.12029586447077609 0.6111326941941281 0.12057432712001398 0.6133603953880312 0.12642204275401006 0.6133603953880312 0.1353328475296231 0.6129891118557141 0.1450790402529499 0.6096475600648592 0.15593908357322828 0.6066772918063215 0.1640145004011276 0.5988803376276601 0.17738070756454716 0.5947962187721708 0.19353154122034583 0.5914546669813159 0.2066192857345274 0.5840289963349717 0.22499782058422935 0.577345892753262 0.2325163121136528 0.5714053562361865 0.25395793610497175 0.5621232679282563 0.2879303793119965 0.5610094173313046 0.29349963229675463 0.5405888230538581 0.3246874490114003 0.485638860270911 0.34139520796567474
13 0.245678313334298 0.507164023057001 0.22106221514166693 0.494131971072667 0.19741145413306063 0.48435793208441646 0.19403277398897406 0.4792899118682865 0.18293139637268946 0.47096387865607314 0.17520869890049148 0.4622758439998505 0.18148339059665236 0.45394981078763696 0.1930674368049493 0.444899774687405 0.2070648259733081 0.4387457501392472 0.2200968779576422 0.43005771548302446 0.23216359275795148 0.42354168949085746 0.24664365051832274 0.41811166783071824 0.2577450281346073 0.4065276216224213 0.26160637687070626 0.40435561295836564 0.26450238842278057 0.4007355985182727 0.2756037660390651 0.39313356819407796 0.28429180069528787 0.38770354653393874 0.28815314943138687 0.38372153064983666 0.3089078988879189 0.37358549021757687 0.3171132649521292 0.3804635176537531 0.33062798552847567 0.39204756386205014 0.3480040548409211 0.4090616317304862 0.3658627927453789 0.4257136981549131 0.37841217613770056 0.43729774436321006 0.3813081876897748 0.4405557573592936 0.37696417036166346 0.4441757717993864 0.37068947866550267 0.44308976746735856 0.35910543245720566 0.4485197891274978 0.3518654035770201 0.45394981078763696 0.342694700328785 0.45575981800768334 0.33593734004061176 0.45575981800768334 0.3258012996083519 0.4601038353357947 0.3185612707281663 0.46517185555192464 0.3118039104399931 0.4731358873201288 0.30070253282370857 0.47965191331229584 0.29491050971956007 0.4905119566325741 0.2731904230790033 0.499199991288797 0.25967570250265676 0.49956199273280627
