16 0.6599666189574738 0.3258910256156192 0.6467282551091716 0.3272355141955409 0.6464452379840455 0.3240144406822356 0.6461514323452274 0.3073065731376672 0.6462337698721883 0.29158390717380933 0.6452723985989479 0.2773075437661896 0.6495024322012055 0.27471184132844056 0.6591161449336095 0.2737024014915382 0.697955544372521 0.27514445840139873 0.7129529362350712 0.2762981039292872 0.7664051790272366 0.27716333807520355 0.7931313004233195 0.27802857222111993 0.7996686250813541 0.28033586327689686 0.8058214012300925 0.2848062396974646 0.8083209665405175 0.2914397014828233 0.8083209665405175 0.3091770014741084 0.8088977893044617 0.33830655105329216 0.7743461718549248 0.33914322949741077 0.7307925618296192 0.3326687289915782 0.6853523806175668 0.32541466144522263
14 0.21271631420504786 0.3400279483588363 0.2037674116133118 0.3327999885732033 0.20239065736842932 0.33004648008343834 0.20307903449087056 0.320925483211092 0.2028362697028417 0.2981638168823443 0.20091223935217845 0.28571774555149165 0.20500080384733776 0.2835532114069956 0.22544362632313425 0.2826513221801222 0.26681027886239306 0.28301207787087157 0.29158216962718175 0.28427472278849425 0.3048098782879912 0.2849962341699929 0.30721491622632024 0.29852457257309356 0.31226549589681113 0.32305595954404936 0.3129870072783098 0.3326159853489072 0.30288584793732803 0.328828050596039 0.29062015445185013 0.32377747092554815 0.2771519419972077 0.3212521810903026 0.25815214228440864 0.32161293678105196 0.23698780842711348 0.32612238291541884 0.22784866426146327 0.3308122068951604
23 0.18974542884309678 0.3886670710482777 0.19202652143028157 0.3927108260891961 0.19368549785732506 0.39504376168972605 0.2040541005263467 0.3981543424904326 0.232878815946227 0.40421997505181023 0.25299390512412906 0.40888584625287 0.26958366939456374 0.40981902049308194 0.2840997131311941 0.40841925913276406 0.3044221743624766 0.4039089169717396 0.31810872988558525 0.3956658778498674 0.3274404722877048 0.38757836776803045 0.3338690059424982 0.37420287032499255 0.3340763779958786 0.35647255976096537 0.3253667517539004 0.3432525913579627 0.31479077703149827 0.33563166839623176 0.3044221743624766 0.33143238431527805 0.279744900010205 0.3235004032734764 0.25610448592483553 0.32412251943361775 0.23702625701383565 0.3289439196747128 0.22168072506368353 0.33594272647630247 0.21380058703522706 0.34107518479746823 0.2071646813270532 0.34776293351898724 0.20052877561887936 0.36113843096202525
22 0.39481121983144185 0.3084912862696174 0.3882063978275574 0.30241911120153003 0.3860758100843688 0.2909139373883119 0.3856496925357311 0.2746149411529195 0.3903369855707459 0.27397576482996294 0.386488616614402 0.2612633220084953 0.3847841464198512 0.2612633220084953 0.38094908848211184 0.2515158830834077 0.3830796762253003 0.2406498855931461 0.3905367333264603 0.2406498855931461 0.39351955616692424 0.23889215070501554 0.4050247299801424 0.2409694737546244 0.40118967204240297 0.23569626909023275 0.393945673715562 0.23329935787914566 0.39117590964941684 0.2320210052332325 0.38712779293735866 0.22403130119627546 0.39117590964941684 0.21827871428966636 0.40758143527196866 0.21332509778675302 0.4197257854081433 0.21252612738305732 0.4314440179956803 0.2109281865756659 0.43250931186727454 0.21540242083636188 0.44060554529139107 0.2115673628986225 0.45956777620576905 0.20964983392975278 0.4634028341435085 0.2018199239735349 0.4766124781512775 0.2005415713276218 0.4859870642213071 0.20277868845796973 0.48705235809290137 0.20501580558831772 0.49557470906565565 0.20357765886166546 0.5043101188127286 0.2048560115075786 0.5075060004275115 0.21252612738305732 0.5032448249411343 0.21604159715931842 0.5177328215948164 0.21923747877410127 0.5239115260500632 0.22211377222740578 0.5341383472173683 0.2230725367118406 0.5501177552912823 0.22690759464958002 0.551822225485833 0.22914471177992796 0.551822225485833 0.24224782640053755 0.5554442246492536 0.25055711859897284 0.5488394026453691 0.2563097055055819 0.5424476394158034 0.2579076463129733 0.5413823455442093 0.26110352792775615 0.55054387283992 0.2604643516047996 0.5552311658749348 0.26350043913884325 0.5501177552912823 0.270051996449148 0.5486263438710504 0.27404684846762656 0.5488394026453691 0.28491284595788813 0.5475610499994561 0.291624197348932 0.5543789307776594 0.29513966712519313 0.5513961079371954 0.30312937116215016 0.5467088149021806 0.30744381134210697 0.5403170516726149 0.30808298766506353 0.5369081112835133 0.3130366041679769 0.5224201146298311 0.31383557457167266 0.48577400544698823 0.31415516273315097 0.4512584840073338 0.3155933094598032 0.4322962530929558 0.3162324857827598 0.4135470809528965 0.3155933094598032 0.40949896424083837 0.31239742784502034 0.4009766132680842 0.3088819580687593
33 0.670726099948034 0.34891012918817327 0.6757236993045717 0.3561118228854876 0.68089451477847 0.36475698134751616 0.6790805561450113 0.37262266728142146 0.67876138973024 0.37860703755838115 0.6778038904859265 0.3987145216889656 0.6848255516108924 0.39536327433386825 0.6867405500995196 0.4006295201775927 0.6899322142472315 0.413795134786904 0.6916971985940853 0.4350290772530485 0.6906013720696204 0.46117633121313323 0.6870716609515813 0.482396499626114 0.6799186086647295 0.5039545862215873 0.6788483412384171 0.5155287669263456 0.6792050111886315 0.5319189578677573 0.6798433440181743 0.5674736804756103 0.6826969611955588 0.5792870428096955 0.6833340061467571 0.5820322899743846 0.6982608508727911 0.5920586771151003 0.6999319475932024 0.5946070307187121 0.7035543054728842 0.6007162372465882 0.7054907419842632 0.618008492924313 0.7015277796670584 0.6245288821035105 0.6686536389456266 0.6328806242834359 0.6443969914230168 0.6300345027583135 0.6412053272753049 0.6374551219017434 0.6193218324819704 0.637392071795353 0.6088871378573809 0.6297481563579083 0.603433848297593 0.6245964490743459 0.5908336400413007 0.6235713828591971 0.5883978585262565 0.627880129458608 0.5564889248175509 0.6286761185534329 0.5349795174563439 0.6223539134222964 0.5363737329185538 0.6089019524125802 0.5387606159021682 0.5799376002720953 0.545261494000717 0.5510305174116915 0.5495007466871895 0.5290080347924799 0.548327900576891 0.48736711535559507 0.5505620654802892 0.4765952488570676 0.550242899065518 0.45672713953756167 0.5512003983098316 0.4423646508728585 0.5400295737928402 0.4382952790845259 0.5403487402076114 0.41387904835453043 0.5365187432303572 0.3942503138461027 0.5416254058666962 0.36767970981640175 0.5543920624575434 0.36289221359483403 0.5674778854631618 0.3559503440735609 0.581840374127865 0.35116284785199314 0.6022670246732207 0.35116284785199303 0.6217361759742628 0.3497265989855228 0.6490465607718072 0.34754456042261045 0.6610838960077586 0.35029283742664963 0.6632903649590502 0.347880164490028
34 0.7044026430647589 0.5972278883866529 0.7066953845908014 0.6041288633714991 0.7139469328608731 0.601522818794904 0.7149493308455673 0.6021242575857261 0.7177646487793187 0.6038134483459714 0.7237681199038613 0.6113362541503605 0.7351384241707096 0.6223897871871321 0.7530150684242151 0.6196708525811635 0.7591884504756858 0.6188283896418744 0.7732316838791902 0.6185735232514821 0.7866975079512326 0.6172677289960297 0.7928687780277279 0.6138019063471688 0.7969623352055603 0.6124646497882251 0.8036013883248517 0.6116056637065749 0.8131495473386596 0.6122101793931407 0.8166456030420371 0.6115592622419537 0.8205540417796435 0.6101996638541394 0.8255403981859527 0.6138529255921726 0.8354249596698842 0.6136540055383155 0.842144717489845 0.6107156321176083 0.8372416322691123 0.6072653927028417 0.8371537112510891 0.6043687912850089 0.8355542756193073 0.6004786160099178 0.8389381335762026 0.5976247357105873 0.8451069289009863 0.5931959615075518 0.8476921158158026 0.5871266007149503 0.8481373400083734 0.5820025562512025 0.8557188214941918 0.5806091234859987 0.8605867600929894 0.5761268034223123 0.8632067628595321 0.5736150218434354 0.8603504310107759 0.563050946084281 0.8573456910978294 0.5465480689764983 0.855520833818535 0.5313903671055149 0.8546360045358483 0.5031059062019725 0.8519959496773197 0.4798025354153379 0.8521003972324983 0.4640155040471596 0.8511037385147628 0.4443095413489725 0.8506054091558952 0.42935519817844375 0.8514170811802988 0.4139872791140416 0.852212226667547 0.39405184582660496 0.8505083434805866 0.3787168971439614 0.8503947512681225 0.36040015288413735 0.8418753353333206 0.3522215135867274 0.8366500935599754 0.3529882610208596 0.8317656284240222 0.35912224049391694 0.8342646570982309 0.36278558934588184 0.830516114086918 0.3637227250987101 0.8233598047016844 0.3684084038628512 0.8055258273448322 0.3699418987311155 0.7829209770644912 0.37113461696198774 0.7759918521041854 0.36934553961567934 0.7705394259059123 0.36977151041241946 0.7690627271438798 0.372156946874164 0.764632630857783 0.3696011220937234 0.7554316616481969 0.3703678695278556 0.7418005961525137 0.3685787921815472 0.7236258421582694 0.3687491805002432 0.7223763278211652 0.367812044747415 0.7201044835718846 0.3665341323571947 0.7130617663991151 0.3659377732417585 0.7018161373651766 0.3713050052806837 0.6956821578921192 0.37190136439612 0.6918200226683422 0.3699418987311155 0.6885258485068855 0.37164578191807585 0.6868219653199251 0.37360524758308034 0.6836413833709324 0.3725829176709041 0.6809151702717958 0.37556471324808477 0.6805743936344036 0.3799096153748337 0.681823907971508 0.38502126493571487 0.6851180821329647 0.39541495237617336 0.6876171108071734 0.40052660193705447 0.6920472070932704 0.4162023272570901 0.6919336148808063 0.424636549032544 0.6922743915181984 0.4427829049736722 0.6910248771810942 0.4608440667554523 0.6882986640819574 0.48180182995506504 0.6863675964700691 0.4891285276589948 0.6805743936344036 0.5048042529790303 0.6795520637222274 0.5186909009527575 0.6800064325720837 0.5344518204321411 0.6805854247602676 0.5537688100706967 0.6806691263808016 0.5671401439509779 0.6843519976842904 0.5819553307854681 0.7010086201705252 0.5930039446959353 0.702813179833076 0.5956896736799542
26 0.7042046229717497 0.7259987371071294 0.6971286118888343 0.7228145321198174 0.6923169243524516 0.7168706828101683 0.6920338839091351 0.7005250972086335 0.6900526008059187 0.6648620013507395 0.6903356412492354 0.6567953487162158 0.6959964501155675 0.652337461733979 0.74269812326281 0.6510637797390544 0.7823237853271369 0.652337461733979 0.8069483038956826 0.6506392190740794 0.8414792379803103 0.6506392190740794 0.8462909255166927 0.6546725453913411 0.8488382895065424 0.6595549930385529 0.849121329949859 0.6756882983076002 0.8488382895065424 0.7030724611984833 0.8496874108364922 0.7202671681299679 0.848272208619909 0.7234513731172799 0.8256289731545796 0.7238759337822548 0.7673226418313558 0.7249373354446921
11 0.5218089884404611 0.659820953268937 0.5386738211219496 0.6616655443434746 0.5671332262719616 0.6666722915457914 0.5864575137195006 0.6658817525138467 0.6183771983212487 0.6685325080146339 0.6440257980243458 0.6761743853234333 0.6721338524934934 0.6927757049942739 0.6830257236002882 0.703316225420204 0.6889986851749821 0.7154378239100241 0.6911067892601682 0.7272959093891957 0.6861878797280674 0.7409985859429052 0.6756473593021368 0.760235035720228 0.6700257484083074 0.7699850171142137 0.6566744225354623 0.7810525635614407 0.6243501598959424 0.7950187531257983 0.5835934809156784 0.8008160393600599 0.5565394784891238 0.8013430653813566 0.5207017090409605 0.7950187531257983 0.47994503006069633 0.7818431025933854 0.46308019737920786 0.7713025821674548 0.4465667153785835 0.7502215413155944 0.4412964551656183 0.7386269688470709 0.44235050720821145 0.7172824149845618 0.44516131265512615 0.6996270432711285 0.449026170144634 0.6861878797280673 0.461323443974886 0.6730122291956543 0.49118825184835546 0.662471708769724
20 0.21373567352776796 0.5257911689893255 0.18205627126877222 0.5282322188209263 0.17077319649159559 0.5353926316602884 0.18487703996306631 0.5430412544659705 0.1968110613620031 0.5475978808182919 0.2070092251029127 0.5471096708519717 0.2135186913205146 0.5488997740618122 0.23499992983860074 0.5467841975410915 0.2720956878957584 0.5430522192034363 0.3052939656055279 0.5370309629521546 0.35042626471423427 0.5318233899780731 0.36778484129450595 0.528080446902952 0.36865277012351944 0.5319861266335131 0.39751140368822113 0.5345899131205538 0.40640767418561036 0.5365427529858344 0.42767193049644314 0.5292196034910323 0.42420021518038886 0.5199436141309497 0.41725678454828014 0.5035072119315049 0.40836051405089097 0.48218871006885883 0.4012001012115288 0.4576154750974118 0.4003321723825153 0.44817674908188904 0.3899170264343523 0.4244171973876421 0.3938227061649134 0.4195350977244408 0.38058679152245634 0.4109100549861184 0.3803698093152029 0.40765532187731746 0.3690867345380264 0.40440058876851637 0.3421809408386053 0.413351104817719 0.33046390164692185 0.41855867779180045 0.292708997584831 0.42278983083324173 0.2556050401445003 0.4265327739083628 0.1994066484658708 0.43239129350420447 0.17901032098405156 0.42669551056380284 0.17401973021722345 0.42604456394204265 0.17553860566799723 0.430763926949804 0.17835937436229138 0.4400399163098867 0.18964244913946796 0.46526409790309387 0.1965858797715766 0.4852807065222198 0.20418025702544548 0.5022053186879846
19 0.1088336161862477 0.6825131588582581 0.09155005647469587 0.6716412422655079 0.07443665933128446 0.6583242328067139 0.06779593190710827 0.6470334496584799 0.06394023909722533 0.634020486425125 0.06458285456553915 0.6236583119985645 0.06843854737542208 0.6101633871639742 0.08129085674169852 0.595945519927531 0.10024801305695631 0.58148667189047 0.13109355553601978 0.5713654782645273 0.17157833003979056 0.5687146894577327 0.1998534106455988 0.5742572478719394 0.22555802937815167 0.5812456910898524 0.2551183409205875 0.586788249504059 0.30138665463918274 0.5976323855318548 0.31552419494208683 0.6002831743386492 0.33062565844746167 0.6091994639615036 0.3393009672696982 0.6185977151855933 0.347654968357778 0.6292008704127713 0.3495828147627194 0.6376351984343902 0.3460484296869934 0.6564317008825695 0.329019119776677 0.6740232993276604 0.31745204134702826 0.6807707617449555 0.2959244231585152 0.6877592049628682 0.26700672708439327 0.6887231281653391 0.2204171056316411 0.6908919553708982 0.18957156315257762 0.6930607825764574 0.16932917590069219 0.6957115713832519 0.14780155771217915 0.6933017633770749 0.1294870168652352 0.6894460705671921
