23 0.4892135332819908 0.8176680155316045 0.47064370920819004 0.8179643425115056 0.4619514511310917 0.8167790345919014 0.45523470625333395 0.812037802913484 0.4532591930539935 0.8070002442551657 0.4524689877742572 0.7951471650591226 0.4500983719350486 0.774107949486146 0.45049347457491673 0.7640328321695093 0.456180554197454 0.7524423999696142 0.47182901712779424 0.7421046356568297 0.4889500893908729 0.7333180673055415 0.5145270209418283 0.7310596864804393 0.5379218940051471 0.7335223483025449 0.5625858922991702 0.7440576955336681 0.5729752929340287 0.7545503688126749 0.577716524612446 0.7619585433102019 0.581667551011127 0.774107949486146 0.5796920378117866 0.7856647017022883 0.570209574454952 0.7975177808983313 0.5555907767798323 0.8087782061345722 0.5362307474262952 0.8155937266722969 0.5145001022335495 0.8173716885517035
14 0.677728025252248 0.6551095022565339 0.6795892662238966 0.6982395744204414 0.6855614557427058 0.7056473864197337 0.6952088388115517 0.7049582876291018 0.7193068305671941 0.7021404947171577 0.7671803197397147 0.7011351616957997 0.7888807679888563 0.7006596184946515 0.7891450428583623 0.6967822459422882 0.7851143821691557 0.6563519386117281 0.7825162614426098 0.6541240180106181 0.7783797433311593 0.6513602095479424 0.7686734339463382 0.6505738190797252 0.7342468289422661 0.6516237480625303 0.6917163068594292 0.6520983996289825 0.68010562511707 0.654284339592648
20 0.678624440689568 0.6539465759193238 0.6603349239700961 0.6584126206996601 0.6613982679654141 0.6488425247417967 0.6626759778822575 0.6279577964351205 0.6539565571206488 0.6206207228674254 0.6524678755272035 0.6120076365053486 0.648214499545931 0.5933459493875155 0.6435357859665313 0.5762792782626595 0.6384317347890042 0.5566605815490401 0.628861638831141 0.5488450031834519 0.6103594533126055 0.5285883000726415 0.606106077331333 0.5236437504944121 0.6146128292938781 0.5210917249056486 0.6333276836114772 0.5174231881218011 0.6503411875365672 0.5126381401428696 0.6562959139103487 0.5131166449407627 0.672033405041057 0.5104051177527015 0.7115898016668912 0.5043440569793881 0.7437027903254987 0.5000375137983497 0.7719877406009611 0.49589047221660904 0.8085667740399046 0.49317894502854787 0.8134581564183679 0.49509296422012045 0.8132454876193045 0.5118406321463809 0.8109061308296045 0.5325758400550844 0.799209346881105 0.5400724152220773 0.8043133980586322 0.5517160319708108 0.8123948124230499 0.5660711759076055 0.8200508891893403 0.5831378470324614 0.8289829787500128 0.6054680709341421 0.8366390555163032 0.6246082628498685 0.8355757115209851 0.6290743076302046 0.8289829787500128 0.6341783588077315 0.8230282523762312 0.6389634067866632 0.8213269019837223 0.6440674579641902 0.794743302100769 0.654913566716435 0.7753904413859791 0.639601413183854 0.7430647839283079 0.6477359947480378 0.7120151392650186 0.64757649314874
26 0.7516833095253874 0.43897721623387376 0.767700203778596 0.4391538731557842 0.7870146939074654 0.4402138146872466 0.7980851943471831 0.4409204423748881 0.8079109895368483 0.43740253865012446 0.814035096163075 0.43174951714899196 0.8133284684754335 0.4174403064742505 0.8145061812881695 0.3812256374826206 0.8149772664132638 0.34748416539773624 0.8128573833503391 0.34289108542806607 0.8053200213488292 0.3361781223954713 0.7963694039720361 0.33352826856681544 0.7615091047150525 0.33176169934771155 0.744314497649108 0.3314083855038908 0.7509096894004292 0.33812134853648557 0.7624512749652413 0.35684698225898687 0.7688109241540154 0.36974293755844523 0.7711663497794874 0.37892909749778547 0.7714018923420344 0.38705531590566344 0.7711663497794874 0.39942130043939067 0.7669265836536379 0.41267056958267 0.7617446472775997 0.4230933279753829 0.7535006575884483 0.43351608636809597
32 0.607493840633573 0.5218690970164347 0.5809616030977228 0.5257301315832189 0.5540333620165614 0.5129590172469329 0.5294567400810709 0.5046075176127931 0.5187646443576686 0.4731252357605531 0.5060925309077102 0.4511470389957816 0.4902523890952623 0.42649581830015953 0.47560025791874805 0.3905584965631683 0.47480825082812567 0.3679862944804301 0.48470833946090564 0.34095905251294084 0.5128245911780006 0.31511982118138526 0.5417328499857179 0.3002696882322154 0.5742051407012361 0.29106260580373 0.6145975023229783 0.28541955528304547 0.6478618001291188 0.28898358719084627 0.6771660624821475 0.2952206430294976 0.696174232657085 0.3023487068450991 0.720330448921068 0.3133378052274849 0.7393386190960055 0.3269999275407212 0.7508227219100302 0.3412560551719243 0.7630988318146773 0.36204624130076213 0.7698308920849677 0.37956939818078256 0.7686428814490343 0.40243860292250416 0.7615148176334325 0.4190707518255745 0.7500307148194078 0.4368909113645784 0.7373586013694495 0.4517410443137483 0.7132023851054666 0.46718518258088504 0.6949862220211515 0.4802532995761545 0.6700379986665459 0.49480642986634094 0.6445145351816823 0.5127274099843776 0.6242649126969202 0.5176231435121832
16 0.22324177549789317 0.37067457569610895 0.19384483887343446 0.3510070678591125 0.18251349210999443 0.343162289330577 0.17786473446345494 0.3342279582286338 0.18309458681581187 0.32660109021477995 0.210065736153004 0.30747173621565205 0.2373771873264236 0.2920000896732628 0.24812743938404622 0.2861165057768612 0.26091152291202985 0.28328366908600117 0.271080680263835 0.28698814783558735 0.29287173173198905 0.30224188386329515 0.3309334349630312 0.3268657720223091 0.3628936437829904 0.3484389129757816 0.36492747525335134 0.3534508548134569 0.35330558113700256 0.3538866758428199 0.33064288761012256 0.35650160201899844 0.30768964673033367 0.3569374230483615 0.27892545879237046 0.3591165281951769 0.26236425967657345 0.35933443870985843 0.23912047144387594 0.3719732485613878
31 0.3657194097030155 0.28327881030074936 0.36018225536801796 0.28161207337040206 0.36514458265207783 0.2775801824521033 0.36390400083106283 0.2676555278839835 0.3688663281151229 0.2642439278761922 0.37465570994652614 0.25555985512908735 0.3543928735366147 0.24346418237419123 0.346535855336853 0.2394322914558925 0.3440546916948231 0.2254757459694739 0.33206240075834487 0.21648152776711524 0.3374382553160766 0.21400036412508527 0.3366112007687332 0.20314527319120412 0.347776437157868 0.20221483682544292 0.3428141098738081 0.19260032771257674 0.3486034917052114 0.1894988731600393 0.3663851644730929 0.19694236408612922 0.3663851644730929 0.20252498228069665 0.37010690993613776 0.20407570955696538 0.38168567359894434 0.20407570955696538 0.3754827644938694 0.19942352772815916 0.3837533099673027 0.19291047316783053 0.3911968008933926 0.19384090953359173 0.39657265545112425 0.18980901861529303 0.39946734636682585 0.18980901861529303 0.40484320092455744 0.19663221863087543 0.40837577576529827 0.20129485202657105 0.4185871489133566 0.20310294571449888 0.4293102922382513 0.20024344082786036 0.44074831178480556 0.19702649783039194 0.4409866038586921 0.18737566883798673 0.44932682644472133 0.18969901655838062 0.4486119502230616 0.19720521688580683 0.4555224203657715 0.1984562502737112 0.46696043991232583 0.1934521167220937 0.47363261798114914 0.19398827388833845 0.4702965289467375 0.19577546444248756 0.46815190028175846 0.20006472177244544 0.47410920212892216 0.1991711264953708 0.4781601673849936 0.19917112649537086 0.4750623704244684 0.20381782193615855 0.4745857862766954 0.20578373154572255 0.47958991982831284 0.20649860776738221 0.4839712020635785 0.21053104727876495 0.4870689990241036 0.21267567594374384 0.488498751467423 0.20767154239212635 0.4958858057579059 0.20695666617046674 0.49445605331458675 0.21178208066666934 0.498983602718431 0.21571389988579737 0.5037494441961621 0.21285439499915879 0.5106599143388718 0.21285439499915879 0.5108982064127584 0.20767154239212635 0.5187618448510145 0.20713538522588165 0.5197150131465607 0.21178208066666934 0.5230511021809724 0.22339881926863853 0.5228128101070859 0.22786679565401127 0.5223362259593127 0.23179861487313935 0.5204298893682204 0.24377279158593837 0.5261488991414975 0.25431721585541806 0.5287701119542496 0.2630744495707487 0.5301998643975687 0.26843602123319604 0.5371103345402787 0.2680785831223662 0.5423527601657828 0.2691508974548557 0.543782512609102 0.27486990722813287 0.5435442205352156 0.2846994552759529 0.5356805820969595 0.28666536488551697 0.5292466961020226 0.28934615071674064 0.5154257558166029 0.2873802411071766 0.5116130826344181 0.28666536488551697 0.5066089490828006 0.28541433149761253 0.49660068197956553 0.28827383638425114 0.46895880140872603 0.2875589601625915 0.45537615319719277 0.29113334127088975 0.4255896439613744 0.2902397459938152 0.41033895123263536 0.2916694984371344 0.38555657554843425 0.2929205318250388 0.37173563526301456 0.28898871260591075
28 0.14149781448921642 0.5573766491308891 0.12964657504231497 0.5524196403237718 0.12919075814051106 0.5472917001784778 0.1369396454711774 0.5471207688403014 0.15767931450325492 0.5471207688403014 0.15859094830686274 0.5496847389129483 0.15540022999423544 0.5553254730727717
28 0.19873616918650125 0.6035585551010915 0.20329433820454024 0.5979178209412681 0.19941989453920708 0.5951829195304448 0.18460584523058027 0.5953538508686212 0.1839221198778744 0.5979178209412682 0.19212682411034465 0.6020201730575033
28 0.19919198608830513 0.5368953332122709 0.19508963397207002 0.5288615603179772 0.20238270440093248 0.5269813155980361 0.20238270440093248 0.5297162170088595 0.20147107059732466 0.5360406765213886
28 0.1240948439810774 0.3862670495749028 0.11768619006656164 0.3840822811949542 0.12739627175522186 0.37971274443505704 0.13166870769823236 0.3827714201669851
28 0.15982794459534694 0.4376819321163586 0.15594391191988283 0.438555839468338 0.15070046780800633 0.43593411741239974 0.1454570236961298 0.425010275512657 0.15031206454045992 0.4223885534567188 0.1540018955821508 0.42719504389260554 0.15167147597687236 0.4285059049205747 0.15497290375101683 0.4287972073712345
28 0.2175058298259885 0.40374519661449115 0.22080725760013298 0.40898864072636765 0.2169232249246689 0.4116103627823059 0.2107087726439264 0.41117340910631617 0.2116797808127924 0.40898864072636765 0.20993196610883355 0.4066582211210892
28 0.24469405855423712 0.39325830839073816 0.23653758993576252 0.3925300522640886 0.22741011314842194 0.3954430767706867 0.2250796935431435 0.3922387498134288 0.22876952458483438 0.388888771630841 0.23323616216161805 0.38859746918018123 0.2406158242449998 0.38772356182820183 0.24644187325819597 0.38903442285617096
28 0.38820906591263493 0.38291707139231507 0.38568444467358326 0.3802953493363767 0.38335402506830474 0.3804410005617067 0.38471343650471723 0.38306272261764496 0.3831598234345316 0.3842279324202842 0.37034251560550013 0.38408228119495424 0.37209033030945887 0.3820431640403356 0.37228453194323213 0.37956709320972726 0.3705367172392734 0.37869318585774786 0.3693715074366341 0.37650841747779923 0.3781105809564282 0.3749062539991704 0.376945371153789 0.37082801968993306 0.38141200873057274 0.3695171586619639 0.38859746918018134 0.369371507436634 0.39209309858809893 0.37257583439389186 0.39112209041923296 0.37607146380180956 0.3963655345311095 0.3766540687031291 0.39617133289733625 0.3782562321817581 0.3944235181933774 0.3813149079136861
28 0.4087944390925945 0.42602983408996636 0.4087944390925945 0.42821460246991483 0.4122900685005122 0.4292341610472242 0.41675670607729587 0.42675809021661587 0.41675670607729587 0.42486462428732713 0.41248427013428535 0.42122334365407954 0.4097654472614605 0.42107769242874965 0.4080176325575017 0.4228255071327085
28 0.3990843574039344 0.4596752671411739 0.40160897864298595 0.4618600355211224 0.39811334923506825 0.4646274088023905 0.39422931655960425 0.46899694556228766 0.3891800740815009 0.47161866761822596 0.38199461363189235 0.4691425967876175 0.3827714201669852 0.4660839210556896 0.3852960414060368 0.46375350145041117
28 0.43796765976576457 0.5400007728237277 0.4432423925894396 0.5434623162392644 0.4448907465968381 0.5464293534525817 0.4382973305672443 0.5518689216769964 0.4318687499383904 0.5503854030703379 0.4293962189272927 0.5476656189581305
28 0.4176405866245855 0.6634866393651773 0.41347897893595315 0.6635942671502282 0.4114699269483377 0.6591815279631439 0.4106089046679309 0.6530467442152463 0.41620554949057437 0.6548764165611106 0.41921912747199774 0.654553533205958 0.42180219431321775 0.6557374388415173
28 0.19592020521730288 0.6438888044329825 0.19664358523148792 0.6315913441918368 0.19061541844661256 0.6346657092521232 0.18506950500452723 0.6395485243478722 0.18145260493360202 0.6456972544684451 0.18627513836150233 0.6489524645322777 0.19519682520311782 0.6507609145677403 0.2002604853024131 0.6500375345535552
28 0.13289203599151703 0.473922306534044 0.1309833293085543 0.47496341927020536 0.12768647231070956 0.47249077652182186 0.12699239715326857 0.4653331264607116 0.12334850257670336 0.45739464184748024 0.12647184078518783 0.45388088636293517 0.13011573536175305 0.4549219990990967 0.1323714796234363 0.457915198215561 0.13289203599151703 0.4671550737489942
