24 0.10010665002261789 0.689737024968024 0.07677679844484774 0.6815029597052816 0.052760774761849004 0.6681226036533252 0.028058578973621753 0.6495959568121548 0.010218104237679852 0.6228352447082417 0.004042555290623039 0.606367114182757 0.005414899501080108 0.5785771439210013 0.016393653184736665 0.5569627226063025 0.03903733265727831 0.5327751558969966 0.07128742160301944 0.515277767213669 0.11314392002196007 0.5039559274773981 0.13955055712931386 0.5004786337681043 0.16117596738795748 0.502412040240634 0.19486693923552534 0.5062534838821631 0.23391021054218214 0.5183655416871974 0.26547412738269477 0.5420384793175818 0.2952950543997275 0.5573494698151001 0.3126681580541737 0.5700154340611397 0.32874284293119177 0.5763168133116013 0.33596866158143013 0.5779634617390931 0.350225568898555 0.585494560164747 0.36001516554191043 0.5965078563885219 0.36137483174237645 0.6101725017032055 0.3578939382169794 0.6422254901183649 0.32308648348504915 0.6681271312372428 0.2716911011074333 0.6742456291393398 0.24884870893960398 0.6828115262022757 0.21240965476711446 0.6895418738945827 0.18793566315872592 0.6940287723561204 0.14986500954567714 0.6964761715169593 0.11995235313542452 0.6940287723561205
20 0.19343176634442794 0.4988588999252515 0.1915895590459096 0.4858550837004161 0.19083100309946086 0.4767524123430312 0.190397542558633 0.46293585760414335 0.18895198729390209 0.4477146768793939 0.18709476331181774 0.44377466311898855 0.18112378496369758 0.43659296703898887 0.17314363385133716 0.43108268901103963 0.1700746619444161 0.4244979617577808 0.1785530550858624 0.41669721731231535 0.19955881424653274 0.4048133458501113 0.22240000556581294 0.4035211361614308 0.2535246515796001 0.402365413084716 0.28578271375014885 0.4017412833643188 0.3120786330984002 0.39999875417072595 0.33756829208142525 0.399077135424988 0.3670047399647642 0.39813762752220866 0.3730104664340104 0.41838387942916005 0.37190914403029507 0.42449332588947347 0.36735780835160264 0.4372533205600934 0.36248137726728935 0.45237025692146465 0.360639169968771 0.45342681698973253 0.36193955159125457 0.46366732226679047 0.3612893607800127 0.47585839997757373 0.36161445618563365 0.4903251455277032 0.3640023618661042 0.5066991788809756 0.36527719977254774 0.532708250113996 0.36764528534643787 0.5510239119745524 0.36720126930133345 0.5584611807300509 0.36527719977254774 0.5612362810119534 0.3625858492408432 0.5656294434360787 0.3515426405323211 0.5705932919255573 0.3406610643027064 0.5790711491483908 0.33070199424891067 0.5716211930989062 0.3326738502949231 0.5703865762103237 0.32764491455818245 0.5634163750472242 0.33063761010845466 0.5606469765693353 0.3226311689549776 0.550952548463202 0.30081840514613806 0.555782203557817 0.26668488155592157 0.5415768709667578 0.23478360788045502 0.5176418997005552 0.19794491416993515 0.50604701992452
16 0.7067888316628607 0.7261348753139254 0.700053313175701 0.7234761180163624 0.6943812976075664 0.7192221063402616 0.6927860432290285 0.7132399024207444 0.6914541478528968 0.6886181400688294 0.6919858993124095 0.6629611321473461 0.7135699377898339 0.665491705435144 0.7347737441896253 0.6658136086239197 0.7492015112261684 0.6663453600834324 0.7630633444005952 0.6640246350663713 0.7894736668897212 0.6649552001205182 0.8029447038640407 0.6638916972014932 0.8258847199017751 0.6677098832443933 0.8390738463572837 0.6636369138003343 0.845446412573456 0.6620929330257025 0.8504478342471671 0.6588400583361234 0.8509795857066798 0.6721338448239387 0.851156836193184 0.6904792701771236 0.8497388323011503 0.7235807985317835 0.8178337447303938 0.7233149228020272 0.789296416403217 0.7238466742615399 0.7563278259134353 0.7243784257210525
23 0.3150853176538345 0.3370981602589419 0.3278155424701733 0.3479021010570189 0.3321706193810261 0.35129403595874076 0.33468316375267193 0.35619349748345014 0.3330081341715747 0.35895729629226053 0.32480048922419835 0.36435926669129903 0.3035276135442637 0.37478632583362914 0.28341500512164836 0.38642932435912686 0.2691772536823221 0.39070064979092484 0.2507519282902527 0.39359007581831745 0.2274690171130015 0.39158004032100086 0.20586113551684748 0.3847961705175571 0.19329841365861833 0.37537412912388535 0.1844207568788031 0.3657008332930489 0.1787256563030726 0.35200746646757913 0.17956317109362122 0.34233417063674276 0.1844207568788031 0.32977144877851367 0.19463843732349612 0.3182137446689429 0.20552612960062805 0.31230926539557524 0.22462146682513623 0.30640478612220756 0.25058442533214303 0.305274141154967 0.26766972705933456 0.3076610583080305 0.28291249624731923 0.313942419237145 0.2969827447285358 0.32323883341223447
26 0.3163542477194372 0.37064165340395305 0.3208038182202417 0.3792229679412187 0.3254542994874074 0.3880661129630121 0.32767908473780966 0.3909265511421005 0.33133408907775597 0.39354861947293174 0.33832627129330584 0.39307187977641705 0.3604152105651562 0.3878277431147547 0.38981415851689954 0.38008072304638996 0.41539918889652483 0.3740338357273369 0.42411745644689136 0.3713945983289521 0.41659488382489757 0.35874889435232454 0.4012903395249791 0.3390994158655649 0.3844294008894758 0.31594805012373917 0.35330151417777733 0.2929912336738616 0.3390345661015822 0.2789836846535973 0.32632131256718144 0.2813203010023176 0.3260206788201179 0.2835612084659405 0.317235956894445 0.283821282470319 0.2963687765450705 0.28859545352531385 0.28469434345963684 0.29232318092140536 0.27787462512260125 0.2976980436785605 0.2763719753195257 0.30107900573548063 0.2761407984267448 0.30645386849263584 0.2813422785143143 0.31182873124979094 0.287930819958569 0.31685682866777476 0.30573144070269564 0.32821339352563483 0.3237632383396032 0.34295092044041503 0.33254796026527617 0.35066644923697654 0.33543767142503694 0.3557812379897532 0.33416619851474216 0.3595956567206375 0.32584383037463094 0.3650572108125854
23 0.7429782501507214 0.35162318326894193 0.7207851277440506 0.34614017655670565 0.7100802098773036 0.34281120819570504 0.6886703741438093 0.33948223983470444 0.6855372274511029 0.32185828968823055 0.685144449482521 0.2859824202783886 0.6965116439006578 0.2806538429499846 0.7165311061222013 0.2770765208822128 0.7202671173448835 0.28297345043906774 0.7411950986701886 0.28340648606011787 0.7634434107894752 0.28540609502752134 0.8011918872344467 0.2879629164693605 0.8235760624808738 0.29059138272610824 0.8419737616434483 0.29110720291608216 0.8511863711906098 0.2887573428965523 0.8590043849170226 0.2952990757875843 0.8524663652773289 0.3046157312967799 0.846541840864166 0.31931349617285665 0.8420331736648624 0.33896730781718065 0.8347224980485474 0.35267482459777144 0.8033910311214827 0.35208735959288895 0.7668376530399076 0.35149989458800657
31 0.4890808310649888 0.7742661977254841 0.4700327021535164 0.7680286062157413 0.46413046502601785 0.7629982904820778 0.45930136192170096 0.7402612633659189 0.4598379289332917 0.7149084720682549 0.46252076399124553 0.7010248006433437 0.4735203877288564 0.6943847838749079 0.48505657847805794 0.6923726575814425 0.512153212563392 0.6877447671064723 0.5089338104938473 0.682513238743462 0.5242259703241844 0.6802998998206502 0.5438106662472475 0.676879285121759 0.565005063205083 0.6770804977511056 0.5848580426339417 0.682110813484769 0.6009550529816647 0.6879459797358186 0.6114181097076848 0.7046466279715814 0.6146375117772295 0.7211460635779977 0.6090035581555263 0.7275848677170871 0.6191983313757511 0.7370418612963744 0.6127595272366618 0.7565594863429885 0.6162472128120018 0.7784916629417613 0.603906171545414 0.7809062144939198 0.5896871457382586 0.7766807492776425 0.5642002126876969 0.7788940882004545 0.5419326817066799 0.7887535070384349 0.515640898138732 0.789558357555821 0.5110800785402104 0.778692875571108
11 0.4909550432427835 0.36335842671217333 0.4960920586739714 0.35810466093027676 0.5582032452510604 0.3563534056696446 0.5745482943502944 0.35565290356539164 0.5913603448523636 0.34794738041860995 0.6109744037714444 0.33428758938567865 0.6240504430508315 0.32027754730062097 0.6477309457325 0.3054189174542574 0.6617409878175579 0.29210937747345267 0.6682790074572514 0.28055109275328005 0.66547699904024 0.2647897954075902 0.6594059808033816 0.24902849806190028 0.6421269288984771 0.23326720071621035 0.6080358264915035 0.21540439705776182 0.5935587830036105 0.20874962706735947 0.5613356862079778 0.19789184445143973 0.5281785866066747 0.19649084024293398 0.49829049682521837 0.20279535918120994 0.46793540564092667 0.21610489916201478 0.439448320067976 0.2357189580810955 0.4235702723715773 0.26023653172994643 0.4165652513290485 0.2861551095873031 0.4165652513290485 0.3019164069329931 0.42683928219142414 0.3215304658520738 0.4389813186651408 0.3355405079371315 0.45205735794452795 0.3477992947615569 0.4651333972239151 0.35480431580408583 0.4791434393089728 0.3618093368466146
33 0.6288429249283718 0.3676086444324266 0.6391277391211255 0.37510186620143293 0.6611666266770264 0.3847989767260293 0.6829116623988486 0.3922921984950356 0.7037751426184348 0.3980223092595699 0.6987796614390973 0.41917964131323465 0.6940780320938384 0.4443039731269616 0.6884948472463435 0.48088852646975716 0.6896702545826582 0.502927414025658 0.6867317362418714 0.5247459127059999 0.6879071435781863 0.5661790213110935 0.6920210692552877 0.601441241400535 0.6926087729234451 0.6166480738141066 0.691727217421209 0.6188519625696967 0.7034812907843562 0.6232597400808769 0.7196431416586835 0.6314141284765602 0.7143538086452672 0.6320752951032372 0.7108275866363232 0.6356015171121814 0.7122968458067166 0.6375850169922125 0.7175861788201329 0.6367034614899765 0.7125906976407951 0.6397889057478026 0.7043628462865922 0.6428743500056286 0.7084767719636937 0.645078238761219 0.6970165504346252 0.6494860162723988 0.6723329963720163 0.651249127276871 0.6411847019596764 0.6470617386412498 0.6326629987713948 0.6393481279966845 0.622378184578641 0.6333976283565913 0.6206150735741689 0.6459597942634548 0.6129749258881231 0.651689905027989 0.5971069268478745 0.6479432941434858 0.5785942613009177 0.6483840718946038 0.5650770769332986 0.651249127276871 0.5609631512561971 0.6459597942634548 0.5671340397718494 0.6415520167522746 0.5624324104265905 0.6316345173521192 0.5641955214310626 0.627447128716498 0.5518537443997581 0.62700635096538 0.5477398187226565 0.6248024622097899 0.5433320412114764 0.6250228510853489 0.540981226538847 0.6124606851784854 0.5324595233505652 0.5930664641292926 0.5268763385030704 0.5703664099467147 0.5218808573237328 0.5419362449996026 0.5168853761443952 0.5049109139056892 0.5139468578036086 0.4722933603229558 0.5121837467991365 0.4343864737268063 0.5136530059695299 0.4006669757662779 0.5089513766242711 0.38259508797043923 0.505425154615327 0.37047369981469375 0.5171792279784742 0.3651843668012777 0.5242316719963623 0.3676086444324267 0.5301087086779359 0.36782903330798566 0.5356918935254308 0.36959214431245774 0.5465644113863419 0.37157564419248884 0.5524414480679155 0.3735591440725199 0.5791819649690753 0.37113486644137084 0.6053347782020777 0.3673882555568675
34 0.6599900406000735 0.3824176785889984 0.6587809512820415 0.37827222949860273 0.6667263953719664 0.37477450682858143 0.6646536708267687 0.37127678415856 0.680890013097485 0.36376315768221784 0.6910809087780411 0.3657063369433409 0.7073172510487572 0.36635406336371523 0.7199263253653774 0.3695926954655868 0.7199263253653774 0.37464496154450655 0.7226899580923077 0.37684723137377923 0.7266626801372703 0.3752926879648808 0.729771766955067 0.3695926954655868 0.7385808462721577 0.3671313350681644 0.7532626451339756 0.36829724262483815 0.772953528313355 0.3702404218859612 0.7983444039920283 0.3743858709763568 0.8171716519442418 0.37866086535082727 0.8168261978533755 0.38138131631639943 0.8201080117166054 0.38112222574824967 0.8232170985344021 0.38449040313419613 0.8302989073971614 0.3905790314857148 0.8315079967151935 0.3966676598372334 0.8315079967151935 0.4181721769936609 0.8330625401240919 0.43514260920746806 0.8373807162599207 0.4632539358517135 0.8394534408051184 0.47685619067957413 0.8373807162599207 0.48216754732664363 0.8420443464866157 0.488515266246312 0.8404898030777175 0.4936970776093066 0.8382443514870864 0.500951613517499 0.8356534458055891 0.5136470513568356 0.8382443514870864 0.5348924779451131 0.8397988948959848 0.5447379195348028 0.839971621941418 0.5483651874888991 0.8430807087592147 0.5516038195907706 0.8454988873952787 0.565594710270856 0.8487807012585087 0.5832128689050375 0.8480897930767761 0.5891719519724812 0.8410079842140168 0.6010901181073687 0.8275352746702309 0.5982401218577217 0.8166534708079425 0.5934469463469517 0.8057716669456538 0.5912446765176791 0.7971353146739962 0.5921514935062031 0.7940262278561996 0.5895605878247058 0.7938535008107663 0.5839901406094866 0.7774444314946168 0.5890424066884064 0.7732989824042213 0.5870992274272834 0.7679444439957934 0.5880060444158075 0.7710535308135904 0.5924105840743528 0.7729535283133551 0.5982401218577217 0.7713989849044567 0.6007014822551441 0.7698444414955581 0.6030332973684916 0.7634535408145315 0.6052355671977644 0.7568899130880717 0.6062719294703632 0.7546444614974408 0.6080855634474113 0.7454899280894837 0.6158582804919032 0.7404808437719222 0.6180605503211759 0.7377172110449919 0.6209105465708229 0.7328808537728636 0.6247969050930687 0.7280444965007353 0.6285537183312399 0.7219990499105751 0.6294605353197639 0.7140536058206501 0.6262219032178923 0.7159536033204148 0.6228537258319459 0.7171626926384468 0.6168946427645021 0.7214808687742756 0.6153400993556037 0.7249354096829387 0.6075673823111118 0.7251081367283718 0.6044582954933151 0.7230354121831739 0.6043287502092403 0.7199263253653773 0.6113241955492829 0.7154354221841153 0.6143037370830048 0.7104263378665538 0.615081008787454 0.7047263453672599 0.6132673748104059 0.6979899905953669 0.6133969200944808 0.6953990849138697 0.6158582804919032 0.6924627251415062 0.5907264953813796 0.6903900005963082 0.5632628951575084 0.6876263678693779 0.5251765816394984 0.6919445440052067 0.5028947927786218 0.6903900005963082 0.4825561831788682 0.6986808987770996 0.42594489403815267 0.7050717994581263 0.3975744768257574 0.6774354721888219 0.3898017597812655
