19 0.42853456544724006 0.35524265260873145 0.40584914162265856 0.35270864250066647 0.3923344210463121 0.34800262372854585 0.38026770624600276 0.3411245962923695 0.3735103459578295 0.3393145890723231 0.36337430552556976 0.319766511095822 0.346556049064884 0.2838091321032754 0.3301453169364633 0.24797098914635674 0.3151825905840797 0.20670282452929883 0.3021505385997456 0.17738070756454716 0.3007025328237085 0.16326265124818523 0.3031158757837704 0.14878259348781403 0.3089078988879189 0.13176852561937788 0.3166305963601168 0.12127048374310875 0.3253186310163396 0.11258244908688603 0.37889484472971297 0.11222044764287677 0.39578824545014596 0.11222044764287677 0.4609485053718165 0.11403045486292317 0.4778419060922495 0.12887251406730363 0.49425263822067017 0.1563846238120089 0.49666598118073213 0.1813627234486492 0.4985966555487816 0.20489281730925238 0.5029406728768929 0.29032515809544246 0.50438867865293 0.31385525195604563 0.4995619927328063 0.3239912923883055 0.5000446613248187 0.33086931982448176 0.48990862089255877 0.33738534581664886 0.4710845458040762 0.34752138624890866 0.443572436059371 0.347883387692918
20 0.13844836462806567 0.7257453419827071 0.1330286777565044 0.6887929314947893 0.1295797861109654 0.6559052861605424 0.12711629207843753 0.6403852737556168 0.1276089908849431 0.6359509844970668 0.12120390640037065 0.6296690747141207 0.10198865294665335 0.6396462255458585 0.08770038755799177 0.6385376532312209 0.09213467681654192 0.6182138274628661 0.1029740505596645 0.6115623935750409 0.1236674004328985 0.6045414355823365 0.14091185866059353 0.601585242743303 0.20693349873234015 0.5945642847505987 0.24339321041375248 0.5908690437018069 0.27098434357806445 0.586804278548136 0.28231641612769265 0.5794137964505524 0.3069513564529712 0.5698061697236937 0.32764470632620524 0.570545217933452 0.33207899558475534 0.586804278548136 0.33257169439126094 0.6115623935750409 0.3345424896172833 0.644819563014167 0.3409475741018557 0.6662519610971593 0.3452746235655389 0.6899460049395933 0.35387648388019555 0.6913586276194714 0.3602810429347677 0.6912523391334322 0.35646127280386236 0.700101535268177 0.3491823882857368 0.7033478737389764 0.3360205860368 0.6972919859070104 0.325673911100183 0.6928576966484602 0.3158199349700715 0.6854672145508767 0.30448786242044334 0.6850976904459976 0.2961119827098487 0.6891624555996685 0.2675354519325255 0.6939662689630979 0.23353923428364104 0.7009872269558022 0.20644079992583456 0.7050519921094732 0.18821094408512842 0.7061605644241108 0.15520012404925512 0.7250062937729489
31 0.19573088323956053 0.4639161158308117 0.18587330909488625 0.4620678206786854 0.17742395982802261 0.45361847141182177 0.17988835336419118 0.446753375132495 0.17601573495021203 0.43645573071350496 0.1753116225113067 0.4269502127882834 0.17707190360856995 0.422989580319441 0.1746075100724014 0.4134840623942194 0.17495956629185405 0.40345046013981883 0.17812807226692795 0.3984336590126186 0.17214311653623285 0.3934168578854183 0.16651021702499041 0.3891921832519865 0.16580610458608513 0.38338325563101777 0.17143900409732754 0.38021474965594393 0.17707190360856995 0.38338325563101777 0.18235274690035974 0.3815349604788912 0.18870213362662117 0.3733556207295369 0.19433503313786363 0.37256349423576846 0.2017282137463693 0.36913094609610503 0.24080645410561363 0.36200180765218876 0.24819963471411927 0.36622648228562066 0.2541845904448144 0.3635860606397257 0.26087365861441475 0.3635860606397257 0.2636901083700359 0.3596254281708834 0.3038245173876382 0.3601535125000625 0.30452862982654355 0.3633220184751363 0.31192181043504924 0.3646422292980837 0.32177938457972344 0.3633220184751363 0.3224834970186288 0.36622648228562066 0.3316369587243977 0.3651703136272627 0.33374929604111364 0.36833881960233655 0.340438364210714 0.37441178938789477 0.3467753761608618 0.37441178938789477 0.3478315448192197 0.3849734759714744 0.347479488599767 0.40055196368225426 0.34923976969703024 0.40715301779699137 0.3464233199414091 0.41349002974713917 0.3436068701857879 0.4195629995326973 0.3436068701857879 0.42642809581202407 0.3453671512830511 0.43540552940806665 0.34923976969703024 0.44306275218116187 0.35064799457484086 0.4501918906250781 0.3513521070137462 0.45468060742309935 0.3386780831134508 0.4541525230939204 0.33515752091892426 0.45520869175227835 0.3224834970186288 0.4541525230939204 0.318258822385197 0.45652890257522566 0.3189629348241022 0.45943336638571014 0.31016152933778596 0.46550633617126835 0.29431899946241663 0.46629846266503683 0.2876299312928163 0.4649782518420894 0.28129291934266853 0.46629846266503683 0.27249151385635223 0.46761867348798425 0.26545038946729926 0.46550633617126835 0.25172019690864583 0.4699950529692897 0.2457352411779507 0.47210739028600557 0.21651457496338067 0.4718433481214161 0.18729390874881058 0.47263547461518457
29 0.49599502825993474 0.7815625783142853 0.47976759490292403 0.7598672054565427 0.48611746012958046 0.7564276951254372 0.47800374345107516 0.7498132521810037 0.47835651374144483 0.7384364103165776 0.49740610942141394 0.7365843662921363 0.4942311768080858 0.7307636565010347 0.4875285412910596 0.7291761901943705 0.483295297806622 0.7217680140966047 0.4942311768080858 0.713566104845507 0.5168084753917528 0.7064225064655184 0.519983408005081 0.7003372189566396 0.5104586101650964 0.6929290428588739 0.5171612456821226 0.6916061542699871 0.5280971246835863 0.6931936205766511 0.531977597877654 0.6849917113255535 0.5404440848465292 0.6831396673011121 0.546088409492446 0.6900186879633232 0.5559659776228002 0.6942519314477607 0.5609047616879774 0.6942519314477607 0.5683129377857431 0.6926644651410965 0.5739572624316599 0.6955748200366473 0.5739572624316599 0.7043058847232999 0.5841876008523841 0.7119786385388429 0.5961817907249571 0.7114494831032881 0.6042955074034625 0.7230909026854914 0.6014733450805041 0.731821967372144 0.6053538182745718 0.7355260554210268 0.6127619943723376 0.7394947211876872 0.6124092240819677 0.7474320527210075 0.6039427371130927 0.7537819179476639 0.5873625334657122 0.7627775603520937 0.5961817907249571 0.7709794696031913 0.6039427371130927 0.7725669359098556 0.5958290204345873 0.7807688451609534 0.5855986820138632 0.7834146223387267 0.5796015870775767 0.7887061766942738 0.5721934109798109 0.7908227984364925 0.5605519913976077 0.7990247076875905 0.5542021261709513 0.7873832881053872 0.5489105718154043 0.7863249772342777 0.5386802333946802 0.7902936430009379 0.5266860435221071 0.7921456870253794 0.5157501645206434 0.7863249772342777 0.5149184595676969 0.791256092891785 0.5112810022381709 0.7921290826508712 0.5031330978200327 0.7876550101355542 0.5031330978200327 0.7829626901804657
29 0.4744987452354357 0.6992433266120699 0.47723203293840477 0.6896084874591036 0.4739520876948419 0.6855085559046502 0.4635655944235593 0.691453456658608 0.461652293031481 0.697808350568011 0.46547889581563767 0.6990383300343471
29 0.4796919918710769 0.6988333334566245 0.4835185946552338 0.7047782342105823 0.5018316222651267 0.7035482547442462 0.5031982661166112 0.6998583163452379 0.4977316907106729 0.6957583847907842
29 0.612782217471597 0.7196102211917867 0.61226082199644 0.7228689429115182 0.619386560156919 0.7302988284325052 0.6230363284830179 0.7325147592019224 0.6296406711683399 0.7309505727764516 0.6324214470358438 0.7252152225497245 0.6292930741849018 0.7198709189293653 0.6237315224498939 0.7184370813726835
15 0.522361551630989 0.4084458035538124 0.5301714288206474 0.4067230365266819 0.5366030923886013 0.4086180802565254 0.5352248787668968 0.4129249978243517 0.5264961924961022 0.41550914836504754 0.5287932151989428 0.41843785231116937 0.5386704128211579 0.42584575052783064 0.5471693968216684 0.42687941074410896 0.5598030216872922 0.42205566306814335 0.5637079602821213 0.4191269591220216 0.569220814768939 0.41585370177047365 0.5704414100198107 0.4124403588252406 0.568577395651489 0.3986429644083343 0.5675676871197177 0.39617115069696107 0.5673831966066665 0.393974560525916 0.5565686008982996 0.38124834310398364 0.5632299667365375 0.3743572749954616 0.5832140642512516 0.3636761194272524 0.5882675141975011 0.3447256821288167 0.5611626463039809 0.3211237738571286 0.5542715781954588 0.3211237738571286 0.5257884966802342 0.3243970312086766 0.5163707035985873 0.34317519180439926 0.5161634967763334 0.353711777376029 0.5172895126797237 0.3605751387784174 0.5381859072665011 0.36128042145209155 0.5390533272459779 0.35687103655641783 0.5434868071410817 0.3570156065529973 0.5489804670111015 0.35983472148629686 0.5495587469974194 0.3618587014384094 0.5481130470316246 0.3641718213836809 0.5449325071068764 0.3651115263614475 0.5384750472596601 0.3629429764127554 0.5382130987505563 0.3613891164729051 0.5172955947903977 0.3607668149236719 0.5173750007074178 0.36454267910947913 0.5190977739224082 0.3736705984824518 0.523500764038984 0.37574517418880893 0.5283912170363757 0.3767454941200936 0.5253902572425218 0.3792462939483052 0.5209999642107723 0.3820388537564751 0.5201663642680351 0.38337261366485464 0.5205553775746458 0.39312573299488024 0.5206665242336774 0.40683845205290786 0.5207776708927091 0.4083389319498349
27 0.5237213508232692 0.4146297934527798 0.5203306814422707 0.4127444643573107 0.5203306814422707 0.4093684099305406 0.5243059489924069 0.40835997808877805 0.5302688503176113 0.40695694248284764 0.5362317516428157 0.4087107369902607 0.5350040954876265 0.4126567746319401 0.5285150558101982 0.4145421037274091
27 0.5386741499693892 0.3628142174386149 0.5383807910665107 0.3612183130111323 0.539199755320911 0.35704102923893516 0.5434533610818512 0.3571436145573497 0.5488770469922345 0.35988639455100957 0.5494013719530195 0.36186971070702256 0.547965177495217 0.36409239260600257 0.5450016016299103 0.36499856291866367
12 0.6070279048474055 0.45653511062176205 0.6146807141547802 0.44504769898321894 0.6168658881156953 0.43870594411838915 0.6196211074577188 0.43279172328939064 0.6250365385782477 0.42965647369329496 0.6286468259919336 0.4312240984913427 0.629501894063596 0.4347868821232696 0.6279817730473072 0.43970352353532877 0.6245615007606574 0.4473278805076522 0.6217112738551159 0.447969181561399 0.6172459183697675 0.44739913618029076 0.6148394679201898 0.4451508277568033 0.6072214822739246 0.4567767907495884 0.6118203664851433 0.4611119774716315 0.6182756810201564 0.4643396347391382 0.6199846240006956 0.46635559862500864 0.6196929694674717 0.4708397870733261 0.6276405554978228 0.4710038427482645 0.6369735005609874 0.47220691769781303 0.6414212321926519 0.4722616029227925 0.6422961957923237 0.47264439949764886 0.6425149366922415 0.4731365665224642 0.6460147910909282 0.4735740483223001 0.649368818223003 0.4743943266969923 0.6611079131852649 0.4743396414720128 0.6670868311163547 0.47390215967217697 0.6735761444805862 0.4747224380468691 0.6778051352123329 0.47231628814777193 0.680065457844818 0.4682695814992905 0.6807216805445716 0.46559000547529594 0.683127830443669 0.46416818962582945 0.6879401302418632 0.461160502251958 0.69107541647402 0.45815281487808657 0.6953044072057666 0.45273897760511805 0.7004812751704906 0.4518093287804669 0.7004083615371848 0.44896569708153394 0.6985855207045354 0.44732514033214943 0.7033249068694238 0.4445908790831755 0.7025957705363639 0.44218472918407825 0.7055123158686029 0.4396145236100427 0.7050380423784222 0.43604944498274584 0.7068862920299867 0.4330632353579568 0.7103888254182082 0.4333446889337961 0.7121400921123191 0.4333446889337961 0.7150171731097867 0.43071778889262996 0.7198957017576667 0.43099924246846916 0.7206599911731156 0.42880191039904875 0.7228061749738635 0.4277977989112634 0.7261320606703007 0.42683159825897976 0.7304033019223312 0.42696507454810695 0.7334054733979497 0.42396290307248846 0.7413612484468323 0.4258124368195601 0.7480786373059621 0.42660412907795753 0.7494221150777881 0.4255245487255974 0.7488463388898627 0.42329341599738635 0.7523969587154029 0.4225017237389889 0.7582506832926447 0.42329341599738635 0.75882645948057 0.421134255292666 0.7586810902897352 0.4142709672123433 0.7560900974440707 0.4126875826955484 0.7461099768533634 0.4135512469774365 0.7450543871755002 0.4158543517291382 0.7491807831889656 0.41837337255131196 0.7463019022493385 0.42233183384329925 0.7437109094036741 0.4211802814674484 0.7426553197258108 0.41743773624593317 0.7418876181419103 0.41599829577611963 0.7368015951485689 0.41398307911838067 0.7344984903968672 0.4116080023431883 0.7333469380210166 0.4082253172391264 0.729892280893464 0.4063540446283687 0.7310438332693149 0.4022516392894001 0.7290286166115759 0.4000205065611891 0.7313317213632774 0.39735754169203397 0.730084206289439 0.39541429705778564 0.7313317213632774 0.3932551363530653 0.7364177443566188 0.39073611553089166 0.7416956927459352 0.38677765423890437 0.7464938276453138 0.38361088520531456 0.7467817157392764 0.376557626903228 0.7479332681151274 0.37022408883604835 0.7466857530412889 0.36921648050717887 0.7478373054171398 0.3654019632621729 0.7455342006654381 0.360004061500372 0.7418876181419103 0.3574130686547076 0.7411199165580097 0.35273488712781353 0.7379531475244199 0.34956811809422367 0.7321953856451657 0.34323458002704405 0.7267255118598741 0.3435944401444974 0.724038556316222 0.3397799228994915 0.720487936490682 0.3391321746880754 0.7190484960208684 0.3397079508760008 0.7170332793631294 0.3384124544531686 0.7144422865174651 0.33718893005382705 0.7104118532019871 0.3363972377954296 0.7081087484502853 0.3366131538659016 0.7077248976583351 0.3343820211376906 0.7000478818193294 0.3329425806678771 0.6957295604098888 0.330711447939666 0.6917950897923982 0.3309273640101381 0.6886283207588084 0.32826439914098304 0.6779764612821881 0.3287682033054178 0.6741379533626853 0.32545749022484655 0.6599354740605247 0.326465098553716 0.6569606304229102 0.328480315211455 0.649379577281892 0.32869623128192704 0.6462128082483022 0.3287682033054178 0.6467885844362276 0.33056750389268463 0.6438137407986129 0.3317190562685355 0.6402631209730728 0.3343100491141999 0.6352976297389892 0.3362673134394025 0.6342889712540057 0.3377722976420445 0.632022191461687 0.33773752708378696 0.63083725581457 0.3364538467994101 0.6260848867323071 0.3368179576930306 0.6231444908672389 0.337574999912022 0.6202040950021706 0.33770665942836836 0.6169564935989608 0.3398461265689965 0.616693174566268 0.3412614663697196 0.6121728645050436 0.342183082984144 0.6092763551454241 0.345046677464677 0.6084425115418973 0.3478115273079501 0.6061165267531119 0.34850273976876844 0.6039660879861216 0.34988516469040504 0.6017717627136826 0.35317665259906356 0.5997090969575899 0.3539666096971416 0.599094685881307 0.35508571558608554 0.5982169557723314 0.3562706512332026 0.5949254678636728 0.35613899171685626 0.5905807038242434 0.35752141663849285 0.5866309183338532 0.35811388446205145 0.585270436664941 0.3579163951875319 0.5836027494578874 0.363479009753165 0.5831199978979508 0.36397273293946353 0.567452515452736 0.372530601501976 0.5636782759841409 0.3743738347308247 0.5570075271559262 0.38128595933900766 0.567847494001775 0.3937606985128237 0.5678166664963211 0.39615314731332646 0.569027776301325 0.3984643486226656 0.5710597804199518 0.4116307359650785 0.5723256190512274 0.4122053600805917 0.5729918499097933 0.4142040526562901 0.5744908693415671 0.41355447756918823 0.5809199971267303 0.41245519665255403 0.5816195395282246 0.41135591573592 0.5891146366870935 0.41005676556171605 0.5945444181844074 0.41050647139124813 0.5949774682424754 0.4138292977983467 0.5892735282999844 0.414094678049061 0.5883133359380399 0.4163579886165014 0.5883819211067501 0.4202159043564567 0.5885293327032265 0.42395922038282174 0.5869518738228892 0.4268912363451879 0.5848943187615796 0.4296174968014229 0.5801619421205677 0.43023476331981586 0.5781043870592583 0.4326523905168544 0.5780358018905479 0.4400595887375686 0.5825624230254288 0.4435574323417948 0.5864717776419169 0.44623225392149707 0.5916156652951907 0.44648944830416076 0.5970338936233057 0.44715815369908635 0.5972314034114178 0.44837283889596113 0.5973768194668573 0.44926714763692854 0.5998678134664266 0.45084233501900994 0.6043725066753096 0.4536908910187441 0.6064300617366191 0.4562628348453808
27 0.6173254654085207 0.44723314353674637 0.6217189265971853 0.44785463622376637 0.6244005910641198 0.4471793800958861 0.6277387572656933 0.43962622340944973 0.6292838567467546 0.43474597450911273 0.6285206731188238 0.43125852807422327 0.6249756960874836 0.42979003245637415 0.6197689420766538 0.4328394937239527 0.6170609318996416 0.43870967741935474 0.6148745519713262 0.4449327956989248
15 0.7597465438639258 0.4085274060674458 0.7580225730435499 0.4071692584987378 0.7434036849375161 0.40343147460799045 0.7333109813184143 0.39864996837996136 0.7309607524045812 0.3957659256185801 0.7314781712708637 0.39332112147539566 0.7365974980396605 0.39112985649454207 0.7469976172519373 0.3837954440649888 0.747152842911822 0.3765386444653778 0.7487050995106692 0.36998036033524806 0.756155931185136 0.36738033053217883 0.7581221228770093 0.3656728482734468 0.7654177288915914 0.3659444931782451 0.7732307537724562 0.3704072308999311 0.7812507461998337 0.37351174409762555 0.7893224805138395 0.3772759663498302 0.7896329318336092 0.38201034897631436 0.7879254495748771 0.3938851119574962 0.7865284186359145 0.395786626291084 0.7864249348626581 0.39761052779472955 0.7891155129673266 0.3978045598695854 0.7968141692208053 0.4000036323504259 0.8046600609717772 0.4047932755704961 0.808765469446123 0.4094460718414213 0.8080356190506838 0.41724634794267834 0.805937299163796 0.4223781085356106 0.8048425235706369 0.4305205020097297 0.7995637623323901 0.431570661835086 0.7887002436210021 0.4305086344631552 0.779026768822881 0.4309767058243546 0.7693532940247598 0.43261495558855256 0.7601478905878384 0.4351893480751493 0.7554671769758441 0.43589145511694843 0.7545310342534453 0.4390509368050445 0.751098510937983 0.4416253292916412 0.7467298449001218 0.44150831145134134 0.7423611788622607 0.44572095370213594 0.7333117992124055 0.44700814994543436 0.7269148239426803 0.4475932391469336 0.7250425384978827 0.44700814994543436 0.7194256821634899 0.45133781003652884 0.7063196840499064 0.45215693491862785 0.7014829466508459 0.4522739527589277 0.700992915627004 0.44875589529165055 0.6993601855747158 0.44727032470632266 0.7036645311168189 0.44472771351220425 0.7030550662612999 0.44229937697849564 0.7060650351187937 0.43967175592677354 0.7053793871563346 0.435986398128557 0.7070173239555421 0.4332152376136189 0.7099884651261974 0.4334437869344384 0.7122358667809239 0.4335009242646434 0.7152070079515791 0.43090117574032016 0.7200446352422614 0.43121543105644705 0.7211111987394196 0.4294441738200948 0.7231681426267963 0.4282442898857919 0.7269392064203204 0.4273015239374108 0.7305579039999647 0.42727295527230824 0.7335671367240899 0.4244160887620629 0.7400427008139796 0.42613020866821016 0.7457183422810004 0.4269586999561813 0.7486133003447157 0.4269586999561813 0.7500988709300433 0.4256159726963659 0.7494132229675844 0.4236447348042966 0.7522700894778299 0.4229876555069401 0.7584028295864901 0.4236161661391942 0.7593932099767087 0.4212449669356904 0.7592789353162988 0.41455989930171616 0.7565252445177503 0.41226304807352243
27 0.7434876458891452 0.41948981185548634 0.7438905656267899 0.4210007608716544 0.746173777473444 0.42193251276495825 0.7484569893200983 0.4190365271506358 0.7452336314189395 0.41896097969982743
27 0.736873046862809 0.41372302311044445 0.7345898350161549 0.4114314171025894 0.7336496889616503 0.40845988403745864 0.7365708570595753 0.4072007598573185 0.7431854560859115 0.4072007598573185 0.7493299820849952 0.40981973815201 0.7532920261718362 0.41218689161067346 0.7532920261718362 0.41274090624993515 0.7459387409598179 0.41332010337279956 0.7451664781293319 0.41480586990536494 0.7396934850263228 0.41483105238896767
15 0.7819402399412312 0.4783663446801489 0.7800392362767914 0.47663507348574824 0.7807181661569484 0.4721541362767114 0.7803108082288542 0.46950630974409885 0.7770519448041003 0.46706216217553326 0.7725710075950633 0.4655345699451799 0.7809897381090113 0.46115547221816655 0.7928031180237447 0.4555543007068706 0.795518837544373 0.45107336349783383 0.7991004689448963 0.44412198110476114 0.8035814061539329 0.44004840182381855 0.8037171921299644 0.43495642772264026 0.8071118415307498 0.43617850150692306 0.8111854208116924 0.4384189701114415 0.8077907714109069 0.4412704756081013 0.8057539817704358 0.44452933903285535 0.8003225427291789 0.4525746581127168 0.7969278933283935 0.4578703111779422 0.7927185280714197 0.4640825195813797 0.7913606683111054 0.4672395435241101 0.7908175244069797 0.47212783866124114 0.7882375908623829 0.4749793441579009 0.7878302329342886 0.47752533120849
17 0.5198823775186252 0.45248306483140366 0.5286372070558384 0.44553070019891094 0.5364908041406913 0.43819209308683527 0.544730643705127 0.4281497886176791 0.5499278636939529 0.42632127938746434 0.560403687881855 0.4223152781233007 0.569147706457738 0.41686761575658005 0.5715997328308692 0.41669412332451894 0.5740517592040004 0.41436932473489935 0.5778454603850713 0.41336306862894445 0.5830271010226317 0.41371005349306683 0.5846463637218692 0.41246090798222634 0.5889027113884366 0.41235681252298967 0.5918636488956139 0.41336306862894445 0.5920487074898125 0.413744751979479 0.5892265639282842 0.4139529428979525 0.5879774184174437 0.4162083445147476 0.5882087416601919 0.4238420115254391 0.5848776869646174 0.42935907086498426 0.5799273695698055 0.43001834210681666 0.5777529310879721 0.43269012556055875 0.5777066664394225 0.44004620467995237 0.5786083084056381 0.4426294956165886 0.5711071068381918 0.4462042869885748 0.5767330080137766 0.44848980934115606 0.5816556715424134 0.44936885639984125 0.5848593097118435 0.44995488777229803 0.5933762989915485 0.4488414281646302 0.595642286965048 0.4479037779686994 0.596629205176119 0.4499552487813898 0.601416915162158 0.4523379175361242 0.6043253371162939 0.45415008813831653 0.6067863095390242 0.45713681376044835 0.6115292745719226 0.4613652118322305 0.6176145881990377 0.46445261359892853 0.6194043863246599 0.46656681263481964 0.619091171652676 0.47146638500371 0.6267530452907613 0.471526692787398 0.6366912430638212 0.472916356035326 0.6409865658301436 0.47291635603532584 0.6420814520254808 0.47373752068182867 0.6457029986715959 0.4740533532381759 0.6493517358499296 0.4750121647462519 0.6612270399685858 0.47494899823498243 0.6670766054133662 0.4745192422963532 0.6737763903027648 0.47524652157711034 0.6783532200516247 0.4725331835973646 0.6824524305431646 0.46856620570232593 0.6862871758417022 0.4655909722810469 0.6860667881808666 0.46297937850014637 0.6886232850465583 0.46139258734213084 0.6918409448947564 0.45841735392085176 0.695190837339456 0.45388838749068255 0.7031688706617004 0.45273135227129624 0.7131744704636315 0.45226853818354174 0.7199649970788066 0.4515781970440733 0.7250549017655683 0.44759456231011624 0.7272406013461706 0.44805282998222273 0.7424584714274293 0.44603542095321574 0.7469915436708666 0.4416597470515644 0.7514826430231609 0.441911584398422 0.7549244200968819 0.43914137358298816 0.755679932137455 0.43615080508905374 0.7603808959454639 0.4355526913902669 0.7693211217589095 0.43278248057483315 0.7789748867217853 0.43123997682533016 0.7885866787935182 0.4307677817999721 0.7993737118172531 0.43186957019247424 0.8028574617821171 0.43123997682533016 0.8036549467138329 0.43419906565090727 0.8034450822581182 0.4352064150383378 0.8033611364758323 0.43983392628684664 0.7987021455589661 0.44389480350492583 0.7925321305609542 0.4552589637818764 0.7722172512477724 0.4655213356663246 0.7765824319266379 0.46737863609939967 0.7800255407278145 0.4698230021220359 0.7802336183849107 0.4723541908475724 0.7795325905020221 0.47540366213813795 0.7786913570425557 0.4766129352361208 0.7800934128083328 0.47824282506383675 0.7810748518443771 0.48008302325641944 0.7819861880921322 0.4847623843747009 0.7839490661642203 0.4830799174557682 0.7878047195201077 0.47824282506383675 0.7882961087211235 0.47722805441119753 0.7884668803129813 0.4750934095129782 0.7908861445309634 0.472446449839186 0.7911563231440869 0.47182056185344856 0.7916117140557068 0.4673378075671877 0.7933194299742826 0.4637516041381788 0.79721871465503 0.45800940936196866 0.801715699907279 0.450815656054969 0.8056434465200029 0.4450734612787587 0.8087323434996833 0.44104850652948113 0.8115369008069017 0.4385148439621646 0.8142139782365192 0.4357421566243465 0.8182933343197457 0.4337821535062338 0.8138315386037165 0.4392319182736694 0.8121105602561053 0.4428650947852931 0.8128116995829099 0.4442514384542022 0.8140864983589182 0.4455421722149106 0.813895278542517 0.44668949111331807 0.8093697428876874 0.4482670545986284 0.8049079471716583 0.45003583790034 0.8028682691300449 0.45209145092665337 0.803059488946446 0.45467291844807023 0.804398027661255 0.4568241413825842 0.8073300648460741 0.4574934107399887 0.8087960834384836 0.4568241413825842 0.8107720215412965 0.45844950982199484 0.8137040587261155 0.46036170798600734 0.8138315386037165 0.46404268945173144 0.8188669937689493 0.46738903623875333 0.824157408689384 0.4690622096322642 0.8286192044054129 0.468106110550258 0.830148962936623 0.4690622096322642 0.8281730248338102 0.4735080703635933 0.8262608266697977 0.47709344192111675 0.8228826099133757 0.48225637696395046 0.8253684675265919 0.48359491567875923 0.8267070062414007 0.48545930888867134 0.8249860278937894 0.48708467732808186 0.8251772477101906 0.49148273310531065 0.8219265108313695 0.49449444521363034 0.8208429318717623 0.495211519525135 0.8210341516881637 0.5013783586040754 0.822098193458794 0.5036635471966612 0.8210785673648267 0.5068753693926581 0.817917726473528 0.5122284063859863 0.8115204081885615 0.5234505459904545 0.8091627056170904 0.528857181904409 0.8020742900981118 0.5376710669905074 0.7971310529598767 0.5396297081207515 0.7863118924309095 0.5401193684033125 0.7841667140501659 0.5366217949564481 0.7832340277976687 0.5344532994193921 0.7837003709239173 0.5337537847300192 0.787151310058157 0.5325646097580853 0.7888301453126519 0.5348030567640786 0.7955454863306315 0.5331242215095836 0.800022380342618 0.5278079098703498 0.8050015045303174 0.5226074244304831 0.8041620869030699 0.5195995112661796 0.8008976850193298 0.5180605789495594 0.7979130890113388 0.5154024231299424 0.8021101771475762 0.5136536364065102 0.7995919242658338 0.5105058203043322 0.803509206526322 0.5066584895127815 0.8009909536445795 0.500992420528861 0.8027630575243242 0.49497659420025414 0.7989390438890858 0.49091940900189146 0.7932496577488528 0.4922484869117 0.7891458382378653 0.49336771041469646 0.7899852558651128 0.49882392499180506 0.787933346109619 0.501971741093983 0.7818708854683873 0.5042101880999763 0.7809381992158899 0.5078476644847153 0.7855083618531262 0.509736354146022 0.7797257070876437 0.5114851408694543 0.7703055759374222 0.5156122775367543 0.7676007858051803 0.520858637707051 0.7629373545426946 0.5233768905887932 0.7641815513455806 0.5331807216314749 0.7576081575928326 0.5349467080128101 0.7577062679473514 0.5365655288623674 0.7490725567497123 0.5347995424810322 0.738084197043626 0.5372277737553681 0.729156154782431 0.5319298146113624 0.7213255500943496 0.5233279611724013 0.7290851677263299 0.5196906404074106 0.7342259144075168 0.5149621234129226 0.7385906993255058 0.5137981807681256 0.7394636563091035 0.5121977596315297 0.7357778379339127 0.5076147354676414 0.7364847084953269 0.5063150504867121 0.7398795412093183 0.5061695576561126 0.7432743739233095 0.5050056150113155 0.7479301445024977 0.5068242753938109 0.7508400011144905 0.5145353954155912 0.7600545470524671 0.5227557403444704 0.7602485374932665 0.518536448257081 0.7622854371216614 0.5159903237215875 0.7631583941052592 0.5134441991860941 0.7629644036644596 0.5111163138964999 0.759666566170868 0.5110435674812002 0.7547198099304806 0.5070425146397104 0.7504520202328914 0.5026049833064217 0.7481241349432973 0.49933139461792997 0.7401705268705175 0.49918590178733036 0.7411404790745151 0.5012228014157252 0.732895885340536 0.5021685048146228 0.7280461243205484 0.5021685048146228 0.7249422772677563 0.49860393046493184 0.7311499713733405 0.4944573847928424 0.730224595406996 0.4914746328808176 0.7277185306463054 0.4914746328808176 0.724084736743304 0.4927903168801803 0.7214533687445788 0.49654941402121616 0.7173183618894392 0.49739521087794925 0.7178195748415773 0.4928842943087062 0.7134339615103688 0.48997099402440325 0.7105519870355745 0.4915686103093435 0.7098001676073674 0.49495179773627584 0.705958443086552 0.5004298069004113 0.7044548042301376 0.5039069717558695 0.6981896423284111 0.5035310620417659 0.6834038602403364 0.5058804977549134 0.6808977954796457 0.5068202720401723 0.6646321291778521 0.5016836874031929 0.6544272772687322 0.4956348437312548 0.6448808029021359 0.4956348437312548 0.6364864892349564 0.49403004847135285 0.6353343285355397 0.496869301623487 0.6295735250384558 0.5004492295109606 0.6256232597833125 0.5011899042463 0.6252940710120506 0.5035353742415414 0.6285859587246699 0.506621518972122 0.6313840632803964 0.5109421215949349 0.6348405453786468 0.5150158326393014 0.6341821678361229 0.5177316400022124 0.622825155227586 0.5194598810513376 0.6195332675149667 0.5261259536693919 0.6139370584035136 0.5353843878611337 0.6006049131674053 0.5377298578563751 0.5854622296893561 0.5372360746994822 0.5791179596818296 0.5356353155323271 0.5740467213413629 0.5323676954422228 0.5841145545123645 0.526575531895037 0.5895984180397921 0.5213409348915833 0.582286600003222 0.5149846385302468 0.5704879845351202 0.5149846385302468 0.5728144720922107 0.5081298091209623 0.5709865175830682 0.49329845094451036 0.5633423441811993 0.4914289520147055 0.5573599476058237 0.48856238698900467 0.5555319930966812 0.48943481982291365 0.5551996377313826 0.5009010799257169 0.5515437287130975 0.5189729029138305 0.5551996377313826 0.5331810947803475 0.5551996377313826 0.5357983932820743 0.5445642660418261 0.5335549945663085 0.5380833364185026 0.5354244934961133 0.5314671340322183 0.5355820221243591 0.5276141424115953 0.5356737600200874 0.5217979235188691 0.5310623293265686 0.522296456566817 0.5195960692237656 0.5236258780280116 0.5018981460216128 0.5244567664412583 0.4900579861328487 0.5269494316809981 0.47933952560196746 0.5262847209504008 0.4679978987611511 0.5254538325371542 0.45964747020802277 0.5286112085074912 0.46014600325597077 0.537252448005256 0.46326183480564553 0.5352583158134641 0.4606445363039187 0.5287773861901406 0.4579026045402049
27 0.8187513751145882 0.43334220066449886 0.8234397698975829 0.4299907309563425 0.8312781799254022 0.4299907309563425 0.8350875006865851 0.43119945773633334 0.8356735500344595 0.43218841601087127 0.8339154019908367 0.43427621681267353 0.8336223773168995 0.43515529083448506 0.8357468062029438 0.43543000146630123 0.8366991363932397 0.43740791801537704 0.8366587002590998 0.4385480526312145 0.8353400892263827 0.4407457376857434 0.8359261385742569 0.44200940659209736 0.8346075275415398 0.44354778613026746 0.8338017096882124 0.4455257026793433 0.8332156603403382 0.45014084129385373 0.8312377437912624 0.4530527739911044 0.8317505369706523 0.4555801118038125 0.8305051821064194 0.45904146576469523 0.8280877285464378 0.46272258823103096 0.8278679600409847 0.46574440518100796 0.8295528519161235 0.46739266897190457 0.8299923889270293 0.46838162724644244 0.8286737778943121 0.467777263856447 0.824424920122223 0.46860139575189536 0.819150475991354 0.46717290046645166 0.8143155688713908 0.4640961413901114 0.8141690565344223 0.4601952504183229 0.8086748438981003 0.45629435944653424 0.806843439685993 0.45706354921561937 0.8049387793054014 0.45678883858380315 0.8034003997672312 0.45464609565563774 0.8032538874302627 0.4523385263483825 0.8050120354738857 0.45008589916749053 0.8141488502357872 0.4467639886734267 0.8143817561697254 0.4455401071694595 0.8132483195255736 0.44438937346686336 0.8123480388933131 0.44293892133711066 0.8140537539260386 0.43946198751973065 0.8181883760890117 0.4342853738842339
27 0.5603840407743622 0.5002582689576625 0.5600286174926871 0.4948380639121176 0.5661203827358784 0.4947701036751349 0.5689141995345639 0.4957266221163053 0.5670809660438578 0.49289721033258693 0.570763692492507 0.49346982938405376 0.5725741401686465 0.5081825664399777 0.570238752664625 0.5153234628465049 0.5820953353773493 0.5153571463201206 0.5891014978894138 0.5212180707292514 0.5838468760053653 0.5264053256660682 0.5734723661317316 0.5322999335488148 0.5788168106120883 0.5357693313312312 0.5852391262481474 0.537554555432863 0.6005089676205955 0.5380598075370985 0.6143416474521073 0.5356009139631528 0.6193268015472301 0.5271463620856135 0.622964616697725 0.5197023144165451 0.634416997727061 0.517849723367682 0.6352254010938376 0.5149529446367324 0.6320816102230395 0.5113824964334688 0.6287581741596243 0.5062289249702675 0.6257940284814433 0.5035342470810119 0.625749117183289 0.5013111378223761 0.6297911340171722 0.5006037848764465 0.6353677468272978 0.4969085145763294 0.6365684272370451 0.49420698365439786 0.6449039200816378 0.4957828766921913 0.6543939133202182 0.49571360666855196 0.664049478168483 0.5017017172830355 0.6808708748216913 0.5071171146818435 0.6845017526164265 0.5058571458948645 0.6980498040893192 0.5038249381739306 0.7021684117370784 0.5051255511153283 0.7054741362964643 0.5073203354539368 0.7091050140911996 0.5067513172920753 0.7061786349730547 0.5013050005999725 0.7100804737972477 0.4957773955990323 0.7110017412974046 0.49183491262042056 0.7132236217389588 0.49020914644367347 0.7174506137985013 0.49289166063530615 0.7171796527690436 0.49772831501112885 0.7220027590933933 0.4968747877683366 0.7244414083585139 0.49297294894414345 0.7278555173296829 0.4916723360027458 0.7301315899771288 0.4916723360027458 0.7307818964478279 0.4943142060399598 0.7246039849761885 0.4985005539450837 0.7278013251237913 0.5023617486148582 0.7328412002717074 0.5024023927692768 0.7412951843907924 0.5015082213720659 0.7434086804205637 0.5045971771078853 0.7397778026258286 0.5059790783581202 0.7363837952268751 0.5060964264383101 0.7356314745029152 0.5076042568033207 0.7392216433119941 0.5122611765905071 0.7384270977558864 0.5136737020235873 0.7341012386170782 0.5148434496478569 0.7288925510825949 0.5195224401449351 0.7211236612006534 0.5233406729562301 0.7283702159371868 0.5320505704303228 0.7380898182083846 0.5378146934484596 0.7489622494106508 0.5350965856478931 0.75810497564892 0.5370116161437467 0.7581873425519674 0.5353436863570354 0.76494142860186 0.5333051055066106 0.7635411912500529 0.5236681778500566 0.7685655723359487 0.5210736204040614 0.7707071118151831 0.5159462806893561 0.7798498380534524 0.5118691189885063 0.7859773452612461 0.5097257417287978 0.7813298665541599 0.5077208051377272 0.7821993015565333 0.5044331669240487 0.7884132559836955 0.5020495699014159 0.7905003857149563 0.4987409949297016 0.7895042556159456 0.4935468879848599 0.7988963394066182 0.4912344431121564 0.8024065121364656 0.494934354908482 0.8006039910049225 0.5011245919523344 0.8031654684023785 0.5064965792719995 0.7991335132397159 0.5105878278929367 0.8016001211039332 0.5134694899650748 0.7972361225749338 0.5154617501630961 0.8007937300714008 0.5182722600853052 0.803782120368433 0.5196597270089273 0.8047308157008239 0.522505813006101 0.7994655566060529 0.5277710721008718 0.7953387319101511 0.532822874745855 0.7890299079497499 0.5343882220443005 0.7873222563514457 0.5321469293215262 0.7833851707220224 0.5334276680202543 0.7828633882892073 0.534530526344159 0.7859466481194787 0.5402582744134709 0.7872273868182067 0.5404361547882943 0.7974258616414118 0.5400092418887182 0.802596251202944 0.5379102534658028 0.8096165966626387 0.5290873868745648 0.8110870744278449 0.5254586272281685 0.8152138991237465 0.5260278444276032 0.8157831163231815 0.5239288560046876 0.8192458542864093 0.5243201928292991 0.8224714184165393 0.5265614855520733 0.8216650273840068 0.5301190930485401 0.81915098475317 0.5339968852196891 0.8141703342581164 0.5379102534658028 0.8098537704957365 0.5400092418887182 0.806580771598987 0.540471730863259 0.8043513375678676 0.5407207633880117 0.8020270340035092 0.5420726542366691 0.8017424254037918 0.5441360665846199 0.803876989901672 0.5447052837840546 0.8081935536640519 0.5425351432112098 0.8133165084589643 0.5416813174120577 0.8151664643571271 0.5430332082607151 0.8172061593217683 0.5447408598590192 0.8175856374547247 0.5430332082607151 0.8234201137489304 0.5432822407854678 0.8249854610473758 0.5453812292083833 0.8253175044137128 0.5484407716553449 0.8182497241873985 0.5525320202762819 0.8185343327871157 0.5586155290952404 0.8163132340193872 0.5617707714674631 0.8125046186196078 0.5646867426329192 0.8111557339988525 0.5677217330296185 0.8074264647532352 0.5689714349576711 0.8047286955117248 0.5673646753358892 0.804014580124266 0.5712923099669117 0.8029830801201591 0.5737917138230169 0.803935233970104 0.576291117679122 0.8021102724243764 0.5776598388384178 0.8009994262661074 0.5814684542381972 0.8034591570451316 0.5826586465506283 0.807347118599073 0.5839083484786809 0.8071090801365868 0.5867053004128939 0.8060775801324799 0.5887286273440266 0.808299272449018 0.5898593100408362 0.8094101186072868 0.5921206754344552 0.8087753493739903 0.5942630215968311 0.8006820416494591 0.594679588906182 0.791715926229145 0.5933703773625079 0.7887007723709865 0.5925372427438061 0.7860030031294759 0.5905139158126733 0.7825117723463448 0.59229920428132 0.7810041954172655 0.5989047716153123 0.7845747723545586 0.6022968197057409 0.7856062723586656 0.6048557331774677 0.7807661569547792 0.605212790871197 0.7777510030966206 0.6030109350931995 0.7765608107841895 0.6056293581805479 0.7700544261428998 0.6060459254898987 0.7630719645766375 0.6036655408650367 0.7543438876188097 0.6020587812432546 0.7442669260402266 0.6027133870150917 0.7351421183115883 0.6025943677838486 0.7205424259457673 0.6014636850870391 0.7122904259129119 0.6012256466245529 0.7073709643548637 0.6014041754714176 0.7029275797217874 0.6036655408650365 0.6935647335306632 0.6040225985587658 0.6867409642727251 0.604677204330603 0.6827736565646215 0.6043201466368736 0.6819801950230009 0.6022968197057408 0.6738868872984696 0.6028919158619563 0.6671424641946935 0.6025943677838486 0.6593665410868106 0.6018802523963899 0.6487341564290929 0.6011661370089313 0.6508605155269859 0.6039959532375265 0.6431745949061106 0.604100761245993 0.6354886742852353 0.6009565209919986 0.6236104333257009 0.6009565209919986 0.6159245127048256 0.6021094090851299 0.611939025432959 0.5996066164367362 0.6064890089927019 0.5992921924113368 0.6020172006314654 0.6004450805044681 0.5974056482589402 0.6021220086399318 0.5869248474122921 0.6045325928346609 0.5860863833445603 0.5971960322420071 0.5841299671865192 0.5944710240218787 0.5860863833445603 0.5913267837678843 0.5841299671865192 0.5872392714376915 0.5795184148139941 0.5860863833445603 0.572950446283428 0.5846190712260295 0.5693171019899232 0.5846190712260295 0.5668017097867278 0.5837806071582976 0.5628888774706459 0.5767584705910435 0.5633081095045118 0.5736142303370491 0.5570196289965229 0.5702603740661216 0.5525478206352864 0.5654392056766636 0.5491939643643591 0.5658584377105295 0.5454208760595657 0.5637622775411999 0.5426259958337929 0.5617709253803368 0.5436042039128134 0.557683413050144 0.5469580601837407 0.5548535968215489 0.5420670197886384 0.5532814766945517 0.5360580273032268 0.5474122282204288 0.5364772593370927 0.5432199078817695 0.5340125453608563 0.5406990215969358 0.5320798658758171 0.5384932460977063 0.5311035699249306 0.5363752437926343 0.5378513124755915 0.535953509883218 0.5446459143495208 0.5340557072908446 0.5560795892270295 0.536340099300183 0.5556578553176132 0.532825650055047 0.5520965467492088 0.5191544424914687 0.5562416780183537 0.5032661325692066 0.557206373973738 0.5017634331002425 0.5592841806468735 0.5012625332772545
