24 0.10010665002261789 0.689737024968024 0.07677679844484774 0.6815029597052816 0.052760774761849004 0.6681226036533252 0.028058578973621753 0.6495959568121548 0.010218104237679852 0.6228352447082417 0.004042555290623039 0.606367114182757 0.005414899501080108 0.5785771439210013 0.016393653184736665 0.5569627226063025 0.03903733265727831 0.5327751558969966 0.07128742160301944 0.515277767213669 0.11314392002196007 0.5039559274773981 0.13955055712931386 0.5004786337681043 0.16117596738795748 0.502412040240634 0.19486693923552534 0.5062534838821631 0.23391021054218214 0.5183655416871974 0.26547412738269477 0.5420384793175818 0.2952950543997275 0.5573494698151001 0.3126681580541737 0.5700154340611397 0.32874284293119177 0.5763168133116013 0.33596866158143013 0.5779634617390931 0.350225568898555 0.585494560164747 0.36001516554191043 0.5965078563885219 0.36137483174237645 0.6101725017032055 0.3578939382169794 0.6422254901183649 0.32308648348504915 0.6681271312372428 0.2716911011074333 0.6742456291393398 0.24884870893960398 0.6828115262022757 0.21240965476711446 0.6895418738945827 0.18793566315872592 0.6940287723561204 0.14986500954567714 0.6964761715169593 0.11995235313542452 0.6940287723561205
20 0.19343176634442794 0.4988588999252515 0.1915895590459096 0.4858550837004161 0.19083100309946086 0.4767524123430312 0.190397542558633 0.46293585760414335 0.18895198729390209 0.4477146768793939 0.18709476331181774 0.44377466311898855 0.18112378496369758 0.43659296703898887 0.17314363385133716 0.43108268901103963 0.1700746619444161 0.4244979617577808 0.1785530550858624 0.41669721731231535 0.19955881424653274 0.4048133458501113 0.22240000556581294 0.4035211361614308 0.2535246515796001 0.402365413084716 0.28578271375014885 0.4017412833643188 0.3120786330984002 0.39999875417072595 0.33756829208142525 0.399077135424988 0.3670047399647642 0.39813762752220866 0.3730104664340104 0.41838387942916005 0.37190914403029507 0.42449332588947347 0.36735780835160264 0.4372533205600934 0.36248137726728935 0.45237025692146465 0.360639169968771 0.45342681698973253 0.36193955159125457 0.46366732226679047 0.3612893607800127 0.47585839997757373 0.36161445618563365 0.4903251455277032 0.3640023618661042 0.5066991788809756 0.36527719977254774 0.532708250113996 0.36764528534643787 0.5510239119745524 0.36720126930133345 0.5584611807300509 0.36527719977254774 0.5612362810119534 0.3625858492408432 0.5656294434360787 0.3515426405323211 0.5705932919255573 0.3406610643027064 0.5790711491483908 0.33070199424891067 0.5716211930989062 0.3326738502949231 0.5703865762103237 0.32764491455818245 0.5634163750472242 0.33063761010845466 0.5606469765693353 0.3226311689549776 0.550952548463202 0.30081840514613806 0.555782203557817 0.26668488155592157 0.5415768709667578 0.23478360788045502 0.5176418997005552 0.19794491416993515 0.50604701992452
16 0.7067888316628607 0.7261348753139254 0.700053313175701 0.7234761180163624 0.6943812976075664 0.7192221063402616 0.6927860432290285 0.7132399024207444 0.6914541478528968 0.6886181400688294 0.6919858993124095 0.6629611321473461 0.7135699377898339 0.665491705435144 0.7347737441896253 0.6658136086239197 0.7492015112261684 0.6663453600834324 0.7630633444005952 0.6640246350663713 0.7894736668897212 0.6649552001205182 0.8029447038640407 0.6638916972014932 0.8258847199017751 0.6677098832443933 0.8390738463572837 0.6636369138003343 0.845446412573456 0.6620929330257025 0.8504478342471671 0.6588400583361234 0.8509795857066798 0.6721338448239387 0.851156836193184 0.6904792701771236 0.8497388323011503 0.7235807985317835 0.8178337447303938 0.7233149228020272 0.789296416403217 0.7238466742615399 0.7563278259134353 0.7243784257210525
23 0.3150853176538345 0.3370981602589419 0.3278155424701733 0.3479021010570189 0.3321706193810261 0.35129403595874076 0.33468316375267193 0.35619349748345014 0.3330081341715747 0.35895729629226053 0.32480048922419835 0.36435926669129903 0.3035276135442637 0.37478632583362914 0.28341500512164836 0.38642932435912686 0.2691772536823221 0.39070064979092484 0.2507519282902527 0.39359007581831745 0.2274690171130015 0.39158004032100086 0.20586113551684748 0.3847961705175571 0.19329841365861833 0.37537412912388535 0.1844207568788031 0.3657008332930489 0.1787256563030726 0.35200746646757913 0.17956317109362122 0.34233417063674276 0.1844207568788031 0.32977144877851367 0.19463843732349612 0.3182137446689429 0.20552612960062805 0.31230926539557524 0.22462146682513623 0.30640478612220756 0.25058442533214303 0.305274141154967 0.26766972705933456 0.3076610583080305 0.28291249624731923 0.313942419237145 0.2969827447285358 0.32323883341223447
26 0.3163542477194372 0.37064165340395305 0.3208038182202417 0.3792229679412187 0.3254542994874074 0.3880661129630121 0.32767908473780966 0.3909265511421005 0.33133408907775597 0.39354861947293174 0.33832627129330584 0.39307187977641705 0.3604152105651562 0.3878277431147547 0.38981415851689954 0.38008072304638996 0.41539918889652483 0.3740338357273369 0.42411745644689136 0.3713945983289521 0.41659488382489757 0.35874889435232454 0.4012903395249791 0.3390994158655649 0.3844294008894758 0.31594805012373917 0.35330151417777733 0.2929912336738616 0.3390345661015822 0.2789836846535973 0.32632131256718144 0.2813203010023176 0.3260206788201179 0.2835612084659405 0.317235956894445 0.283821282470319 0.2963687765450705 0.28859545352531385 0.28469434345963684 0.29232318092140536 0.27787462512260125 0.2976980436785605 0.2763719753195257 0.30107900573548063 0.2761407984267448 0.30645386849263584 0.2813422785143143 0.31182873124979094 0.287930819958569 0.31685682866777476 0.30573144070269564 0.32821339352563483 0.3237632383396032 0.34295092044041503 0.33254796026527617 0.35066644923697654 0.33543767142503694 0.3557812379897532 0.33416619851474216 0.3595956567206375 0.32584383037463094 0.3650572108125854
23 0.7429782501507214 0.35162318326894193 0.7207851277440506 0.34614017655670565 0.7100802098773036 0.34281120819570504 0.6886703741438093 0.33948223983470444 0.6855372274511029 0.32185828968823055 0.685144449482521 0.2859824202783886 0.6965116439006578 0.2806538429499846 0.7165311061222013 0.2770765208822128 0.7202671173448835 0.28297345043906774 0.7411950986701886 0.28340648606011787 0.7634434107894752 0.28540609502752134 0.8011918872344467 0.2879629164693605 0.8235760624808738 0.29059138272610824 0.8419737616434483 0.29110720291608216 0.8511863711906098 0.2887573428965523 0.8590043849170226 0.2952990757875843 0.8524663652773289 0.3046157312967799 0.846541840864166 0.31931349617285665 0.8420331736648624 0.33896730781718065 0.8347224980485474 0.35267482459777144 0.8033910311214827 0.35208735959288895 0.7668376530399076 0.35149989458800657
31 0.4890808310649888 0.7742661977254841 0.4700327021535164 0.7680286062157413 0.46413046502601785 0.7629982904820778 0.45930136192170096 0.7402612633659189 0.4598379289332917 0.7149084720682549 0.46252076399124553 0.7010248006433437 0.4735203877288564 0.6943847838749079 0.48505657847805794 0.6923726575814425 0.512153212563392 0.6877447671064723 0.5089338104938473 0.682513238743462 0.5242259703241844 0.6802998998206502 0.5438106662472475 0.676879285121759 0.565005063205083 0.6770804977511056 0.5848580426339417 0.682110813484769 0.6009550529816647 0.6879459797358186 0.6114181097076848 0.7046466279715814 0.6146375117772295 0.7211460635779977 0.6090035581555263 0.7275848677170871 0.6191983313757511 0.7370418612963744 0.6127595272366618 0.7565594863429885 0.6162472128120018 0.7784916629417613 0.603906171545414 0.7809062144939198 0.5896871457382586 0.7766807492776425 0.5642002126876969 0.7788940882004545 0.5419326817066799 0.7887535070384349 0.515640898138732 0.789558357555821 0.5110800785402104 0.778692875571108
11 0.4909550432427835 0.36335842671217333 0.5038033320374826 0.3518928018318927 0.5573464370995592 0.3531403751015148 0.5736914861987932 0.3515830648457607 0.5913603448523636 0.34794738041860995 0.6109744037714444 0.33428758938567865 0.6240504430508315 0.32027754730062097 0.6477309457325 0.3054189174542574 0.6617409878175579 0.29210937747345267 0.6682790074572514 0.28055109275328005 0.66547699904024 0.2647897954075902 0.6594059808033816 0.24902849806190028 0.6421269288984771 0.23326720071621035 0.6080358264915035 0.21540439705776182 0.5935587830036105 0.20874962706735947 0.5613356862079778 0.19789184445143973 0.5281785866066747 0.19649084024293398 0.49829049682521837 0.20279535918120994 0.46793540564092667 0.21610489916201478 0.439448320067976 0.2357189580810955 0.4235702723715773 0.26023653172994643 0.4165652513290485 0.2861551095873031 0.4165652513290485 0.3019164069329931 0.42683928219142414 0.3215304658520738 0.4389813186651408 0.3355405079371315 0.45205735794452795 0.3477992947615569 0.4651333972239151 0.35480431580408583 0.4791434393089728 0.3618093368466146
33 0.6128621447871924 0.652889301522423 0.6054435206752672 0.6504312162846217 0.6027524029337712 0.6465627345312212 0.5948599080737138 0.6440408179729131 0.5921507944822326 0.6415735895235284 0.5871195835266245 0.6391063610741438 0.5749285723649588 0.6436054247171392 0.5712519182050912 0.6449116044844607 0.5602219557254888 0.6408479340972387 0.5497565509570241 0.642205052266323 0.5424032426372892 0.6375608575380693 0.5404681615005169 0.6295786478488834 0.542209734523612 0.6252247152911456 0.5433707832056753 0.6217415692449554 0.544725340001416 0.6186938164545389 0.5379525560227129 0.5979400712626555 0.5325343288397503 0.5751544908771611 0.5284706584525283 0.5429353899499015 0.5271161016567878 0.5255196597189503 0.5224719069285341 0.5111516822784157 0.5108614201078999 0.4867696599550841 0.5069912578343553 0.4728370757703232 0.507571782175387 0.45600186988040375 0.5124094850173179 0.44801966019121786 0.5133770255857041 0.439892319416774 0.5122159769036406 0.4165262146902479 0.5145380742677673 0.39911048445929675 0.5143445661540901 0.3792275257789609 0.5104744038805454 0.37168070934554875 0.5089263389711276 0.3660205970204896 0.515118598608799 0.36398876182687867 0.524987512406338 0.3660205970204896 0.5470474373655428 0.36587546593523174 0.5752996219624191 0.3664559902762634 0.5865230925556987 0.3655852037647158 0.6060674120370995 0.36210205771852555 0.6244506828364368 0.3631179753153311 0.6372222183391343 0.36529494159419995 0.6461235915682869 0.36993913632245357 0.6592821432983391 0.37545411756225483 0.6623782731171748 0.37603464190328656 0.667409484072783 0.37356741345390176 0.667409484072783 0.371100185004517 0.6747627923925178 0.36660112136152134 0.6846317061900568 0.36282771314481527 0.6886953765772788 0.3645692861679104 0.6974032416927542 0.3654400726794579 0.7045630418988121 0.36587546593523174 0.7123033664459012 0.36616572810574755 0.7192696585382818 0.3670365146172951 0.7223657883571175 0.3696488741519378 0.7223657883571175 0.3725514958570963 0.7241073613802126 0.3758895108180286 0.7254619181759534 0.380969098802056 0.7254619181759534 0.38938670174701573 0.7266229668580168 0.39635299383939615 0.7254619181759534 0.400561795311876 0.722752804584472 0.40360954810229255 0.7196566747656363 0.4133333308145735 0.7169475611741549 0.4258146041467552 0.7155930043784144 0.4343773381769729 0.7107553015364836 0.4567275253066934 0.7082396960586794 0.4719662892587756 0.705337074353521 0.4819803341415725 0.7047565500124893 0.4869147910403421 0.7103682853091291 0.49213951010962736 0.7184956260835729 0.5009925063103609 0.7221722802434404 0.5099906335963523 0.7246878857212444 0.5171020567739907 0.7328152264956883 0.536114228942779 0.7415230916111638 0.5571582363051782 0.7532833290719329 0.5826574803116352 0.7595793896756386 0.5989583929744512 0.7629176358101158 0.6006917130827375 0.7685669754223078 0.6022324420678807 0.7711348570642133 0.6024250331910236 0.7716484333925944 0.6049287177918815 0.7778113493331675 0.6043509444224527 0.774729891362881 0.6108990426093117 0.7624040594817347 0.6247656034756013 0.7462264051377302 0.633817386263318 0.7323598442714406 0.6355507063716042 0.7007749000760033 0.6345877507558896 0.7002613237476223 0.6313137016624601 0.6966662894489546 0.6293877904310311 0.6946119841354303 0.6320840661550318 0.6948687722996207 0.6347803418790325 0.6833133049110461 0.6376692087261763 0.6699603203731377 0.6401728933270341 0.6655949215818984 0.638054390972462 0.6563505476710386 0.6372840264798904 0.6496740554020844 0.6399803022038911 0.642483986804749 0.6365136619873187 0.6334964010580799 0.63593588861789 0.6342667655506515 0.6392099377113195 0.6260495442965541 0.6444098980361781
34 0.7281998949234193 0.3734969932543738 0.7332481215159423 0.37218475386109534 0.733034798431605 0.3681849460297719 0.7413543987207576 0.3661050459574837 0.759700183973761 0.368184946029772 0.7808191693231485 0.3699448614755542 0.8048679972044355 0.37534196689138716 0.818307351517682 0.3775818592769283 0.8202272592767171 0.38014173628897524 0.8236404286261131 0.38190165173475754 0.8340932597586384 0.39214115978294545 0.8330266443369522 0.41853989146967985 0.8360131675176734 0.4409388153250909 0.8372931060236971 0.463017754553996 0.839852983035744 0.48013693207206004 0.8413462446261047 0.48429673221663644 0.8445460908911635 0.49197636325277744 0.8428395062164654 0.5018958866744594 0.841559567710442 0.5162951948672235 0.838999690698395 0.5318144492527583 0.8396396599514069 0.5362942340238406 0.844972737059838 0.5634929272768396 0.8492391987465829 0.5860518434455035 0.8383597214453835 0.6015710978310382 0.8317467058309286 0.5994911977587501 0.8272669210598464 0.5994911977587501 0.8247070440477995 0.597251305373209 0.8215071977827406 0.5943714437346562 0.8070012280478079 0.5894116820238152 0.8031614125297374 0.5932514975418857 0.7954817814935964 0.5940514591081503 0.7888687658791418 0.5836519587467095 0.7826823964333616 0.5874917742647799 0.7762827039032442 0.5858918511322506 0.7760827378164583 0.5926921051466465 0.78144717452916 0.6003670905736191 0.7798367621859056 0.6046411221066537 0.7781211762078479 0.6040235111545529 0.7720136901259624 0.6045896545273121 0.771258832295617 0.6020677431395672 0.767690413461257 0.601707470084175 0.7632985133574295 0.6002149102832648 0.7597300945230694 0.598670882903013 0.7537598553194285 0.5827674008864182 0.7473092520419317 0.5688711544641508 0.7401037909340893 0.552401529074797 0.7309082500917001 0.5304248726958779 0.7232910483491239 0.5115362710774627 0.7186246544888071 0.5006251442570158 0.7111767880499977 0.4918656283439253 0.7051949272159324 0.48673831905758347 0.708992934094704 0.47256700589116674 0.7114616385659057 0.45746992854804913 0.7147848945848309 0.4401652597066457 0.7199122038711727 0.4162378163703842 0.7228556592022207 0.4037756062994146 0.7259890148772074 0.4006422506244279 0.7270334667688697 0.3954437287091091 0.7258940647052381 0.389034592101182 0.7261789152211461 0.379776950334176 0.7247546626416066 0.3757890431114658
