16 0.4989484226707436 0.4263294290265782 0.49222152090537824 0.441108359609718 0.48742826194539857 0.44516458324352326 0.4768885386405753 0.44852803412620623 0.46553746099844856 0.44772887308941234 0.43220343842473297 0.4406120656314398 0.3753050609926831 0.4309421443437269 0.3467157284898798 0.4246356739386967 0.3364120335484975 0.41758140225277357 0.3336091578129286 0.41261990752902805 0.3359407187750143 0.4069608204845567 0.344024428221349 0.38422405438633656 0.3557239028409132 0.3602420396638257 0.3615709698883952 0.34580479387581986 0.3660555710653056 0.3441230684344785 0.4041746810690434 0.35084997019984393 0.4385721237756328 0.357968080010204 0.4840176751123042 0.3665228237936146 0.5061993578437534 0.3718715382166111 0.5092825211528792 0.3735532636579525 0.5131197441298943 0.37520091347495776 0.5162897104918015 0.37775757726130593 0.5168797940222829 0.38578747479155434 0.5119469603624528 0.39623357219814404 0.5091440846268837 0.4024362152086775 0.5077437849329544 0.4075877798183726 0.5016341987337272 0.41898112823130373
11 0.2562027878578212 0.42772787336387585 0.26654065909849894 0.43349250492515823 0.27605902310247715 0.4319695886504298 0.29224396164466526 0.42646743831432216 0.3133968579160887 0.41696950956087064 0.32522578017313464 0.40945466483286486 0.3330189524836591 0.4012092102007475 0.3382835602567276 0.3943596909944497 0.3466880396578077 0.37645791633428405 0.3480150723314756 0.3692478433836752 0.34693533160959555 0.36123441116149513 0.34359540061937077 0.34912716132193045 0.3384463403427742 0.34004672394225693 0.335663064517587 0.3351412003003643 0.32160752160039124 0.3307575408756943 0.32146835780913185 0.3248082887993565 0.31019609071712334 0.32084212074846463 0.3108919096734201 0.31280541180323634 0.29113065131459037 0.3032031102063402 0.27498765152850413 0.29955006068578194 0.2663594964704235 0.29892382362511477 0.2577313414123429 0.2949576555742229 0.252025625970709 0.29391392713977765 0.23852673821855064 0.2937051814528886 0.22920276420417315 0.2915133517405536 0.213477255791865 0.28994775908888576 0.19858673012711306 0.28900840349788504 0.1905152302340699 0.28890403065444054 0.18355704067110168 0.2880690479068843 0.17409390286546494 0.28890403065444054 0.17437223044798367 0.29433141851355576 0.17943226982999036 0.29735654123863453 0.17632502948511453 0.2991325693120038 0.17660335706763328 0.3036189118453059 0.1785060132080945 0.30494491057683215 0.1736764114916868 0.3090479894392335 0.17131062704027764 0.3120748018991247 0.17131062704027764 0.31687595269757274 0.1788823736042026 0.32136398496568724 0.17205658889324407 0.32560904384403533 0.16575083432915272 0.33082937575107396 0.1624041443996783 0.3376461485430329 0.16922317017138713 0.34140357090703577 0.17729467006443028 0.33889862266436716 0.18077376484591437 0.34004672394225693 0.18411369583613912 0.3407773338463686 0.18160874759347057 0.3456828574882612 0.17298059253539003 0.3507971268170428 0.17270226495287125 0.3542414306507121 0.17005815291894333 0.35538953192860184 0.1690840063801278 0.3569551245802697 0.16950149775390586 0.35820759870160396 0.17270226495287125 0.3577901073278259 0.17395473907420553 0.358207598701604 0.17609008586001573 0.3609162234267243 0.17576386836057728 0.3672880360812776 0.18008695780861717 0.3688878564358227 0.1794345228097402 0.3729241696272818 0.18188707517598932 0.38043901435528743 0.17952354370433002 0.38548820774793924 0.189506134314662 0.3880020376712988 0.20844535046226295 0.3962643896515403 0.22134587472954184 0.4036934486190381 0.2339568065155525 0.41443878228938674 0.2439879207739142 0.42170263796019297
13 0.46430430188290045 0.288188708780209 0.4645223328494021 0.29178621972748514 0.47476978827497623 0.2944025913255041 0.4776041908394969 0.29227678940211366 0.47607797407398583 0.2891698481294661
13 0.42744190385972397 0.27842601587053006 0.4299581064129112 0.2820050970884259 0.4360316987826739 0.2836970263914312 0.43958908859924906 0.2864301429578244 0.44201852554715415 0.28857759168856184 0.4386346669411435 0.2900742983796819 0.43021840322875815 0.2888378885044088 0.4300448720181935 0.28701581079348004 0.4322140121502516 0.2853889556944365 0.4240580452537133 0.2851286588785895 0.42232273314806684 0.2864952171617861 0.41824474969979764 0.28610477193801565 0.41859181212092694 0.289293407932141 0.42006682741072643 0.29215667290645764 0.4140800006462461 0.2914408566628785 0.4097417203821301 0.2907250404192993 0.40991525159269465 0.28890296270837057 0.4142535318568108 0.28584447512216865 0.41676973440999815 0.2844779168389721 0.41893887454205625 0.2844128426350103 0.4194594681737502 0.2828510617399285 0.41520795351491635 0.2828510617399285 0.4172903280416921 0.2801179451735354 0.41902564014733856 0.27731975440318046 0.42388451404314864 0.27692930917941
20 0.583977963035861 0.4014848495871543 0.585110753944324 0.3760832423804611 0.5865462027727306 0.33269507620714217 0.5975425695288747 0.31933449059842695 0.6116179189767393 0.3025100494615264 0.6001816975503494 0.2924483738796544 0.6116179189767393 0.29459266539710255 0.6380091991914854 0.2978915754239458 0.6943105969829435 0.30283994046421064 0.7127844931332656 0.30234510396018416 0.7259801332406387 0.30399455897360583 0.7739242922974277 0.3063037959923961 0.827586562067411 0.30828314200850204 0.8328648181103602 0.30646874149373826 0.8328648181103602 0.30877797851252853 0.827586562067411 0.32411791013734964 0.8152706313005296 0.3615605389420206 0.8227481606947076 0.36222032094738926 0.8385829288235552 0.3618904299447049 0.8401224201694153 0.36353988495812656 0.8381430741533094 0.3740963970440249 0.8304456174240086 0.4174770638970138 0.8091126659170889 0.41846673690506675 0.7759036383135335 0.4168172818916452 0.7301587526079735 0.40955967983258995 0.6910116869561002 0.402467023274877 0.6589022960281593 0.3999928407547445 0.6355899985051338 0.4039515327869564 0.6175559570250573 0.40741538831514185 0.5982023515342435 0.40411647828829866
19 0.0751425550335191 0.48425202132712286 0.0674118394950912 0.4768305344102322 0.05999035257820043 0.4682494401625771 0.05380578014745811 0.4561895239226297 0.049167350824401386 0.4469126652765162 0.049167350824401386 0.4327654558411932 0.05380578014745811 0.4195459322704815 0.06060880982127466 0.41003715215821523 0.07143181157507371 0.3993687647151847 0.08689324265192949 0.3891642202044599 0.11441458996873279 0.38243849768602767 0.13544213623325663 0.38104696888911066 0.1688388273592651 0.3831342620844861 0.18430025843612088 0.38846845580600137 0.20532780470064477 0.39774531445211486 0.22759226545131706 0.41142868095513224 0.2322306947743738 0.41769056054125886 0.2628443283065482 0.43438890610426306 0.2745950159249586 0.4397230998257783 0.2897472183802773 0.4489999584718917 0.31881470880476614 0.4691771260271886 0.3302561678016394 0.47752629880869063 0.34169762679851273 0.48912237211633247 0.34293454128466117 0.5030376600855027 0.3404607123123643 0.5183444768515899 0.3339669112600848 0.5255340423023278 0.3172685656970806 0.5410727805345678 0.28356264594953495 0.54942195331607 0.26129818519886266 0.5491900318499172 0.22913840855900264 0.5389854873391924 0.18955714500225185 0.526693649633092 0.13791596520555355 0.511154911400852 0.11534227583334411 0.5058207176793368 0.09493318681189447 0.4967757804993761 0.08225481332887273 0.49051390091324953
14 0.31526467501025085 0.6168454059576094 0.33995810300137685 0.6295552586001008 0.34141065758909017 0.6357286155978822 0.32882185116224155 0.6466227750057318 0.29880238968283357 0.6695005097622162 0.27217222224142323 0.6593326276482232 0.25570993691400595 0.6513435774157998 0.23246906351059335 0.6419019725956636 0.20287345741728952 0.6358557707714926 0.17479073538816592 0.6329506615960659 0.1578442651981775 0.6325875229491377 0.15639171061046422 0.6253247500105713 0.1622019289613174 0.6267773045982845 0.1776958445635925 0.6133411746619366 0.1946423147535809 0.599178767431732 0.21207296980614035 0.5821112510261008 0.21207296980614035 0.5668594278551113 0.22611433082070218 0.5748484780875344 0.2275668854084155 0.5788430032037459 0.24015569183526397 0.5828375283199576 0.2614598257883923 0.5980893514909471 0.2788904808409517 0.6020838766071587 0.2968053207560823 0.6097097881926534
26 0.5854563991958548 0.8105986598703532 0.5787270276602127 0.8242256372300285 0.5652682845889284 0.8277585572862407 0.5528189472479904 0.8196833114434701 0.5393602041767062 0.8116080656006995 0.5299390840268072 0.8118604170332863 0.5222003067608187 0.8073180912467276 0.5178262152626514 0.8012616568646497 0.5137885923412661 0.7833447051510026 0.5097498938248919 0.7585684063552598 0.5073946137874172 0.7489790519169698 0.5077310823641993 0.7421655632371322 0.5137875167462773 0.7391373460460933 0.5497896544619626 0.7373708860179871 0.6032881581703176 0.7361091288550541 0.6352526729646178 0.7340903173943616 0.648711416035902 0.7333332630966019 0.6601513476464936 0.735099723124708 0.6648619077214432 0.7373708860179871 0.6682265934892642 0.7426702661023054 0.6712548106803032 0.763363083574405 0.6729371535642137 0.7759806552037335 0.676301839332035 0.7777471152318399 0.6746194964481242 0.7827941438835715 0.673610090717778 0.7959164183780737 0.6702454049499569 0.802982258490498 0.6631795648375326 0.8072722328444698 0.6413091073466959 0.8080292871422298 0.6143916212041272 0.8097957471703355
33 0.5624564947589951 0.6874952352669976 0.5589710943267162 0.6992584617259386 0.5698629706775875 0.7005654868880433 0.5811905220824937 0.7031795372122525 0.5811905220824937 0.6963176551112034 0.5724770210017966 0.6901092855912068
33 0.5293451906523462 0.615608851351247 0.5306522158144508 0.6283523466817664 0.5276024904362069 0.6384817916880767 0.5158392639772658 0.6332536910396586 0.5206316895716492 0.6159356076417731
33 0.6796637501110915 0.5893690884919776 0.692458755138119 0.5666244983510754 0.7008531921507276 0.5603286705916191 0.6906481902922624 0.5553907664665553 0.6743531066795515 0.5565017948946945 0.6654648792544368 0.5567486901009477 0.655589071004309 0.5618100418291382 0.6445610851249998 0.5690934504136074 0.6368250353290664 0.5816851059325202 0.6427505202791431 0.5877340384857234 0.6509803604875829 0.588474724104483 0.6621729431710609 0.5873636956763436 0.6745177034837205 0.5904498857545085
33 0.6878235337983709 0.46893783807390577 0.6783080418528905 0.46985278922250956 0.6758681721232801 0.46628447974295445 0.680991898555462 0.46289916049312013 0.6879455272848515 0.4584158998649611 0.6906293839874228 0.4595138412432858 0.6930692537170331 0.4621671995742371 0.6924592862846305 0.4646375676754675
33 0.7185416353702427 0.46516116395020973 0.7135399024245416 0.4624163105043981 0.7219574529916971 0.45344978924808016 0.7302530100723723 0.4456727044849472 0.7330588602614242 0.44695363609299266 0.7395245150448915 0.450338955342827 0.7375726192612033 0.45308380878863863 0.7379385997206449 0.45656062315333334 0.7383045801800864 0.4635142518827228 0.7324488928290216 0.4643377079164663 0.724275329234827 0.46406322257188504 0.7222014399646582 0.4626907958489793
33 0.7760763880368906 0.552319946443928 0.781777243381834 0.5667397570223144 0.7750703547407239 0.5633024765937457 0.7752939176954277 0.5605358850292878 0.7619919218905596 0.5526552908759836 0.7593091664341156 0.5514815853637893 0.755061470294746 0.5554218824404414 0.747147394619648 0.5577616266163058 0.7425643540482229 0.5618695959089857 0.7295977026754104 0.5693310095222205 0.720543403009912 0.5743611760030529 0.7265796027869108 0.578972161943816 0.7444646391632042 0.5894516754455503 0.7515068722363695 0.5919667586859666 0.7534071573513504 0.5922182670100082 0.7584373238321831 0.5891163310134948 0.761790768152738 0.5896193476615781 0.7692801271353108 0.5847568533967733 0.773863167706736 0.5822417701563571 0.777216612027291 0.5834154756685515 0.7842588451004563 0.5820740979403294 0.7861591302154376 0.5797266869159409 0.7866062561248449 0.5749480287591501 0.7847059710098637 0.5681573040100263 0.7933131447659548 0.566983598497832 0.7996846889750092 0.5648876957974852 0.8035970406823235 0.5596898571006249 0.8109746181875443 0.5523122795954041 0.8126513403478218 0.5435933243619611 0.81253955887047 0.5357127302086568 0.8127631218251736 0.5316047609159771 0.809856803414026 0.522969641790548 0.8041559480690826 0.5178556392017017 0.8073976109122857 0.5160950809334103 0.8118688700063591 0.5100588811564114 0.8155576587589694 0.5024297953271487 0.8153340958042656 0.4992440232226215 0.8075093923896375 0.493627003985692 0.7947663039715287 0.4908604124212341 0.7872769449889561 0.4923694623654839 0.7787815527102167 0.49563907057802503 0.7740867306614397 0.49983087597871867 0.7706215048635329 0.5106457339125084 0.7735278232746805 0.5133284893689525 0.7755398898670136 0.516262753149438 0.7760987972537727 0.5187778363898543 0.7702861604314775 0.5193646891459514 0.7674916234976817 0.5218797723863676 0.7646970865638858 0.5254847250309641 0.7636910532677192 0.5321916136720741 0.7679387494070888 0.5331976469682406 0.7739749491840878 0.5361319107487261 0.7773283935046428 0.5375571245849621 0.7800111489610867 0.5370541079368788 0.7879476338530668 0.5393176828532534 0.7841470636231045 0.5430064716058639 0.7774401749819946 0.5490426713828629
33 0.7846435872162487 0.6556313200957721 0.7844381099969155 0.6598551720844023 0.7820505743222548 0.6617453044935089 0.7788671934227068 0.6675151823739393 0.7791324751643358 0.6701016793548217 0.7820505743222548 0.671593889151485 0.7823158560638837 0.6756725959290306 0.7917333578917127 0.6790549381348002 0.7973042744659214 0.6819398770750155 0.7977021970783649 0.6857201418932284 0.8012835005903564 0.6872123516898916 0.8073849806478229 0.6825367609936807 0.8107010024181853 0.6744788280917001 0.8116294885138867 0.6665203758428305 0.8109662841598143 0.6626406303715064 0.8051300858439765 0.6609494592686218 0.7995591692697679 0.6567712718379652 0.793988252695559 0.6541847748570827 0.7865603639299475 0.6527920457135304 0.7888152587337939 0.64931022285465 0.7983654014324373 0.6449330741177718 0.8040689588774605 0.64015800276845 0.7998244510113968 0.6334927990100218 0.7930597665998576 0.6249374628424869 0.7905395900543823 0.6215551206367173 0.7847033917385445 0.6158847234093976 0.7795303977767793 0.6170784912467281 0.766531592436959 0.6249374628424867 0.7506146879392196 0.6333933183569107 0.7461048983315268 0.6311052633353608 0.7368200373745123 0.6237436950051564 0.7369526782453267 0.6142930329596237 0.7389422913075443 0.6074288678949736 0.7339019382165936 0.6037480837298714 0.7275351764174978 0.6038475643829823 0.7239538729055064 0.6030517191580953 0.7187808789437411 0.6000672995647693 0.7197093650394426 0.5983761284618845 0.7162607023982659 0.5945958636436713 0.704986228379034 0.5929046925407866 0.6950381630679469 0.5932031345001192 0.6834984073070859 0.5938994990718953 0.6755399550582162 0.5970828799714432 0.6677141436801611 0.599470415646104 0.6653266080055001 0.6032506804643172 0.6625411497183957 0.6037480837298714 0.658031360110703 0.5997688576054366 0.6503381896034626 0.5936010571125627 0.6410533286464478 0.5917109247034561 0.6357476938138681 0.5905171568661257 0.6322990311726913 0.6023553545863193 0.6256669876319666 0.6150888781845106 0.6250037832778942 0.6184712203902802 0.6354824120722391 0.6188691430027238 0.6496749852493899 0.6202618721462759 0.6636022766849117 0.6213561593304955 0.6678467845509757 0.6216546012898281 0.6695711158715639 0.6188691430027238 0.6675187592880495 0.6119442164719742 0.6655159018086669 0.6059146158192225 0.6726991498509682 0.6081540183408872 0.6779186782489208 0.6107112230776914 0.686460093956301 0.6148133503582096 0.6869845668506138 0.6182411553460399 0.6833881812896118 0.6182411553460399 0.6777688288505456 0.6185783164923838 0.6759706360700446 0.6214441862363075 0.6723742505090423 0.6294798602241719 0.6703512836309785 0.6353239867608006 0.6666799733707889 0.641842435590117 0.6607609221349726 0.6492599808096842 0.6566400636796575 0.6551603008707034 0.6480986479722772 0.663476942480521 0.6483983467690274 0.6659494575537102 0.6494472925576531 0.6689277143464151 0.6457010575982758 0.6716811970415574 0.6445022624112751 0.6731422286757147 0.645326434102338 0.6746594538342624 0.6461506057934011 0.6758957113708568 0.6419548226388982 0.6783120329196553 0.6396321569640846 0.6844371270782371 0.6410557262486478 0.6865162874806917 0.6458509069966509 0.6871906097733796 0.6510207112405915 0.6869096421514265 0.6545421721024063 0.6860667392855663 0.6624092655170987 0.6858981587123943 0.670800831826104 0.6850552558465346 0.6758207866716696 0.6852800299440972 0.6786679252407963 0.6839875788831119 0.6821144614034234 0.6834256436392054 0.683163407192049 0.6850552558465346 0.6893072325254278 0.6861791263343477 0.6951513590620564 0.6874715773953329 0.6979235729319957 0.6863477069075197 0.70084563620031 0.6872468032977703 0.7057157416475006 0.6882020932124113 0.7078885579239393 0.6903374471392566 0.7119344916800668 0.6911803500051164 0.7141073079565058 0.6927537686880549 0.7172541453223826 0.692585188114883 0.7201012838915095 0.6903936406636472 0.7215248531760728 0.6903936406636472 0.722498874265511 0.6937090586026962 0.7273689797127015 0.6939900262246497 0.7313399887696415 0.6965749283466196 0.7366596424119572 0.6973616376880889 0.74512613342015 0.6978111858832143 0.7514947328510914 0.6949453161392906 0.7544167961194057 0.6926975751636643 0.7525436786397173 0.6876963514928955 0.7468494015014635 0.6799416451269845 0.7395817056802716 0.6724679063830269 0.745950305111213 0.6659494575537102 0.7499213141681529 0.661847330273192 0.7522419123061791 0.6582049578115174 0.7508866888021202 0.6506209185868793 0.7535971358102381 0.6506991045582674 0.7563075828183563 0.6519500801004757 0.7614095825599844 0.6516925739718896 0.76287520441495 0.652731939814356 0.763531289805284 0.6545440555316564 0.7598438130025387 0.6574812953045934 0.7611704890170534 0.667000110794038 0.7613227507159864 0.6687187400451328 0.7644397845970303 0.6689486851675048 0.7677612141424052 0.6658827502025434 0.7700606653661262 0.6628934636117062 0.775681546135222 0.6592909900278765 0.7781853930232738 0.6571831597394656 0.7793095691770929 0.6554202471346128
