26 0.5882844117599092 0.7226100162731314 0.5934622704957784 0.7273895781831646 0.5942588641474505 0.742325709152018 0.5942588641474505 0.7689120222765772 0.5934622704957784 0.7901213282523493 0.5878861149340731 0.7975893937367757 0.5771321006364987 0.8008753425499237 0.5516411037829887 0.7999791746917925 0.5006591100759687 0.7978881163561531 0.4867187211717055 0.8008753425499237 0.46720217670573694 0.8083434080343505 0.4568464592339986 0.7999791746917925 0.45246519414980146 0.7946021675430053 0.441711179852227 0.7946021675430053 0.4293639782513082 0.7904200508717261 0.4237878226896028 0.781458372290414 0.42458441634127503 0.7309742496156895 0.4245844163412751 0.719921512698738 0.4281690877737998 0.7142457829305734 0.4437026639814075 0.712154724594934 0.5142012021543959 0.716038118646836 0.5492678203296337 0.717312550650214 0.5759372101589904 0.7190253448406065
16 0.3341721744555102 0.292823970627586 0.3174518196578536 0.28550077050512496 0.3066982520652482 0.2814719723912811 0.3066173819988976 0.2738232696912377 0.3080346136565811 0.27310100745909016 0.3047161297774973 0.24320169838766362 0.30407524178844253 0.2235939733821542 0.3014867573240237 0.19798020068241334 0.305155518573139 0.19344091728124468 0.31328421129250983 0.1878387101368134 0.3253674031726558 0.18470806496786651 0.3359127342680558 0.18619100215315712 0.3455792877721725 0.18717962694335089 0.3732607818975977 0.18668531454825404 0.394468704563564 0.18580940143212454 0.41419807265483116 0.1851119055176666 0.4212498572414019 0.18546621343208744 0.425207725054073 0.18902799195744616 0.42605348088843686 0.2023385403929885 0.4294690571313538 0.24243568660520418 0.43153357138663606 0.26737391936778226 0.4319511440135539 0.27370941404158755 0.43215916397172094 0.2807922593054335 0.429106791281537 0.28508620542561813 0.4236144313360161 0.28911490892230457 0.413904245494452 0.29180908390552324 0.404677080785977 0.29180908390552324 0.37194261551067265 0.29230339630062013 0.3422939777605485 0.2927729423780273
11 0.1503276049862211 0.3327440877909599 0.15199733750582933 0.32397799206301675 0.1571735083166148 0.3148362065181618 0.1683607161979898 0.3050682712784537 0.1836705771569034 0.29391466676403577 0.1950247582902393 0.28464765128021013 0.21122116373043898 0.27700862500300255 0.22324323787161812 0.27462925616256084 0.2295882214461293 0.27224988732211913 0.2507938244451536 0.2711228178713836 0.2628158985863328 0.27337695677285473 0.2714985076882955 0.27300126695594285 0.2851903143490828 0.2756310956743258 0.3052271045843814 0.28176736268388597 0.3230932425441893 0.2897820787780054 0.3367850492049766 0.29441558651991817 0.36133011724321734 0.30731427023389163 0.37786046918733873 0.3182092749243352 0.38687702479322306 0.32534738144566033 0.3937229281236167 0.3367433058919864 0.3937229281236167 0.33962359448831053 0.39071740958832196 0.3421281932677229 0.39004951658047865 0.34838969021625377 0.38337058650204575 0.34976721954493045 0.3775265226834171 0.35139520875154845 0.3701796995971409 0.3576567057000793 0.36483655553439465 0.3594099248456679 0.36299984976282557 0.3636677427706688 0.3614970904951782 0.3674246409397873 0.35899249171576586 0.37406182770522994 0.35698881269223603 0.3763159666067011 0.36249893000694317 0.38332884318905547 0.3444300388126114 0.387568771122775 0.3501548360226967 0.3916834691175237 0.35349430106191304 0.3957981671122725 0.3556411000156951 0.39883946563013034 0.3539713674960868 0.39955506528139106 0.34729243741765403 0.39848166580450006 0.34466857202969825 0.40205966406080335 0.34156764020756875 0.4093945604862252 0.3363318360925116 0.40878630078265366 0.3155794462059524 0.40216700400849253 0.30890051612751956 0.39966240522908014 0.299359187444044 0.3862449117679428 0.29005639197765537 0.37264851839399016 0.26739573635440106 0.35672642615344047 0.24091854925775652 0.3449190319076395 0.21801936041741532 0.33794193530784805 0.1948816383599872 0.3331116376618386 0.16959711734877714 0.33221713809776277
24 0.30703434675718455 0.5337390299478952 0.26101203915208665 0.534541744615426 0.23171696736055092 0.5330025392404357 0.20603009799956606 0.5319991459060223 0.18649737442298384 0.528988965902782 0.152248215275004 0.5259787858995415 0.11773148457118063 0.5201591045599434 0.0762578934154238 0.5029007392080316 0.04736016538431583 0.4802240498502872 0.03184101514538748 0.4531324298211235 0.025419297805141267 0.42062248578612693 0.041206019599913206 0.3849016830810076 0.06501988806999293 0.36222499372326294 0.0973960463270676 0.3459700217057648 0.13057491925167303 0.337942875030457 0.17285122507496062 0.3337286230259204 0.19746780821257107 0.3361367670285127 0.22047896201512004 0.3413544123674627 0.2574038367215358 0.35399716838107254 0.2718527007370898 0.3636297443914419 0.28630156475264373 0.37466707106999003 0.2988774278772926 0.39072136442060557 0.3082424323318183 0.40175869109915374 0.3157344358954389 0.40938448044069614 0.3333941585811161 0.43446931380103293 0.3331265870252724 0.44370053247763686 0.340618590588893 0.45313242982112345 0.3515890243784803 0.46276500583149277 0.356405312383665 0.4736016538431583 0.35587016927197773 0.48504033785547185 0.35132145282263666 0.5081183845469817 0.33714016036292627 0.5149414592209932 0.32697244124086977 0.5237713205638318
31 0.26791115243178865 0.6782132181793341 0.26088776089798277 0.682310196574054 0.2355255136925728 0.6755794463541568 0.21484552750970004 0.6697266200759852 0.20548100546462555 0.6635811524839051 0.1972870486751854 0.6407551299990363 0.20079874444208834 0.6305126840122359 0.19962817918645398 0.6094425094108183 0.21016326648716277 0.598614780796201 0.21094364332425233 0.608271944155184 0.2187474116951477 0.6188070314558928 0.22694136848458787 0.6278789121870587 0.22733155690313267 0.6155879770028985 0.23084325267003558 0.6041749657604639 0.24254890522637865 0.5918840305763038 0.2698620945245125 0.5880796934954923 0.2815677470808556 0.5828121498451379 0.2753247323841393 0.5798857367060521 0.2975654722411911 0.5740329104278805 0.3151239510757058 0.5737402691139719 0.33190205307313086 0.577837247508692 0.3371227936226807 0.5846973451893367 0.34414618515648665 0.5911354540953254 0.3394639241339493 0.6013779000821257 0.3425854314823075 0.6089865742437487 0.34024430097103886 0.6189363789166402 0.34180505464521793 0.6262524117643546 0.3480480693419343 0.6359095751233377 0.3503891998532028 0.6429329666571436 0.3499990114346581 0.6467373037379551 0.36053409873536685 0.6511269234465837 0.3406344893895836 0.6599061628638411 0.328148459996151 0.6642957825724697 0.31215073483581546 0.6672221957115555 0.29342169074566654 0.6692706849089156 0.27001038563298035 0.6613693694333839 0.26337718251771935 0.6669295543976469
14 0.3646252482132777 0.5041286774038266 0.3874213110917971 0.5062004445376752 0.4141071984228153 0.5073953350151834 0.42605610319789805 0.5026157731051504 0.4495556159222276 0.4870821968975428 0.4547334746580967 0.4784192409356078 0.45791984926478546 0.47065245283180396 0.4650891921298351 0.46557416830239373 0.4616260211440316 0.4370311921486528 0.4604311306665234 0.4301605719029802 0.4480839290656045 0.41791294450852035 0.44250777350389925 0.38833940519019045 0.428567384599636 0.38475473375766567 0.4190082607795697 0.38117006232514083 0.415821886172881 0.3740007194600912 0.4034746845719621 0.36742882183379555 0.39391556075189593 0.3692211575500581 0.37280582898258285 0.38326112066078033 0.36305880646023847 0.3836557685983985 0.3464315045707348 0.3877589576130662 0.3507224211873809 0.39065532632930233 0.35705152319693395 0.3982180668661411 0.3637024439527353 0.4026430746270573 0.3682079064002137 0.40521762459704497 0.36204608952951267 0.40846844367585233 0.3552878958582951 0.4137784529889519 0.34604096666319223 0.4240674230715068 0.35148168933856766 0.4260105383127123 0.35757011709434494 0.4264963171230137 0.36054956046419334 0.4264963171230137 0.3646948729787651 0.4208612829235177 0.37220825191142637 0.41969541377879444 0.3701355956541405 0.4219299963061808 0.3698765136219798 0.4235816442612055 0.3710423827667031 0.4267877844091945 0.36871064447725643 0.42892521117452054 0.36634199347527774 0.43205167388204385 0.3649170422983937 0.4379781753677207 0.3568255980229702 0.4455234091620893 0.35519811524977535 0.45116874003160895 0.35336719712993114 0.4581872594910117 0.35519811524977535 0.46863875042512243 0.35713075104294423 0.47367377525469395 0.3565204450029961 0.4852695900137072 0.3572324687162689 0.491677803433162 0.35804621010286636 0.4972468460476881 0.36130117564925596 0.5031210416821882
20 0.45843929794311433 0.38881314291389935 0.44564355920726517 0.3791761403189147 0.44963853439957324 0.3765467944015284 0.460155918069119 0.37361171058677134 0.4677382179239079 0.3741008912225642 0.47238543396393967 0.3749569573352016 0.4815168058320725 0.3744066291199347 0.485756371342277 0.37122695498728137 0.4877130938854483 0.3685976090698949 0.48526719070648416 0.3593643245693052 0.4802662813787655 0.3435934189769538 0.4768695897920406 0.3217585631927318 0.468471988877597 0.29601543223413423 0.4627499888930987 0.27775481233990884 0.4706563033373808 0.273635206392625 0.47581621381680705 0.27101363897162617 0.48155869483423297 0.2728861871294825 0.48663538095108777 0.2764440286294094 0.4995958485160586 0.28512666616958465 0.5028415986563428 0.287124050871298 0.5072524898726266 0.28949594520458266 0.5203187147963351 0.28912143557301134 0.5268934394394749 0.28731130568708363 0.5548856990219053 0.28546805590176527 0.5769656319490089 0.2835572924753813 0.6004043299793189 0.2838120609322325 0.6128030615460771 0.28432159784593486 0.6236731823717282 0.2840668293890837 0.6362417595763873 0.2841942136175093 0.6498294106084511 0.2743856280287382 0.6697013502428443 0.26381273706941355 0.6753062562935707 0.264322273983116 0.6761554844830746 0.26865333774958633 0.6834588469128089 0.2729844015160567 0.6934797395489559 0.27986314985103894 0.7036704778230037 0.2844489820743605 0.7063880080294166 0.29591356263266433 0.7109738402527381 0.31438427575437605 0.717088283217167 0.34393741674911477 0.7196359677856787 0.3569306080485258 0.7230328805436946 0.37387271042913034 0.6899129811530392 0.3737453262007048 0.6454134240230303 0.37438224734283276 0.5739084104667945 0.37654777922606786 0.5187085781490354 0.3773120845966214 0.48253145727616553 0.37680254768291904 0.4720010277263162 0.3770573161397702 0.4635087458312763 0.37896807956615425 0.4614705981764667 0.3827896064189222
23 0.4788666283491119 0.24983712302396432 0.4692956568740916 0.2410886569100786 0.4585093522251908 0.22521692252157116 0.46000481651816266 0.2135523010363902 0.4695757879931829 0.194709450944944 0.4809413166197696 0.18708258305078718 0.5087569524690473 0.17900707586873885 0.528796173994871 0.1776611580050641 0.5431526312074014 0.17990435444452196 0.5602009241472814 0.18461506696738353 0.5820347028246714 0.1940364920131066 0.6041675743606558 0.20547679385434184 0.6140376386942704 0.21175774388482388 0.619122217290375 0.2182630135592517 0.6158321958458367 0.2225250867942217 0.6005784600575232 0.2337410689915111 0.5727628242082454 0.2512380012192826 0.553620881258205 0.2597621476892225 0.5273007097018991 0.2624539834165719 0.5075605810346697 0.2602107869771141 0.49350321668073377 0.2566216726739815
15 0.6041644725998675 0.668168227065808 0.6077775877713318 0.674942818012304 0.6175846146653067 0.674942818012304 0.6266174025939677 0.6728136608576911 0.6444248987961853 0.6695231452551073 0.6531996070697415 0.6693295855137787 0.658619279826938 0.6701038244790927 0.6710071032719589 0.6613936361193125 0.6717813422372727 0.657328881551415 0.657328881551415 0.6399085048318546 0.6810722098210381 0.634101712592001 0.6782333336148877 0.6184233735443966 0.6717813422372727 0.6046806319100766 0.6774590946495738 0.5963575630329533 0.687008041888444 0.5872602551905162 0.7073963346417074 0.5831955006226188 0.7179776005009958 0.5841632993292611 0.7272684680847615 0.5864860162252025 0.7388820525644687 0.5872602551905163 0.742495167735933 0.5864860162252025 0.7275265477398662 0.5723561551082257 0.6952665908517912 0.5737110732975247 0.7138483260193224 0.555322897871322 0.7099771311927533 0.5427415146849728 0.7042993787804522 0.5338377665838641 0.6606839170677749 0.5301601314986236 0.6366825091430471 0.5491289861488117 0.653973846035055 0.570420557694941 0.6591354391371472 0.5758402304521376 0.6653293508596576 0.576420909676123 0.6761686963740509 0.5754531109694807 0.6743621387883186 0.5847439785532463 0.6720394218923772 0.5876473746731731 0.6704909439617497 0.5891958526038007 0.6712651829270634 0.5963575630329533 0.6668778287902853 0.5988738396702231 0.6606839170677749 0.59926095915288 0.66378087292903 0.5888087331211438 0.666361669480076 0.5868731357078593 0.66378087292903 0.5816470226919912 0.6371291854691896 0.5689018581860563 0.6321661151787166 0.5672640449902002 0.6305779326857652 0.5718797003603402 0.6254163395836733 0.568604073968628 0.613306448074919 0.5705396713819124 0.6059611040450188 0.5773887083827653 0.6033803074939728 0.5830466085139048 0.6188650868002488 0.5827488242964763 0.6250192939604353 0.5870666954491878 0.6297838414392894 0.5906401060583284 0.6331587292368113 0.5890022928624723 0.636136571411095 0.5852799901446175 0.6407025960783302 0.5854288822533317 0.6424893013829006 0.5901934297321858 0.648643508543087 0.5875133717753304 0.6516213507173709 0.5861733427969026 0.6549962385148927 0.5881089402101871 0.654599192891655 0.5930223797977555 0.6488420313547061 0.5965957904068961 0.6379232767156654 0.5995736325811799 0.6351439573530004 0.5991269562550373 0.6323646379903355 0.601955906320607 0.6279971361347193 0.6022536905380355 0.6266074764533868 0.5989780641463232 0.6272030448882436 0.5954046535371825 0.6224384974093894 0.5982336036027522 0.6228355430326272 0.6012114457770361 0.6216444061629137 0.6024025826467496 0.6174582178929385 0.6073053619117412 0.6118197001664839 0.6078339729485964 0.611937169285785 0.6162036476988024 0.6138166751946033 0.6199920267962641 0.6176931561315407 0.623075591177919 0.6234491429772966 0.6263353592385256 0.6247007764434502 0.6303686614497299 0.6319838618401208 0.6369762994104189 0.6308091706471094 0.6427910208158252 0.62881219561899 0.6486938440607074 0.6242308999662457 0.6537156489108311 0.6243483690855468 0.6571516206503893 0.6156556542572627 0.6618210181426096
15 0.7906385474244984 0.6184649374279556 0.7973587902709283 0.6155989515081546 0.8021024911037025 0.6106575964740149 0.803683724714627 0.6035420452248538 0.7919562421002688 0.5951417416668163 0.7887937748784195 0.590991003438139 0.7795699121480254 0.5854566857999026 0.7589921332438538 0.5873294593578416 0.7496365010458829 0.5898001368749114 0.7541166629435029 0.5906895807810566 0.7626816783360115 0.5927649498953951 0.7691383822472874 0.5960262442179274 0.772564388404291 0.6013629076547983 0.7780987060425272 0.6061066084875724 0.7795481701858749 0.6073913607964486 0.777308089237065 0.6100596925148841 0.777308089237065 0.6119374074278572 0.7811294037967997 0.6114432719244431 0.782183559537416 0.6140127765421959 0.7837647931483409 0.6156928372538033 0.7877178771756526 0.6156928372538033 0.7904850359947707 0.6163846269585829
21 0.7613659968431576 0.5859979106957585 0.7528821875163458 0.5796350537006497 0.7569054373001947 0.5770767916098327 0.7643397032051328 0.5776671597846367 0.7711617354473114 0.5737969684164776 0.7722112788691851 0.5687460406987109 0.7844846220612418 0.5665312230566125 0.7928738296850615 0.5601054470043251 0.7918028670096803 0.5530103192799243 0.8014415310881113 0.5500651719226258 0.8032264688804136 0.5536796709520376 0.8041189377765646 0.5618457613518196 0.8057209194451559 0.5673424772832139 0.8126821768351341 0.5668069959455233 0.8119682017182133 0.5709569763126257 0.804828450549005 0.5735005126666561 0.8044714629905445 0.5783198447058717 0.8028650189774725 0.5838085284172005 0.8028650189774725 0.5901004341350654 0.8007230936267102 0.6002745795511872 0.7923338860028903 0.5950536365087036 0.7900134668728979 0.5903681748039107 0.7805532965736969 0.5844778800893138
12 0.7371205114904972 0.669732726940675 0.7257510434469419 0.6686668393115915 0.7011171960192389 0.6652915284861612 0.6961430537501836 0.6464608470390228 0.7001697403489426 0.6382890418827175 0.69827482900835 0.6265642779628011 0.6850104496242024 0.6205242480646626 0.6783782599321284 0.6162606975483292 0.673167253745499 0.6043582856902324 0.6874719692118638 0.5880973944676349 0.7088188311507193 0.5838118502147586 0.7201391367243546 0.5848630214465962 0.7271469449366053 0.5872888012123753 0.7392698601754115 0.5881707338758869 0.743151107800658 0.5878472965737831 0.7468167305578349 0.5910008102692957 0.75393235120412 0.5910816695948218 0.7616948464546129 0.5933457307095489 0.7681635924966905 0.5960949477774318 0.7718292152538675 0.6015125225876715 0.7788370234661182 0.6072535347000152 0.7766807747854255 0.6098410331168462 0.7767885872194603 0.6125093908592031 0.7805620224106721 0.6122668128826252 0.781963584053122 0.6145308739973523 0.7830417083934684 0.6160672011823457 0.7867073311506456 0.6158246232057678 0.7896182668695805 0.6163097791589236 0.7900495166057189 0.6179269656694429 0.789726079303615 0.6193824335289103 0.7955479507414849 0.6248808676646761 0.7983510740263849 0.6281961000112407 0.7998604481028697 0.6324007849385911 0.8029870086898737 0.6395164055848761 0.8053588822386354 0.6403249988401359 0.8119354407147474 0.6402441395146099 0.8009385724432159 0.6498663992521999 0.787462018188888 0.6571437385495371 0.7754948380110449 0.659407799664264 0.7690260919689674 0.6592460810132121 0.7585797948872546 0.6591875627258222 0.752148283908737 0.6515712997249462 0.752994535353279 0.6449705384575204 0.7518097833309205 0.6428125972739387 0.7479170266860282 0.6475092927911458 0.7404700139740605 0.6527137391750776 0.736915757906985 0.6580451232756909 0.7375927590626185 0.6648997599764793
12 0.6021460097162328 0.6708705938503033 0.582606012642265 0.6744080071136939 0.5617184295631958 0.6754186966175201 0.5435263553908303 0.6749721403050796 0.5394835973755265 0.6684026585302111 0.5313980813449192 0.6532423159728222 0.5260077373245143 0.628985767881 0.5322964720149868 0.6283119748784494 0.5354408393602229 0.6283119748784494 0.5226387723117611 0.6112987015640464 0.5197190026340419 0.6010233582751494 0.5172484282913563 0.5968121520092081 0.5239863583168626 0.5944538765002809 0.5331948626850542 0.5995073240194105 0.5401573903780773 0.6033816337840766 0.5426279647207629 0.5984966345155847 0.545996929733516 0.5984966345155847 0.5585743991144607 0.6020340477789754 0.5740716381731249 0.6016971512777001 0.5857507168840023 0.604223875037265 0.5920394515744747 0.6042238750372648 0.6007987606076327 0.6043923232879025 0.6059645069605207 0.6059083575436414 0.6097826673083075 0.6077612883006557 0.6111302533134089 0.6141623218248865 0.6104564603108582 0.6192157693440161 0.6167451950013306 0.6241007686125081 0.6225847343567692 0.6266274923720728 0.6225847343567692 0.6308386986380142 0.6302210550523429 0.6367343874103322 0.6273012853746236 0.6486942132056055 0.6237077226943537 0.6520631782183587 0.62325852735932 0.6564428327349376 0.6030447372828014 0.6665497277731969
27 0.540606585713111 0.5693550871552705 0.5450985390634485 0.5718818109148354 0.5327456673500205 0.5787881891909792 0.5307242883423686 0.5818202577024568 0.5246601513194131 0.5804726716973557 0.5251093466544469 0.5769352584339649
27 0.5452207462709007 0.5976628802562926 0.5418086483774247 0.595392801068924 0.5414099542930751 0.5905087985356429 0.5465929773896183 0.5884156545928082 0.544865303024104 0.5855251224812744 0.5544339610484914 0.5834319785384396 0.5606801683699666 0.5858241430445366 0.5569590235827048 0.5877179399451965 0.5695843362537716 0.5899107574091187 0.5755647475190137 0.5883159810717208 0.5787543001938095 0.5913061867043419 0.5831399351216537 0.591106839662167 0.5872763862467796 0.5860803039937311 0.5989714127210308 0.5835884659665469 0.606015008211205 0.583887486529809 0.6183745248260387 0.5835884659665469 0.6300695513002901 0.5910639800480995 0.6331749614365743 0.5895364391036245 0.6362327956515506 0.5856084766749743 0.6403219657474427 0.5857264335046636 0.6420519992495508 0.5904447066922313 0.6442538600704156 0.5900318577883191 0.6514885456246864 0.5866700881421771 0.6544244911156504 0.5881917312451677 0.6543458532291909 0.5929100044327353 0.6482907359718122 0.5962127956640328 0.6381464486185415 0.5992206948211073 0.6353154847060007 0.5986898890875059 0.6322486071340818 0.601461874585202 0.6283167128111087 0.6021106371484926 0.6269798687412977 0.5989847811617289 0.6283953506975681 0.5946793568780733 0.6217897682349732 0.5980411265242154 0.62226159555373 0.6009310688516005 0.6174646844797027 0.6067109535063713 0.6106231883577296 0.6073597160696618 0.6055903636243238 0.6050595578907224 0.6007148146638371 0.6036440759344521 0.5856949783500798 0.6039389680086751 0.5742138469269982 0.6013439177555128 0.5590367348403218 0.6016977882445804
27 0.6700759560159425 0.6772625397975525 0.6724841172333419 0.6788106434373091 0.6779884857302547 0.678724637679545 0.6838368772582245 0.6755424246422672 0.6833781798834818 0.6730482576671036 0.6794792521981685 0.6722742058472252 0.676039021887598 0.6724462173627538 0.6707640020780566 0.6762304707043811
27 0.7803565960976435 0.5423062719270779 0.7870360816154015 0.5317045303785434 0.7962009570932557 0.5342675887748923 0.8041231375910618 0.5374131604431389 0.8036571269735436 0.5409082400745239 0.7993076945433757 0.5426557798902164 0.7994630314158817 0.5445198223602884 0.7977543258183156 0.547432388719776 0.7949582621132076 0.5482479073004325 0.7862593972528715 0.5468498754478784
21 0.5050585635278116 0.4780731401712595 0.5243967398703937 0.4780731401712595 0.5366288884462043 0.4818107411249794 0.538214537335661 0.4863977968409084 0.5400267074950404 0.488606379222652 0.545236696703256 0.4916644163666045 0.5470488668626354 0.4955719082727662 0.5391206224153509 0.4989697273216025 0.5366288884462043 0.5004987458935788 0.5450101754333336 0.5028772192277642 0.5459162605130233 0.5064449292290422 0.5542975475001527 0.5091631844681113 0.5640379621068167 0.506614820181484 0.5610931855978252 0.5010084187509042 0.5622257919474373 0.49778049065450974 0.5586014516286786 0.4989697273216025 0.5504466859114716 0.4957417992252081 0.5481814732122474 0.4923439801763718 0.545236696703256 0.4891160520799774 0.5558831963896096 0.4826601958871885 0.5588279728986011 0.4846988873164902 0.5753640256029374 0.48062150445788676 0.5857840040193686 0.48384943255428114 0.591447035767429 0.48809670636532654 0.5794414084615409 0.4923439801763718 0.5814800998908426 0.4964213630349753 0.5851044402096014 0.49930950922648615 0.5869166103689806 0.5033868920850896 0.5857840040193686 0.5047460197046241 0.593032684656886 0.509333075420553 0.6020935354537825 0.5074642749436931 0.6170439392686621 0.5004987458935788 0.6251987049858689 0.5011783097033461 0.6206682795874207 0.5040664558948569 0.621347843397188 0.5081438387534604 0.6331269494331535 0.5113717668498547 0.6419612789601278 0.5108620939925294 0.6463385255096461 0.5097359298825991 0.6354210523623747 0.5027147616288012 0.6386518169691202 0.4924709795734532 0.6444541519729499 0.4859208307388903 0.6515366213522953 0.48116239739982375 0.6664255761117489 0.48299997779207204 0.6761659907184127 0.47739357636149227 0.6761659907184127 0.46703022826254176 0.6863594478649213 0.4668603373100999 0.6983650751708095 0.4697484835016107 0.7085585323173182 0.4692388106442853 0.7176193831142149 0.46669044635765805 0.7282658828005686 0.46499153683323996 0.7348349996283186 0.46804957397719266 0.7479732332838186 0.4729764115980052 0.7586197329701722 0.4760344487419578 0.7674540624971463 0.4784129220761431 0.7726640517053619 0.47858281302858496 0.7819514237721811 0.47722368540905047 0.7923714021886121 0.48045161350544496 0.7996200828261295 0.4779032492188177 0.8055096358441122 0.4807913954103285 0.8048300720343451 0.4870773606506756 0.802564859335121 0.49846005446427705 0.799846604096052 0.5074642749436931 0.7923714021886121 0.5207157692341544 0.7898796682194658 0.5254727159025252 0.7778740409135775 0.5399134468600791 0.7758353494842758 0.5431413749564735 0.7660949348776118 0.5458596301955426 0.7515975736025772 0.5416123563844973 0.7238972583092077 0.5373408124373891 0.7073935657862888 0.5349137988310774 0.70415754764454 0.5329721879460281 0.6595004972884064 0.5283608620940361 0.648975779113186 0.536853973613401 0.6436143289375076 0.5301042908029486 0.6367210358544924 0.5265140339888782 0.6175729995127834 0.5245034901729988 0.6104882260663511 0.5265140339888782 0.6006739000394081 0.5253263770347836 0.5941635676832272 0.5243211051268438 0.5920572836856391 0.5203000174950849 0.5884191567807144 0.5237466640365925 0.5922487640490562 0.5290602441214167 0.5947380087734784 0.5266188694878489 0.6020142625833278 0.5260444283975977 0.6025887036735791 0.5302091263019193 0.5968442927710663 0.5385385221105627 0.5901424800514683 0.5442829330130754 0.5746325706146841 0.5460062562838292 0.5652500328072467 0.545288204921015 0.5600800629949853 0.5427032200148844 0.555101573546141 0.5442829330130754 0.550697525187548 0.5416979481069446 0.5386342622922713 0.5487348514625227 0.5321239299360903 0.5494529028253367 0.5286772833945826 0.546149866556392 0.5231243528554871 0.5501709541881508 0.5217839903115675 0.5507453952784022 0.5169969812261402 0.5485912411899598 0.5060826005113662 0.5432776611051356 0.503401875423527 0.5371024193849345 0.5091462863260395 0.527336920850663 0.49861486633809965 0.511683401141316 0.4980404252478485 0.5050773286034265 0.5028274343332757 0.5019179026070444 0.5022529932430243 0.48770048562332563
27 0.6219495349826569 0.5078395863887418 0.6209709031414824 0.5041697169843373 0.623906798665006 0.5027017692225756 0.6363621130072273 0.5049036908652182 0.6415221718061477 0.5071056125078609 0.6455256657018615 0.5095744337435513 0.6425008036473223 0.5104418574209559 0.6333372509526879 0.511042381505313
12 0.6131295841531572 0.5698984976392167 0.6000968884101123 0.5620282687337353 0.6038844490213661 0.5600914479666169 0.5985474317964176 0.5563469278168548 0.5940712238012996 0.5462754598278392 0.5978587844125532 0.5374952056835692 0.6026793160996035 0.5312973792287903 0.610598761014043 0.5271654949256045 0.6173130730067202 0.5249704313895369 0.6362508760629888 0.5274237376945536 0.6424487025177676 0.5302644081529939 0.6465805868209534 0.5358166276853998 0.6408992459040729 0.5374952056835692 0.6396941129823103 0.5391737836817385 0.6426208643637337 0.5426600610625515 0.6357343905250905 0.548987008901805 0.6460641012830552 0.5628029970405827 0.645203292053225 0.5646106964232265 0.6408992459040729 0.5680969738040396 0.6381967009531214 0.5688463398698272 0.6319208076215839 0.5667735621195746 0.6305266046931488 0.5714674709721012 0.6257515803712513 0.5682589666421226
27 0.5681584958399452 0.39555824913349347 0.5689273165379695 0.40651394408033953 0.5730276935940989 0.4082437906508941 0.5763592499522041 0.40439968716077274 0.5794345327443012 0.3986335319255906 0.5707212315000261 0.39555824913349347
27 0.4814043022848449 0.42130616068931714 0.476760530880168 0.4210739721190834 0.4769153232603238 0.41817161499116023 0.48403577274749515 0.41364393787160014 0.4821782641856245 0.41979693498279713
27 0.5131367402168042 0.41863599213162794 0.5115888164152452 0.4223510092553695 0.5143750792580513 0.4236280463916557 0.519483227803196 0.42246710354048644 0.5180900963817929 0.4303615149284372 0.516387380200078 0.43059370349867104 0.5126723630763365 0.43059370349867104 0.5115888164152452 0.4325673063456588 0.5128271554564924 0.43558575775869884 0.5131367402168042 0.4377915491759204 0.5092669307129066 0.4377915491759204 0.5078737992915036 0.44069390630384353 0.5075642145311917 0.4422031320103635 0.5128271554564924 0.44231922629548037 0.5137559097374278 0.44382845200200044 0.51329153259696 0.44673080912992363 0.5156134182992985 0.456714917649979 0.5137559097374278 0.4597333690630191 0.5123627783160247 0.4626357261909421 0.5078737992915036 0.4642610461825791 0.5024560659860471 0.46751168616585287 0.5012177269447999 0.4711106090044776 0.5040039897876062 0.47192326900029596 0.5033848202669825 0.47796017182637607 0.5060162907296328 0.47749579468590836 0.5242817915880288 0.47726360611567453 0.5372783979680416 0.4816360328894571 0.5387898921963845 0.4862909208829214 0.5410405855508247 0.48876380982657663 0.5442593340817952 0.4906775235540091 0.5456444231323715 0.4917162124737933 0.5474032965497903 0.4957160950373323 0.5429528632445074 0.49782677847991147 0.5382406397447963 0.4996920336152138 0.5378479544531537 0.5002810615526777 0.5411857794321158 0.4996429479537585 0.5463561357720766 0.4987103203861072 0.5470760588067548 0.49733592186535813 0.5494321705566104 0.4949798101155025 0.547141506355362 0.49164198513654045 0.5449162897027204 0.4889913594179528 0.5488431426191465 0.48663524766809724 0.5558460303201063 0.4824138807829392 0.5588566175560329 0.4843282215796969 0.5754737114210158 0.4804295420902601 0.5858136495737353 0.48368255634055385 0.5917000563123619 0.4881844957047997 0.5879435993804751 0.4894624655888437 0.5921260462737099 0.49007240576077377 0.5953472213591217 0.49393044882245735 0.5982827471993146 0.49901116662279116 0.6004279391594556 0.5024829904530193 0.6048312279197449 0.49951923840282453 0.6049441327597523 0.4957933786825797 0.6038150843596781 0.492236876222346 0.5977182229992775 0.48851101650210116 0.6005408439994631 0.48732551568202326 0.5991859859193739 0.48326094144175613 0.6012182730395075 0.48275286966172276 0.6051699424397672 0.4837690132217895 0.6099119457200788 0.483684334591784 0.6108151844401382 0.485039192671873 0.6142023296403606 0.4876642302020456 0.6233476216809616 0.4876642302020456 0.6282025298012807 0.48546258582190094 0.6310251508014662 0.4831762628117506 0.6323800088815551 0.4820754406216782 0.6337348669616442 0.48359965596177845 0.6361058686018001 0.4843617636318285 0.6327187234015774 0.48808762335207334 0.6297831975613846 0.4912207326622793 0.6314767701614958 0.4930836625224016 0.6315896750015032 0.49697887950265757 0.6294444830413622 0.49765630854270204 0.6293315782013548 0.4990958452527967 0.6337348669616442 0.5011281323729302 0.6353155347217481 0.5006200605928969 0.6370091073218593 0.49655548635262975 0.6382510605619409 0.492236876222346 0.6442350170823342 0.48546258582190094 0.6517996413628313 0.4804665466515725 0.6665901754038032 0.48266819103171715 0.6755096577643893 0.4771640800813555 0.675396752924382 0.4663252154406433 0.686461427245109 0.465986500920621 0.6987680548059177 0.4695430033808547 0.7085907758865632 0.4686962170807991 0.7168328292071048 0.4663252154406433 0.7288007422478913 0.4642929283205098 0.74810746988916 0.4719986836510161 0.763236718450154 0.4760632578912832 0.770011008850599 0.47343822036111066 0.7713658669306882 0.4708131828309382 0.7738497734108515 0.47005107516088807 0.7764465847310221 0.47098254009094936 0.7781401573311334 0.4703897896809104 0.7810756831713264 0.4637848565404763 0.7771240137710665 0.46336146339044854 0.7722691056507476 0.4586194601101369 0.7622205748900873 0.4542161713498476 0.7610915264900132 0.4504903116296027 0.7676400072104435 0.44972820395955265 0.7685432459305028 0.4536234209398086 0.7737368685708441 0.45328470641978635 0.7741884879308736 0.45099838340963605 0.7773498234510815 0.4495588466995415 0.7834349205913456 0.44941657090082243 0.784064191526707 0.45106840710614593 0.7793446595114972 0.4543720795167928 0.7844837054836147 0.4590916115320027 0.7947691913613397 0.4593677828137593 0.8048375263271208 0.4586598530114777 0.8047326478378938 0.4526817791255453 0.8117595066160952 0.4476476116426548 0.8045228908594401 0.4383658653460754 0.7973911535920117 0.43923111288219724 0.7971813966135582 0.4456811399696507 0.789000874453861 0.44222014982516344 0.7827081651002478 0.4386805008137561 0.7828130435894748 0.43254510919398326 0.7801910813588026 0.42404995156660547 0.7770350949840059 0.41715365580560504 0.7718981893892197 0.4155483728072344 0.7733964535210324 0.41153516531130757 0.7656129713562657 0.4069392400869723 0.7497741791056748 0.40886557968501713 0.7435670848453081 0.4059760702879498 0.7320090472570391 0.40340761749055676 0.7221633115336988 0.40421025898974217 0.7153141040739839 0.4019628627920231 0.710819311678546 0.40083916469316366 0.6999033872896251 0.4009996929930007 0.6928401420967941 0.40019705149381546 0.683636519572802 0.4029260325910456 0.6727205951838813 0.4030865608908826 0.660948519862496 0.4040497306899051 0.658166029331987 0.4029260325910456 0.6645871613254697 0.39875229679528174 0.6478922181424145 0.39425750439984375 0.6311972749593592 0.3981101835959334 0.6267024825639212 0.4024444476915343 0.6258463316314568 0.403889202390068 0.6202813505704383 0.40340761749055676 0.6153584827087683 0.40340761749055676 0.6125759921782591 0.4064576551874611 0.6074390865834729 0.4054944853884387 0.6033723696542671 0.4029260325910456 0.5982354640594807 0.403889202390068 0.589459917001721 0.403889202390068 0.5808984076770772 0.40421025898974217 0.5764036152816392 0.40870505138518004 0.575761502082291 0.41095244758289906 0.5661298040920668 0.41095244758289906 0.5629192380953254 0.4140024852798033 0.5571402193011908 0.415447239978337 0.5552138797031461 0.4104708626833878 0.5509331250408241 0.40902610798485417 0.5464383326453862 0.4104708626833878 0.5464383326453862 0.417694636176056 0.5408733515843678 0.4133603720804551 0.5376627855876264 0.41448407017931466 0.5350943327902332 0.4119156173819214 0.5303855026616793 0.41223667398159564 0.5218239933370354 0.4151261833786629 0.5154028613435526 0.417855164475893
27 0.6252210688170009 0.39987520239772034 0.6234974359394161 0.4027416788137039 0.6187012401061364 0.40262926797386134 0.6151040932311767 0.401392748735594 0.6138301037129618 0.3960532338430756 0.6173523100280265 0.3922874707083522 0.6206496946634062 0.39391742788606826
