18 0.22498363928863097 0.6070069537518161 0.18817868707671973 0.5985851987466558 0.15057420857818346 0.5788428475349242 0.12425107362920805 0.5464089848299367 0.1169310844677603 0.5214636236967931 0.12043201514044773 0.5009831792615718 0.13653629623480995 0.47420105961551295 0.17364616136529673 0.447418939969454 0.22405586452306234 0.4347155546416588 0.2621474696534751 0.4340848323412352 0.296178734909357 0.44059212515771357 0.32558655255993146 0.45056977757487277 0.34239101978883113 0.45949715079022563 0.3599987674770745 0.4760491530591803 0.376387300520677 0.49858338599413365 0.3927758335642794 0.5254708230187939 0.4016529556295641 0.5421154268912026 0.39823867791214695 0.5508218350706166 0.4040429500317561 0.555687180817936 0.40677437220568985 0.5631132348533183 0.3998119207095519 0.5784640022734058 0.37966768217679053 0.5966450311186523 0.352353460437453 0.609704643387773 0.3212835332089567 0.615082130792705 0.29806644473051985 0.6166185557655427 0.296700733643553 0.630190309692276 0.2888478948934935 0.6481152677087162 0.27382507293685787 0.6619430924642558 0.25743653989325543 0.662967375779481 0.23490230695830194 0.660150596662612 0.2267080404365008 0.6483713385375225 0.2222694794038585 0.6286538847194383
20 0.39595297355662223 0.32140193862473615 0.39002805284020814 0.3259567457875072 0.3846625799143441 0.3253376527575999 0.38548803728755393 0.3210040015482482 0.3803289287049923 0.31264624564449833 0.3770270992121529 0.29747846641176723 0.3733130970341582 0.2970098810980719 0.3733130970341582 0.28308028792515555 0.3735194613774606 0.25707838066904504 0.3722812753176459 0.24082718863397595 0.37888493430332476 0.22720714197601327 0.36753489542168916 0.22287349076666152 0.3654712519886645 0.2179207465274024 0.3811549420796518 0.21312277554562012 0.3889967871251454 0.21451573486291176 0.4193323455906078 0.21374186857552752 0.46390704374394004 0.20677707198906933 0.49135350140316775 0.20368160683953238 0.5049735480611304 0.20522933941430085 0.5450082306618085 0.2035268335820555 0.5580091842898638 0.20306251380962498 0.5908211148749556 0.2066222987315925 0.5943293087110976 0.21513482789281912 0.6009329676967764 0.2467085724180962 0.5974247738606345 0.25197086317230905 0.5813283550830424 0.2671386424050402 0.5821538124562521 0.2730200261891604 0.5761692465004807 0.27952050300318804 0.5732801456942462 0.29174759034385905 0.5743119674107584 0.3033555846546227 0.5798838046799251 0.31929723017473804 0.5835983628593694 0.32394042789904354 0.5712165022612216 0.3248690674439046 0.5435636802586914 0.3247142941864276 0.5080690132106674 0.3239404278990435 0.46184340031091536 0.3225474685817519 0.42036416730712 0.3208449627495065 0.397251360857244 0.31945200343221486
23 0.699611897577856 0.282342376296129 0.721099777958189 0.31917874266241425 0.6867749820259685 0.32252750324116747 0.6323576226212292 0.3248297761390603 0.5885446717158748 0.3246204786028882 0.5829015807937743 0.3194064320934643 0.5769104793786863 0.3059533055179338 0.5743571135496215 0.2935619713474726 0.5767602813887414 0.28274771607143373 0.5827682009865406 0.27407378215211087 0.5949342381720844 0.26506190275541175 0.6120568090258127 0.25875358717772234 0.6270766080203112 0.2559373748662539 0.6499067024919488 0.25695121129838255 0.6632743235970525 0.2599927205947685 0.679045112541276 0.26607573918754035 0.6928633276162145 0.27621410350882686
14 0.6379419733721002 0.6832850161247103 0.6404899104716741 0.6781891419255625 0.6345447239060017 0.6635385036030123 0.6154351956591971 0.6332817505455716 0.6188324451252957 0.6256379392468496 0.6209557260416073 0.6176756358106811 0.616709164208984 0.6205420650477017 0.5967503235956547 0.5925147569523883 0.5997229168784911 0.5902853119902611 0.6065174158106883 0.5839154692413263 0.6150105394759346 0.5845524535162198 0.616709164208984 0.5909222962651546 0.6205310698583449 0.594107217639622 0.640065254288412 0.5963366626017492 0.6553528768858556 0.5906038041277079 0.6723391242163487 0.5874188827532404 0.6855034658974808 0.5909222962651546 0.6969691828455634 0.5976106311515362 0.7287100104781499 0.5914398992386032 0.7410250397927574 0.5914398992386032 0.745696257808643 0.5898474385513696 0.7482441949082169 0.5914398992386032 0.7473948825416922 0.5984467262624316 0.745696257808643 0.6044980768739198 0.7448469454421184 0.6194672073339167 0.7490935072747414 0.6347548299313605 0.7469702263584298 0.6404876884054018 0.7452716016253805 0.6557753110028455 0.7384771026931832 0.6736108706998631 0.7338058846772978 0.6752033313870969 0.7193675744463787 0.6828471426858188 0.7096004822313453 0.6873060326100732 0.6934635472673769 0.6879430168849667 0.6879430168849666 0.6914464303968809 0.6637376144390141 0.6879430168849667
13 0.16017390776539664 0.377243327484307 0.15498155262968516 0.37190301149742466 0.15919873773525478 0.3705851411519341 0.16025303401164723 0.36373221535538347 0.15638728099820837 0.36215077094079484 0.15744157727460079 0.357406437697029 0.16939026840704816 0.355034271075146 0.16939026840704816 0.3481813452785953 0.1806360953552339 0.3460727527258104 0.1929362185798121 0.3381655306528674 0.1894218976585041 0.32867686416533565 0.19434194694833531 0.32498682719796224 0.19047619393489648 0.3207696420923925 0.2059392059886519 0.3197153458160001 0.2122649836470064 0.3210332161614906 0.227376563608631 0.31866104953960767 0.23229661289846226 0.3223510865069812 0.24389387193877887 0.3210332161614906 0.2502196495971334 0.3183974754705096 0.2639255011902347 0.3215603642996868 0.2677912542036736 0.32498682719796224 0.27657705650694375 0.3197153458160001 0.2909857722843068 0.3205060680232944 0.3060973522459314 0.3255139753361584 0.3278861419580414 0.3255139753361584 0.3296433024186954 0.332103327063611 0.33702337635344226 0.3357933640309845 0.3405376972747503 0.34343701203482946 0.3387805368140963 0.357406437697029 0.3345633517085267 0.37374802998111145 0.33421191961639585 0.385345289021428 0.3155860187334631 0.39588825178535214 0.2934457969292224 0.39641539992354835 0.26287120491384236 0.398260418407235 0.26427693328236557 0.4011597331673142 0.2639255011902348 0.40643121454927633 0.254436834702703 0.4035318997891972 0.24635389658369453 0.4037954738582952 0.2502196495971334 0.39931471468362745 0.23299947708272392 0.398260418407235 0.1908276260270273 0.39325251109437104 0.1661736469408688 0.3870915936523048 0.15694766564604162 0.3783864338821856
28 0.6552589643199176 0.5556492353090496 0.6457285328409087 0.552388824539915 0.6457285328409087 0.5467458059010283 0.6514133516178612 0.5467458059010283 0.6609437830968701 0.5441123972028811 0.6689694096055089 0.5429837934751037 0.6741526267256717 0.5444885984454736 0.6728150223075651 0.5476236088004106 0.6738182256211451 0.5486268121139906 0.6654971109720773 0.5526113729005881
28 0.7429074935177822 0.5288213712048667 0.7491674706965793 0.5323090727759108 0.7600777166367685 0.5347236354020183 0.7704513931044893 0.5363333438194232 0.7840444864070202 0.5352602048744866 0.7872639032418302 0.5335163540889646 0.7844021993886657 0.5315042185672083 0.7795730741364508 0.5316383609353253 0.7695571106503756 0.5272116627874618 0.7618662815449962 0.5234556764801834 0.7588013064840042 0.5230040148985879 0.7513686175595093 0.5255054005943315 0.7474616913299673 0.525862741408009 0.742506565380304 0.5280067862900748
28 0.8281188079275021 0.4638743137462128 0.8262050421560561 0.47187112071975545 0.8274353201519857 0.4755619547075445 0.8307160614744648 0.4770998022024566 0.8300325736989485 0.47915026552900597 0.8301692712540516 0.48345623851475983 0.8281188079275023 0.4874546420015312 0.827025227486676 0.49309341614954216 0.8256582519356428 0.4948363099771092 0.8282555054826055 0.4969892964699861 0.8296224810336383 0.4940161246464894 0.8334500125765306 0.4945287404781268 0.8397381001112822 0.4944262173117993 0.8405582854419023 0.48786473466684105 0.8415151683276251 0.48314866901577747 0.8359105685683901 0.47187112071975545 0.8305793639193615 0.4630541284155929
28 0.7945937673140826 0.4071411060679074 0.7989183968124979 0.40645826983131556 0.7981217545364739 0.40432440659196595 0.8016497417588653 0.4029587341187822 0.8047225048235288 0.4050925973581318 0.8106404188739915 0.41021386913257096 0.8181516174765026 0.4241266574531305 0.8162169148061587 0.4262605206924801 0.8030154142320491 0.42924792922756955 0.8026739961137531 0.4340277828837127 0.8013083236405695 0.4371859004779502 0.8040396685869369 0.4422218177228152 0.8019911598771613 0.4453799353170528 0.8060881772967126 0.45348861562658127 0.8072262376910324 0.45818311475315043 0.8047225048235288 0.4600609144037781 0.8005116813645456 0.4598902053446301 0.7968698881027223 0.46065839611079595 0.7972113062210182 0.46543824976693915 0.79846317265477 0.46808424018373257 0.798235560575906 0.4757661478453912 0.7958456337478342 0.4794363926170726 0.7944799612746507 0.48498443703938166 0.792772870683171 0.4870329457491573 0.7945937673140826 0.49053248146169054 0.7952766035506745 0.49505627152911175 0.7949351854323787 0.4969340711797394 0.7953904095901065 0.4998361251852549 0.792772870683171 0.5043599152526761 0.7878792109875958 0.5099933142045591 0.7837821935680445 0.5128953682100746 0.7772952493204217 0.515626713156442 0.7725153956642785 0.510676150441151 0.7725153956642785 0.5094811870271152 0.7679631540869994 0.5099079596749851 0.7632971064702881 0.5134074953875185 0.7618176279576724 0.5154560040972942 0.7563549380649374 0.5141756861536844 0.7561273259860735 0.5153706495677202 0.7619314339971044 0.516394903922608 0.7684183782447271 0.5178459309253657 0.770011662796775 0.5191262488689755 0.7703530809150709 0.5211747575787511 0.7635247185491523 0.522369720992787 0.7563599148114497 0.5220116487131968 0.7513388579289905 0.5208281138766172 0.746846346573793 0.5243059326047963 0.7385257380257179 0.5277489430384827 0.7253992607472887 0.5282331163807199 0.7143529356058784 0.5278027400765091 0.7072517265864005 0.5254894674413761 0.6985007417341145 0.5224230362738742 0.6974965303576224 0.5233375859203222 0.6965640483651657 0.5271033785821666 0.6953446488365684 0.5301698097496684 0.6908974270263903 0.5300622156736157 0.6820029834060339 0.5273185667342719 0.6696655293519913 0.526081234859666 0.6672267302947968 0.5237141651865066 0.6652183075418131 0.5212932984753208 0.6589061217467215 0.5210781103232155 0.6547458174726838 0.5172047235853183 0.6514462658070677 0.5180116791557136 0.6501551368944354 0.5187648376880825 0.6497964899742597 0.5219926599696634 0.6430539278749573 0.5217236747795317 0.6431973866430275 0.5233375859203222 0.6414758814261845 0.5259736407836133 0.6345898605588117 0.5293090571412469 0.6310033913570552 0.5309767653200637 0.6274886515393336 0.5318913149665117 0.6237587235695068 0.5332900379551966 0.6137883391886236 0.5328596616509859 0.6071892358573914 0.5323216912707224 0.602670284663178 0.53441977575375 0.6029572021993185 0.5377551921113837 0.6019529908228267 0.539799479556385 0.6038896841917752 0.5412519995830963 0.6023833671270374 0.5434038811041503 0.5940627585789623 0.5448026040928352 0.5842358329661492 0.5448026040928352 0.578138835323163 0.5415747818112543 0.5705009542151027 0.5365521485435153 0.5619993679843326 0.5305428680252344 0.5509866640880376 0.5243042884244078 0.5477062842040348 0.5209653303281907 0.54548031213989 0.5209653303281907 0.5416141501337439 0.5222833401030132 0.5365764238833112 0.5208774630098691 0.5331788875748797 0.5251829616076229 0.5246264685915867 0.531685143163414 0.5161912060327224 0.5349362339413096 0.5163083624571511 0.5371329168993473 0.518065708823581 0.5388902632657773 0.5186514909457245 0.5415262828154224 0.5144338596662923 0.5428442925902449 0.5024839043745679 0.5392417325390633 0.5023667479501392 0.5413505481787794 0.5013123401302813 0.5432836291818525 0.4936971725424177 0.5431957618635309 0.48760503847212683 0.5439865677284245 0.48865944629198493 0.5476769950979274 0.48748788204769816 0.5498736780559651 0.47178892117425625 0.5495222087826791 0.4662825692261088 0.5482041990078566 0.46757128989482416 0.5468861892330341 0.4748349882094017 0.5430200272268879 0.4721403904475423 0.5409990789054934 0.4674541334703955 0.5409112115871718 0.46862569771468215 0.5431078945452095 0.46440806643525007 0.5424049559986374 0.46194778152224797 0.5405597423138858 0.4539811446610983 0.5420534867253514 0.45210664187023963 0.5409990789054934 0.45644142957410044 0.5362542437161322 0.4511693904748103 0.5339696934397731 0.4467174463465209 0.529752062160341 0.4458973513755201 0.5228105440129422 0.4442571614335187 0.5148146180456855 0.45187232902138225 0.513496608270863 0.4581987759405305 0.5170113010037231 0.4604247480046753 0.5199987898266542 0.46593109995282267 0.5219318708297273 0.46792275916811016 0.5217561361930843 0.4680399155925388 0.5208774630098691 0.4627678764932487 0.5169234336854015 0.455152708905385 0.5104212521296103 0.45620711672524306 0.5053249476669632 0.452692423992383 0.5040948052104621 0.4496463569572376 0.5048856110753557 0.4453115692533768 0.5022495915257106 0.43839934021208515 0.4961867465615269 0.43839934021208515 0.49275992114698824 0.44273412791594596 0.4881908205942701 0.4401566865785152 0.4874878820476981 0.43429886535708173 0.48898162645916365 0.43148711117079364 0.48942096305077115 0.4250435078272167 0.4861698722728756 0.4248091949783594 0.4823037102667294 0.42527782067607406 0.4753621921193307 0.4339473960837957 0.4758893960292598 0.4405081558518012 0.4743956516177942 0.4447257871312334 0.4772074058040823 0.4509350776259529 0.4747471208910802 0.4590188709115312 0.4744835189361157 0.4591360273359599 0.4765044672575102 0.45585564745195706 0.4790526194888339 0.45925318376038854 0.4806342312186209 0.46241640721996263 0.4789647521705124 0.46229925079553397 0.4753621921193307 0.463705127888678 0.47009015302004054 0.4585502452138165 0.4672783988337524 0.4578473066672445 0.45945820750313865 0.4571443681206724 0.4552405762237065 0.45292673684124035 0.4490898639412013 0.4564414295741004 0.44838692539462927 0.4611276865512473 0.4511108122625958 0.4635879714642494 0.44935346589616576 0.4748349882094017 0.4474203848930928 0.4794040887621199 0.44583877316330567 0.48315309434383735 0.44619024243659167 0.48362172004155196 0.4504957410343453 0.4894795412629856 0.45075934298930986 0.4979148038218499 0.45339536253895496 0.5044755635898555 0.4578765957733516 0.5058814406829995 0.45972180945810315 0.5052956585608561 0.46376370610089235 0.5085760384448589 0.4641151753741783 0.5122078876021476 0.4633243695092848 0.5183000216724385 0.4663997256505374 0.5215804015564413 0.4684206739719319 0.532007323330593 0.46218209437110525 0.5370450495810258 0.4629729002359988 0.5389195523718845 0.46824493933528893 0.5414969937093153 0.47123242815822003 0.5482920663261781 0.4745713862544371 0.5539155746987544 0.4766802018941532 0.5539155746987544 0.47334124379793613 0.5500494126926082 0.47334124379793613 0.5459489378376047 0.472286835978078 0.54548031213989 0.4649938485573933 0.5500494126926082 0.4527802913107044 0.5554386082163272 0.4533074952206334 0.5582503624026153 0.4508472103076314 0.5619329425352472 0.44850189828210846 0.5730120718806276 0.4449600999800907 0.5745037164507159 0.44031871790961863 0.5816623052604905 0.4380007625399702 0.5851069771417754 0.43383879791354774 0.5890854085456212 0.4295239803337354 0.5967175606825628 0.43024496161937237 0.6031953282984034 0.42982006674635104 0.6082931458504338 0.42932630899090546 0.6019752919688964 0.4274509279287909 0.5997612301689407 0.422439121501527 0.6004266751969366 0.4204451181683913 0.5943504324999713 0.417108664982999 0.6003737300456196 0.40968842664322547 0.5937368503593948 0.4066624852554007 0.5840333741859313 0.41377088906067405 0.5760112219202211 0.4088932520888929 0.5756858467113856 0.404466263889464 0.5679660393428073 0.40056012196436763 0.5757694989930939 0.3881815614776549 0.5821072675394822 0.38024035691688446 0.5939977788337647 0.3796843914603275 0.6045776098579982 0.3769615458108979 0.6113496216178734 0.3777428162757881 0.6110791772869175 0.38881326007977324 0.6072144770668847 0.40307871087474306 0.6160209507273737 0.40346929852018465 0.6142287936598955 0.38748979942407635 0.6172472398214492 0.37795268882415056 0.6237658695895019 0.3753581097965156 0.6036822977101107 0.36984068007274273 0.5916257419308433 0.3688681700676751 0.580585571424578 0.365824984377215 0.5832687987193692 0.3623374942926227 0.5985882468321496 0.36330818237884194 0.6139780034230838 0.3657265727002745 0.6271692233581704 0.36583649953306685 0.6359633699815614 0.3650670117035201 0.6434383946114438 0.3685846703528765 0.6478269079064121 0.37159797204874045 0.6563364763257507 0.36385781654280386 0.66674288316343 0.36495708487072775 0.688435111501128 0.36704569469378306 0.6964964125725698 0.36715562152657555 0.7016263314362144 0.36869459718566894 0.7061699738582999 0.37210232900223295 0.7051439900855709 0.37452071932366543 0.7120327382738939 0.3778185243074371 0.7142312749297416 0.37616962181555136 0.7139381367089619 0.3722122558350254 0.7192146246829965 0.36847474352008414 0.7247842508778107 0.36869459718566894 0.7288881859687266 0.37452071932366543 0.7337249666115917 0.3766093291467209 0.7374633276511304 0.3790363556861255 0.741012987926555 0.3885709082863943 0.7435720453344193 0.3833702432317022 0.7463787534591738 0.3799031331952408 0.7464613036981372 0.3784791415731228 0.7423337917499689 0.37637411047955704 0.7465438539371005 0.37129727078331 0.7485655669198021 0.36918530620391315 0.753518581257604 0.36974252031691585 0.7607830022863803 0.37141416265592414 0.7663964185358891 0.3752527487677206 0.76837762427101 0.3742002332209376 0.7775407007959436 0.3771101291443963 0.7779534519907604 0.3799581123886324 0.7848051218247197 0.38447773797187673 0.7919869926145328 0.3900498791019038 0.7908312892690454 0.39438376664748054 0.7940507485886168 0.39679836113715905 0.7948762509782504 0.39865574151383476 0.793225246198983 0.4003273838528429 0.7901708873573385 0.4018132881541835 0.7881896816222178 0.40398023192697186 0.7921520930924594 0.40565187426598004
28 0.8190286938119917 0.3943942037924917 0.8186988943904752 0.3966203498877289 0.8144939517661385 0.39965038207291287 0.8107837082740765 0.39903200815756923 0.8060840665174647 0.39519808988243854 0.8053420178190522 0.39328113074487314 0.8087224618895976 0.3908076350834985 0.8107837082740765 0.3893235376866737 0.8135870033569678 0.3903129359512235 0.8171323471382713 0.39278643161259824
28 0.40540378501918617 0.5426862628664698 0.41006359864009634 0.5458534799369321 0.41719893824711507 0.5460719087004123 0.42229560939498556 0.5483654107169541 0.422732466921946 0.5462903374638924 0.4192376067062632 0.5441060498290908 0.4183638916523426 0.5434507635386503 0.4128303629775118 0.5393006170325272 0.4070055959513741 0.5396282601777475 0.4042388316139586 0.540283546468188
28 0.44013476095996834 0.4156147185666553 0.4291007418829775 0.41576796883161343 0.4154103848800444 0.3952324333272138 0.4109150437746037 0.3906349253784676 0.4117323785210474 0.3854244163698886 0.41786238911937573 0.3843516645151812 0.42440106709092584 0.38848942166905276 0.43441341773486203 0.40274169631016593 0.43625242091436045 0.4032014471050406 0.441156429393023 0.3883361714040945 0.4681284760256673 0.385730916899805 0.4713978150114425 0.3869569190194707 0.47323681819094093 0.39783768783150336 0.4748714876838285 0.41408221591707317 0.4741568645985365 0.42902771547126034 0.4634355862946148 0.4266824265415012 0.45523859006132034 0.4207301536776628 0.4479821659714323 0.41484846724186425 0.448308108424406 0.4116302116777419 0.4413607630796339 0.41254971326749107
11 0.4388033702071132 0.6803631208246038 0.44251222149183983 0.6891054131386022 0.4483404163678387 0.6899001669853293 0.4525791035503834 0.6970529516058734 0.44357189328747587 0.7085768823834168 0.43456468302456847 0.7077821285366896 0.42396796506820683 0.7129480285404164 0.4101196622408226 0.7161488196890453 0.3884980434282221 0.7297412634618183 0.38356434807642076 0.7295993122177807 0.3751377920161577 0.7347488742546082 0.36858380396928647 0.7347488742546082 0.35703630122003693 0.7389621522847398 0.35422744919994925 0.7518360573768084 0.35204278651765875 0.755347122401918 0.35110650251096287 0.7651781044722249 0.35578792254444236 0.7766475835542498 0.3673354252936918 0.7958414056915158 0.3916788094677852 0.8159715118354776 0.4359962524513913 0.83142019794596 0.45971544728768743 0.8339949789643737 0.4931095768598412 0.8272069199158285 0.5190134343784278 0.8143330148237599 0.5502229012682912 0.7888192756412965 0.5658276347132228 0.7621351814504633 0.5677002027266147 0.7387280812830659 0.5661397293821215 0.7251519631859752 0.5614583093486419 0.7118099160905585 0.5474140492482035 0.690743525939901 0.5271278957697922 0.6713156328009611 0.5108989729870633 0.6687408517825472 0.4993514702378139 0.6664001417658073 0.48374673679288227 0.6680386387775252 0.47500808606372047 0.670613419795939 0.4622122046388765 0.6741244848210486 0.4478558498695393 0.6762311238361144
28 0.5539248111338079 0.44158667788267697 0.5577188166895187 0.44372080600776437 0.5510793069670245 0.44994534637260275 0.5465739253696177 0.45083456642472247 0.5437284212028345 0.4494118143413309 0.5444397972445303 0.445499246112004
28 0.557244565995055 0.4332280093927512 0.5636469503703173 0.4387411737158937 0.5731319642595948 0.43856332970546974 0.5814313514127126 0.4360735135595344 0.5693379587038837 0.4245136528819774 0.5593786941201423 0.4289597531425762
