26 0.4323528743499692 0.6932875984623401 0.4366564918608967 0.6810603587451741 0.442955143062975 0.6737926842812376 0.4514340966042343 0.6701588470492693 0.479908770435275 0.6742584983917106 0.5172161660168159 0.6795275623780647 0.5605799569849703 0.6857050856724107 0.5818984687458508 0.6889755391811822 0.5903774222871101 0.6913375333819616 0.5961915618582593 0.6975150566763076 0.5966760734891885 0.7011488939082758 0.5949802827809366 0.7133222486353696 0.5862590734242128 0.739485876705541 0.5787491431448117 0.762379051266941 0.5770533524365599 0.7678298071148935 0.5695434221571587 0.7696467257308776 0.5453178406107037 0.7658311966373109 0.5070414217673046 0.7598353652045633 0.4530183749187099 0.7518409232942331 0.4333956538660813 0.7489338535086586 0.4263702352176093 0.7449366325534935 0.42152511890831834 0.7362154231967696 0.4263702352176093 0.7187730044833219 0.42927730500318395 0.7029658125242599
18 0.17141124656143586 0.6257787670533838 0.17657914113907477 0.6072755271054221 0.1328468998657391 0.5854905883020909 0.10652376491676369 0.5530567255971033 0.09920377575531594 0.5281113644639597 0.10270470642800338 0.5076309200287384 0.1188089875223656 0.4808488003826795 0.15591885265285238 0.4540666807366206 0.20632855581061796 0.4413632954088254 0.2444201609410307 0.44073257310840175 0.2784514261969126 0.4472398659248802 0.3078592438474871 0.45721751834203933 0.3246637110763868 0.4661448915573922 0.3422714587646301 0.4826968938263469 0.35865999180823266 0.5052311267613002 0.37504852485183504 0.5321185637859605 0.3847665063785929 0.5479748619132383 0.39188609553807846 0.5566769818646474 0.3932527318764651 0.5645421776714695 0.39072878241619174 0.5724412151539304 0.3820846119971075 0.5851117430405725 0.3619403734643462 0.6032927718858189 0.3346261517250087 0.6163523841549395 0.3035562244965123 0.6217298715598717 0.2803391360180755 0.6232662965327093 0.25854754901511057 0.6227952607671939 0.24218392863338525 0.6448053939668338 0.22409722528934994 0.6591438656202733 0.20907041730681397 0.6614447661802484 0.18040842159706116 0.6578620167165297 0.1694907049531269 0.6511892275704396 0.16777559404261766 0.6414293882614044
20 0.4070151555795508 0.2896944732594249 0.40098772060273286 0.2942150494920384 0.40025168111644716 0.3045010367996882 0.40489045970617155 0.31282058535734614 0.4121511566292185 0.31433323054964757 0.43837033996244346 0.3155433467034887 0.44684115303933164 0.3134256434342667 0.47134024192112955 0.3117561741333272 0.4858616357672233 0.3123612322102478 0.49917291345947595 0.31538652259485067 0.519139829997855 0.31538652259485067 0.5241819806388598 0.3162941097102316 0.5393084325618742 0.3162941097102316 0.5742001149976275 0.3173529613448426 0.5927552293565251 0.3191681355756043 0.6086884253821002 0.32022698721021536 0.617764296535909 0.320983309806366 0.6385379571768488 0.3218908969217469 0.6334958065358439 0.3044954772102803 0.6260334235871569 0.28059568317191746 0.6169575524333482 0.2574522117297054 0.6096968555103013 0.23733403067209624 0.6201845288435913 0.23113218538366034 0.6379328990999282 0.2271993078836766 0.6532610370485828 0.21978734644139947 0.6423699916640124 0.2079887139414483 0.6343025506384048 0.2005767524991712 0.6217980170487128 0.19785399115302862 0.6094951694846611 0.1878705328838391 0.5856962184591185 0.18802179740306924 0.5631073835874169 0.1892319135569104 0.5201482601260559 0.1902907651915214 0.4806177991005782 0.19331605557612427 0.47194529999805 0.19331605557612427 0.4648862891006432 0.19271099749920373 0.4618609987160404 0.18545030057615683 0.4568188480750355 0.18257627471078408 0.4465328607673858 0.18060983596079222 0.424750769998245 0.17410546163389598 0.41022937615215116 0.16850867442238066 0.40740577179318843 0.1731978745185151 0.4059939696137071 0.18106362951848257 0.40478385345986595 0.1913496168261325 0.40155687704962284 0.20163560413378223 0.4009518189727023 0.2147956173068048 0.39994338884450137 0.23234230153750152 0.3993383307675808 0.24746875346051594 0.4003467608957817 0.26108256019122894 0.40498553948550614 0.2818057993257586
13 0.28227716563241084 0.43512089577272905 0.2584121481000097 0.4200859347273162 0.2530027441259987 0.41459698069486395 0.24568413874939568 0.41149452841565176 0.2412293354766808 0.4055282740325515 0.24568413874939568 0.39287981474037875 0.244093137580569 0.3876295108832506 0.25013894202211057 0.38548165930533446 0.25013894202211057 0.37927675474691014 0.2485143825707378 0.37539672578467076 0.25392378654474873 0.3660893689470343 0.2564693884148715 0.3660893689470343 0.25806038958369826 0.3634642170184702 0.2555147877135755 0.35749796263536987 0.2720611998693736 0.3269507401938964 0.27747060384338457 0.32957589212246047 0.2847892092199876 0.3293372419471364 0.2847892092199876 0.3255188391419523 0.29974462020695897 0.32599613949260037 0.3016538216095511 0.3283826412458405 0.3080178262848581 0.3283826412458405 0.312472629557573 0.3281439910705164 0.31947303470041066 0.3326783444016727 0.34715645503799597 0.34270165176528117 0.3490656564405882 0.338644598784773 0.34779285550552674 0.3360194468562089 0.3528840592457723 0.33816729843412496 0.3633846669600288 0.3532022594795377 0.3681576704665091 0.36441881771976625 0.36370286719379424 0.3911476373560556 0.3541568601808337 0.4176378068170209 0.33506484615491283 0.4443666264533102 0.32010943516794144 0.44746907873252234 0.3073814258173274 0.45081018118705857
28 0.4093529594221 0.5290325239309477 0.4044680792380654 0.5301316219723555 0.4027583711736533 0.5345280141379867 0.40739900734848616 0.5361766612000983 0.41643603568895016 0.5398403213381243 0.41594754767054676 0.5348943801517893
28 0.44037194859071976 0.4786571970330909 0.4281597481306333 0.48177130815041297 0.4215651598821865 0.48396950423322865 0.41692452370735367 0.471329876757039 0.4276712601122298 0.46839894864661824 0.4398834605723163 0.4674830336121118 0.44330287670114055 0.46766621661901303 0.45209566103240284 0.46729985060521045 0.4567362972072357 0.464552105501691 0.4623539094188755 0.464552105501691 0.46381937347408586 0.46070526235676373 0.4752988419065672 0.46107162837056637 0.48213767416421566 0.4649184715154935 0.4740776218605586 0.4733448898329533 0.45404961310601666 0.48580133430224154 0.4445240967471492 0.49148000751618176 0.4389064845355094 0.48323677220562333
28 0.46723878960291004 0.4933118375851947 0.4652848375292962 0.497158680730122 0.45209566103240284 0.4929454715713922 0.4518514170232011 0.4900145434609714 0.4542938571152184 0.4901977264678727
28 0.49483836264270564 0.5378253082622101 0.4804279660998036 0.5259184128136257 0.468215765639717 0.5215220206479946 0.45404961310601666 0.5147442493926465 0.4535611250876132 0.5119965042891271 0.44330287670114044 0.5079664781372984 0.44257014467353534 0.510714223240818 0.4423259006643336 0.5185910925375739 0.4423259006643336 0.5228043016963037 0.44550107278395606 0.5264679618343295 0.47187942577774294 0.5374589422484075
28 0.4908748502026149 0.43942785027036746 0.49851026273208804 0.45225036370301525 0.4923687352627293 0.45847488478682485 0.4915387991182214 0.4658198196657202 0.4829074632153386 0.4644504250272821 0.4712883571922273 0.4473952372576438 0.4729482294812433 0.4441584862940628 0.4792557441795037 0.44191765870389127
28 0.4209306753985935 0.3801394553084206 0.41355353985037074 0.37704756761541547 0.4129026161255276 0.3731420252663563 0.41073287037605033 0.3734674871287779 0.40682732802699123 0.3842077285886905 0.4122516924006845 0.39022877304348996 0.41615723474974353 0.3955988937734462 0.41594026017479585 0.3996671670537161 0.4241852940228095 0.4091055610639423 0.43264730244577093 0.4110583322384718 0.4389395651192551 0.4107328703760503 0.446967624392321 0.4079664445454668 0.45282593791590975 0.41512660551874186 0.45260896334096196 0.41756756948690366 0.459769124314237 0.42179857369838447 0.45998609888918474 0.4260295779098652 0.46584441241277347 0.4257041160474435 0.4743064208357349 0.4268432325659191 0.47560826828542124 0.42277495928564923 0.47647616658521214 0.4130111034130014 0.47474036998563024 0.4011317454346133 0.4706178530616235 0.38485865231353356 0.4664953361376166 0.38306861207021486 0.4554296328152824 0.3846959213823228 0.44154326001862787 0.38616049976322003 0.44132628544368013 0.3933206607364951 0.4363358702198823 0.39917897426008364 0.4285247855217641 0.3881132709377496
28 0.5159579756220485 0.3711845871529794 0.514905715984478 0.3723245350936808 0.5103459242216727 0.3716230286686338 0.5066045566214221 0.3723245350936808 0.5045000373462812 0.37179840527489555 0.5032139422336951 0.36916775618096936 0.5063707211464065 0.3676770550277446 0.5116320193342588 0.36872931466531506
28 0.7157185608366688 0.3693117416070013 0.7202677884962089 0.37253411119917546 0.724943383590736 0.37708333885871537 0.7281025694654164 0.3796422794172066 0.7262070579406079 0.3817273420944957 0.7131912121369246 0.38239077112817865 0.7088947193473589 0.3817273420944957 0.7100320262622439 0.37869452365480244 0.7096529239572823 0.3748087250289454
28 0.6002268251633662 0.3726890891225778 0.6070092607845343 0.37364286913180456 0.6137916964057023 0.3741727469147083 0.6133677941793795 0.37703408694238844 0.60969397488458 0.37703408694238855 0.6070092607845343 0.3777759158384539 0.5966943066106746 0.376398233602904 0.5903357732158294 0.37968347585690737 0.5903357732158294 0.3845583514596219 0.5916074798947984 0.3924005426465975 0.5913248784105831 0.39430810266505106 0.5860967509525995 0.39579176045718156 0.5856728487262765 0.3983351738151195 0.5849663450157381 0.4035279760875764 0.5749527196361022 0.40344894390291974 0.5652029684306731 0.4099134528543456 0.5599748409726893 0.41701381514525593 0.5431600526618768 0.4128807684386066 0.5393449326249697 0.41584808402286766 0.5359537148143857 0.4273994196901696 0.5372254214933547 0.43502965976398367 0.527758271772141 0.4323802708494649 0.5235192495089109 0.4341818553113377 0.5206932346667575 0.44022246203644044 0.518008520566712 0.44287185095095927 0.5141934005298049 0.44287185095095927 0.5075522656507445 0.4498662376852889 0.4996394240927151 0.45537696662748783 0.4990742211242844 0.45654269774987616 0.5034545441296221 0.4586622088814912 0.5119325886560823 0.4636430600407865 0.520128031698327 0.4680940334171781 0.516736813887743 0.4704254956619545 0.5171607161140659 0.47328683568963487 0.5184324227930349 0.4794334179713184 0.5141934005298049 0.4835664646779676 0.5153238064666662 0.48727560915829393 0.5117912879139745 0.487699511384617 0.5106608819771132 0.48377841579112923 0.5074109649086369 0.48229475799899874 0.5040197470980528 0.48271866022532167 0.5028893411611914 0.484732195800356 0.49794381518742303 0.48642780470564795 0.49794381518742303 0.4890771936201668 0.48536804913984055 0.48875926695042443 0.4802812224239645 0.48971304695965123 0.47039017047642756 0.49289231365707376 0.4709553734448583 0.49585962924133475 0.476607403129165 0.49893292038217657 0.4862158535924865 0.5015823092966953 0.49624820628213095 0.5016882848532761 0.49483519886105426 0.5052914537770216 0.49200918401890087 0.5087886471441864 0.48833536472410155 0.514087424973224 0.48663975581880947 0.5152531560956123 0.4799986209397491 0.5151471805390316 0.47787910980813403 0.5169487650009044 0.48225943281347183 0.5207638850378115 0.4857919513661635 0.5208698605943921 0.4870636580451325 0.5242610784049762 0.48875926695042454 0.526910467319495 0.4921504847610086 0.5296658317905945 0.5014763337401148 0.5342227807235668 0.5088239723297134 0.536236316298601 0.5191389265035733 0.53750802297757 0.5278995725142487 0.5367661940815048 0.5346820081354168 0.5329510740445977 0.5377906244617855 0.5283941251116255 0.5390623311407545 0.5297718073471752 0.5421709474671231 0.5300897340169175 0.546551270472461 0.5279702228853025 0.5495185860567219 0.5297718073471752 0.548246879377753 0.5309375384695635 0.5483881801198606 0.5339048540538245 0.5527685031251983 0.5360243651854395 0.5565836231621053 0.5378259496473123 0.5661920736254268 0.5387797296565391 0.5770722307677172 0.5405813141184119 0.5845611700994237 0.5422769230237039 0.5979847405996522 0.5436546052592537 0.6049084769629279 0.5424888741368653 0.6098540029366963 0.5387797296565391 0.6135278222314957 0.5376139985341508 0.6212993630474174 0.5376139985341508 0.6193211526579101 0.5419589963539616 0.6205928593368791 0.5463039941737724 0.6224297689842788 0.5505430164370024 0.6258209867948628 0.5525565520120368 0.6313317157370619 0.549907163097518 0.6376902491319069 0.5486354564185489 0.6403749632319528 0.5449263119382226 0.6407988654582756 0.5421709474671231 0.6316143172212771 0.5330570496011785 0.6334512268686769 0.5312554651393057 0.6389619558108759 0.5283941251116255 0.6549289396690425 0.5283941251116255 0.6570484508006575 0.5279702228853025 0.6556354433795808 0.5241551028483954 0.6588853604480572 0.5252148584142029 0.6624178790007488 0.5278642473287217 0.6686351116534862 0.5322092451485325 0.6718850287219627 0.5337988784972438 0.6766892539536233 0.5337988784972438 0.6751349457904391 0.5327391229314363 0.6775370584062695 0.5314674162524673 0.6826238851221454 0.5326331473748556 0.6912432303907131 0.5331630251577593 0.6932214407802206 0.532421196261694 0.6927975385538976 0.5248969317444606 0.697743064527666 0.5264865650931719 0.7111666350278945 0.5293479051208523 0.7308074381808604 0.5296658317905945 0.7384376782546744 0.526910467319495 0.7442310086810889 0.5235192495089109 0.7496004368811802 0.5167368138877428 0.7583610828918556 0.5142993760863857 0.7661326237077772 0.5130276694074166 0.7692412400341462 0.5172666916706467 0.7748932697184528 0.5169487650009044 0.7780018860448215 0.514087424973224 0.7830887127606975 0.51069620716264 0.7888820431871121 0.5050795026638601 0.7887407424450043 0.5002046270611455 0.7885994417028966 0.49278633810049316 0.7856321261186356 0.49098475363862026 0.7861973290870662 0.48801743805435926 0.7904363513502963 0.4875935358280363 0.7932623661924496 0.48441426913061364 0.7938275691608804 0.4684119600869202 0.7952405765819571 0.46714025340795134 0.7990556966188642 0.467246228964532 0.8030121173978787 0.4616295244657522 0.8027295159136635 0.45452916217484185 0.8034360196242019 0.44530928875231646 0.8014578092346945 0.4409642909325056 0.7958057795503877 0.4369372197824371 0.7976426891977872 0.43344002641527235 0.798207892166218 0.4299428330481076 0.8056968314979245 0.42867112636913857 0.8089467485664008 0.4279292974730733 0.8076750418874318 0.4321683197363033 0.812761868603308 0.43333405085869164 0.8148813797349228 0.4320623441797226 0.8150226804770305 0.42697551746384654 0.8175660938349687 0.422100641861132 0.8116314626664465 0.4157421084662869 0.7987730951346487 0.40493260169505035 0.7941101706450957 0.4065222350437615 0.7900124491239733 0.4089596728451189 0.7712194504236534 0.4145763773438986 0.7638718118340546 0.4154241817965446 0.7576545791813172 0.41171503731621834 0.7445136101653042 0.40196528611078924 0.734339956733552 0.39698443495149394 0.7281227240808146 0.3952888260462019 0.7234597995912615 0.3960306549422672 0.7226119951386155 0.39920992163968977 0.7187968751017085 0.4028130905634353 0.7104601313173561 0.40069357943182027 0.6966126585908047 0.3887183415381954 0.6913845311328208 0.38596297706709587 0.6892650200012059 0.3857510259539343 0.6819173814116071 0.3794984681156699 0.678526163601023 0.37239810582475974 0.6769718554378386 0.3686889613444334 0.670895923527209 0.36635749909965687 0.6584614582217341 0.36656945021281845 0.6511138196321354 0.36678140132597986 0.6446139854951827 0.36699335243914144 0.6331686253844615 0.3695367657970794 0.6282230994106931 0.3682650591181104 0.6231362726948171 0.3621184768364268 0.618897250431587 0.3615885990535231 0.6160712355894337 0.36519176797726854 0.6025063643470976 0.3666754257693991 0.5855502752941774 0.3667814013259798 0.5800395463519783 0.36656945021281834 0.5683115847570418 0.3674172546654643 0.5681702840149342 0.3696427413536601 0.5756592233466404 0.372292130268179 0.5820177567414856 0.37303395916424414 0.588234989394223 0.37239810582475963
28 0.6388818854549424 0.5492642607105518 0.6475272767270333 0.5442837635646733 0.6560473724734416 0.5424043306794363 0.6609338979750581 0.5429681605450074 0.6670733787334995 0.5437199336991022 0.6663216055794046 0.5481366009794094 0.6579268053586786 0.5509557503072652 0.6520379156516023 0.5526472399039786 0.6480284588297631 0.5532110697695497
28 0.75315140487736 0.525489434712302 0.7367376910129557 0.5289663855499909 0.7368629865386382 0.5312217050122754 0.7443807180795868 0.5331951095417743 0.7544043601341848 0.5361082305138919 0.7639268200860527 0.5379876633991291 0.7723216203067786 0.5364841170909393 0.7790875786936324 0.5341348259843929 0.7779599189624902 0.532725251320465 0.7735745755636034 0.5318795065221084 0.7585391124817065 0.5263351795106588
28 0.8248223743541943 0.46426952613741534 0.821548341680262 0.474442413374276 0.8252900933076132 0.47672254327219304 0.8245577303445366 0.4794845000611695 0.8260298376936842 0.4817775903550339 0.8221797107805291 0.4884870026963412 0.8184428228942313 0.4929033247437839 0.8193487351090912 0.4939224759855015 0.8259165986668267 0.4941772637959309 0.8284078572576918 0.49553613211822095 0.8341830476274247 0.4954512028480778 0.8354286769228572 0.48704320510390803 0.8350245840472497 0.48146403244140124 0.8318538912952395 0.4727163176166589
28 0.8072202904504172 0.3907659130844443 0.8159159693715885 0.39582757693408127 0.8153968243613693 0.39757969134357096 0.811762809289835 0.40108392016255046 0.8052734966620954 0.40098658047313435 0.803456489126328 0.39436748159283985
