18 0.290875717169417 0.4687176174680825 0.23549979611833552 0.4618716931623169 0.19594556679613442 0.44772344959706795 0.16491070994333057 0.43585718080040775 0.13509290630044055 0.41851417255913487 0.11866268796660315 0.3993455845029914 0.10770920907737827 0.37835141663197697 0.10649215586746436 0.3559880638998094 0.11805416136164623 0.32404041713957016 0.14908901821445011 0.2966567199165079 0.19351146037630668 0.2811392914901059 0.23732537593320635 0.274749762138058 0.26896875939096715 0.2784009217677997 0.30913151531812516 0.28889800570330687 0.33894931896101516 0.30669740889829733 0.351119851060154 0.31491251806521603 0.3689546607625729 0.3091927473980902 0.3863073080479748 0.3044224252331325 0.4038554647881484 0.3045124231989566 0.41682206165091157 0.30795667549062816 0.4292483836443931 0.3190998446695653 0.4346511323372112 0.32396231849310153 0.43816291898754295 0.3347002815200774 0.4333004451640067 0.34888249683872474 0.40844780117704377 0.367521979828947 0.3879173561443352 0.37907035515984555 0.385486119232567 0.38271721052749774 0.39602147918356223 0.4052061519613528 0.4011540904417393 0.41472849653244465 0.3979124412260485 0.43296277337070554 0.3849458443632853 0.45160225636092766 0.36252443728809036 0.4692287239712465 0.34685646607891807 0.47368599164282144 0.31525038622593254 0.47084954857909195
31 0.3481394756958671 0.5997652891343087 0.3361043936516871 0.6012536170896274 0.31453330789067774 0.5948350728090259 0.2811286137824144 0.5943389634905863 0.24342430558100817 0.5891298156469711 0.229863984210327 0.5680451696132901 0.22920250511907425 0.5454721956242904 0.2268873282996897 0.5310850253895432 0.21861883965903042 0.5137211992441588 0.23747099375973357 0.5062795594675654 0.25136205467604106 0.5057834501491258 0.2616149805904585 0.4973495917356534 0.28840488378619444 0.4973495917356534 0.29965002833749105 0.49164433457359863 0.317509963801315 0.49511709980267554 0.3419846901776664 0.5000781929870711 0.34694578336206194 0.5090081607189829 0.3581909279133584 0.51223287128884 0.36348276064338036 0.5189303470877741 0.36282128155212773 0.5387747198253563 0.36811311428214954 0.5459683049427299 0.3677823747365232 0.5568827099484001 0.35422205336584206 0.5710218255239273 0.35289909518333656 0.5829284491664767
16 0.3313226438716061 0.7234684615828065 0.28443585412917927 0.7209340405156484 0.21009283615920527 0.7177660141817006 0.19995515189057245 0.7149147904811476 0.19319669571148387 0.7066779220128835 0.19277429220029085 0.6826009218748805 0.1934608081264097 0.6456437668585528 0.19641763270476095 0.6415253326244206 0.2074001239957798 0.6389909115572625 0.24457163298076684 0.639624516824052 0.30835456317091503 0.6427925431579996 0.3362331949096553 0.6427925431579997 0.3476380897118672 0.648178187925711 0.35101731780141143 0.6545142405936065 0.35101731780141143 0.6668695432960027 0.35017251077902534 0.7112219119712713
20 0.32952837752104325 0.7249753856582468 0.30757048977060014 0.7378243694243029 0.31794619497135895 0.739634085447691 0.3638735684359135 0.7503082632967328 0.40778934393679966 0.759718786618351 0.42419743588218567 0.7615285026417393 0.4295059362174577 0.7658718210978709 0.4295059362174577 0.7723867987820683 0.4239561404124006 0.7843309245364302 0.42612779964046643 0.7979037947118415 0.4497747556794051 0.795370192279098 0.45990916541037874 0.7919317318346603 0.46183952916865956 0.7883122997878842 0.479695393932756 0.7843309245364302 0.4912775764824403 0.7669576507119038 0.4973099632270675 0.7573661557879465 0.5209569192660061 0.7387260807470484 0.5349520565135414 0.7191811476944562 0.5470168300027957 0.699636214641864 0.5680095358740984 0.6851584864547589 0.591415196443252 0.6786435087705613 0.6017909016440108 0.6777386507588673 0.604927742751217 0.6750240767237851 0.5820046731216335 0.667242297823216 0.5470168300027957 0.650592910408045 0.5168548962796596 0.6350293526069067 0.4784889165838306 0.6176560787823803 0.4512225284981155 0.6066168110397124 0.4422945961160673 0.6078836122560842 0.43481443655272956 0.6075216690514066 0.42516261776132597 0.6102362430864888 0.4135804352116417 0.6382868414490054 0.4051350937691637 0.6560220584782093 0.3771448192740933 0.6851584864547587 0.3527739768257995 0.7119422836009036
23 0.5270059607470078 0.7424064975043566 0.5287026959715635 0.7467331723269737 0.5371863720943422 0.7492782751638074 0.5524569891153437 0.7536049499864245 0.5860523465615469 0.7609857482132419 0.6043770869867487 0.7614947687806086 0.6203263980975726 0.7617492790642919 0.6366150562533075 0.7564045631069415 0.6535824084988648 0.7487692545964407 0.6637628198461991 0.74113394608594 0.6698710666545996 0.722809205660738 0.6664775962054883 0.7113562428949869 0.6607086964419989 0.7016848521150194 0.6505282850946643 0.6922679716187352 0.630846156489818 0.683614621973501 0.612315538868554 0.6790393262036767 0.5928052529230364 0.6797361221303023 0.5687712883736136 0.6859259101702694 0.5485177534396954 0.6995831103321316 0.5377406431078857 0.7200689105749253
14 0.5869091968937841 0.7628047326333989 0.5894616319427882 0.7782469646798736 0.5933753656845946 0.8007083931111099 0.6000116968120052 0.8007083931111099 0.6321530804700164 0.7984016833284836 0.6593790543260603 0.7966149787941808 0.6935816839827154 0.7938073002402762 0.689157463231108 0.7820660990148574 0.6864348658455036 0.7615189968703744 0.6864348658455036 0.749522552140055 0.6622718140482649 0.751309256674358 0.6542741842280521 0.7507987696645572 0.6384490869242265 0.7573074790395176 0.6217731779373998 0.7624123491375258 0.6028851585747694 0.7624123491375258
26 0.4331449854472224 0.31979946364064393 0.4459263128866487 0.320864574260596 0.4583526034527576 0.3171366870907634 0.473974225878723 0.314740188195871 0.49492140140444923 0.308882079786134 0.4966965857710362 0.3038228043413611 0.5130282819436364 0.28305314725229347 0.5322002731027757 0.2819880366323413 0.529715014989554 0.27373342932771183 0.52616464625638 0.2646799890581183 0.5286499043696018 0.2487033297588355 0.5254545725097453 0.22580345142986347 0.52616464625638 0.21914651005516228 0.5226142775232061 0.20956051447559262 0.49634154889771875 0.19890940827607076 0.4587076403260749 0.21115818040552084 0.4200086211344789 0.20503379434079583 0.3859250812960088 0.20024079655101099 0.3752739750964869 0.20237101779091535 0.3653329426435999 0.2082291262006524 0.35681205768398244 0.23379178107950488 0.34651598835777797 0.27692876118756843 0.33906021401811265 0.2995623618615524 0.33906021401811265 0.3024914160664209 0.3408353983846996 0.3056867479262774 0.3650866451335454 0.3098096322592948 0.3730252108370435 0.30772263919468307 0.3855471692247139 0.3034327090063145 0.40162474542616716 0.3033167649471694 0.4173986129223458 0.30632420426134377 0.4235822960767509 0.3120054631594535
11 0.5336492600197826 0.28371318663284806 0.5308499331190633 0.2714979419751633 0.5285595747457474 0.26233650848189977 0.5308499331190633 0.24935781103310972 0.534412712810888 0.24019637753984618 0.5456100204137656 0.23122580724435896 0.5596066549173628 0.22779026968438515 0.566986698564714 0.22626336410217454 0.5733488051572581 0.2268359536955035 0.5730943208935563 0.23332530241989852 0.577933762866709 0.23628863884708906 0.5809875740311302 0.23609777564931275 0.5848048379866566 0.24086935559372086 0.5873496806236744 0.23361655407822057 0.5914214288429027 0.23228051169378627 0.593202818688815 0.22903583733158878 0.6041456420279909 0.22827238454048346 0.6135615597849562 0.2254094365738386 0.6209416034323074 0.22521857337606227 0.6262857729700444 0.22655461576049657 0.6285761313433603 0.22827238454048346 0.6321389110351852 0.22789065814493084 0.6433362186380627 0.22121044622275948 0.6509707465491157 0.22063785662943056 0.6659853181075198 0.2236916677938517 0.6677667079534324 0.23132619570490465 0.6662398023712217 0.23323482768266784 0.6662398023712217 0.2357160492537601 0.6649673810527128 0.24220539797815513 0.6654763495801164 0.24869474670255015 0.6692936135356428 0.24812215710922114 0.6710750033815551 0.2528937370536293 0.6743832988096782 0.2553749586247215 0.6799819526111169 0.2599556753713532 0.6840537008303452 0.26472725531576136 0.688634417576977 0.26873538246906414 0.6881254490495735 0.2736978256112486 0.6858350906762576 0.2784694055556567 0.6713294876452571 0.28114149032452523 0.6476624511209927 0.28171407991785424 0.6252678359152374 0.286294796664486 0.597529051171745 0.2866765230600386
33 0.5786504590605577 0.3709638742598702 0.5855644810897739 0.37575050489548156 0.5850326332413726 0.39409925566532444 0.5977969816030025 0.3952959133242273 0.5935421988157926 0.4100546911173619 0.6015199165418113 0.41723463707077874 0.6041791557838175 0.42561124068309847 0.6126887213582375 0.42960009954610784 0.6275804611134724 0.4367800454995246 0.6328989395974849 0.4459544208844461 0.6419403530203062 0.4555276821556686 0.6461951358075162 0.46430317165428925 0.6563002449271399 0.4754719764707154 0.6754467674695848 0.4818541506515304 0.6871474201344122 0.4874385530597435 0.680233398105196 0.5045906461706837 0.6685327454403684 0.5349059735295549 0.6648098105015597 0.5345070876432539 0.6664053540467634 0.559238012593912 0.6690645932887698 0.5775867633637549 0.6669372018951648 0.5927444270431905 0.6509817664431273 0.5947388564746953 0.6419403530203062 0.589952225839084 0.6366218745362936 0.5975310576788018 0.6041791557838175 0.5951377423609961 0.5361026311884578 0.5815756222267643 0.4972777382551667 0.565221300888426 0.5025962167391792 0.5572435831624073 0.5217427392816241 0.5353048594158558 0.5089783909199942 0.5321137723254483 0.511105782313599 0.5233382828268277 0.5020643688907779 0.5073828473747903 0.5180198043428154 0.4698875740625023 0.5259975220688341 0.4599154269049789 0.5190835000396178 0.447151078543349 0.5281249134624391 0.3976892286420329 0.5307841527044453 0.3905092826886161 0.5254656742204328 0.3869193097119077 0.5206790435848216 0.37096387425987026 0.530252304856044 0.3669750153968609 0.5472714360048839 0.36976721660096745 0.5499306752468902 0.372559417805074 0.5552491537309027 0.3689694448283656 0.5733319805765451 0.37016610248726844
34 0.6701928761372509 0.5902498297385208 0.687553775283075 0.5943833771541932 0.6927896020095935 0.5958301187496786 0.7051902442566109 0.5919032487047898 0.7129061994325328 0.5914898939632226 0.7148351882265132 0.5828094443903105 0.7236534227132811 0.5836361538734449 0.7352273554771639 0.5865296370644156 0.7509348356567194 0.5859096049520648 0.7671934554916976 0.5832227991318777 0.7772241707228968 0.5758285592462109 0.7849099474871503 0.5652561786001173 0.7839231919601815 0.5634588738902814 0.7653158020230567 0.5580669597607737 0.7438727022591474 0.550186688822712 0.7382340992478976 0.5493408983710246 0.7268159281501163 0.558433145726665 0.7063759922343354 0.5554728791457588 0.6984819480185852 0.5555786029522197 0.6910107990286791 0.565199469340165 0.6815661389848355 0.5614991361140322 0.6783239422533669 0.5575873552749776 0.6855131610927105 0.5546270886940713 0.6943939608354291 0.5530412315971573 0.6963674718893667 0.5508210316614777 0.6991867733949916 0.5483893841128761 0.7001735289219604 0.5455348413384309 0.7039795859545541 0.5447947746932043 0.7100410841916478 0.5460634603707355 0.7153977570523351 0.5426802985639856 0.7161025824287414 0.5305220608209779 0.7252653123220224 0.530416337014517 0.7354147977422724 0.5265045561754622 0.7441546324097099 0.5127604613355405 0.748242619592866 0.5146634898518374 0.7486655148187098 0.5167779659810562 0.752753502001866 0.5195267849490405 0.7544450829052409 0.5222756039170249 0.7517667464748972 0.525341594304392 0.7475377942164597 0.5265045561754622 0.7450004228613973 0.5293590989499075 0.7444365625602722 0.5396143081766184 0.7447184927108349 0.5489180031451808 0.7502161306468035 0.5517725459196261 0.7581101748625534 0.5533584030165402 0.7693873808850533 0.5563186695974462 0.770937996713147 0.5580102505008213 0.7848935391659906 0.5624506503721806 0.7906731072525217 0.5590674885654306 0.7956068848873654 0.5553671553392979 0.7975803959413029 0.5514553745002433 0.795888815037928 0.5484951079193371 0.7899682818761155 0.5474378698547276 0.7936333738334279 0.545217669919048 0.8032189989525527 0.5300991655951341 0.8067431258345841 0.5224870515299467 0.8064611956840215 0.5110688804321657 0.8063202306087404 0.50705137578665 0.8105491828671777 0.500390775979611 0.8073069861357091 0.4967961665599393 0.8097033924154902 0.4847436526233925 0.8111130431683027 0.47840022423573636 0.816892611254834 0.4717396244286974 0.8159058557278651 0.4597928342986115 0.8102672527166151 0.45535243442725215 0.8080118115121153 0.4552467106207913 0.8054744401570527 0.45788980578231464 0.8023732085008652 0.4550352630078694 0.8053334750817714 0.45344940591095534 0.8136504145233652 0.45535243442725215 0.815764890652584 0.4494319012654399 0.808434706737959 0.4455201204263852 0.8060383004581777 0.4448857775876196 0.8097033924154902 0.4416083395873305 0.8205577032121464 0.43484201597383065 0.8190070873840527 0.43177602558646344 0.8088576019638027 0.4288157590055573 0.8126636589963964 0.41581173081086203 0.8152010303514587 0.41137133093950273 0.8157648906525838 0.40280770261616694 0.8174564715559588 0.38272017938858904 0.8218263888896774 0.37373365583940943 0.8235179697930526 0.3653814751289955 0.82549148084699 0.3634784466126987 0.8226721793413652 0.3605181800317926 0.8199938429110213 0.3598838371930269 0.8091395321143652 0.3533289611924488 0.800963557748053 0.3500515231921597 0.7843296788648657 0.3444481614497302 0.7812284472086781 0.34233368532051145 0.7730524728423657 0.3411707234494411 0.7610704414434596 0.3403249329977537 0.7512028861737722 0.3407478282235974 0.7455642831625223 0.34233368532051145 0.738093134172616 0.3409592758365193 0.7272388233759599 0.34455388525619113 0.7203315346871788 0.35058014222446443 0.7197676743860538 0.3545976468699801 0.7313268105591162 0.35819225628965184 0.7345690072905849 0.3609410752576362 0.742604016581616 0.36157541809640187 0.747678759291741 0.36316127519331587 0.7540221876793971 0.3648528560966908 0.753317362302991 0.3701390464197377 0.7424630515063348 0.3664387131936049 0.7372473437209286 0.3643242370643862 0.7318906708602411 0.36136397048347996 0.7220231155905538 0.36157541809640187 0.719908639461335 0.36442996087084706 0.7041205510298354 0.36580437035483926 0.694307404503453 0.3677484451976224 0.6955524267470337 0.36370212290598547 0.6959674341615605 0.3548313394204736 0.6901573303581844 0.3523412949333123 0.6857997525056522 0.3531194338355503 0.6772921005078514 0.3492287393243608 0.6596542853904594 0.3478280893003326 0.6517691445144489 0.3531194338355503 0.6384889072495891 0.34611618371540925 0.6293587441299979 0.35358631717689293 0.6187760550595628 0.36230147288195724 0.5969881657969022 0.3641690062473281 0.5909705582862624 0.36930472300209816 0.591178061993526 0.3749073230982109 0.5947056250170043 0.37879801760940024 0.6032132770148051 0.39513893455639576 0.6079858622818641 0.40338720692011726 0.6104759067690253 0.40432097360280284 0.6081933659891275 0.4233075628174071 0.6098533956472351 0.4264201184263586 0.6142109734997673 0.429221418474415 0.6276987144718904 0.4348240185705277 0.634131329397057 0.43700280749679377 0.6426389813948579 0.4360690408141083 0.6447140184674922 0.439492851983955 0.6430539888093847 0.45381060778513205 0.6476190703691802 0.4634595301728817 0.6567492334887713 0.47419784702376444 0.6787446264586954 0.48197923604614323 0.6901573303581843 0.48804871948359874 0.6835172117257542 0.5034558697479088 0.6696144633391041 0.535670820300557 0.6657353527964083 0.5353465706170611 0.6680039903760854 0.5594440949301379 0.6700999792716915 0.5776607043022433
