26 0.3834529275800461 0.3363244873784932 0.38408169318544955 0.39789476677845115 0.38408169318544955 0.42106841083656765 0.38829873853107505 0.4275914698658005 0.39410068942936505 0.43199871070503704 0.40147046611279763 0.43488260638666043 0.4312872644149461 0.4341529583719568 0.4721984015857441 0.43571927136944794 0.48697720477166695 0.43588449714190736 0.49524851892400945 0.4349424935445721 0.501843255560737 0.43450475359471297 0.503763392515668 0.41229798201372325 0.49475392545012914 0.4082724754525249 0.49015334652304543 0.3865634936403486 0.4897699649457884 0.3677298736575997 0.49034503731167384 0.35522204969959076 0.4945622346615006 0.3307814741494585 0.4579492940334593 0.3271872718626744 0.42540331657511404 0.3268665838083484 0.4069365974106006 0.32668427661533583 0.39153558237409297 0.32711009548195186 0.3878350767993906 0.33013401608217485
18 0.25467386544292286 0.6027196170879636 0.22257416165597058 0.600105018135718 0.18763847045933724 0.5908076164462914 0.15946452594592322 0.57981977808606 0.13917928589626513 0.5650284572165176 0.12114796140768018 0.5438979988314571 0.11269577805365598 0.5143153570923724 0.11551317250499739 0.49487533537811673 0.12340187696875328 0.47501270449615995 0.13917928589626513 0.45895355612351396 0.15890104705565494 0.4454300627570752 0.18876542823987377 0.4323291785583377 0.21862980942409257 0.42641265021052077 0.25187506394992115 0.42683525937822203 0.2890646707076276 0.4314839602229352 0.3138301569495429 0.4404870120180131 0.33971864237292865 0.45515945071865055 0.3514215483601851 0.4634350770953533 0.3714836729097675 0.49076972179415934 0.3838553163820099 0.5188566961635748 0.39789880356671764 0.5419281393955945 0.3985675410517037 0.5559716265803022 0.39422074739929414 0.5695135606512702 0.3918801662018429 0.5762845276867543 0.376499204047163 0.5883218024165037 0.3557683420125945 0.5991051943619042 0.33236253003808175 0.6053746082836489 0.3253407864457279 0.6046222786130395 0.3293532113556444 0.6201704251389659 0.3313594238106026 0.6369724544492411 0.3276813676431792 0.6467527401671626 0.3156440929134297 0.6530221540889071 0.2858852748315492 0.6550283665438653 0.27485110632927884 0.6470035167240323 0.2618107253720503 0.6244336266057521
20 0.43793759087198825 0.3236314473535719 0.43528301136601383 0.3090312600707123 0.4417719834917292 0.3008463065939576 0.43328636603072396 0.28116421267446395 0.4270923471834502 0.2557244924088752 0.42443776767747565 0.23249692173159844 0.4223730947283844 0.21479972502510186 0.42384786112059236 0.20152682749522946 0.425617580791242 0.19201458426548756 0.43446617914449037 0.19444794881263086 0.4580624414198191 0.20108439757756705 0.4757596381263157 0.2059511266718536 0.4887375823777465 0.2086057061778281 0.5143985176021665 0.206393556589516 0.5379947798774952 0.20064196765990464 0.5583465560899663 0.20019953774224222 0.5907914167185432 0.19157215434782515 0.6087835667034814 0.19135093938899395 0.6202867445627042 0.19112972443016274 0.6297252494728356 0.1962176684832805 0.634739455206343 0.20042075270107343 0.6397536609398503 0.20019953774224222 0.6494871191284236 0.20152682749522946 0.6698388953408946 0.2152421549427643 0.6556811379756973 0.22519682809016855 0.6303151560297189 0.2442213145496524 0.626480763409978 0.24377888463199 0.6300202027512773 0.25284869794406944 0.6291353429159524 0.2592639317501745 0.6474224461793322 0.28204907250978883 0.6621701101014126 0.30040991409277895 0.6524366519128395 0.301515988886935 0.6474224461793322 0.29996748417511654 0.6382788945476423 0.2977553345868045 0.6309050625866021 0.2946583251631676 0.6114381462094559 0.29709168971031086 0.5813529118084118 0.29532197003966126 0.5568717896977582 0.2979765495456356 0.5229521626769732 0.2933310354101803 0.5164631905512578 0.29200374565719306 0.5037801995782686 0.30107355896927257 0.4975861807309947 0.3127979517873265 0.4940467413896954 0.32784056898784864 0.4666160864946257 0.32695570915252375
28 0.5266417895911273 0.43801061384452356 0.5135601434865343 0.44333671261567914 0.5101962916310678 0.4458596015072792 0.5163633533660901 0.4492234533627459 0.5163633533660901 0.4545495521339015 0.5171108760006383 0.45875436695323496 0.5286974768361347 0.4639403052304128 0.5328088513261495 0.46534191017019055 0.5406578389889052 0.4612772558448349 0.5380415097679865 0.4576330830014127 0.5313138060570531 0.45216682373627926 0.5430872875511866 0.4436170336036347 0.5335563739606975 0.43997286076021247
28 0.5672185829037651 0.5356193623944644 0.559495393084849 0.5436128638570427 0.5513088118767976 0.5490577126793785 0.5539346964152293 0.5554293442799846 0.558105218917444 0.561569280186023 0.5598043206776055 0.5608741931023205 0.566137336329117 0.5558927356691196 0.5757140917045731 0.5477833863592575 0.571852496795115 0.5412959069113679
28 0.622086521596507 0.5892056633637204 0.6176959309067898 0.5917237962592933 0.6207951713936491 0.59521044180701 0.6280267325296536 0.5932734165027229 0.6306094329353695 0.5911426886680072
28 0.7703777466649039 0.582968092812184 0.7746682473563586 0.5847232976405063 0.7793487935652184 0.58735610488299 0.7703777466649039 0.5921829181608765 0.762771859075507 0.5895501109183929 0.7565311307970275 0.5891113097113123 0.7692076101126891 0.5815054221219154
28 0.5408187621707298 0.29919537530590423 0.5421140200081482 0.30203497902639853 0.5428114665359889 0.30562184688386507 0.5375307999680521 0.30913398832763433 0.5328479447096931 0.3115999599796425 0.5313534164357487 0.30913398832763433 0.5311541459992228 0.30756473363999276 0.5360362716941077 0.30233388468118744
28 0.8123398983452943 0.3935293783747989 0.8127672625193528 0.39673460968023866 0.8097757133009424 0.4007411488120382 0.8072115282565906 0.39929879472459034 0.8067841640825322 0.3936896399400709 0.8063567999084733 0.39208702428735104 0.8089209849528252 0.39176650115680706
14 0.7314265831450253 0.70221973217047 0.7565327587678523 0.7027218556829264 0.7699227191000265 0.6997091146081871 0.7863254205069403 0.7017176086580134 0.797372137780984 0.6966963735334478 0.8137748391878978 0.6934325707024805 0.8268300505117678 0.6924283236775675 0.8355335247276812 0.6924283236775675 0.8301775405948113 0.6851475327469475 0.8191308233207676 0.6700838273732515 0.8234825604287243 0.667824271567197 0.8285037955532896 0.6655647157611425 0.8291732935698982 0.6567775542931531 0.8274995485283765 0.6477393310689353 0.8211393173705936 0.6399564166258591 0.8221356219066895 0.6307601944192252 0.8418029080528943 0.625092825982432 0.8413957751795489 0.6205125811572952 0.8275532574858024 0.6101306928869854 0.8047538165784555 0.617153734952195 0.7888756345179817 0.6260088749474593 0.7778830469376536 0.6244821266724137 0.7461266828167061 0.633642616322687 0.7200701789225953 0.6370014625277872 0.7090775913422672 0.6421924066629423 0.693606542155139 0.6421924066629423 0.6899423462950297 0.6595973369984613 0.6883138148016477 0.6852467080192268 0.6919780106617571 0.6910483514643999 0.7017491996220485 0.6934911487044728 0.7159988501891406 0.6959339459445458
16 0.5344079734729204 0.6587228946579742 0.5447433855324474 0.70797618089169 0.5499744437959628 0.7334775899263277 0.5542544005570209 0.7397191935362042 0.5642409663328231 0.7443558133606837 0.5720875537280962 0.7450691394875267 0.5939628882846153 0.744177481828973 0.6208315057290354 0.742037503448444 0.6564978120711861 0.7393625304727826 0.6671977039738313 0.7352609052434353 0.6712398853592751 0.7293759646969804 0.6664843778469883 0.6987029412427307 0.6581622397004864 0.6585783466078116 0.6576866889492576 0.648056786236877 0.6548333844418857 0.6391402096513393 0.6465112462953839 0.6341469267634382 0.6386646589001107 0.6320069483829093 0.5984806204212877 0.635038584421992 0.5454567116592904 0.6394968727147609 0.538085675015246 0.6448468186660834 0.5333301675029593 0.6505534276808276
13 0.19767363476255068 0.42623377495674974 0.19533627759475025 0.42147558357944176 0.1896598387586635 0.4167173922021338 0.1899937469254921 0.4134617875755546 0.184651216256234 0.4006898001943594 0.18131213458794765 0.3981854889431446 0.17797305291966134 0.38816824393828564 0.16895753241528821 0.36938590955417505 0.16495063441334465 0.3548609042971295 0.15916588893379108 0.3359499597721728 0.16048346516283338 0.3341795812633224 0.16481521912284475 0.33357042836269585 0.16698109610285036 0.32981398547549856 0.16995917695035823 0.33001703644237407 0.17882021816171886 0.3309730760071177 0.19289841853175577 0.33036392310649115 0.19953141678302316 0.3287395153714868 0.21022543437180122 0.3292471427886757 0.23337324459561193 0.3309730760071177 0.24650387378689634 0.33229290729180866 0.24433799680689064 0.3264044292524183 0.24677460840939705 0.3215312060474055 0.24515020067439278 0.31188628512081773 0.250970995058158 0.3088405206176847 0.24690997572064735 0.30650543449861606 0.24772217958814952 0.3033581445120453 0.2525954027931623 0.2968605135720283 0.2555734836406701 0.29604830970452617 0.2555734836406701 0.29736814098921716 0.2588222991106786 0.2986879722739081 0.2642369915606928 0.2966574626051528 0.26315405307069 0.29340864713514425 0.26897507645132235 0.2915472233693225 0.27826147661936373 0.2906580999489781 0.28102763837154626 0.2911026616591503 0.28003972346005246 0.29302909573656316 0.2889309576634964 0.29540009152414815 0.2865599618759113 0.292732721263115 0.2867575448582101 0.2915472233693225 0.2893261236280939 0.2915472233693225 0.3030922948462879 0.2960780989746821 0.3220602611469683 0.3012646522600244 0.32818533359822966 0.3023019629170929 0.3309514953504122 0.3008200905498522 0.32917324850972335 0.2987454692357153 0.32877808254512586 0.2950407883176137 0.33253215920880225 0.29563353726450997 0.34260889130603867 0.30467295870467787 0.3540687042793664 0.32038080579742884 0.35960102778373143 0.33653321460035185 0.3611816916421215 0.35194468721965466 0.3611816916421215 0.3732836493079201 0.35920586181913394 0.3801002621972271 0.3558469511200551 0.39165886666170413 0.3509073765625863 0.4024765349425609 0.33865723166006356 0.4098858967787642 0.3256167548283459 0.41492426282738243 0.31178594606743315 0.4075149009911791 0.2995358011649104 0.4060330286239385 0.2795799199527363 0.3969936071837705 0.26574911119182354 0.38928787087411915 0.2578457918998734 0.38558318995601754 0.2523134683955083 0.38587956442946564 0.2538941322538983 0.38958424534756714 0.2594264557582634 0.38958424534756714 0.26179745154584844 0.3949189858696336 0.2695031878554998 0.39758635613066673 0.26535394522722605 0.40173559875894055 0.25725304295297713 0.4055884669137663 0.25685787698837964 0.41225689256634923 0.26298294943964096 0.41640613519462305 0.2641684473334335 0.4198144416392765 0.25567237909458707 0.4211481267697932 0.2446077320858569 0.4186289437454841 0.23393825104172417 0.4217408757166894 0.22247843806839648 0.41951806716582835 0.21615578263483634 0.4236673097941022 0.20726454843139244 0.42722380347547984 0.20054672703323478 0.427668365185652
28 0.5219193460123027 0.3715004087297417 0.5225575083866207 0.379477438408718 0.5193666965150302 0.3842636562161038 0.5146868391033641 0.38793308986843283 0.5291518529212411 0.3871353869005352 0.5317045024185135 0.3774034106921842 0.5329808271671498 0.3716599493233212 0.5291518529212411 0.3684691374517307
28 0.5460542716248579 0.3718891236338752 0.544990667667661 0.3627953097998422 0.547330596373494 0.35657322665024066 0.5556267072396293 0.34811757519052583 0.5543503824909931 0.3455649256932534 0.557753915154023 0.34349089797671956 0.564773701271522 0.3358329494849022 0.5690281171003095 0.33535432770416373 0.5807277606294748 0.3383855989821747 0.5875348259555345 0.33694973363995895 0.5905129170356858 0.3395023831372314 0.5975327031531849 0.33742835542069755 0.6015743981905328 0.3385451395757543 0.600510794233336 0.34253365441524236 0.6079560219337138 0.35274425240433205 0.6105086714309863 0.3564136860566612 0.6124231585539406 0.3562541454630816 0.613274041719698 0.35146792765569584 0.6177411783399248 0.34811757519052583 0.6194429446714399 0.340300086105129 0.6211447110029548 0.3390237613564928 0.6339079584893169 0.3410977890730266 0.6243355228745453 0.3275368386187669 0.6245482436659847 0.3232292425921197 0.6358224456122712 0.3184430247847339 0.6396514198581799 0.32003843072052923 0.6441185564784065 0.327855919805926 0.6502874594301482 0.33742835542069755 0.6519892257616633 0.34189549204092423 0.6507129010130269 0.34843665637768484 0.6543291544674961 0.34508630391251477 0.6602853366277983 0.34508630391251477 0.6670924019538582 0.34763895340978723 0.6843227860604469 0.3517870088428549 0.6930443385094611 0.35306333359149106 0.6994259622526421 0.3541801177465478 0.7164436255677916 0.3578495513988768 0.7298450354284718 0.3578495513988768 0.7351630552144559 0.35449919893370685 0.7432464452891518 0.34795803459694624 0.736864821545971 0.3412573296666062 0.7328231265086229 0.3292917851481418 0.7500535106152119 0.3213147554691654 0.7562224135669534 0.321793377249904 0.7668584531389222 0.3152522129131434 0.7757927263793754 0.3133377257901891 0.7791962590424051 0.3168476188489387 0.7815361877482383 0.3155712941003025 0.7872796491171014 0.3155712941003025 0.7879178114914193 0.3184430247847339 0.7828125124968744 0.3211552148755858 0.7798344214167233 0.3235483237792788 0.7694111026361944 0.3297704069288803 0.7464372571607426 0.33790697720143614 0.7566478551498322 0.3385451395757542 0.7668584531389219 0.34141687026018563 0.769836544219073 0.34189549204092423 0.7777072135023296 0.34380997916387845 0.7811107461653595 0.3516274682492753 0.7821743501225563 0.3575304702117179 0.785365161994147 0.361838066238365 0.7828125124968744 0.36534795929711456 0.7677093363046794 0.36566704048427373 0.7494153482408936 0.36678382463933035 0.7289941522627142 0.36869831176228457 0.7266542235568813 0.3658265810778532 0.7185708334821852 0.3690173929494437 0.7187835542736246 0.3707723394788185 0.7121892097390041 0.37332498897609084 0.712614651321883 0.37731350381557893 0.7223998077280939 0.3828974245908625 0.7266542235568813 0.38911950774046394 0.7266542235568813 0.3918316978313159 0.7302704770113505 0.39262940079921355 0.7381411462946071 0.3977346997937584 0.744948211620667 0.39534159089006543 0.7517552769467266 0.3911935354569978 0.7543079264439991 0.38656685824319154 0.7521807185296054 0.3809829374679082 0.7549460888183173 0.37954707212569244 0.7621785957272558 0.38194018102938526 0.7628142731695752 0.3834994694354503 0.7674859472971349 0.3832029135189457 0.7689318059949002 0.38606198379380074 0.7666544296094773 0.388459751944991 0.7635863946618917 0.38826717133915933 0.7628556462729575 0.3873423179094146 0.7617138519152478 0.38891799412305383 0.7594559123987892 0.39090423873994234 0.7618088139862729 0.3928966150841826 0.7678808180830052 0.3984183438096485 0.7703096197216981 0.3972229180031044 0.770233719670489 0.3935227905066581 0.7769888242281037 0.3933520153914376 0.783136728376045 0.3928966150841826 0.7887533321655225 0.3963121173885945 0.7965710374400653 0.3996137696161927 0.8003660400005228 0.40177692107565366 0.803933342407353 0.405420123533693 0.8059067437387911 0.4096325763758009 0.8103848467601311 0.40906332599173234 0.8141693115498505 0.4094019748224839 0.8171092933382126 0.41563626054470404 0.8186829853105677 0.42135602559807156 0.8191671982251385 0.42671263096551093 0.8183198256246397 0.4327047657833245 0.8224356353984913 0.43243239601887845 0.82461459351406 0.4331587153907347 0.8278830306874128 0.43669952232853354 0.82776197745877 0.44296402691079323 0.8286093500592687 0.4474127330634124 0.8303040952602667 0.4543127670960461 0.832604106604478 0.449954850864909 0.8367199163783297 0.44941011133601694 0.8391409809511837 0.4517706492945494 0.8347830647200466 0.4565825151330967 0.8292146162024824 0.4645720282235148 0.8333304259763342 0.4688391545331699 0.8287304032879118 0.4752852389583936 0.8267935516296285 0.4741049699791272 0.8236461676849183 0.4756483986443217 0.818561932081925 0.47519444903691155 0.8134776964789318 0.4779181466813723 0.8127513771070756 0.4793707854250846 0.8157777078231431 0.4801878947184229 0.818198772395997 0.4827300125199196 0.8188040385392106 0.48636160937920037 0.8132355900216462 0.4918997945896039 0.8068197689035831 0.5007064169733603 0.801372373614662 0.507606451005994 0.7958039250970979 0.5157775439393761 0.7910828491800327 0.5174117625260525 0.7834564957755425 0.5165038633112323 0.7793406860016908 0.5155051741749301 0.7763143552856235 0.5106025184149009 0.7736685364846698 0.5136576770378699 0.7728897244650047 0.516695043914564 0.7725781996571386 0.5198492325942079 0.7699302387902772 0.5217183814414044 0.7624536434014917 0.5214847378355048 0.7624536434014917 0.5269753625741441 0.768995664366679 0.5295454422390392 0.7707090508099423 0.5247557483180985 0.7769395469672635 0.5199660543971577 0.7837930927403169 0.5223024904561532 0.7915812129369685 0.5223024904561532 0.7953195106313612 0.5231202430768016 0.7975001842864238 0.5240548175003997 0.7950079858234952 0.5256903227416967 0.7943849362077632 0.526508075362345 0.799836620345419 0.5276762933918429 0.8024845812122807 0.5288445114213405 0.8052883044830753 0.526508075362345 0.8107399886207315 0.5274426497859432 0.8136994742954591 0.5300127294508382 0.8116745630443296 0.53433513615998 0.8091823645814011 0.5412276225340166 0.8052883044830753 0.5412276225340166 0.803730680443745 0.5380734338543727 0.7976559466903568 0.5398257608986192 0.7953195106313612 0.538423899263222 0.7906466385133704 0.5416949097458157 0.7867525784150444 0.5466014254697061 0.7853507167796472 0.5519752284053957 0.7713354242763725 0.553852167784877 0.7601205311931942 0.5519830189376806 0.758562907153864 0.5499970482875345 0.7616781552325245 0.5394830860220549 0.7527996982083417 0.5353943229188128 0.7481268260903507 0.5364457191453608 0.7420520923369626 0.5370298281601096 0.7383137946425699 0.537380293568959 0.729123812810521 0.5350438575099634 0.7158840084762131 0.5349270357070137 0.7099650371267578 0.53165602522442 0.7048248777969678 0.5263990440916803 0.705603689816633 0.5216093501707395 0.7110553739542891 0.5205579539441916 0.7099650371267578 0.5143663983878535 0.7080958882795616 0.5100439916787118 0.6985943816396467 0.5049038323489219 0.6954791335609862 0.503268327107625 0.6931426975019906 0.5037356143194242 0.6954791335609862 0.5066561593931683 0.6920523606744594 0.5112122097082096 0.6834854284581426 0.5210252411559906 0.6749184962418259 0.525464469668082 0.6638593655625807 0.5232448554120362 0.6524887100754694 0.5183383396881458 0.6498407492086079 0.5176374088704472 0.6428314410316215 0.520324310338292 0.6386258561254297 0.523361677214986 0.6380028065096974 0.5303709853919725 0.6392489057411617 0.5325905996480181 0.6375355192978983 0.5369130063571598 0.6392489057411617 0.5399503732338539 0.6387816185293625 0.5436886709282467 0.6281897750619164 0.5448568889577444 0.6224265661163941 0.5415858784751508 0.6138596339000775 0.5398335514309043 0.6043581272601625 0.5400671950368038 0.601398641585435 0.5393662642191052 0.5989064431225064 0.5412354130663015 0.5947008582163146 0.5415858784751508 0.5820841034977391 0.535861610130612 0.571959547242092 0.5240626080326848 0.5749190329168196 0.5156514382203009 0.572271072049958 0.5102776352846113 0.5752305577246857 0.5064225157872689 0.5809937666702077 0.507941199225616 0.5850435891724667 0.5052542977577711 0.581928341093806 0.5021001090781272 0.5884703620589933 0.49555808811293983 0.5956354326399127 0.4957917317188395 0.5942335710045155 0.4869132746946566 0.5890934116747254 0.48784784911825485 0.5753863201286187 0.4968431279453875 0.5702461607988286 0.49590855352178925 0.567130912720168 0.49310483025099466 0.5680654871437663 0.4880814927241544 0.5741402208971543 0.483642264212063 0.5830186779213372 0.47873574848817246 0.576943944167949 0.4760488470203277 0.5735171712814223 0.47231054932593497 0.5733614088774893 0.46646945917844623 0.5691558239712974 0.46167976525750554 0.5750747953207527 0.454787278883469 0.5792803802269444 0.452684486430373 0.5758536073404178 0.44941347594777936 0.5696231111830965 0.4495302977507292 0.5658848134887037 0.446492930874035 0.5644829518533065 0.4429882767855419 0.5576294060802531 0.44287145498259206 0.5523334843465301 0.44006773171179747 0.5495297610757356 0.43586214680560564 0.5504643354993337 0.42464725372242734 0.5560717820409229 0.4167033711218427 0.5590312677156504 0.4116800335950024 0.5646387142572395 0.41027817195960514 0.5640156646415074 0.4056052998416142 0.556694831656655 0.4018670021472215 0.5493739986718025 0.399530566088226 0.5476606122285391 0.3956754465908835 0.5501528106914676 0.3906521090640432 0.5464145129970749 0.385044662522454 0.5492182362678694 0.3842269099018056 0.5496855234796686 0.38235776105460917 0.5554487324251907 0.38235776105460917 0.5529565339622622 0.37558209648352237 0.5510873851150658 0.37324566042452695
28 0.7057245044819668 0.35035366450553485 0.6985785952272319 0.3467807098781674 0.703938027168283 0.34008141995185354 0.7100914490265269 0.33963480062343265 0.7200163229914363 0.3375505770908017 0.7208103129086291 0.33948592751395895 0.7192223330742435 0.3427611359223791 0.7144583935710871 0.34603634433079916 0.7096944540679305 0.34946042584869297
