20 0.5943217573228263 0.38532741731430614 0.6021017045784711 0.3595611447758913 0.6006235498209136 0.3410842103064211 0.6021017045784711 0.3048694187462594 0.5996381133158751 0.275306323595107 0.5996381133158751 0.25793800519380494 0.6139269426389321 0.2601552373301414 0.6410264465274885 0.2642201629134248 0.666155077405968 0.277154017042054 0.699167200324755 0.27382816883754935 0.7104997201326968 0.2756758622844964 0.7558297993644638 0.2756758622844964 0.8150372040656935 0.27752355573144344 0.8208686086969992 0.2845447908298421 0.8234837869966395 0.28729399045341747 0.8323310759346476 0.28938940099136673 0.837918837369179 0.2942786922465817 0.8451363625554488 0.3065019203846192 0.8334951929001749 0.31296276954329616 0.8083502664447838 0.3269321731296246 0.8120879951518992 0.34452041594782756 0.8153475226553758 0.36617299150663674 0.816412269249437 0.38073408870509806 0.8153572563555156 0.3863930466343619 0.7223717901405835 0.38744037986400437 0.6551525066761187 0.38640172466526196
14 0.5930268842096639 0.7699124893273738 0.5964350846936276 0.7835452912632284 0.6021154188335669 0.8000750636104516 0.605750832683128 0.8014383438040372 0.6327892231892391 0.7978597332958753 0.6723243488032168 0.7929178425941281 0.6979994591157425 0.7903616922311553 0.6984538858469375 0.7895096421101645 0.6945912586317788 0.7760472501985085 0.6884564977606444 0.7462254959638269 0.6859571507390712 0.7441805756734489 0.6534656394586181 0.7475887761574126 0.6023426321991645 0.7538939470527452 0.591286432020922 0.7556721142322548 0.5899301033593453 0.7607592438779718 0.5918117502661546 0.7669343132753437
30 0.1760228096615765 0.6164727418727981 0.15755613096940219 0.6091057157987924 0.1386965442199476 0.5967291119944628 0.12455185415785663 0.5861205944478945 0.11355042855400811 0.5722705854287639 0.1080497157520838 0.5578312143237125 0.10412063517928076 0.5407397138320194 0.10569226740840197 0.5212907649966443 0.11669369301225052 0.5006630919894283 0.13555327976170514 0.4806247810681327 0.15677031485484158 0.46706945309196224 0.18702423526542508 0.4576396597172349 0.22238596042065248 0.45469284928763265 0.2506753405448344 0.45498753033059286 0.2832867092990997 0.4617651943186781 0.3025392041058346 0.4703109445645247 0.32493496337081207 0.48239286732589404 0.33122149228729697 0.48150882419701324 0.35833214823963794 0.47090030665044513 0.38583571224925917 0.46353328057643944 0.398408770082229 0.4629439184905191 0.4070527473423957 0.46706945309196224 0.4176612648889638 0.4767939275096499 0.4227690696336078 0.4856343587984566 0.41962580517536535 0.49535883321614416 0.4105889198579184 0.5047886265908714 0.3917293331084638 0.5177545924811215 0.3799420913900547 0.5236482133403261 0.3917293331084638 0.5445705673905022 0.39723004591038813 0.5575365332807523 0.3940867814521457 0.5728599475146842 0.3830853558482971 0.595845068865582 0.3599037804687592 0.6102844399706333 0.3398654695474636 0.6194195523024003 0.31511226193880437 0.6226610437749629 0.2738569159243724 0.6244291300327242 0.2247434087643343 0.6253131731616048 0.192132040010069 0.6220716816890424
16 0.2035895892057521 0.6245654502394244 0.19538226499227546 0.6242791482319776 0.19099230087809022 0.6271421683064462 0.18946535683837365 0.6298620373771914 0.19099230087809022 0.6463244028053858 0.19232837691284224 0.6683696573787941 0.19392189304400687 0.6905604419618274 0.19697578112344008 0.6961433311070412 0.20251095326741272 0.7002947102150208 0.20842786142131453 0.7034440322969363 0.21472650558514542 0.7045892403267238 0.23209549403692167 0.7045892403267238 0.2567174666773516 0.7043029383192768 0.3065340159731053 0.7035871833006595 0.3292473085638897 0.7035871833006595 0.34337154093126815 0.7020125222597019 0.34814324105538247 0.699722106200127 0.35272407317453225 0.6941392170549132 0.35348754519439046 0.6885563279096995 0.35272407317453225 0.6775337006229953 0.3506245251199218 0.6446089697666065 0.3490975810802053 0.6324411344501149 0.3426080689114098 0.6275740003235183 0.33630942474757886 0.6242815272378793 0.3271477605092793 0.6225637151931982 0.2939367276454435 0.6244246782416029 0.24870101046883952 0.6262856412900074 0.226560321892949 0.6274308493197949
13 0.3969616104291736 0.3035642155389212 0.4033028418504948 0.30948485508025686 0.4061499253457819 0.31569667361542864 0.39553806868153013 0.3154054946215924 0.3890674243740594 0.3090966164218086 0.3875144697402665 0.3076407214526277 0.38725564396796763 0.3058936474896106
13 0.47426065542742146 0.25022764232580513 0.4773856287383773 0.2452644494201694 0.47205479191380556 0.24374791825455844 0.4656210233324258 0.24333431884575543 0.4659886672513618 0.2500897758562042 0.46745924292710567 0.25629376698824896 0.4702165723191256 0.25629376698824896 0.47150332603540157 0.254225769944234 0.4755474091436975 0.254639369353037 0.4764665189410373 0.25326070465702705
13 0.4247614550052267 0.2782012462228277 0.42706743814401965 0.27968301307916454 0.42664048304451785 0.28125450647624467 0.41788034899751 0.28087252388698564 0.4151300743548447 0.281942075136911 0.4151300743548447 0.2866786592437233 0.4154951950900558 0.29725885096140114 0.4142728508044268 0.30230102113962076 0.41274492044739053 0.3045165201573233 0.4146802988996365 0.3065028296214704 0.4175324355661041 0.3077251739070994 0.42333857092284183 0.3071140017642849 0.432913601160269 0.30581526096080414 0.4330154631840714 0.3107046381033201 0.43810856437419227 0.3138368953352444 0.437802978302785 0.3168927560493169 0.43617318592194626 0.31521203265657705 0.43158939485083764 0.3152884291744288 0.43556201377913184 0.32048339238835205 0.43800670235038985 0.31964303069198213 0.43943277068362363 0.31880266899561216 0.4415718731834744 0.3190318585491676 0.44279421746910336 0.321323754084722 0.4428960794929058 0.32315727051316545 0.44941524901626045 0.32659511381649703 0.45145248949230876 0.3293453884591623 0.45043386925428464 0.33171368051256844 0.44941524901626045 0.3334708004231601 0.45695303877763926 0.33285962828034565 0.4612312437773407 0.3346167481909373 0.4684634474673123 0.32995656060197676 0.4713155841337799 0.3309497153340503 0.4740658587764452 0.3324776456910865 0.4785477878237514 0.33308881783390104 0.48282599282345295 0.3336235934588638 0.4866967497279448 0.3359154889944181 0.4904656446086342 0.3385893671192315 0.4948457116321381 0.340422883547675 0.49830902044142017 0.3387421601549351 0.49790157234621046 0.3359154889944181 0.4976978482986057 0.33431116211953 0.5030965355601338 0.33415836908382635 0.5044207418695651 0.3354571098873072 0.5085970848454642 0.33576269595871444 0.5132827379403754 0.3362974715836771 0.5170516328210648 0.3346167481909373 0.5209223897255567 0.3220877192632401 0.5220428719873833 0.30971148337124654 0.5233670782968147 0.2968768683721421 0.5222465960349881 0.29015397480118266 0.5177027910552545 0.2802266641817896 0.5085863598360317 0.27287136172082577 0.4991936731253174 0.26883112515776114 0.49629299046465564 0.26706999639950224 0.4956023517359266 0.2691419125856892 0.4904916251433321 0.2687275293484518 0.48662404826244976 0.26903831677637985 0.4870384314996871 0.26489448440400587 0.4787507667549392 0.2643765053574591 0.4664573973835631 0.26313335564574697 0.45430215575793276 0.2611650352688693 0.44739576847064283 0.2585751400361356 0.44118001991208183 0.25888592746406364 0.43827933725142004 0.25722839451511403 0.4356549100822499 0.25784996937097016 0.4357930378279957 0.2591967148919917 0.4359311655737415 0.2629261640271283 0.4339889011388384 0.26457002087704834 0.43022169959650775 0.2643509514555701 0.42984138822845563 0.26637631853765553 0.4272417908696656 0.2688040749391843 0.425796607671068 0.2696027288120936 0.425796607671068 0.27171345690478244 0.4265572304071719 0.27251211077769166 0.42868697406826345 0.27313962453497753 0.42237380535859953 0.27422351193392586 0.42427536219885975 0.2745087454599649 0.4245035490196909 0.27684766037348507
26 0.3103947009773828 0.3988322730829667 0.3176637245366619 0.4067636380259387 0.3151050142977219 0.41767352636432337 0.32217048427823075 0.4276829421700441 0.31667511873783505 0.43209886090786215 0.30372175710690225 0.4359259904806377 0.2676093549843019 0.42797733675256533 0.21431925607543278 0.4168627288500175 0.20882389053503705 0.41068044261707226 0.2060762077648392 0.40361497263656354 0.2162818866255741 0.3818297735299948 0.23002030047656338 0.35445107735552334 0.23708577045707213 0.3385537698993787 0.24532881876766566 0.31941812203550074 0.25396439318828756 0.31588538704524627 0.2657401764891355 0.3129414412200343 0.285759008100577 0.3173573599578523 0.3281518279836297 0.32736677576357304 0.33130349695440253 0.3286544419273373 0.3314751857762378 0.34912833393118914 0.33084435967649883 0.367371156521945 0.35076026300938606 0.3705903219313557 0.34168216951099856 0.3882393504206965 0.33359138082586254 0.38874641484043204 0.328784093814476 0.39054914746970193 0.3188261421480323 0.39248064671534827
11 0.40842749472981643 0.385221580483642 0.41033782115507406 0.386906674913195 0.41196050467982887 0.3872811403419846 0.41845123877884793 0.38465988234045767 0.4204483877323923 0.3806343789809699 0.43330503412083404 0.38035352990937776 0.43704968840872965 0.38260032248211506 0.43729933202792265 0.38400456784007597 0.44399117673482663 0.38944404594114673 0.4600931901727779 0.4023631032343867 0.4688307168445344 0.41088219173934926 0.4781923525642735 0.42361401631819434 0.4833100467577308 0.432601186609144 0.4835596903769237 0.4370947717546187 0.48081361056580035 0.4411202751141065 0.47931574885064215 0.4463627911171604 0.47681931265871164 0.447486187403529 0.4733243019900091 0.44879681640429253 0.4697044695117099 0.4502010617622535 0.46396266627026994 0.44795426918951603 0.4583456848384265 0.4485159673327004 0.45435138693133786 0.45001382904785864 0.44948333635707355 0.45020106176225333 0.4449897512115987 0.45188615619180644 0.4391231261605622 0.4503882944766482 0.43200828301356053 0.4536648669785569 0.4246437962473657 0.4575967539808473 0.4225218254842249 0.4610605591971508 0.41191197166852056 0.46246480455511163 0.40666945566546675 0.46414989898466463 0.4037985540447467 0.4620903391263221 0.3984113999002804 0.4622402522368102 0.3963156805065847 0.4626147176655997 0.38572360282046503 0.4633206236757422 0.37533744798586505 0.46604878416224993 0.35801123577330674 0.4704640965285719 0.33967991180256113 0.47782295047244167 0.33213399409868993 0.4772816111320952 0.31654456445374773 0.4695198036609163 0.3155356038785657 0.4664424739066113 0.3164773004154022 0.4648281369863202 0.31876427771914795 0.46477768895756105 0.31782258118231144 0.4618012552607744 0.31876427771914795 0.4549403233495371 0.32253106386649383 0.4469190867768408 0.32374181655671214 0.4426814523610766 0.3232037042499485 0.4402599469806399 0.3253561534770032 0.4385447140028306 0.323136440211603 0.4358205204498393 0.3232037042499485 0.4280010759921794 0.31580466003194757 0.41735654192400984 0.31762078906727503 0.41110098635788184 0.3181589013740388 0.4066111117983222 0.31093432156895096 0.3988581296324738 0.3189615540024427 0.3928347337055259 0.3289747534655568 0.39089710675624645 0.3336503303818663 0.3889150687156368 0.34155631430237837 0.3886573595020815 0.34313294339706446 0.38823754348478823 0.3486586927982367 0.3866281019116313 0.3499462460567622 0.387835183091499 0.35075096684334073 0.3896055688219716 0.35391620193721607 0.3905712337658657 0.35461362661891743 0.3918587870243914 0.3575642695030385 0.3925025636536542 0.3606758565444753 0.3927439798896277 0.3631436669566493 0.3942327133447979 0.3675428072566117 0.39246232761432526 0.36995696961634716 0.3911345383164708 0.37548271901751934 0.3914966626704311 0.38149130089063865 0.3900079292152609 0.3895385087564236 0.3879156551701569 0.39340116853200024 0.3864269217149867 0.3983367893563482 0.3857831450857239 0.403916186809959 0.3848577161811586
33 0.5546731755577549 0.5528128290613037 0.5610563974252144 0.5423173392600001 0.5586013120915762 0.538266448459497 0.5527091072908443 0.5372537257593712 0.5453438512899295 0.5431459305601031 0.5408019434226988 0.5453555073603775 0.5432570287563371 0.5487619382608006
33 0.791896026475191 0.6260068544108198 0.7898980697446955 0.6291800798063125 0.7875475324147009 0.6317362891526817 0.7776752756287234 0.6326177406514297 0.772151512903236 0.6321770149020557 0.7682731263087449 0.6247728223125727 0.7667452770442484 0.6184263715215871 0.7687432337747437 0.607937098686486 0.7742669965002311 0.5983292773501331 0.782611404021712 0.5893384720629037 0.7900155966111952 0.582551295522544 0.7990651653316746 0.5784084734784286 0.8050590355231608 0.577791457429305 0.8102302176491492 0.5811409731245474 0.8102302176491492 0.5861652466674109 0.8117580669136456 0.5910132299105247 0.8117580669136456 0.593569439256894 0.8069394653871566 0.5974478258513851 0.8025909713266666 0.6003566157972534 0.7976548429336779 0.6074082277872374 0.7958919399361819 0.6134020979787237 0.7949517250041841 0.6188670972709612 0.793188822006688 0.6234506450644507
33 0.7142491076781567 0.6516332680027385 0.7125103311811328 0.6506914307335172 0.714442305066715 0.646924081656632 0.7203348254177407 0.6425046913933627 0.7232327862461141 0.6396067305649894 0.7248749640488588 0.6314199912248349 0.7209144175834155 0.6315648892662536 0.718885845003554 0.6315648892662536 0.7172436672008092 0.6375057089644187 0.713476318123924 0.6407659148963387 0.7125103311811328 0.6435189776832934 0.7093225742699222 0.6457648973252826 0.7097089690470387 0.6518506150648665 0.7083582251487074 0.6534177177774638 0.7034316917404727 0.6556636374194533 0.6993745465807502 0.654721800150232 0.6958003948924233 0.6528381256117892 0.6857541306873958 0.6511717981354747 0.6805378011963239 0.6497228177212879 0.6803446038077656 0.6526932275703706 0.6793786168649746 0.6584891492271171 0.6765772547308804 0.6633432336146423 0.670008543519901 0.6642850708838637 0.6513941381848238 0.6645146362288308 0.6444847442568873 0.6634120733679899 0.6408095347207508 0.6605454099298036 0.6450727777826691 0.656245414772524 0.6496300376074784 0.6547018267673467 0.6515411465662695 0.6520556759013284 0.6419856017723146 0.6520556759013284 0.6271377552463233 0.6538197764786741 0.6171411853080323 0.6489684998909737 0.6087134388583544 0.6438312176373305 0.6101444672550624 0.6391556904294894 0.6096437578543139 0.6352967204165462 0.5998390580099561 0.629563301498052 0.5920202434255246 0.6225518645065782 0.5851381267436678 0.6153901087084067 0.5827467787922019 0.6066948045289909 0.5856412164352095 0.6029733847022669 0.5892248058979809 0.6019396569726213 0.5879843326224061 0.5974946277351453 0.5855033860712567 0.5911888885843073 0.5879843326224061 0.5890180603520515 0.5885356540782172 0.5839527944767883 0.5908787702654138 0.5801280018770997 0.5838494217038238 0.5785774102826312 0.5755795998666592 0.567619896348388 0.572960822951557 0.5630714943379476 0.5744769569550372 0.5599703111490109 0.5707555371283132 0.5552151635926411 0.5623478849271958 0.5521139804037044 0.5646910011143924 0.5494262883066259 0.5742012962271318 0.5482891878040157 0.5834359306119656 0.5483925605769804 0.5965298151874763 0.5480824422580867 0.6039726548409244 0.5468419689825119 0.6121046463141364 0.5471520873014056 0.6075562443036957 0.5447745135232208 0.6056266192083573 0.5417767031072486 0.6114154944943725 0.5409497209235321 0.6169287090524823 0.5440509041124688 0.6232689057943085 0.5462217323447246 0.6348466563663391 0.5452913773880436 0.6436677996593148 0.5452913773880436 0.6673746222591866 0.5439475313395044 0.6719230242696272 0.5437407857935752 0.6738526493649657 0.5400193659668511 0.6690285866266197 0.5384687743723827 0.6642045238882736 0.53908901101017 0.6588291396941166 0.5354709639564106 0.654832059139487 0.5341271179078713 0.64945667494533 0.5303023253081826 0.6530402644081011 0.5291652248055725 0.6435299692953619 0.5200684207846914 0.6358114689140083 0.5136593088608888 0.632641370543095 0.5163470009579673 0.6305739150838039 0.5202751663306205 0.6275416470768436 0.5213088940602661 0.6133451195897109 0.5194481841469041 0.6083832264874123 0.5170706103687193 0.6071427532118376 0.5133491905419952 0.5944623597281851 0.5130390722231015 0.5921192435409884 0.5099378890341647 0.5904652791735555 0.5069400786181926 0.5861925378910204 0.5016680671970001 0.5861925378910204 0.49412185477058734 0.5801280018770997 0.4871958789819619 0.5691015727608801 0.47530801009103785 0.5560076881853696 0.4675550521186959 0.5538024023621256 0.4656943422053339 0.5469108841644884 0.4616628040597161 0.5459460716168192 0.4554604376818425 0.5462217323447247 0.44832771634728813 0.5473243752563466 0.44253884106127295 0.5495296610795906 0.44140174055866277 0.5526997594505036 0.441815231650521 0.5623478849271958 0.44377931433684764 0.5740634658631789 0.4471906158446781 0.5919814131770357 0.45628741986555915 0.6001134046502477 0.4629032773352908 0.607418413939743 0.47096635362652634 0.6137586106815693 0.4782024477340454 0.6216149414268757 0.4840946957930252 0.6272659863489383 0.4884363522575367 0.6298847632640403 0.49432860031651643 0.6272659863489383 0.4970162924135949 0.6272659863489383 0.5009444577862482 0.6278173078047492 0.5055962325696534 0.6341575045465755 0.5052861142507596 0.6395328887407324 0.5038388954292559 0.6447704425709366 0.5062164692074407 0.6502836571290465 0.5085940429856255 0.6546942287755343 0.5092142796234128 0.6516619607685739 0.5037355226562912 0.6534148893211108 0.49897416777407877 0.6680637740789506 0.4981168662166027 0.6727500064533438 0.4974297835054532 0.6722328722178887 0.4947409216687516 0.6637317146165752 0.49522827727171054 0.6558505545678976 0.4929296055908462 0.6460799871015983 0.48712136734201894 0.6412637226274065 0.479896970630731 0.6405631750675239 0.4742488059291787 0.6419642701872889 0.4701768732373619 0.6410010172924505 0.46715576188536884 0.6302300985592576 0.46078515751268784 0.61954674827105 0.45566240348104725 0.6227867807355065 0.4521815577928813 0.6314560567890519 0.4487663884384543 0.6422269755222447 0.44495716108159333 0.6398626275076414 0.44364363440681376 0.6316311936790227 0.4441690450767256 0.6222613700655947 0.442921194735685 0.6121909988922845 0.4386522330426513 0.6126288411172109 0.43549976902318016 0.620334864275918 0.4316248653325804 0.6285662981045368 0.4279469906431974 0.6387242377228325 0.42564831896233307 0.6547492631551438 0.42584534796355 0.658514706289512 0.42683049296963477 0.659653096074321 0.4286694303143262 0.6669212770081017 0.4314935126651024 0.6668337085631164 0.43398921334718366 0.6583395693995413 0.43655059036300387 0.6598282329642917 0.44003143605116984 0.6658704556682778 0.44469445574663746 0.6677969614579545 0.4480439487673254 0.6734013419370143 0.4493574754421051 0.6794435646410005 0.45080235478436265 0.6865366086848104 0.45520266914487434 0.6913528731590023 0.4531667027989659 0.6911777362690317 0.4501455914469728 0.6946804740684439 0.4486350357709763 0.6943302002885028 0.44515419008281026 0.6985334856477975 0.442921194735685 0.7067649194764165 0.4388492620438683 0.7161347430898443 0.4359595033593531 0.720600733784095 0.4372073537003937 0.7286570307227432 0.44095090472351567 0.7326851791920674 0.4378641170377835 0.7302518262185578 0.4340915783143795 0.7293292086238407 0.42601867436060514 0.734249835795665 0.4193296967989064 0.7428609333463576 0.4170231528121138 0.7626972116327747 0.4170231528121138 0.7720771571790648 0.4192143695995668 0.7773053235491281 0.4217515679850387 0.78299479871655 0.4255573655632466 0.7891455826813304 0.4332842879190021 0.7880691954874938 0.43651344950051185 0.7834561075139085 0.44239513666683306 0.7774590931482477 0.44527831665032397 0.7753063187605744 0.44631626144438064 0.7742299315667378 0.44770018783645615 0.7806882547297573 0.448392151032494 0.789914430676928 0.4519672942120227 0.7948350578487523 0.4555424373915513 0.7979104498311426 0.4605015069631555 0.7969878322364256 0.4670751573255147 0.7957576754434694 0.4729568444918359 0.7932973618575574 0.47491740688060974 0.7851475731042232 0.4809144212462706 0.7908370482716449 0.4831056380337236 0.8003707634170547 0.4874880716086297 0.8057526993862376 0.4866807812132523 0.8148251057342888 0.48633479961523335 0.8179004977166789 0.48875667080136576 0.8145175665360498 0.5052484603069332 0.8139024881395717 0.5140133274567452 0.8111346353554205 0.5148206178521227 0.8012933810117718 0.5119374378686319 0.7974491410337841 0.5090542578851411 0.7943737490513938 0.5104381842772167 0.7985255282276207 0.5165505258422173 0.8089818609677474 0.5224322130085385 0.8123647921483765 0.5291211905702372 0.8125185617474961 0.536386804128634 0.8080592433730304 0.5393853113114646 0.7983717586285011 0.5441137264843896 0.7983717586285012 0.5497647592520316 0.7929898226593183 0.5501107408500505 0.7897606610778085 0.5469969064678805 0.7703856915887503 0.549649432052692 0.766080142813404 0.5476888696639182 0.7630047508310137 0.548380832859956 0.7640811380248503 0.5511486856441072 0.7643886772230892 0.55656906401307 0.7613132852406992 0.5638346775714669 0.7594680500512649 0.5655645855615614 0.7613132852406992 0.5682171111463729 0.7556238100732771 0.5784812318876003 0.7534710356856038 0.5810184302730722 0.7583916628574282 0.5821717022664685 0.7579303540600697 0.5856315182466576 0.76100574604246 0.5871307718380728 0.7643886772230892 0.5943963853964697 0.7662339124125233 0.5992401277687343 0.7662339124125233 0.6073130317225086 0.7626972116327747 0.6152706084769433 0.762235902835416 0.619768369251189 0.7620821332362965 0.6261113652148689 0.7630047508310136 0.6387973571422285 0.7568539668662331 0.6456016619032668 0.7505494133023334 0.652175312265626 0.7350186837912625 0.6528672754616636 0.7253311990467334 0.6503300770761917 0.7202175036469772 0.6495038663866611
