32 0.4120924789804365 0.12379738029733799 0.5131645633021302 0.12153897551892558 0.5932428746576797 0.12011746703332411 0.6712894624688479 0.11886827115148912 0.683041995274084 0.13541887833977725 0.6896830208934983 0.1543976415574334 0.6888483095510584 0.18192758175366724 0.679196305213691 0.2103120945089514 0.6548122942561314 0.2564131152255875 0.647192290831894 0.26498561907785456 0.637794286608668 0.28498812806647766 0.6283962823854419 0.3074671381679779 0.6187442780480745 0.32880314775584263 0.5844542626390065 0.3575686606823386 0.5300982382127798 0.36423616367854633 0.47574221378655324 0.34766265623083004 0.45008820225828733 0.3089911388528254 0.43738819655122513 0.26974812121800296 0.42113218924618545 0.2364106062369644 0.4089401837674056 0.1996440897150191 0.39725617851690825 0.16973557627488742 0.3995421795441796 0.14497056514611598
23 0.6670634625682628 0.2909978668991253 0.6551294011561278 0.3304970158121156 0.6556482733914379 0.3421716411065955 0.660577559626885 0.35384626640107525 0.6719927488037096 0.3635751208131419 0.682370193509914 0.37096905016631254 0.6911910215101877 0.37563890028410446 0.7088326775107351 0.37174735851927787 0.7207135348458915 0.37008562183501226 0.7419872964936103 0.37183681562918414 0.7679309082591211 0.3691127363938056 0.776751736259395 0.3636645779230483 0.7860914364949788 0.3516007984520858 0.7871291809655994 0.33700751683398594 0.7811621502595316 0.322414235215886 0.7692280888473968 0.31035045574492354 0.7572940274352618 0.3039294118329596 0.7399118075523693 0.29731379083275433 0.7178597375516851 0.2934222490679277 0.6934727424921051 0.28933613021485977 0.678684883785764 0.2870012051559638 0.6714206724914207 0.28855782186189444
20 0.20241997637606193 0.7277903543585006 0.1978930120481628 0.6773470375619101 0.19627623907391312 0.653337958894302 0.19886307583271262 0.6259336569807696 0.19983313961726243 0.6150204394045843 0.19505792862063767 0.6047784387222179 0.19882829959845089 0.6030319612392672 0.2012625075691751 0.6057095900070639 0.21603003592490203 0.601754002054637 0.23352168465814388 0.6012493687688832 0.27040045276271313 0.5977540468055778 0.27418705155629414 0.5986278772964041 0.27554788144058534 0.597263140479831 0.2987043894474844 0.5952970218754716 0.33045356394750963 0.5923478439689326 0.3923498903810449 0.5877602338920941 0.39259338149144296 0.594959144065177 0.38941022055480656 0.6123772753416683 0.3975133976075157 0.6196331597230149 0.4190427118203036 0.6218067924079599 0.45025248473859525 0.6201063531192929 0.47157478631472194 0.6185537583443321 0.4736449126813361 0.6323718518414821 0.4597750660250208 0.6356323008688994 0.4606031165716664 0.6581449251058296 0.46681349567150915 0.6846942957576568 0.4734379000446747 0.7129515206619412 0.44197197927213844 0.7177645644643192 0.4216847408793189 0.7120199637969649 0.4136112480495234 0.7096910716345238 0.39353102229336534 0.7110884069319884 0.37552092290382155 0.7113989258869805 0.3378446230314425 0.7163672291668546 0.30720675280555193 0.7180750834193114 0.27843199630961407 0.7210250134917368 0.2500712650869991 0.7241302030416581 0.24013465852725083 0.7244407219966501 0.23516635524737667 0.7286327278890439 0.21715625585783283 0.728632727889044 0.2024583586548718 0.7301853226640047
16 0.5254885400351511 0.7897713256221204 0.4960857980422929 0.7118198701061709 0.49711147508855547 0.704127292259202 0.5049749991099012 0.6977168107200614 0.5446345115653843 0.6936141025350117 0.6037665335370052 0.6842735319507405 0.6101644752124926 0.6861404790238599 0.6127920303524385 0.6889408996335392 0.6118239837219321 0.6936082673163375 0.6206561825303635 0.7176337110507326 0.6223156910398029 0.7185671845872925 0.6293686022049207 0.7378589710095261 0.6423680855288633 0.7738495618079948 0.6416766236499301 0.7802801572820727 0.6308898183385735 0.7880591034200704 0.6119437628558062 0.7905483661842294 0.5931359997488255 0.7932450675120686 0.5682433721072334 0.7966678038127875 0.5421061130835617 0.8006091365227063 0.532840523905858 0.7979124351948671 0.5270322441228198 0.7941785410486284
26 0.6515089657384265 0.6167550937049125 0.6593441683147269 0.6162208753474375 0.6813064785664777 0.6196932946710252 0.7268931117376796 0.6271723516756755 0.7537227448019808 0.6318912805000382 0.7572842005184808 0.6342952631086758 0.7579964916617808 0.6364321365385759 0.7566906245657309 0.641418174541676 0.7527730232775807 0.6528148328344766 0.7470746941311803 0.6676839104508646 0.7424448016997303 0.6814845513523027 0.7374587636966301 0.6931483188238406 0.7321165801218799 0.7085516147977038 0.7283176940242797 0.7164758537669165 0.7252310990699796 0.7241329835573919 0.7188204787802793 0.7292970943463171 0.7100355546795789 0.7302764946683545 0.6982827508151285 0.730009385489617 0.6797631810893275 0.7274273300951546 0.6519838265006266 0.7227974376637043 0.6217114529103753 0.7174552540889542 0.612332952856925 0.6934154280025782 0.6169628452883751 0.6826420244601653 0.6226611744347754 0.6661702917713519 0.6294279402961257 0.6466713217235138 0.635838560585826 0.628151751997713 0.6395187314928761 0.6210288405647126 0.6465229277353264 0.617200275669475
14 0.38203919254468965 0.7649645173932315 0.40169015503992206 0.7494223925106387 0.40669221822052665 0.7285209142202552 0.4366086576213445 0.7181533566439462 0.44347751086811676 0.7184926373567722 0.4649849584580323 0.7151983628139504 0.47619306494855157 0.71792465898732 0.48119127459972916 0.7182654460089914 0.5007297305088777 0.7287162480069079 0.5040618702763294 0.7416661548304134 0.5066367055511785 0.7545024659800285 0.5101203062171508 0.7655212463473973 0.5146641331727666 0.7788119401925738 0.5119649993860536 0.7829113488006344 0.5084756349872978 0.7843156835612843 0.4897541254718313 0.7862979610393928 0.46825799093978787 0.7881204873378626 0.44469091425561225 0.7919198525042366 0.42971370664323905 0.7934065606128177 0.42068333146519044 0.7922502320839213 0.4145162459777426 0.774244544991105 0.40923017270278733 0.7570648068475001 0.4030630872153395 0.7590470843256085 0.3995390383653693 0.7623508801224556 0.3896276509748282 0.7711059389841002 0.38147828800927214 0.7687932819263071
12 0.7130823832348596 0.5227913064900238 0.7093834974065741 0.5179365188403989 0.7100770384993776 0.5134285017371759 0.7179371708844845 0.504239082257529 0.7292650087336089 0.5009447620667122 0.742904650225412 0.5049326233503325 0.7536479875131796 0.5043777597413741 0.7626640217196258 0.49830927517934315 0.7700617933761967 0.5002165131845528 0.7767660239399643 0.4984826604525441 0.7869379599677495 0.4988294309989458 0.7938733708957849 0.4988294309989458 0.7968787156312671 0.500043127911352 0.8021958640094274 0.5003898984577537 0.807513012387588 0.49969635736495016 0.8114430785801413 0.49969635736495016 0.8223085557007301 0.5014302100969591 0.8267009826218192 0.5080188504785926 0.8324804917285156 0.5163413435922352 0.8364105579210688 0.5257041483450829 0.8350234757354618 0.5345467972783281 0.8308622291786405 0.5447765283971803 0.8260074415290157 0.5525788656912201 0.8199967520580516 0.5569134975212422 0.8142172429513557 0.5629819820832732 0.8008087818238205 0.5728649426557236 0.7945669119885886 0.5714778604701165 0.7901744850674995 0.5782398861249511 0.784857336689339 0.5834414443209777 0.7830078937751963 0.582747903228174 0.7691370719191255 0.5908970110686157 0.7538791678774476 0.5903768552490131 0.7416266085712517 0.5888163877902051 0.7284493278079844 0.5824011326817723 0.7252128027082346 0.5778931155785493 0.7127290630377711 0.5699173930113086 0.7136537844948424 0.5676633844596971 0.7000141430030395 0.5577804238872467 0.6980197105487307 0.551949967716493 0.6935410928035397 0.5409620523867608 0.7062560128382712 0.531599247633913 0.7150408666804495 0.5260509188914847
12 0.4904018505560188 0.57473188662516 0.4931945661206976 0.5682986668422391 0.5001763550323947 0.5620150568217117 0.5053628267953696 0.5618654470593182 0.51134721729111 0.5597709103858091 0.5121451360238753 0.5560306663259714 0.517132128103659 0.5567787151379389 0.5257097544808869 0.5546841784644297 0.5267071528968437 0.5584244225242675 0.5308962262438618 0.5609677884849571 0.5320931043430099 0.5627631056336793 0.5249118357481215 0.5648576423071884 0.5177305671532331 0.5726373499516508 0.5151373312717457 0.5777240818730301 0.5071581439440918 0.5780233013978171 0.5019716721811168 0.5786217404473912 0.4965857207349505 0.5784721306849977 0.492795606754315 0.576227984249095
12 0.44118405852898607 0.5127601417746966 0.44012520842360076 0.5058114379581049 0.45044899695110835 0.5042231628000269 0.4533608347409182 0.5026348876419487 0.45177255958284007 0.49985540611531204 0.461566923057655 0.4978700621677144 0.4620963481103477 0.4893330831930446 0.450184284424762 0.49111989274588247 0.4512431345301474 0.487347739245447 0.46024336042592323 0.48397265453453103 0.4570668101097671 0.47186205645418555 0.46059979584264854 0.46059979584264854 0.46007037078995583 0.45146721368369946 0.4497465822624482 0.4524598856574983 0.44842301963071646 0.4570261767369728 0.44048164384032595 0.4480921289727835 0.4328049805762818 0.4399522187876331 0.4394227937349406 0.43161377420772323 0.4470994569989848 0.4260548111544499 0.46271749605341933 0.4202973137064167 0.47648254742342955 0.4151354194426629 0.4838944981611273 0.41235593791602626 0.4944829992149813 0.4109661971527079 0.5082480505849915 0.41136326594222744 0.5135423011119186 0.4153339538374227 0.5212189643759627 0.416723694600741 0.5278367775346213 0.4204958481011765 0.538160566062129 0.4240694672068522 0.5461019418525196 0.42764308631252795 0.5524550424848319 0.43081963662868417 0.5577492930117589 0.433400583760561 0.5611905558542615 0.43816540923479536 0.5617199809069542 0.4459082506304261 0.5609258433279151 0.4490848009465822 0.5545727426956027 0.44610678502518586 0.5251896522711579 0.45027600731514084 0.5146011512173039 0.4725118595282341 0.5053362127951816 0.472710393922994 0.4987183996365229 0.4778722881867478 0.49527713679402036 0.4832327168452613 0.49236529900421055 0.4899828862670933 0.48707104847728355 0.48720340474045665 0.4831003605820882 0.4915711614251714 0.4838944981611273 0.49891693403128257 0.48415921068747364 0.501894949952679 0.4793345685376302 0.5076357841839353 0.4772766850024686 0.5157923575858624 0.4579526705791851 0.5183733047177393 0.4481583071043701 0.5175791671387002
15 0.5128945187667713 0.48518446326313464 0.5148658637436502 0.4741001346863123 0.5262485023765433 0.45107014489418 0.5545727426956027 0.4474965257885042 0.5596022806961833 0.4496804041308616 0.5781769542467271 0.465115116173722 0.5842205456463939 0.4457097162356663 0.6173096114396877 0.4330035149710415 0.6443102891270154 0.4435258378933089 0.6604577532341426 0.4572247111317326 0.6599283281814501 0.4594085894740899 0.6541046526018303 0.4613939334216875 0.6554282152335621 0.46576169010640234 0.6609871782868353 0.4659602245011621 0.663634303550299 0.46119539902692774 0.6609871782868353 0.45901152068457046 0.6623107409185671 0.4576217799212521 0.6699874041826113 0.4615924678164473 0.6525163774437521 0.4915711614251714 0.6490751146012496 0.4824385792662224 0.6519869523910594 0.4786664257657869 0.6361042008102785 0.4683426372382792 0.6308099502833515 0.4683426372382792 0.6257804122827709 0.46496755252736327 0.6178390364923804 0.4766810818181893 0.6186331740714194 0.4824385792662224 0.6228685744929611 0.4814459072924236 0.6302805252306588 0.47469573787059166 0.637957188494703 0.4800561665291052 0.6478677407498995 0.4821740259122052 0.6487439169226676 0.4821253494581626 0.6522969351411705 0.4915348329229048 0.646163701931794 0.4918512298741822 0.6401735787137074 0.49124302761625627 0.6288204698990899 0.49367583664796 0.6188189216576412 0.49387857073393526 0.6033366398625274 0.4834194280081304 0.5952272764235149 0.4828112257502045 0.5861718205832843 0.47672920317094525 0.580089798004025 0.472370420322476 0.5787382374308563 0.47601963387003166 0.5784679253162225 0.4840276302660564 0.5769812086857369 0.4886905142434885 0.5654929438138024 0.4963944095105504 0.5533288986552838 0.5023750650468221 0.534947674860189 0.5020709639178592 0.5234594099882546 0.4978135481123776 0.5158906707785096 0.49000828580232814
27 0.6188920334145377 0.4820123180086916 0.6182267248359735 0.47659985664933735 0.625896395173702 0.46539837014465646 0.6310215171824954 0.46866562181223154 0.6361418765325142 0.4684844770239053 0.6513097334750226 0.478628585170169 0.6489427749075609 0.481997878233035 0.6383639192693148 0.48000528556144756 0.6304901591367388 0.4744622550386678 0.6227516296268079 0.48119301570954426
27 0.6630783670153939 0.4613422497233605 0.660699957791031 0.4655736056690293 0.6555006446028889 0.46536618625992787 0.6545603432816292 0.4614667013688213 0.6602574630516146 0.4595999266869086 0.660755269633458 0.45711089377769165 0.6481994814025192 0.44495611640434896 0.663410238069956 0.44495611640434896 0.6840415552952434 0.4423426318496711 0.6855989080382773 0.43474810438703665 0.6848546356575589 0.4298172998647784 0.6863431804189954 0.4251655974852895 0.6904366785129458 0.4218163717720575 0.696514902955478 0.419490520582313 0.7146255308862883 0.42814268700816244 0.710159896601979 0.42991033391236827 0.7100358512051925 0.43158494676898423 0.7158659848541521 0.438004296052679 0.717850711202734 0.43874856843339716 0.7154586659395785 0.4328874234352412 0.7187452461521086 0.4279254943088726 0.7171497944249748 0.42480106800990236 0.7229997840911317 0.42254084472979614 0.7222906944346279 0.4193499412755287 0.728849773757289 0.4193499412755287 0.729027046171415 0.423604479214552 0.7324838582468713 0.4244686822334161 0.7356747617011389 0.4224078904192017 0.7397520272260363 0.42254084472979614 0.7411702065390441 0.42267379904039065 0.741879296195548 0.4198152813626093 0.7472861048263902 0.41888460118844795 0.749236101381776 0.4242692507675244 0.7490588289676497 0.42593117964995536 0.7576622979744081 0.42665038269768524 0.7610304738428018 0.4285782202013052 0.7648418307465101 0.42232936760336465 0.7640441048829433 0.4180748296643413 0.7680327342007778 0.4168117637136938 0.7711350014479821 0.416878240868991 0.7743259049022497 0.4203350529444475 0.7742372686951867 0.4242572051069846 0.7726418169680529 0.4281793572695218 0.7738827238669347 0.4288441288224941 0.7771622635282652 0.42897708313308863 0.7844304325074302 0.4313037835684921 0.7854054307851228 0.43489354995454305 0.7927694080644411 0.43711117399398786 0.798768108333178 0.4399340917675112 0.7999443240721459 0.4430216580823022 0.8082954558188189 0.44954965543357467 0.807589726375438 0.45281365410921093 0.8035905928629468 0.4532547350113239 0.7941808669512027 0.4489321421706164 0.7950042179684803 0.43966944322624335 0.7830068174310065 0.4379933357982139 0.7760671445710954 0.43834620051990436 0.7698332011545648 0.4434627389844152 0.7640697440336216 0.44875570980977136 0.7520723434961478 0.4503436010573781 0.7530133160873222 0.4580184087541444 0.7414864018454357 0.47028045783288597 0.7303123523252395 0.47610272574077755 0.7305427519810999 0.4784713104773676 0.7380707599711138 0.4772994979128843 0.7491497151262285 0.4763407421783071 0.7488656393530205 0.48337161756520675 0.7360822295586573 0.48571524269417327 0.7330994339399726 0.48710011208856263 0.738212797857718 0.4908286066119187 0.7349459264658251 0.49775295358386534 0.7289803352284556 0.4934918169857443 0.7204580620322134 0.48678052684370354 0.7242930849705225 0.48454343012969003 0.7211682514652338 0.48475648695959606 0.7130301907522554 0.4910959929334508 0.7016671598239326 0.49695505575586724 0.6962697201329793 0.5014292491838943 0.6851907649778647 0.508034010910982 0.6797933252869113 0.5110168065296667 0.6410169822440097 0.5261438414529963 0.6324947090477676 0.5332812452548491 0.6254148487007866 0.5400311121110845 0.6241144737381296 0.5412708763763261 0.621608977120363 0.5450291213029714 0.6207055644596327 0.5463842402940713 0.6295119134290829 0.5517106610417226 0.6410053778066016 0.5459348202402565 0.6469129855268426 0.5498714521016678 0.6540189228903719 0.5507903233124689 0.6667606036801484 0.5449095475633413 0.6697009915547123 0.5465635157427835 0.6721513147835154 0.5513416460389496 0.6751706168473028 0.5521219813208836 0.6838699892572551 0.5483160058915296 0.6932943093680366 0.5410302814981947 0.6966290687918515 0.5514695283901372 0.6986589223541738 0.558429026318099 0.7120181249465412 0.567643800411446 0.7111601986733703 0.5710095111754239 0.7237598029126502 0.5782588066993132 0.7282474172646206 0.58330737284528 0.7252116781441701 0.5840003132966871 0.7230998596255958 0.5864256048766123 0.7155765061531746 0.5858811516647924 0.7137946592781275 0.5834558600848672 0.7099669882132115 0.5846437580015653 0.7063373001344118 0.5831588856056926 0.7032355666852559 0.5837528345640417 0.699143918305518 0.5821194749285818 0.6974940600878818 0.5808820812653548 0.6927424684210896 0.581624517463291 0.6909606215460424 0.5813275429841165 0.6883208483978247 0.5803729821581985 0.6869066842112794 0.5813628970887803 0.6904892334838607 0.5838376844152345 0.6908663439336064 0.5851811403924526 0.6863410185366612 0.5868074292069798 0.6784216990920073 0.5889286754867977 0.6718222662214626 0.5861710553230344 0.6698424363602992 0.5870902620442888 0.6722936542836443 0.5894236329520887 0.6703138244224809 0.5905549643013248 0.6675797736618265 0.5871609702536161 0.6639972243892451 0.5864538881603434 0.6614517288534636 0.5873730948815978 0.663148725877318 0.5902721314640158 0.6659770542504085 0.592181253115852 0.662111672140518 0.5933125844650882 0.6575863467435731 0.593797440757618 0.6412224468706915 0.594049970076644 0.6167102676372394 0.5946560404423062 0.6115923401049801 0.5914236651587741 0.6047235426274742 0.5915246768863844 0.600413708916098 0.5894034306065664 0.5926021353142287 0.5883933133304626 0.59031253615506 0.5895044423341769 0.5885616662098134 0.5883933133304626 0.5869454785680474 0.5910196182483326 0.5713223313643085 0.5902115244274495 0.5578541010162579 0.5922317589796571 0.5508506212352716 0.5908175947931118 0.5425003184194802 0.5901105126998392 0.5379211201011429 0.5913226534311636 0.5301095464992736 0.5907165830655015 0.5225673375043652 0.5893024188789561 0.5179881391860279 0.5778880936589832 0.5201824601464675 0.5756038004143691 0.518636814615163 0.5742615292950782 0.5227856526202437 0.5696245927011644 0.5261209929772694 0.5716990117037049 0.5275039389789631 0.571760024027309 0.5292936338046842 0.5676111860222282 0.5327916736913209 0.5642555082240011 0.5435995560387951 0.5583459639067055 0.5462659792301016 0.5610825561293621 0.5574930242461286 0.5626613593347409 0.558896404873132 0.5591879922829075 0.548932402421408 0.558977485188857 0.5455642889165998 0.5561356394191752 0.5657729699454487 0.5531885401024681 0.5660536460708493 0.5489783982214579 0.5666149983216507 0.5443472421523468 0.5685797311994554 0.5427684389469679 0.5545810367212846 0.5426080146579852 0.5455991295565484 0.5385407359418783 0.5522084574702222 0.5352360719850414 0.5608514247419494 0.5358715842844332 0.5664439329765963 0.5334566375467447 0.579662588803944 0.5309145883491779 0.5828825177875285 0.5311687932689345 0.5777984193923948 0.5401930679202968 0.5850102553333787 0.5450153479583271 0.5861965449589099 0.5394228397236801 0.5889080641029812 0.5392957372638018 0.5936532226051059 0.5348471511680598 0.591111173407539 0.5312882822914663 0.595178452123646 0.5277294134148727 0.6000930805722752 0.527475208495116 0.6056855888069222 0.531161179831588 0.6087360478440024 0.5286191306340211 0.6041603592883821 0.5253144666771843 0.6004320204652841 0.521882700260469 0.5804462744923486 0.5199861096460894 0.5724268774961572 0.5147196421620212 0.5766370529258422 0.5111714873718709 0.596739895661204 0.5133723049392873 0.6045439960840617 0.5165492588762705 0.6111118814736168 0.5200197892241604 0.6173812266181923 0.521251267734702 0.622008600415379 0.5171090218356075 0.6193217382105609 0.512407012977176 0.6135002034334551 0.5099440559560927 0.6099177204936977 0.5087125774455511 0.6032005649816526 0.5040105685871196 0.6000658924093648 0.5003161330554947 0.6021556741242234 0.4969575552994721 0.6115596918410866 0.5018834693416385 0.6203666290679901 0.5051300945057937 0.6242476522527273 0.5021073745253734 0.6276808650699949 0.5016595641579037 0.6314126181322421 0.5037866634033846 0.6340994803370602 0.5031149478521801 0.6348458309495096 0.5016595641579037 0.6406673657266154 0.5003161330554947 0.6433542279314335 0.49807708121814626 0.6329053193571411 0.4957260767889305 0.6391746645017166 0.49180773607357087 0.6503699236884583 0.49427069309465405 0.6608188322627508 0.4828515287241773 0.6675832435944732 0.4686814704426727 0.6701926984182055 0.46159711310579593 0.6622965753370115 0.4574662698125176 0.660849598493146 0.45890209056851267 0.661682157637998 0.46002084191940734
27 0.6876931173875913 0.4174273064704831 0.6800431354026005 0.41621941457811606 0.6766878801460257 0.40987798214318955 0.6789694537204966 0.40403983799674925 0.6832641804489125 0.40434181096984095 0.6852773336028574 0.4060529911506942 0.7011141384138908 0.40665693709687767 0.7068851774551997 0.40957600917009784 0.7064825468244106 0.412092450612529 0.7039325528294138 0.41269639655871243 0.6883641684389061 0.412897711874107 0.6894378501210103 0.4147095497126575
17 0.5247948957194637 0.41026388626344634 0.5301920604062337 0.41193065771083115 0.5428912714339279 0.40193002902652203 0.553685600807468 0.40193002902652203 0.5663848118351622 0.40359680047390684 0.5771791412087023 0.40407302088744534 0.5844811875496264 0.40669223316190733 0.59305315499332 0.4083590046092922 0.6057523660210142 0.4085971148160615 0.6187690573244009 0.41145443729729264 0.6343255908333263 0.41050199647021557 0.6400402357957887 0.41335931895144673 0.6552792890290219 0.4124068781243697 0.6705183422622548 0.4140736495717546 0.6841699941170262 0.4202645149477555 0.6863923560468728 0.4226456170154481 0.6844874743927185 0.4278840415643721 0.684804954668411 0.4347892375606808 0.6835350335656415 0.4416944335569896 0.6632162959213307 0.4435993152111436 0.6467073215853282 0.4426468743840666 0.6184515770487087 0.4324081354929881 0.5836152337252811 0.4446963345615845 0.5781695871848495 0.4637567477313116 0.562851922540612 0.45140146162676154 0.5653085291344991 0.4465243750065444 0.5722448301054746 0.4419724274943418 0.5686321733497581 0.4368785814687817 0.5585167344337523 0.43156797603787866 0.5537480275162067 0.4307009384165067 0.5433435760597435 0.42528195328293206 0.5296154803880212 0.4205132463653866 0.5249912797407043 0.4176953740959277 0.5225346731468171 0.415094261231812 0.5215231292552166 0.4127099077730392
17 0.6537007451918714 0.5494445633898568 0.6470228978692183 0.5486152593523271 0.6408105775727257 0.5447194322028223 0.6352122150383851 0.5479639377624971 0.6300971523269319 0.5500445798517584 0.6248365356822033 0.547642739483608 0.622341809068965 0.5457716945236792 0.6286677229811051 0.5380870455811148 0.6397308640116985 0.5280532650135168 0.6614712714923151 0.5190907853763769 0.6809343337911403 0.511655713680447 0.6874826538169132 0.5079040719990147 0.6974870316340663 0.5015603869740471 0.7024441996436944 0.4973334597970027 0.7132662460447117 0.4912357585253636 0.7212137905228727 0.4848969998734761 0.7237490359726386 0.4847191698785579 0.7203440180514916 0.48674873977103095 0.7207203621375132 0.4871116429968375 0.7289048504176117 0.49363643520015366 0.735 0.49787634408602144 0.738299685465584 0.4907952051788456 0.7332437275985665 0.48712365591397844 0.7361111111111112 0.4857930107526883 0.7489964157706094 0.4834408602150538 0.7492652329749103 0.47627688172043015 0.738010752688172 0.4772043010752688 0.7306989247311829 0.4783736559139784 0.7304301075268819 0.47618279569892474 0.7421381739154548 0.470152460139415 0.7539747495080416 0.45787403825772854 0.7640650836434506 0.449869029729488 0.7729638904647449 0.4415830171227902 0.7761297113623119 0.4387370448541688 0.7829894436597065 0.438287895715649 0.7945856577814915 0.44004366052986293 0.7938234653040035 0.44906747504012556 0.7843128900173258 0.4535379956734543 0.782817298935138 0.45737044782156056 0.7834404618860495 0.46251154216658114 0.7762117716554751 0.4746632197093572 0.7637485126372432 0.4856932039404924 0.7536532728324759 0.5033598735988358 0.7434334004375256 0.50438809246784 0.7302223458781999 0.5005556403197338 0.7177590868599681 0.5037337713693829 0.7094087033177527 0.5135485878462404 0.7087855403668413 0.5182223099780773 0.7136462113839517 0.5257937398316531 0.6933310991842339 0.540095329555074 0.6833604919696483 0.5477602338512866 0.67538400619798 0.5513122626714825 0.6727667218041513 0.5509383649009356 0.6707726003612342 0.5458907449985517 0.667158255245947 0.544021256145817
15 0.7535791173388727 0.4576642671952299 0.7523531624962267 0.45048093803910194 0.7639997335013624 0.44927413874087235 0.759095914130779 0.45329680306830406
15 0.7709295744720392 0.4803937041210267 0.7768612059044119 0.47505523583189146 0.7839791636232589 0.462667251725052 0.7833403725459263 0.4573972253370595 0.7848004664369719 0.45370136267535055 0.7939260532560065 0.4494579648044994 0.8025953607340894 0.45363292077420775 0.8071581541436066 0.4534960369719222 0.8096220625847459 0.45780787674391604 0.7897282833192507 0.48251540305645213 0.7735759946495595 0.48319982206787976 0.7709295744720392 0.48319982206787976
27 0.7787884870537877 0.4978096712367718 0.7774062786583076 0.4941415028026129 0.7745355381446182 0.49342381767419063 0.774003919530972 0.4924669041696275 0.774429214421889 0.49023410599231343 0.7759177465400983 0.4858482524297322 0.7755987753719105 0.48353571146037116 0.7701762655127193 0.4833762258762773 0.7667739063853836 0.48784182223090544 0.7620956625852969 0.489516420863891 0.7558225629442716 0.5008398973345551 0.7640094895944233 0.4970919861083495 0.7708142078490947 0.4990058131174757 0.7755987753719105 0.4983678707811003
27 0.44271689461319175 0.5878847561869673 0.4367058030366379 0.5781918710197743 0.4367058030366379 0.5718802248643928 0.44301744919201946 0.5712039770620304 0.4475257678744349 0.5736835523373589 0.4457224404014687 0.5759377116785667 0.4514329773991948 0.5842781012410351
27 0.4442196675073302 0.5258953743037558 0.44361855834967484 0.520710807818978 0.4409135671402256 0.519809144082495 0.43520303014249945 0.5202599759507366 0.4343013664060164 0.5182312325436496 0.4300936023024286 0.5175549847412872 0.42829027482946247 0.5130466660588718 0.4234814015682194 0.5105670907835435 0.42047585577994245 0.5112433385859056 0.4219786286740809 0.5171041528730457 0.4165686462551825 0.5189074803460119 0.4090547817844902 0.5150754094659588 0.40665034515386866 0.5209362237530989 0.42378195614704706 0.5265716221061181 0.4327985935118779 0.5243174627649103 0.437607466773121 0.5231903830943065
27 0.41777086457049323 0.4384339918648971 0.41777086457049323 0.4420406468108295 0.41266143673042244 0.4440693902179163 0.41145921841511174 0.4524097797803847 0.407251454311524 0.45579101879219636 0.41025700009980093 0.45827059406752485 0.4081531180480071 0.46187724901345717 0.4012403627349702 0.46322974461818167 0.39763370778903784 0.46187724901345717 0.39973758984083163 0.45691809846280024 0.3979342623678656 0.45421310725335096 0.3973331532102101 0.4485777089003317 0.39913648068317625 0.44677438142736553 0.3946281620007609 0.44249147867907096 0.40244258105028086 0.44023731933786325 0.4030436902079363 0.43730691219429324 0.4063497905750409 0.43663066439193093 0.411158663836284 0.43956107153550095
27 0.44169069535900846 0.5037965245983529 0.43808404041307614 0.4997390377841791 0.4428929136743192 0.4934273916287976 0.4520233023414273 0.4918862645972568 0.46092618840398075 0.49027156855110676 0.46094872232756173 0.4974625295791699 0.4510481486703892 0.4996574680786374 0.4526671104004929 0.5025996196843067 0.45011413228763714 0.503627037705334
17 0.6102847609282602 0.5188466282298209 0.5978088875903116 0.5129082218393634 0.5756769254828957 0.510326159593498 0.5751851041027309 0.5038710039788351 0.5729719078919893 0.5001823436275992 0.5840378889456973 0.49557151818855416 0.5904315668878396 0.4848744031699699 0.5892395010371606 0.4829367390140431 0.5923746915001626 0.48158468812687355 0.5952747426784394 0.48331884035172146 0.6028187462737099 0.483828470732587 0.6186906479926576 0.4944391309558093 0.6238647813683108 0.4959347774182512 0.6307201541008225 0.5009538895974116 0.6331685015052909 0.5027901501507629 0.6314995142408221 0.5035044090551938 0.6278473910032601 0.5013740038332826 0.6238571082066647 0.5019066051387604 0.6203402487927162 0.504899317236207 0.6117306422916163 0.501837239594702 0.6021269108150646 0.49684093210998187 0.5997597939018302 0.5002394356782686 0.6028370458890351 0.5041198166181782 0.6097355008933187 0.5089132283674781 0.6192377845021603 0.5125399896381124 0.6214696375917814 0.5170544197512099 0.6172862686446414 0.5208390463261886
17 0.5586526866251963 0.559420124787165 0.5570937166777409 0.5623799619144119 0.5471327097143126 0.5607541700614094 0.5439182146477275 0.5580510719372356 0.5334954579166787 0.5627997578310545 0.5307680075571519 0.5599505462947632 0.5272612856663317 0.5585624688796468 0.5272612856663317 0.5540329531040041 0.5219171080837332 0.5471947283800617 0.5132904529560607 0.5390794701948005 0.5174651218737039 0.531624704270438 0.5266046648969723 0.5242191398011762 0.5305805400566324 0.5213863287499184 0.5389298778919185 0.5212372334314311 0.5448936906314085 0.522280900660842 0.5492671533070346 0.5254119023490742 0.5528454409507286 0.5267537602154595 0.5584116661742526 0.526455569578485 0.5615923663019806 0.5200444708835331 0.5717308479591138 0.5149752300549666 0.5800801857943999 0.5203426615205077 0.587435554839771 0.5207899474759694 0.594790923885142 0.5215354240684057 0.6009535303826151 0.5245173304381507 0.6075137243960541 0.5282447134003321 0.605876367797246 0.5304898975226953 0.6009902217202855 0.5273003299446793 0.5949277812173901 0.5269610142448905 0.5907655086333127 0.5306934869425686 0.5926656765521306 0.5346974122000778 0.5888653407144948 0.5386334743176293 0.5857888783697419 0.5389727900174183 0.5847992980628774 0.5442623824614277 0.578736857559982 0.5402584572039185 0.5836230036369425 0.5310969333096176 0.5799131519859171 0.5302147124901664 0.5663405239943602 0.5327935118085623 0.560549536051296 0.5355759005468315 0.5524059592563619 0.5348294060072958 0.5449862559543108 0.5383582892851005 0.5543966113617902 0.5429051196622722 0.5676977867935159 0.5429729828022298 0.5660690714345291 0.5443302456013855 0.5652547137550357 0.5523380961164042 0.5453481927007523 0.5560705688140821 0.5487789431386223 0.5591423825770959 0.5579029187384085 0.5593833975884218
27 0.4983867201999423 0.5289771607054881 0.49931793604486 0.5260438307939973 0.4933581546373869 0.5235295480127196 0.4892608049197491 0.5203168533477537 0.4900057775956832 0.5154279701619359 0.48665340055397954 0.510958134106331 0.48739837322991375 0.506907345180939 0.48497721203312777 0.5022978267485965 0.48363820248570866 0.49208321121420956 0.48745292374390575 0.4878870178301927 0.49253921875483525 0.49030300796038434 0.4977787384029691 0.479764776905927 0.5010000585765578 0.4801462490317468 0.5042213787501466 0.4799555129688369 0.5048995514182706 0.4763951064611862 0.504984323001786 0.4748692179579074 0.5082056431753748 0.47467848189499756 0.5121899076006028 0.4746149032073609 0.5140548824379436 0.4754414261466369 0.5132071666027888 0.4808456145957496 0.5121899076006028 0.4849782292921298 0.5157503141082534 0.49114536199288183 0.5227863555400393 0.4978847028823635 0.5347391488157237 0.502780261830383 0.5526925425728715 0.5033291279012249 0.5670375062474374 0.49665156192512094 0.5783753304822611 0.4887516585873084 0.5802040118104583 0.4743782233476771 0.5821789876449116 0.47454280466721493 0.5914686887921541 0.4809614761291876 0.58883538767955 0.4826072893245652 0.5897863019702126 0.4846371255988643 0.5836419327074694 0.4954446322485107 0.5723772557257738 0.49972374655649254 0.574352231560227 0.5037285586652448 0.5749374095852501 0.5102020905670633 0.5723772557257738 0.5082819751724562 0.5712800469288554 0.5085014169318399 0.5725235502320295 0.5109701367249063 0.5731087282570527 0.511847903762441 0.5711337524225996 0.513219414758589 0.568793040322507 0.5156332741118096 0.5624292293003801 0.5184311565439516 0.5587651490391062 0.5247177151099687 0.555928826979045 0.5257253558418326 0.5524953844852867 0.525949276004469 0.5498083425336497 0.5252775155165598 0.5457777796061943 0.5216947929143771 0.5299443849061738 0.520838298292293 0.5171062955816862 0.5308027455296133 0.5133742928710794 0.53662466975816 0.5123293321121094 0.5384160310592513
27 0.4549095461409162 0.46607160919940754 0.45164301969931264 0.46117181953700226 0.45195411745565583 0.4556887215814535 0.4584871703388629 0.4528888417743648 0.45942046360789246 0.456272029874597 0.4600426591205789 0.46035518792660135
27 0.4160166033208299 0.48014287421507684 0.41706351299279243 0.47726387261717995 0.4212511516806424 0.47713300890818466 0.42945194411101545 0.48577001370187534 0.42857951938438005 0.4899576523897254 0.4242173957512028 0.49087369835269257
15 0.4221227691221502 0.4404236613277624 0.43245319975889474 0.4410915771016899 0.4402900781729769 0.4501752316271032 0.4556076132550465 0.46994553853535576 0.45952605246208755 0.4831702708591194 0.4504423979366742 0.486910599193113 0.4495518435714376 0.4906509275271068 0.4417149651573555 0.49198675907496164 0.4374403042042198 0.4985323336594507 0.44011196729992963 0.5038756598508703 0.44011196729992963 0.5052114913987252 0.4313845345206109 0.5049443250891543 0.4212322147569136 0.5048107419343687 0.41660133205768324 0.502673411457801 0.4021743513408502 0.47849486044162715 0.40555845792874934 0.4748881152624189 0.40701043142013626 0.4716561284454779 0.41375155808892605 0.4771590288937722 0.4158204894388087 0.48036502460862396 0.4228352126143395 0.4909180938366778 0.42942531491709035 0.4902501780627503 0.430315869282327 0.4853076013356871 0.42112916082744273 0.47677859430967195 0.41687825747286966 0.47700478942914826 0.41577493743180005 0.48013486041522585 0.4138889267107872 0.47710196949858724 0.4071250951546652 0.47159736190238166 0.40578192293075444 0.46483353034625957 0.4077487108300523 0.4637541955234742 0.4102911439681691 0.4630706168023767 0.4113737819461561 0.4586681123388794 0.40856012099540784 0.4558751400715926 0.41269785768768463 0.4525235733508485 0.41286336715537575 0.44799275167280533 0.4146839712999775 0.44619283621166494 0.42006302899993725 0.4415378824328537
31 0.17718949654540378 0.42425455387290667 0.17830334714235543 0.405040631075491 0.17644692948076937 0.38721902152426496 0.17793206361003822 0.36716971077913557 0.177560780077721 0.35519581686190554 0.19092698724114057 0.3440573108923893 0.2317681757960337 0.33347573022134874 0.24810465121799097 0.3373742073106795 0.25924315718750723 0.33180495432592133 0.2915448244991045 0.32929879048278016 0.30231204693630365 0.3306911037289697 0.30231204693630365 0.3337541928705867 0.3123367023088683 0.33347573022134874 0.31716338822899204 0.33291880492287296 0.31901980589057805 0.33403265551982464 0.3268167600692395 0.33291880492287296 0.33164344598936324 0.3418296096984859 0.3438958025558312 0.3437788482431514 0.3468660708143688 0.3746882023085591 0.3420393848942452 0.38387746973341 0.3446383696204656 0.4075467949186322 0.34649478728205163 0.4214699273805276 0.33535628131253536 0.4253684044698583 0.32941574479545993 0.42341916592519296 0.3201336564875298 0.4214699273805276 0.3179059552936265 0.42620379241757206 0.3130792693735028 0.4353930598424229 0.30453974813020696 0.43678537308861254 0.28931712330520126 0.4359499851408988 0.28114888559422263 0.4367853730886124 0.26889652902775474 0.4390130742825158 0.2622134254460449 0.4362284477901367 0.2503323524118942 0.4392915369317537 0.2425353982332328 0.4406838501779432 0.22359993808505507 0.43762076103632624 0.19315468843504383 0.435114597193185 0.18275874953016197 0.43010226950690267
