22 0.2469422474663462 0.41560302848369823 0.23730037830570086 0.4064593397968125 0.2255055568068385 0.39949054473202333 0.21119797365104598 0.39242363312849465 0.1940178621497548 0.38823509650796256 0.17738870332476778 0.384080570220385 0.17781056358952108 0.36340767652881767 0.18266324059662284 0.35246877308448965 0.19047251648377755 0.35561033902747974 0.19232176421662975 0.3517269187884901 0.19417101194948191 0.3456244012700778 0.18529462283179135 0.33868972227188204 0.1823358264592278 0.33286459191339757 0.18529462283179135 0.32676207439498517 0.1938011624029115 0.3264846872350574 0.20341725061374297 0.32703946155491315 0.2141428874642858 0.33120026895383053 0.21710168383684939 0.32925855883433575 0.21969063066284245 0.323988202795707 0.23485446207223057 0.31677613663758336 0.2448403998296325 0.3137248778783772 0.2441007007364916 0.3098414576393876 0.2492785943884778 0.30623542456032576 0.292181141790649 0.3148344265180885 0.2881127967783742 0.3198273953967895 0.29550978770978303 0.32010478255671726 0.29994798226862834 0.3242655899556348 0.31474196413144595 0.3250977514354183 0.33249474236682713 0.32703946155491315 0.333234441459968 0.3323098175935419 0.33249474236682713 0.33480630203289236 0.3458093260433631 0.3428505296707995 0.35579526380076504 0.3517269187884901 0.3539460160679128 0.3630997923455312 0.35135706924191973 0.36726059974444863 0.35727466198704677 0.3755822145422837 0.3517269187884902 0.37946563478127326 0.35246661788163103 0.3822395063805516 0.36097315745275127 0.38334905502026295 0.36319225473217387 0.3925028312978814 0.36097315745275127 0.4002696717758606 0.35727466198704677 0.40692696361412856 0.36060330790618084 0.4135842554523965 0.3535761665213424 0.424402354689582 0.34026158284480645 0.42689883912893245 0.32361835324913657 0.42995009788813854 0.31400226503830514 0.4274536134487881 0.30401632728090316 0.4291179364083551 0.28994208841224395 0.42874649882727733 0.2722032035147397 0.4258256670558538 0.2636663462195295 0.42735653676517865
19 0.2458677587323871 0.5606051134849147 0.23202387568497707 0.5570823396737433 0.21348296088933855 0.547255654832055 0.18713963333731115 0.5345345735582576 0.15895744284794064 0.5228537972370054 0.11965070348118705 0.5063523830688872 0.09913209110734712 0.493744561007853 0.0847937836653867 0.4811367389468188 0.07366923478800359 0.4672310528500899 0.06773614205339928 0.4503588203860589 0.06600565667247302 0.4333011787740714 0.07193874940707733 0.4173559920498224 0.08306329828446044 0.40586062487652647 0.09443505935911871 0.3971463949225764 0.10753730581470324 0.39158412048388486 0.11989791567846224 0.3876905283768008 0.13794440607955036 0.384909391157455 0.15475483549426258 0.38398234541767307 0.16835150634439747 0.3841677545656294 0.18615078454821046 0.38880298326453905 0.20716382131660072 0.3954777125909689 0.22323261413948747 0.4004837595857913 0.24127910454057555 0.4127207633509128 0.25907838274438855 0.4258848128558161 0.27934978292095325 0.44442572765145466 0.3060487002266727 0.46871432603374097 0.328545010178714 0.49133424208441995 0.33620858829424466 0.49837978970676255 0.34140004443702343 0.5061669739209307 0.34313052981794967 0.5137687489871424 0.34164725663429857 0.5282306625277405 0.333983678518768 0.5406530754408183 0.32137585645773387 0.5512213968743324 0.30209330507026977 0.5595648085323695 0.277619297540027 0.5619751274558026 0.2573478973634622 0.5614189000119334
29 0.421668258100242 0.7470343822550991 0.4181736035088876 0.7365691978349791 0.41156616982964755 0.7258321181062137 0.4141357273715743 0.7217024720566887 0.4089966122877208 0.7104147728546535 0.40826245299002745 0.7024307904922383 0.41046493088310754 0.7010542418090633 0.4115661698296475 0.6905924718169331 0.4218443999973544 0.690317162080298 0.4277176743789012 0.6905924718169331 0.4475399754166216 0.6837097284010579 0.4512107719050884 0.6826084894545178 0.45818528523317525 0.680406011561438 0.46846351540088216 0.6806813212980728 0.4739697101335822 0.6737985778821977 0.48277962170590244 0.6704948610425777 0.48938705538514266 0.6740738876188327 0.504804400636703 0.6823331797178828 0.5132472325601765 0.6779282239317227 0.5275633388651967 0.6779282239317229 0.5371074097352103 0.6817825602446128 0.5514235160402307 0.6850862770842329 0.5568598273004056 0.6904768194805952 0.5583281458957924 0.6965336336865653 0.5678722167658059 0.6957077044766602 0.572277172551966 0.7053435452588854 0.5645684999261859 0.7061694744687904 0.571175933605426 0.7111250497282205 0.5796187655288996 0.7185584126173657 0.5752138097427394 0.7254411560332409 0.5715430132542726 0.7314979702392111 0.5781504469335128 0.7403078818115313 0.5777833672846662 0.7441622181244213 0.5719100929031193 0.7507696518036614 0.5759479690404327 0.7604054925858867 0.5752138097427394 0.7689400944215719 0.5656697388727259 0.7752722183641769 0.5590623051934858 0.7810537228335122 0.5451132785373121 0.7884870857226574 0.5410754023999986 0.7865599175662122 0.5274934553926717 0.7854586786196723 0.509139472950338 0.7992241654514225 0.49996248172917107 0.8006007141345975 0.4962916852407043 0.7939932804553574 0.4805072603402973 0.7906895636157373 0.47867186209606394 0.7868352273028472 0.4841780568287641 0.7813290325701472 0.47243150806567047 0.7719685015245568 0.46582407438643036 0.7623326607423319 0.4529762866767967 0.7562758465363616 0.4489384105394832 0.7579277049561717 0.4452676140510165 0.7648104483720466 0.43168566704368955 0.7637092094255068 0.41773664038751596 0.7609561120591567 0.4192049589829026 0.7573770854829017 0.42764779090637617 0.7579277049561717 0.44012849896716305 0.7598548731126168 0.43498938388330965 0.7518708907502014 0.43574402974894083 0.7469281195957326 0.4289490727459561 0.7474616669290541
28 0.43941246339683376 0.35654545273662025 0.4303106136581292 0.3443911533904233 0.4247607052808704 0.33256984854686195 0.39470948379065035 0.3275000933420455 0.3973734398117346 0.33399348614343827 0.401369373843361 0.34548179648436433 0.40358933719426454 0.3526411782910281 0.408251260231162 0.3531406700449814 0.41313517960314977 0.3571366040766078 0.41846309164531825 0.35813558758451436 0.42734294504893244 0.3594675655950565 0.4333368460963721 0.35930106834373876
28 0.43176772833167365 0.4031664515429823 0.4279532045734774 0.39051829381843695 0.42373715199862894 0.38148389544376166 0.41630886889056273 0.37260007037533105 0.41108899427408363 0.3692874576379501 0.40647141288258287 0.37711726956266867 0.411691287499062 0.38916313406223557 0.41638538286836513 0.3996215547731344 0.41959761340158297 0.40459047387920577 0.4248174880180621 0.4065479268603854 0.42943506940956266 0.4065479268603854
28 0.44513750165566035 0.3604734559859663 0.4399274065375253 0.3497276348048129 0.44122993031705915 0.34435472421423613 0.4474169182698445 0.3406913760842974 0.4509988586635623 0.343866277796911 0.45816273945099795 0.3482622955528374 0.46272157267936614 0.35803122389934056 0.4636984655140164 0.3614503488206166 0.45197575149821256 0.3616945720292793
28 0.8206725485035835 0.40054620322566564 0.8077602386096658 0.39467216060999005 0.8033150171707762 0.40054620322566564 0.8043734032276546 0.40578521420721425 0.8107237195689259 0.4084840986522543 0.8147455865850639 0.40435639303042825
28 0.8143222321623127 0.4315039953893615 0.8067018525527875 0.4324565428405522 0.8062784981300359 0.43039269002963904 0.8077602386096658 0.4294401425784485 0.8086069474551687 0.4254711948651541 0.8119937828371799 0.42420113159689987 0.8164390042760695 0.4246774053224953 0.8172857131215723 0.42991641630404376
28 0.6377885351294611 0.5519464356131819 0.6334051087711831 0.5490241513743297 0.6285346350397628 0.5468324381951908 0.630482824532331 0.54482336778098 0.6455812930997332 0.5398920131279171 0.6523999563237213 0.5406225841876301 0.6587315721745675 0.545553938840693 0.6504517668311532 0.5495720796691145 0.639493200935458 0.5513985073183971
28 0.4668994336969617 0.38254929529156295 0.46653792921914944 0.375635522153405 0.47159899190851995 0.3687217490152472 0.4799135948982002 0.365603772894117 0.49328926057725087 0.3638414385647826 0.49961558893896396 0.36465482363985996 0.5019653680447431 0.35991007736857517 0.5136978629711083 0.3540936360170306 0.5236392361109432 0.3528735584044144 0.5261697674556284 0.3532802509419531 0.5268927764112528 0.35504258527128757 0.5341228659674964 0.3565337912422628 0.5417144600015522 0.35788943303405846 0.5485830450799836 0.36344756438042075 0.5588859226976308 0.36548102706811425 0.5677427824040293 0.3667011046807304 0.5737076062879303 0.3681923106517056 0.5690080480763718 0.3737504419980679 0.5664775167316866 0.3802575225986871 0.5596089316532552 0.38852693752864076 0.5628624719535648 0.39720304499613307 0.5711770749432449 0.39801643007121046 0.5831067227110469 0.39964320022136535 0.5935903525676001 0.40004989275890396 0.595217122717755 0.4031678688800341 0.5953978749566611 0.4131996181393221 0.5881677854004175 0.4203845196358391 0.5756958809158973 0.4218757256068144 0.5823837137554226 0.42702716441563804 0.5859116216643607 0.43189833638292296 0.5816528276951235 0.43479545496449146 0.5829473964428069 0.446446573693641 0.5872626256017511 0.4508157432170721 0.5986979828729534 0.4513012064974532 0.5986979828729534 0.455508554927424 0.6040920193216338 0.45615583930126563 0.6198826686823464 0.4556881991845163 0.6278658426263933 0.4556881991845163 0.6280816040843406 0.45309906168914965 0.6213929988879769 0.452451777315308 0.6207457145141353 0.4498626398199415 0.6282973655422878 0.44306615389460424 0.6304549801217599 0.4469498601376541 0.6308865030376544 0.4514808507545457 0.6321810717853377 0.4550409148106746 0.6371435853181235 0.4519663140349268 0.6563463550754256 0.45002446091340187 0.6675659508886806 0.4479207866984165 0.6723127029635194 0.44953899763302063 0.67382303316915 0.44711168123111455 0.6664871435989446 0.42364762267935496 0.660877345692317 0.42138212737090924 0.6621719144400002 0.4134528937913491 0.6610931071502643 0.4092455453613784 0.6673501894307335 0.40503819693140775 0.6736072717112027 0.40374362818372445 0.67382303316915 0.4079509766136951 0.6770594550383582 0.41021647192214084 0.6856899133562466 0.402772701622962 0.6979883164592379 0.3967853211649268 0.7040296372817599 0.40212541724912026 0.7079133435248098 0.40665640786601187 0.7102867195622291 0.4032581649033432 0.7115812883099122 0.3920925094545749 0.7107182424781235 0.3848105602488564 0.7171910862165398 0.37607222120199424 0.720211746627801 0.3794704641646629 0.7152492330950149 0.38675241337038135 0.7176226091324344 0.3946816469499415 0.7171910862165398 0.3980798899126101 0.7137389028893844 0.40309634380988285 0.7128758570575955 0.4069800500529327 0.7154649945529621 0.41296743051096785 0.7199959851698537 0.40924554536137847 0.7251742601605868 0.4069800500529327 0.7225851226652202 0.4001835641275954 0.7208590310016426 0.39662350007146635 0.7256057830764813 0.3953289313237832 0.7327259111887393 0.3891797297722876 0.7370411403476836 0.38238324384695027 0.7467504059553085 0.3843250969684753 0.7581857632265107 0.3893415508657479 0.7691895975818187 0.3954907524172436 0.7868820371334903 0.40439091255756615 0.7838613767222291 0.4084364398940764 0.7793303861053377 0.41296743051096785 0.7778200558997073 0.41604203128671563 0.7793303861053377 0.41717477894093863 0.7866662756755428 0.4139383570717303 0.7937864037878009 0.42073484299706754 0.8006907704421118 0.4315768562589151 0.8047902381431088 0.44031519530577723 0.8093212287600005 0.44937717653956033 0.8123418891712614 0.4545554515302934 0.8110473204235781 0.46183740073601187 0.8097527516758948 0.46442653823137847 0.8170886412461 0.4637792538575368 0.816009833956364 0.48044682648395903 0.8134206964609975 0.49274522958695033 0.8067320912646339 0.5003508209795896 0.8065163298066865 0.5040727061291791 0.8170886412461 0.5147528982975661 0.8233457235265693 0.5175038568863931 0.8129891735451031 0.5251094482790325 0.8071636141805283 0.5241385217182699 0.7911972662924345 0.5306113654566863 0.7769570100679182 0.5344950716997363 0.77372058819871 0.5370842091951028 0.7644428455069798 0.5396733466904694 0.751497158030147 0.5393497045035486 0.7398460393009976 0.5372460302885632 0.7342362413943699 0.534818713886657 0.7305682966092673 0.5382169568493257 0.7215063153754842 0.5385405990362465 0.7180541320483287 0.5357896404474195 0.7055399674873903 0.5385405990362465 0.6874160050198244 0.5382169568493257 0.6809431612814081 0.5357896404474195 0.6688605196363641 0.533200502952053 0.662819198813842 0.5296404388959239 0.6576409238231089 0.5307731865501468 0.6546202634118479 0.5296404388959239 0.6485789425893259 0.5278604068678594 0.6444794748883288 0.5241385217182699 0.6380066311499124 0.5273749435874782 0.6270027967946045 0.5289931545220823 0.6078000270373023 0.5241385217182699 0.5961489083081528 0.5226821318771263 0.5885972572800003 0.521387563129443 0.5758673312611147 0.5166947514190912 0.5741412395975369 0.5187984256340764 0.5637846896160705 0.5231675951575075 0.5534281396346044 0.5231675951575075 0.5432873511110853 0.5202548154752201 0.5402666906998244 0.5234912373444284 0.5374617917465105 0.5278604068678594 0.5353041771670384 0.5298022599893843 0.5361672229988272 0.5327150396716718 0.5294786178024636 0.5362751037278007 0.516748691783578 0.537569672475484 0.5070394261759533 0.5383787779427861 0.49021003245607064 0.5353041771670384 0.46345561167061605 0.534333250606276 0.4459789335768917 0.5280222279613198 0.43281748464211167 0.5197693521948389 0.4321702002682701 0.5100600865872144 0.43540662213747827 0.5027781373814958 0.4397218512964225 0.5037490639422583 0.4455474106609973 0.5105455498675956 0.4522360158573609 0.5141056139237246 0.4483523096143111 0.508765517839531 0.4468419794086806 0.505205453783402 0.4408006585861586 0.5001889998861292 0.4420952273338419 0.49695257801692105 0.4386430440066864 0.48562510147469223 0.44511588774510286 0.4794758999231966 0.4408006585861586 0.47899043664281543 0.43152291589442837 0.4786667944558946 0.4252658336139592 0.4746212671193843 0.4200875586232261 0.46297014839023476 0.4269919252775369 0.46102829526870986 0.43152291589442837 0.46475018041829924 0.43583814505337265 0.46572110697906166 0.438211521090792 0.46442653823137836 0.43281748464211167 0.45309906168914965 0.43368053047390054 0.4514808507545455 0.4360539065113198 0.45034810310032264 0.4349750992215838 0.443389796081525 0.4295810627729034 0.4427425117076835 0.42591311798780074 0.43788787890387115 0.42763920965137847 0.432709603913138 0.4282864940252202 0.426398581268182 0.4282864940252202 0.4199257375297656 0.4254815950719064 0.4149092836324929 0.43130715443648115 0.40859826098753677 0.4369169523431087 0.40503819693140775 0.43648542942721424 0.3925779727349561 0.4304441086046923 0.38319234931425233 0.42850225548316734 0.3765576844823755 0.4349750992215838 0.3729976204262464 0.43281748464211167 0.3683048087158946 0.4334647690159533 0.3647447446597655 0.4395060898384753 0.36490656575322594 0.44144794296000023 0.3655538501270675 0.44943111690404713 0.36506838684668635 0.45547243772656915 0.3678193454355132 0.46194528146498554 0.3721885149589444 0.46108223563319667 0.3751012946412318
28 0.8286419033118229 0.5012982486946687 0.8223521184334251 0.5001882866573043 0.8208721690502727 0.5012057518582216 0.8163089917855528 0.4981533562554697 0.8195155487823831 0.4944534827975888 0.824078726047103 0.48733122639116777 0.8253120171997298 0.48187391304079324 0.8270386248134077 0.4785440269287003 0.8312382368706017 0.4792261096320385 0.832718186253754 0.4859783786926714 0.8341981356369064 0.4883832964402941 0.8317315533316524 0.49791047059433763
20 0.4775685730388183 0.311446782734589 0.45769794834961497 0.3109415973611347 0.4304179381830817 0.30791048512040875 0.42536608444853846 0.28745047749550867 0.41930385996708663 0.2672430625573359 0.41324163548563475 0.24804601836607168 0.4118944744897566 0.2402156450775297 0.41425200623254343 0.22910156686153463 0.4017907670206701 0.2243023058137186 0.4007803962737615 0.22253415700662849 0.4095369427469698 0.21520896909154077 0.41930385996708663 0.21520896909154077 0.4351330016686553 0.21520896909154077 0.44557349938671137 0.21344082028445066 0.4886826512548134 0.2010637786348198 0.5226984664007377 0.193485998033005 0.5476209448244842 0.19272821997282352 0.5870254039539212 0.18666599549137167 0.6190204776060283 0.18616081011791735 0.6257562825854193 0.19752748102063958 0.6324920875648102 0.21293563491099637 0.6358599900545057 0.22783860342789886 0.6196940581039674 0.2508245379200705 0.6297977655730538 0.27103195285824333 0.6412486340380184 0.2874504774955088 0.6530362927519525 0.30917344855404455 0.6567409854906177 0.3182667852762224 0.6217147995977846 0.3195297487098581 0.5732170037461698 0.31776159990276803 0.5115843881847427 0.3139727096018607
