30 0.43353953166257325 0.3346266532729011 0.4194509911406459 0.32552780418582294 0.4104499791405256 0.31466788753350394 0.39447913461396666 0.27971623161243314 0.3784338523528827 0.2462559478728556 0.36591070522228053 0.22717771591607894 0.3573010415699916 0.20809948395930228 0.35690969322216026 0.18872774074165213 0.36160587339613603 0.1717040876109899 0.37295497548324424 0.15614799078469507 0.3897829544399908 0.13912433765403281 0.40348014661408693 0.13237357865394264 0.4250043057448093 0.12239419578424408 0.4527900384408327 0.11623045930590084 0.48135846783251873 0.11358885795803947 0.5067961104415544 0.11417588047978644 0.5283202695722767 0.1176980156102683 0.543582855137698 0.1218071732624971 0.5690204977467336 0.13178655613219567 0.5870225217469742 0.1420594502627677 0.6018937589645641 0.1535063894368337 0.6144169060951662 0.16642088491526708 0.6226352213996239 0.18021591417632102 0.6261573565301057 0.19577201100261588 0.6269400532257684 0.2083929952201758 0.6269400532257684 0.21631779926375994 0.6472901673129967 0.22013344565511528 0.6633354495740806 0.22394909204647065 0.6793807318351646 0.23187389609005474 0.6883817438352849 0.23979870013363885 0.6907298339222728 0.25212617309032537 0.6852509570526344 0.2714979163079755 0.6692056747915504 0.2847059230472824 0.648855560704322 0.2894021032212582 0.627722749921431 0.2908696595256256 0.6061985907907086 0.2885215694386377 0.5952408370514317 0.28558645682990286 0.5878052184426367 0.2756070739602043 0.5866311733991428 0.30554522256929995 0.5823263415729983 0.31405704913463106 0.5494530803551677 0.31523109417812506 0.5365385848767343 0.3155246054389986 0.5126663356590241 0.3166986504824925 0.4981864467892654 0.3161116279607455 0.49270756991962694 0.3155246054389986 0.4903594798326391 0.32609101083044406 0.4876200413978198 0.33812497252625706 0.4810902737000744 0.3382206210430478 0.47715905880316273 0.3344642889034649 0.46238501582111907 0.3334882780363613 0.438305852435642 0.3369049160843005
11 0.839663975426488 0.7061929817998562 0.8294684724470559 0.708239475405136 0.8259633983705095 0.7055394959542273 0.8208215476738683 0.7079267837776677 0.8198421475411748 0.7112322592255085 0.8164142470767473 0.7136195470489488 0.8112723963801062 0.7172922975465497 0.7996802083442803 0.7183899973307157 0.7930692574485989 0.7207772851541563 0.7867031565860908 0.7200427350546363 0.7820510059557965 0.7070044707881535 0.7786231054913693 0.6941498440465508 0.7773988553255022 0.6794588420561475 0.7800922056904094 0.6697260532375053 0.7825407060221433 0.6607278145183834 0.7881722567851313 0.6531986759983017 0.7957626078135062 0.64456771232894 0.8013941585764941 0.6423640620303794 0.8033529588418812 0.64456771232894 0.8129021101356432 0.6421804245054994 0.8217167113298851 0.6418131494557392 0.8217167113298851 0.6447513498538199 0.8266137119933529 0.6449349873787 0.8300416124577802 0.6456695374782203 0.8307761625573005 0.6495259255007011 0.8364077133202883 0.6504441131251013 0.8364077133202883 0.6522804883739016 0.8408150139174093 0.6552186887719823 0.8422841141164497 0.6566877889710228 0.8439980643486633 0.6618296396676638 0.8447450425841063 0.6643056907846369 0.8380541338461004 0.6647433963144859 0.8361605169174028 0.662968130443832 0.8329650383502257 0.6634119469114954 0.8362788679754464 0.6648321596080186 0.838409187020231 0.6653647393692147 0.8393559954845798 0.6682939280557936 0.8409868769195954 0.6687087602196936 0.8419087261727064 0.6697688868607717 0.8420930960233286 0.672764896933383 0.838698450480564 0.678204495513905 0.8407265188374086 0.6784810502898384 0.8444139158498534 0.681246598049172 0.8466878106741944 0.6852105498375503 0.8478554863948018 0.6906494604309062 0.8475482033104315 0.6916634946093286 0.8500679246022688 0.6935071931155511 0.8500679246022688 0.6962266484122288 0.8466878106741944 0.6991765660221848 0.8449670254017201 0.700513247439196 0.8420785644086384 0.7008819871404406
20 0.33732247514789115 0.447015241271619 0.31901579044243084 0.4480367301455551 0.30219126020838716 0.4469851970059274 0.28882110235108294 0.44690158434178484 0.26582757769788995 0.44500882469045494 0.2333001525787389 0.4447985180625294 0.2218033902521423 0.4445882114346038 0.19656659490107686 0.44101299875986943 0.17076898187554324 0.43743778608513517 0.1665628493170323 0.44122330538779503 0.16207630792128733 0.4363862529455075 0.16179589908405326 0.43323165352662435 0.16095467257235108 0.42671214806093233 0.16796489350320262 0.4210338691069426 0.17020816420107507 0.4145143636412507 0.16880612001490478 0.39201155445321734 0.17020816420107507 0.36404077293911974 0.17273184373618164 0.3501605354960338 0.17777920280639475 0.33691121793672435 0.17918124699256505 0.32008668770268073 0.1800224735042672 0.31251564909736107 0.18254615303937383 0.3043136906082648 0.18703269443511877 0.3015797044452327 0.1912388269936297 0.3034724640965626 0.20441804234363053 0.30704767677129685 0.215634395832993 0.3095713563064034 0.22657034048512137 0.31419810212076543 0.23806710281171792 0.3127259557252866 0.24311446188193098 0.31398779549283984 0.25433081537129343 0.3219794473540107 0.2582565390925703 0.32008668770268073 0.266107986535124 0.32134852747023396 0.2806892460712952 0.32387220700534053 0.307608494445765 0.3261855799125215 0.33649060468087344 0.3261855799125215 0.35724085863619387 0.32660619316837264 0.38219724515002534 0.32997109921518136 0.38275806282449343 0.337542137820501 0.37518702421917377 0.3406967372393842 0.3692984386372585 0.34406164328619293 0.3622882177064069 0.3510017620077359 0.3600449470085344 0.36109648014816215 0.3558388144500235 0.3732942645678438 0.3524739084032148 0.3838095959641211 0.34882859351917195 0.397269220151356 0.3468657316585336 0.4008444328260903 0.3468657316585336 0.4132525238736975 0.3451832786351292 0.4281842944564113 0.3451832786351292 0.43449349329417764 0.3369716507748736 0.4354252973145723 0.34129796298168374 0.43930095199983965 0.3451435738321815 0.4416443711118617 0.34646550256204023 0.44588055181436326
26 0.2871938203296399 0.6973615903217055 0.24442027262097019 0.6950701502658838 0.1919717557877203 0.693924430237973 0.18127836886055293 0.6881958300984191 0.17516786204502865 0.6794119765511029 0.17516786204502865 0.6503870691773628 0.1777139065514971 0.6198345350997415 0.17924153325537812 0.596156321189585 0.18382441336702132 0.5885181876701795 0.19248096468901402 0.5828259942458792 0.21132169403688045 0.5824076808546553 0.22106984042616096 0.583407955938648 0.2293387811205009 0.6022131275177114 0.23467358156846216 0.6056140628032868 0.25687064156933437 0.6047663157820076 0.2718080828236259 0.6037660406980149 0.2800770235179659 0.6009652704628352 0.2907466244138884 0.6021656005636266 0.29981578517542246 0.6021656005636266 0.30675102575777213 0.5973642801604615 0.306217545712976 0.610367856252367 0.3056840656681799 0.6361749534193795 0.3040836255337915 0.6621821056031907 0.30274992542180124 0.6799870020982612 0.30274992542180124 0.6835879924006351 0.29954904515302444 0.6911900830389799 0.29101336443628645 0.6953912383917493
14 0.1904930954774821 0.5309037700972026 0.18781870173594797 0.5384960649600112 0.19370236796732307 0.5445134508784633 0.20333018543684603 0.5547430069398314 0.21001616979068138 0.5625656086338187 0.21750447226697703 0.573396903287032 0.2212486235051248 0.5812195049810194 0.22423258096658297 0.5887110135104252 0.22994222901933598 0.6016470238444276 0.23495430676092874 0.6045986221789424 0.27176225780021546 0.6031973042459747 0.28007674420249085 0.6003246024833907 0.2997886164595708 0.6017259204163585 0.30660836373334727 0.5970315053409165 0.3121506677729637 0.5875670114170908 0.3188464548960687 0.5831246141911846 0.32603332684042385 0.580119133391714 0.33066887177180443 0.5664056463030468 0.33466059101827084 0.5462217110809946 0.33543318184016757 0.5435176432043559 0.3300250460868904 0.5345362748998064 0.3250032057445616 0.5186981630509232 0.3244881451966304 0.5122277149175379 0.32693468279930343 0.507012726869735 0.32358678923775097 0.49880394938708217 0.306332260882057 0.5034394943184626 0.2819956499923098 0.5089442039244768 0.27478480232127356 0.5105859594210074 0.26499865191058153 0.5052743975204672 0.25122078225342304 0.5028600512020399 0.24169216211669656 0.5032463466129884 0.2248239291719511 0.505950414489627 0.2173555512269493 0.5102962378627961 0.2057666888984982 0.5090407777772139 0.19520794766590938 0.5093304993354253 0.18915598622771831 0.5075921699861575 0.18876969081676992 0.5016045911164577 0.18284649451556162 0.4980313585651854 0.175249351433577 0.5004457048836126 0.167909738625558 0.5068195791642608 0.17203022300900725 0.5114551240956412 0.17898354040607792 0.5176358506708151
16 0.17640942225134196 0.5165390094507374 0.1760472763181701 0.5309343102943179 0.1745543397888259 0.5428114855829387 0.1756407775883414 0.5479720651306373 0.17926223692005977 0.5527252305035177 0.18559979075056698 0.5569351769766403 0.18976446898204313 0.5578858100512164 0.19483451204644883 0.5585648336759135 0.205698890041604 0.5587006384008529 0.18668622855008243 0.538601539109816 0.18976446898204313 0.5309964745132073
16 0.17980545581981755 0.4979959263529236 0.18107296658591904 0.4883537908822234 0.18650515558349653 0.4616002600691539 0.18958339601545718 0.45562485217181864 0.19682631467889394 0.45141490569869597 0.205698890041604 0.4508716867989382 0.2230818948338522 0.4515507104236354 0.2462592345568498 0.4533161718478481 0.27016086614619117 0.4553532427219398 0.28718172500526756 0.4564396805214552 0.29913254079993823 0.45766192304591014 0.3038404379311721 0.45861255612048624 0.30999691879509333 0.46200767424397227 0.3098158458285074 0.4648595734677004 0.3087294080289919 0.47952648376115986 0.3049268757306876 0.5024774822759251 0.2752309092105969 0.5099467421475943 0.26563404198154317 0.5043787484250774 0.25132927762125556 0.5020700681011069 0.24173241039220186 0.5022058728260462 0.22416833263336775 0.5053293814996533 0.21710648693651688 0.5096751326977155 0.2055178170750181 0.5083170854483211 0.19573987687937844 0.5087244996231394 0.18969335192692763 0.5073021439727663 0.18969335192692763 0.5010793380023845 0.18258157367506267 0.49725675719200707
28 0.5898071232329037 0.3566767945121631 0.5960220619202264 0.36264896215701226 0.5940798935804381 0.36599920254314716 0.5882533885610729 0.3673829974852464 0.5848545939664433 0.36548938335395276 0.5775714626922371 0.36541655204121065 0.5760177280204064 0.36366860053540123 0.5801933899509514 0.36024552883652416
28 0.7153934341794322 0.3553742608838942 0.712538317685339 0.35555270566477504 0.7117055753745619 0.3569802639118217 0.706590158322645 0.35733715347358336 0.7020695572069974 0.3559988176169771 0.6992144407129043 0.3528760339515627 0.7040919313903133 0.34859335921042295 0.7113486858128003 0.34796880247734 0.7202709248568415 0.34743346813469755 0.7265759737812972 0.34743346813469755 0.7358551023871002 0.3492179159435059 0.7443014886821259 0.35323292351332436 0.7434687463713486 0.35626648478829837 0.7418032617497943 0.3580509325971067 0.7382343661321777 0.36099527148164023 0.7324051699567374 0.36161982821472305 0.7280035320283439 0.35974615801547444 0.7221743358529037 0.3576048206449045
28 0.7866074669152198 0.5797881400767881 0.7874328065286307 0.5831926659821081 0.7899088253688634 0.5855139336448264 0.7808300896213431 0.5929419901655248 0.7686563303235318 0.600834300218767 0.7634979577397134 0.6028460655264563 0.7585459200592478 0.6006795490412525 0.7428644674044399 0.5944895019406704 0.7418327928876762 0.5924777366329813 0.7488481796016693 0.588763708372632 0.7494671843117274 0.585668684822341 0.7626726181263025 0.585668684822341 0.7731956981972921 0.5847401777572537
28 0.7445323733440873 0.6137129925942495 0.749960682232691 0.6058031710708556 0.751976911248458 0.6080132682612157 0.7538380457245506 0.611153932689622 0.7592663546131544 0.611153932689622 0.7623682454066423 0.6127824253562032 0.7578705037560849 0.616272052498877 0.7418957661696227 0.616272052498877 0.7383285917571116 0.6138293134990054
28 0.8160455407320399 0.5941050353915964 0.8145562191562147 0.5982278717623624 0.8119908987477382 0.599189866915541 0.8118076615757042 0.6004267178267707 0.8154724050163848 0.6038624148024089 0.8176712510807933 0.6024881360121536 0.8193203856290995 0.5941050353915965
28 0.832897953018052 0.48726738119278834 0.8242402183988967 0.485053755864027 0.8183372175221997 0.48579163097361416 0.8181404508263098 0.4815119553380088 0.8240434517030067 0.476641979614734 0.8323076529303824 0.4773798547243211 0.8488360553851336 0.48047893018458687 0.8476554552097944 0.48741495621470576 0.8545577602498183 0.4902442228096758 0.8547545269457082 0.49334329826994167 0.8472773925018923 0.49511419853295074 0.8372422910115076 0.4985084240370514 0.8301586899594713 0.49673752377404234 0.8236653889951046 0.49437632342336363 0.823075088907435 0.49068694787542805 0.8281910230005722 0.4874402973932448
28 0.8304833334734993 0.49831195777231924 0.8230086024789464 0.49564241098855033 0.81811443337537 0.4954421949797677 0.8185593578393313 0.5016488912520305 0.8215848441942696 0.5041182220270168 0.8258561190482999 0.5054529954189014 0.8304833334734993 0.5061203821148436 0.8331528802572685 0.5077888488546992 0.8371572004329221 0.5075886328459166 0.8368902457545453 0.5065875528020032 0.8327079557933071 0.5037177900094515 0.8299494241167458 0.5015821525824363
28 0.6275443489099735 0.36220610460176855 0.6279567763987403 0.36622727261724436 0.6224577432151837 0.36839251693326974 0.6180585166683384 0.3642682420456023 0.6217703640672392 0.3610719290076601
28 0.5733089978751673 0.379212000543804 0.5783247755785946 0.3815919358826752 0.5769940590450323 0.3842789596523685 0.5743326259779075 0.38489313651401263 0.5666554152073554 0.38235965695973034 0.5674743176895476 0.3803635821593868 0.5716711929107828 0.379365544759215
28 0.6157642920789109 0.6090758412208523 0.6072173648530974 0.6089394540842702 0.5975793405346269 0.6094850026305987 0.5893961123396991 0.6111216482695843 0.5772121948050289 0.6150768752304661 0.5763029472278147 0.617122682279198 0.5828495297837569 0.6190321021913477 0.5861228210617281 0.6217598449229904 0.5901235104014706 0.6220326191961546 0.5988522871427268 0.6188957150547656 0.604307772606012 0.6188957150547656 0.6084903114611973 0.6194412636010942 0.6134002483781539 0.6178046179621086 0.6199468309340961 0.6164407465962873
28 0.6237438379689385 0.6059680478344008 0.6248349350615955 0.6092413391123719 0.6171972554129962 0.6066499835173115 0.6079229301254114 0.6077410806099686 0.5913746242201131 0.608286629156297 0.5888287310039134 0.6062408221075651 0.5815547503861997 0.6074683063368043 0.5730078231603862 0.6039222407856689 0.5711893280059579 0.5998306266882051 0.5679160367279869 0.591511011356695 0.5668249396353298 0.5900107528542917 0.5682797357588725 0.5841461059812602 0.5750081678302575 0.5855099773470813 0.5848280416641709 0.5864646873031563 0.5957390125907412 0.5870102358494849 0.6131965660732537 0.5887832686250525 0.6131965660732537 0.59246572131277 0.6122873184960396 0.5975120453663088 0.6102869738261684 0.6006489495076978 0.6133683818511885 0.6033917428456024 0.6215616437836243 0.6054224992880722
28 0.6176452915671409 0.5984399419386452 0.6233603880115562 0.5958819753848947 0.6252961464846648 0.5936696799870564 0.6243743567355655 0.5920795926698602 0.6205028397893485 0.5901438341967516 0.6158017120689422 0.5936005457558741 0.6141424905205635 0.5952597673042527 0.6157095330940323 0.5969189888526314
28 0.5346580466533487 0.5818871696054366 0.5273407042982049 0.5796005001194542 0.5283570018475304 0.575332050412287 0.5346580466533486 0.5655755939387621 0.5383167178309205 0.5626791459231842 0.5419753890084924 0.5628315905555831 0.5385199773407856 0.5728929362939058 0.5358318803380537 0.580914249402845
28 0.5532689949435114 0.5290089882847556 0.5539705578801445 0.5318503181781189 0.5510239935462861 0.5367963368813812 0.5452711774658959 0.5401638389772193 0.5417633627827314 0.5400586045367243 0.5413424250207516 0.5363753991194014 0.5410617998460984 0.5279566438798061 0.5437277390053036 0.5271147683558466 0.5507433683716328 0.527956643879806
28 0.5641969136402077 0.5084928164715524 0.5627937877669419 0.5127021940913501 0.5611100367190228 0.5172272750326325 0.5532525318287339 0.5168063372706528 0.5474997157483439 0.5160696961871881 0.5455353395257716 0.5161749306276832 0.5423081500172602 0.5130178974128349 0.5445531514144855 0.5113341463649159 0.552550968892101 0.5082823475905626 0.5616712870683293 0.5067038309831384
28 0.5685466038473319 0.47671201544208036 0.5688272290219851 0.48428889515771606 0.5623728500049622 0.4880773350155339 0.5526912814794276 0.49039249270642266 0.5397825234453816 0.4914448371113721 0.5337490821903383 0.48723545949157443 0.5333281444283585 0.48365748851474644 0.5357134584129105 0.48292084743128183 0.5434306507158729 0.4843941295982111 0.5533928444160605 0.48334178519326165 0.5640566010528811 0.4803952208594033
28 0.5676721399548613 0.42703035728087685 0.562282590894285 0.43229600295653975 0.5618783747147417 0.4352265702582281 0.5602615099965688 0.43866240778434556 0.5605309874495976 0.44179508317580557 0.5601267712700544 0.4451298666570372 0.5589141227314247 0.4467467313752101 0.5593183389109678 0.4516983795746146 0.55541091584205 0.4534162983376733 0.5521771864057042 0.45119310935018553 0.5502729590848457 0.4458504460361788 0.5478476620075863 0.43746296031065685 0.544748671297755 0.43433028491919684 0.5470392296484999 0.42604385323856064 0.5504076978113601 0.4181616377374678 0.5529677336151338 0.4151300163908936 0.5559319855984508 0.41907112414144004 0.5583572826757102 0.4108857465056897 0.5614562733855416 0.40391301740856905 0.568866903343834 0.39835504493984963 0.5737174974983528 0.39855715302962125 0.5828797309013326 0.3958286938177045 0.5892087077993112 0.40022034430775355 0.5925040585140725 0.3951125506998736 0.5979963097053411 0.38703894144870854 0.6037082509442607 0.38259021798378096 0.6054204962002819 0.37724105496312693 0.6087120141251658 0.3770647236457224 0.6135317368008888 0.3780345458914472 0.6149423873401249 0.3841179763419025 0.6174110257837878 0.3838534793657957 0.6255059599395624 0.38572475682234336 0.6327943210589483 0.3872235730202816 0.6365560558302443 0.3830797870612759 0.6429039832568063 0.379993989006697 0.6554822838983273 0.3752330434367755 0.6604195607856533 0.3729407363105171 0.6642988497685522 0.37470404948456204 0.6690010182326723 0.37770168188043857 0.6729978614271742 0.37902416676097234 0.6728803072155712 0.3824626274503601 0.6732329698503803 0.3887223892182197 0.6711169940415264 0.39348333478814135 0.6673552592702303 0.3950703166447818 0.6664148255774065 0.397627120747147 0.6658270545193914 0.4023880663170686 0.6637110787105373 0.40485670476073143 0.6640637413453463 0.4059146926651585 0.6720574277343503 0.404327710808518 0.6815793188741932 0.4016827410474505 0.6887501257819763 0.40150640973004603 0.6911012100140365 0.3985087773341695 0.6903958847444183 0.395863807573102 0.6825197525670172 0.3929543408359278 0.6809915478161783 0.39101469634447833 0.6822846441438114 0.38836972658341085 0.6880448005123583 0.38739990433768606 0.6940400653041112 0.38863422355951754 0.6998002216726583 0.3926898438598211 0.7030917395975423 0.3968336298188268 0.7047374985599844 0.3975389550884448 0.7148471607578422 0.3949821509860795 0.7175509076247113 0.39374783176424805 0.7179035702595203 0.38484310023532087 0.7181386786827262 0.37955316071318584 0.7209599797611983 0.37540937475418007 0.7342436056723372 0.3732933989453261 0.7401213162524872 0.37408688987364624 0.7465867978906523 0.3735578959214328 0.7519942916243904 0.3745277181671576 0.7582246648393494 0.3756738717302868 0.7611635201294242 0.3783188414913543 0.7673938933443832 0.37920049807837686 0.7731540497129301 0.38087564559371956 0.7711556281156792 0.38255079310906237 0.7658656885935442 0.38360878101348933 0.7650428091123231 0.3851075972114276 0.7706854112692672 0.3871354073615793 0.7747998086753722 0.38792889828989957 0.7785615434466682 0.3890750518530288 0.7795019771394922 0.3978034520645516 0.7795019771394922 0.39983126221470333 0.7738593749825482 0.40547386437164723 0.7682167728256042 0.4055620300303495 0.7669236764979712 0.40697268056958547 0.7712731823272823 0.4080306684740125 0.7758577965797991 0.40767800583920355 0.7830286034875822 0.40291706026928203 0.7909047356649832 0.397979783381956 0.7905520730301743 0.39559931059699527 0.7938435909550582 0.39321883781203454 0.7971351088799422 0.394100494399057 0.8017197231324592 0.3990377712863831 0.8027777110368862 0.40344605422149565 0.8008968436512383 0.4080306684740126 0.8008968436512383 0.40855966242622604 0.8065394458081822 0.40944131901324854 0.8126522648115382 0.412438951409125 0.8147682406203923 0.41490758985278803 0.8153560116784072 0.4201093637162208 0.8117118311187145 0.4215200142554567 0.8072447710778001 0.4215200142554568 0.7978404341495601 0.42143184859675453 0.7856147961428482 0.4220490082076702 0.7805599650439192 0.4271626164124007 0.7777386639654473 0.4306010771017885 0.7776211097538444 0.43580285096522126 0.7740944834057543 0.437830661115373 0.774094483405754 0.44267977234399675 0.7696274233648402 0.4467353926443002 0.7652779175355292 0.450173853333688 0.7639848212078962 0.4525543261186487 0.7671587849211773 0.45696260905376124 0.7697449775764433 0.4589022535452108 0.7692747607300312 0.46445669004345247 0.7686869896720162 0.46718982546322224 0.7705678570576642 0.46577917492398624 0.7771508929074322 0.4656028436065818 0.778679097658271 0.4672779911219245 0.7765631218494172 0.47265609630276173 0.7784439892350652 0.4739785811832955 0.7756226881565932 0.475918225674745 0.7730364955013271 0.47900402372932377 0.7772684471190352 0.48006201163375084 0.7851445792964362 0.4832359753470318 0.7936084825318522 0.48817325223435776 0.7953717957058973 0.4901128967258072 0.7969000004567361 0.4931105291216836 0.7900818561837624 0.5000756161591614 0.7858499045660543 0.5041312364594649 0.7763280134262114 0.5088921820293864 0.7712731823272823 0.5102146669099201 0.7656305801703382 0.5117134831078584 0.7601055322249972 0.5125951396948808 0.7596353153785852 0.5137412932580101 0.7623390622454542 0.5155927720907574 0.7648077006891172 0.5153282751146506 0.7653954717471322 0.5128596366709877 0.7685694354604132 0.5139176245754147 0.7725662786549152 0.5163862630190776 0.7779737723886533 0.5140057902341169 0.7867903382588782 0.5144466185276282 0.7927856030506313 0.5183259075105272 0.7912573982997921 0.5201773863432744 0.7923153862042192 0.5232631843978531 0.7903169646069682 0.5268779764046454 0.7892589767025412 0.5296992774831173 0.7847919166616272 0.5349010513465502 0.7826759408527731 0.5381631807185334 0.7826759408527731 0.5407199848208987 0.7807950734671251 0.5430122919471572 0.7818530613715522 0.5459217586843313 0.7854972419312451 0.5473324092235673 0.7851445792964361 0.5485667284453989 0.7795019771394922 0.5546501588958541 0.775740242368196 0.5583531165613487 0.7683343270372072 0.5591466074896688 0.7680992186140013 0.5614389146159273 0.7645725922659112 0.5643483813531016 0.7612810743410272 0.5635548904247814 0.7612810743410272 0.5606454236876071 0.7570491227233193 0.555619981141579 0.7578720022045402 0.5527105144044047 0.7636321585730872 0.5523578517695956 0.7669236764979711 0.5496247163498259 0.7669236764979711 0.5460099243430336 0.7637497127846902 0.5458335930256292 0.7610459659178213 0.5472442435648651 0.7588124358973642 0.5449519364386066 0.7563437974537011 0.5452164334147134 0.7564613516653041 0.5490075567389101 0.7544629300680532 0.5532395083566182 0.7534049421636262 0.5579122882678373 0.7496432073923301 0.5598519327592869 0.7470570147370643 0.5592347731483711 0.7468219063138583 0.5657590318923376 0.7470570147370643 0.5680513390185961 0.7416495210033264 0.5717542966840906 0.7364771356927943 0.5778377271345458 0.7309520877474533 0.5782785554280571 0.7242514976860823 0.5788957150389727 0.7221355218772283 0.5829513353392765 0.7242514976860823 0.5848909798307259 0.7270727987645543 0.5874477839330912 0.7260148108601272 0.5892992627658384 0.7220179676656254 0.5913270729159901 0.7149647149694452 0.5899164223767541 0.7025039685395272 0.5900927536941586 0.6999177758842613 0.5932667174074395 0.6903958847444183 0.5895637597419451 0.6927469689764785 0.5865661273460686 0.6921591979184634 0.5812761878239336 0.6921591979184634 0.5784548867454616 0.6932171858228904 0.5714016340492816 0.6958033784781563 0.5685803329708096 0.6970964748057892 0.5661998601858488 0.6976842458638043 0.5637312217421858 0.7002704385190702 0.5612625832985229 0.6959209326897593 0.5590584418309665 0.6916889810720513 0.5531513426979159 0.6891027884167855 0.5468034152713539 0.6840479573178564 0.5505063729368483 0.6822846441438114 0.5507708699129551 0.6841655115294594 0.5554436498241744 0.6872219210311372 0.5574714599743261 0.6888676799935793 0.5588821105135621 0.6886325715703733 0.5604690923702026 0.6844006199526653 0.5612625832985229 0.6866341499731221 0.5667288541380624 0.6860463789151074 0.5685803329708097 0.6860463789151073 0.5718424623427929 0.6855761620686952 0.5746637634212649 0.6785229093725154 0.5800418686021022 0.6729978614271743 0.5790720463563772 0.6646515124033614 0.5774850644997368 0.6523083201850463 0.5743992664451582 0.6470183806629113 0.5714897997079839 0.6414933327175703 0.5719306280014952 0.6343225258097873 0.5688448299469164 0.6271517189020044 0.5650537066227197 0.6295028031340644 0.5585294478787531 0.6311485620965064 0.5525341830870001 0.6266815020555925 0.5545619932371518 0.6177473819737644 0.5573832943156238 0.6136329845676594 0.5495365506911236 0.6076377197759063 0.5440702798515841 0.6003493586565205 0.5371933584728087 0.5997615875985054 0.5328732411963985 0.5983509370592694 0.5296992774831174 0.6003493586565205 0.5293466148483085 0.6022302260421685 0.525290994548005 0.6019951176189625 0.5230868530804487 0.6038759850046105 0.5219406995173195 0.6030531055233893 0.5173560852648025 0.6079903824107153 0.5149756124798416 0.6089308161035394 0.5124188083774763 0.6152787435301014 0.5091566790054931 0.6215091167450605 0.5059827152922122 0.6257410683627684 0.5042194021181672 0.6334996463285665 0.5006046101113749 0.6256235141511655 0.4973424807393917 0.6145734182604835 0.4920525412172567 0.6036408765814044 0.48729159564733515 0.6045813102742283 0.48173715914909354 0.6110467919123933 0.4735377528897843 0.6124574424516294 0.464633021360857 0.6189229240897943 0.4612827263301715 0.6163367314345283 0.454405804951396 0.6219793335914724 0.4514081725555195 0.6161016230113224 0.4493803624053678 0.6070499487178914 0.4461182330333845 0.5999966960217114 0.4405637965351428 0.5975280575780485 0.4354501883304123 0.5961174070388124 0.4304247457843841 0.5964700696736214 0.42963125485606374 0.5894168169774414 0.4283087699755301 0.5857726364177485 0.4253993032383558 0.5842444316669094 0.4217845112315635 0.5835391063972915 0.415612915122406 0.5762507452779054 0.4120862887743159 0.5727241189298155 0.408559662426226 0.5721363478718003 0.4055620300303495 0.5680219504656955 0.40485670476073143 0.5666112999264594 0.41023480994156875 0.5676692878308864 0.41552474946370377 0.5675517336192835 0.42222533952507474
28 0.651972793530167 0.5951087071497545 0.6457546490343983 0.5914688176888167 0.6436313801821844 0.5873739420452615 0.6402948148429914 0.5854402507691382 0.6448446766691638 0.5824828405821262 0.648636228190974 0.5803216562146943 0.6510628211649326 0.5810041354886201 0.6553093588693603 0.5797529234864227 0.6575842897824464 0.5818003613082002 0.6621341516086187 0.5853265042234839 0.6692622684696221 0.5872601954996072 0.6736604682349221 0.5880564213191873 0.6688072822870049 0.5921512969627425 0.66850395816526 0.5940849882388657 0.6647124066434498 0.5951087071497545 0.658949248330298 0.5970423984258778 0.6694139305304945 0.5984073569737295 0.6847542048389428 0.6014917334199883 0.6952188870391393 0.6050178763352718 0.7111434034307426 0.6077477934309753 0.7241863406657703 0.6102502174353701 0.7323760919528804 0.6118426690745304 0.7290395266136873 0.6178712359942088 0.7317694437093908 0.6207148996355666 0.734044374622477 0.6233310701856157 0.7225180579961736 0.6231035770943071 0.7100817690046357 0.6235585632769243 0.7018920177175255 0.6206011530899123 0.7006787212305461 0.6180987290855174 0.6959771973435014 0.6194636876333692 0.6891524046042428 0.6179849825398631 0.6720145917256601 0.6128663879854193 0.6566967235775465 0.6071790607027038 0.6524501858731191 0.606155341791815 0.6532084961774811 0.6077477934309753 0.6529051720557362 0.6108189501636416 0.6485069722904363 0.6150275723528511 0.6415305174903054 0.6133213741680364 0.6337957523858123 0.6127526414397649 0.631520821472726 0.6103639639810244 0.6388006003946018 0.6063828348831236 0.645473731072988 0.6036529177874201 0.6380422900902398 0.6020604661482598 0.6328857800205778 0.6019467196026055 0.6280325940726605 0.6029704385134943 0.6231794081247434 0.6006955076004081 0.6248476907943399 0.5994442955982107 0.6287909043770227 0.5970556181394702 0.6313691594118537 0.5970556181394702 0.6362223453597708 0.5928469959502608 0.6407722071859432 0.5939844614068038
