32 0.3645235332952656 0.5541562878944722 0.36342711863359284 0.5738917518045806 0.3628789113027565 0.5907491272277982 0.34149882540013926 0.6039061031678703 0.31971007170932264 0.6219520312684562 0.27859452189659706 0.6223631867665835 0.2506359480239436 0.6285305192384923 0.19855625159449114 0.6334643852160194 0.16072994576678357 0.6351090072085285 0.1059092126831494 0.6264747417478561 0.06589007753209644 0.607150433335875 0.042865369636970095 0.5874149694257668 0.030256601027734233 0.5697352830062947 0.02312990572686179 0.5438324866242776 0.02312990572686179 0.5212189342272785 0.03738329632860668 0.4961384488415158 0.060956211554569366 0.47188027445200764 0.08902661574889907 0.45617796492068735 0.1283966575249845 0.44483062038625226 0.1689530557293287 0.44129796638562124 0.20261736355369808 0.4471325439618876 0.22925586212132631 0.45378943253440845 0.25052411770226746 0.46242917013385354 0.27256424125739726 0.47640298493140754 0.2928479124983419 0.49737191533589764 0.3147762057317956 0.5084731137853336 0.32574035234852244 0.5216300897254058 0.3350598769727403 0.5286197331935691 0.3460240235894671 0.539720931643005
16 0.7011216925958004 0.38750113349619375 0.6983945572992822 0.3847120178520273 0.6964111861745416 0.37839002239191666 0.6981466359086894 0.37095238067413944 0.703105063720541 0.3564489793244738 0.7078962626116297 0.3502897990229139 0.7094693428788663 0.3482675734349188 0.7111456260724279 0.33645392869784396 0.7137177722036835 0.3255743247745125 0.7131294949162846 0.32143162059152286 0.7166928288907941 0.3103799755796946 0.7209554038432063 0.29694784558225595 0.7266575958268356 0.29174149637981184 0.736326530059946 0.28876643969270094 0.7494663637613524 0.2889523807356454 0.7640937258063143 0.29118367325097855 0.7893817076467571 0.2958321993245894 0.8206198028614211 0.30048072539820014 0.8330158723910501 0.30234013582764435 0.8372305360311237 0.3032698410423666 0.8411972782806049 0.3056870746006442 0.8424368852335679 0.3082902492018662 0.8402055927182347 0.31758730134908775 0.8354950862969759 0.3333922899993644 0.827809523188606 0.3570068024533072 0.8216114884237917 0.37541496570480576 0.8183885103460882 0.38843083871091594 0.7873983365220163 0.3882448976679715 0.7373182156223163 0.38750113349619375
33 0.6621293836922207 0.65688945170657 0.6624819901159917 0.664558641423591 0.6642450222348473 0.6724922859584404 0.6635398093873051 0.6759301985902084 0.6536668295217146 0.6730211955940969 0.6526090102504014 0.6706411022336422 0.6430886368085821 0.6648230962414192 0.6392099661471002 0.6627074576987928 0.6282791670101967 0.6627074576987928 0.5986602274134256 0.6709055570514706 0.5933711310568593 0.6743434696832385 0.5796194805297871 0.6698477377801573 0.5817351190724136 0.6658809155127325 0.5626943721887752 0.6682610088731873 0.561989159341233 0.6576828161600549 0.539487828369758 0.6442119362297696 0.5327883063181074 0.6362782916949202 0.5292622420803965 0.5995190720167847 0.5285570292328543 0.5603797589781945 0.5250309649951435 0.5437191054550108 0.5211522943336616 0.5204470814861193 0.5285570292328543 0.519389262214806 0.531730487046794 0.5212404459396042 0.5458347439976374 0.5241494489357156 0.5659333101525892 0.5175380784900078 0.5888527276977097 0.5188603525791493 0.5966100690206734 0.5204470814861193 0.6117721452428301 0.5180669881256644 0.6216451251084204 0.5196537170326343 0.6332017296853019 0.523376895764323 0.6343046731639855 0.5333033870724759 0.6357752644688971 0.5470901805560217 0.6493782340393288 0.5435056142502998 0.6629812036097605 0.5435056142502998 0.6662900340458116 0.549296067513389 0.6662900340458116 0.5716306729567331 0.6658102132987013 0.6019314034916059 0.6628690306888781 0.6157181969751516 0.6654425654724734 0.62729910350133 0.6654425654724734 0.6446704632905977
34 0.6658102132987013 0.6700381633003218 0.6738984654757147 0.6843764285232093 0.6878690828723744 0.685755107871564 0.7003691089641225 0.6868580513502477 0.7113985437509591 0.6849279002625512 0.7261044568000744 0.6843764285232093 0.7500015655048871 0.6805161263478167 0.8011046133505632 0.6813433339568293 0.8099281611800325 0.6780345035207783 0.818016413357046 0.6763800883027529 0.8356635090159845 0.6711411067790055 0.8393399872782633 0.6614903513405236 0.8356635090159845 0.6496337089446742 0.8297811437963383 0.6135123100177844 0.8286782003176546 0.5925563839227949 0.8250017220553758 0.5707732502187927 0.8198546524881852 0.5418209839033465 0.8202223003144132 0.5338246436828902 0.8143399350947671 0.511765774109217 0.811766400311172 0.4833649795331128 0.8110311046587161 0.4626847893077941 0.8169134698783622 0.4362141458193863 0.8125016959636276 0.42683912625057535 0.7988987263931959 0.4260119186415626 0.7654427742064582 0.4204972012481443 0.7389721307180505 0.41443101211538425 0.7058838263575409 0.4136038045063715 0.6727955219970312 0.42022146537847344 0.663604326341334 0.41718837081209337 0.6378689785053819 0.42904501320794275 0.6404425132889772 0.4329053153833355 0.6488984132922185 0.4326295795136646 0.634560148069331 0.43566267408004467 0.6397072176365214 0.44558916538819754 0.6327219089381916 0.45082814691194484 0.63125131763328 0.46103037408976877 0.6261042480660896 0.4654421480045034 0.6257366002398617 0.5037694338887605 0.634192500243103 0.5139716610665843 0.6327219089381915 0.5208650578083571 0.6345601480693309 0.5250010958534208 0.6365519342199647 0.5464283949175726 0.650692978476622 0.5419708918366698 0.665243908074052 0.543046840856198 0.667088392107529 0.5478117579426803 0.6674982774483016 0.5705603943555639 0.668318048129847 0.5933090307684473 0.6670883921075288 0.6065278330083661 0.6656537934148246 0.6209762912706028 0.6674982774483016 0.6280468133989314 0.6664735640963699 0.6460305327253326 0.6648340227332793 0.6555603668982974
23 0.5614394932601036 0.6989987182133404 0.5353754028673159 0.6977641034052607 0.5271446374801199 0.7022910243682187 0.5040984943959709 0.714431403314333 0.4901061932377375 0.7234852452402485 0.48342028707464946 0.7325381194604507 0.47711003361113247 0.7450900366759245 0.47738439245737246 0.7553784934099198 0.4831459282284096 0.7664900266826344 0.48945618169192673 0.7724573315883516 0.5004305355415214 0.7802765587061878 0.5086613009287174 0.7845977105344657 0.5155202720847143 0.7868611710159448 0.5278664201655083 0.790565015440183 0.5418587213237417 0.7922111685176223 0.5596920463293332 0.7897419389014634 0.5703920413326881 0.7870669401506248 0.5863048544146006 0.7808938661102277 0.5981022848029148 0.771840024184312 0.6049612559589117 0.7623746439890364 0.6066074090363509 0.7489996502348429 0.6055099736513914 0.7389169626355278 0.595907414032996 0.7261592762853738 0.5799946009510836 0.7134015899352198
14 0.22902286292700672 0.6331551576275081 0.22215653815409117 0.6410312360434997 0.22054093232516983 0.6490587775059524 0.2112511988088723 0.6596611907582485 0.21012083714191604 0.6715299882612891 0.23353919705030773 0.6776751188575418 0.2681120369626464 0.6860350354022767 0.30058402688409874 0.6931537985859613 0.31867824975472886 0.6912773440497064 0.33099724420025384 0.6637110695937364 0.3382674704303998 0.6482618388546765 0.30959046696704645 0.6412945387174535 0.2621320457424829 0.6294804210934661 0.25667937606987346 0.6291774950005434 0.24839939619665174 0.6305406624186959
13 0.2714718980758838 0.4712048604384155 0.2575034812488148 0.46290287685251597 0.23377331557755154 0.4504814426729762 0.21453379806102252 0.4473187822593003 0.21374313295760353 0.44435378812147897 0.2092626973715625 0.44376078929391466 0.20478226178552147 0.4392144649492554 0.2100533624749815 0.43367980922532245 0.22006845378495551 0.4309124813633559 0.21453379806102252 0.42498249308771335 0.20899914233708952 0.42379649543258485 0.2053093718544675 0.3876235669511657 0.2053093718544675 0.3735892613654783 0.2113711376473465 0.3666709417105621 0.22244044909521254 0.3609386197107743 0.23983508137043055 0.35915962322808154 0.27040746536929866 0.3583689581246626 0.27383368081744763 0.3583689581246626 0.2838487721274217 0.3565899616419699 0.28780209764451664 0.3589619569522268 0.28859276274793566 0.361926951090048 0.2970265238510717 0.3652872777795788 0.2985495432087975 0.3727646500295146 0.2960779202680063 0.38145142563229667 0.2880683031809047 0.37754037813097613 0.2856936573687327 0.3795192496411209 0.2980807439889637 0.39019322853727734 0.3017705144715857 0.39473955288193663 0.3112584957126137 0.40264620391612665 0.3233820272983718 0.40897152474347853 0.3431486548838468 0.4164828432259592 0.35131886095250986 0.42300583032916594 0.35606285157302386 0.433284476673613 0.36449661267615985 0.43308681039775815 0.36027973212459186 0.4245871605360038 0.3571170717109159 0.41569217812254017 0.36370594757274083 0.4123318514330094 0.3721397086758769 0.4154945118466855 0.37741080936533694 0.423796495432585 0.3821547999858509 0.4360518045355795 0.37477525902060693 0.43881913239754605 0.37003126840009287 0.4423771253629315 0.36765927308983587 0.4481094473627192 0.3710854885379849 0.45028377639712147 0.36792282812430893 0.46234141922426125 0.36212461736590285 0.46451574825866354 0.33893177433227883 0.4690620726033228 0.3181109266089117 0.46965507143088703 0.2978171889544907 0.47202706674114403 0.27409723585192064 0.4738060632238368
13 0.3390718484330361 0.39953705235862946 0.33381880635226635 0.39631359471815714 0.3271331164312866 0.3927319751176322 0.33334125707219636 0.38556873591658253 0.33644532739265126 0.382882521216189 0.34098204555331607 0.3841360880763726 0.3486228340344357 0.38127079239595274 0.3538758761152055 0.382166197296084 0.35483097467534547 0.38324068317624144 0.3555472985954504 0.3864641408167138 0.3491003833145057 0.3930901370776848 0.341459594833386 0.40096970019883943
11 0.43694227739848496 0.3594432662821051 0.418875023273194 0.34803236893981615 0.4027095853716178 0.33269897563611506 0.3936759583089723 0.31914853504214685 0.3822650609666832 0.2973965119834084 0.37751052040739613 0.27671426055050946 0.37798597446332477 0.25246610369814526 0.3846423312463268 0.2403420252719631 0.39605322858861586 0.228217946845781 0.4098413962105485 0.21823341167127808 0.4193504773291227 0.2164504589615454 0.4298104665595543 0.2086054670387217 0.43266319089512656 0.20646592378704248 0.433614099006984 0.20147365619979105 0.4497795369085601 0.1943418453608604 0.47878223432021144 0.18400071964441092 0.49494767222178765 0.18186117639273175 0.5191958290741518 0.18400071964441092 0.5367876291435142 0.1911325304833416 0.5515267048773042 0.20254342782563065 0.5610357859958783 0.21395432516791968 0.5695939590025952 0.23178385226524634 0.5814803104008129 0.2574583712853967 0.5886121212397436 0.27885380380218866 0.5919402996312446 0.2995360552350876 0.5857593969041713 0.32449739317134485 0.5695939590025952 0.34696259731397644 0.5548548832688052 0.3580169041143189 0.5377385372553715 0.37014098254050104 0.5001776668370035 0.37513325012775245 0.47307678564906697 0.3737068879599664 0.44645135851705914 0.3658618960371427
20 0.6582410556208232 0.3515290291769299 0.6723937933259928 0.3534021856379082 0.6898765869617904 0.3611029399774857 0.6973692128057035 0.3552753420988865 0.7055997052482781 0.35096057955938353 0.7085916809681048 0.34854907281795966 0.7092685951411362 0.34067994555647113 0.712145480376519 0.3286224118493513 0.7126659979714338 0.3253352872209654 0.7114823445258377 0.3226759827643846 0.7040484845917409 0.3112928847402989 0.7035322443185398 0.3041687689701229 0.7032225001546191 0.3006841471260151 0.6990925779690099 0.29131438616741406 0.6966146246576441 0.2808605206350906 0.691142477761712 0.2697871667749257 0.6869093075214624 0.2588686849967212 0.683605369772975 0.2505830286118426 0.6794994852225065 0.2348610964676897 0.6820557964765768 0.2249154479948233 0.6831741826502323 0.2077801741198847 0.6826948742900941 0.20118968416798524 0.6761443267015396 0.18345527484287402 0.6593685340967046 0.18429406447311575 0.6398766607844202 0.1878888771741518 0.6079227701085439 0.19244230659546419 0.573891876538736 0.19843366109719093 0.5531218475994165 0.20095002998791622 0.5566367755737628 0.20622242194943577 0.5631873231623173 0.2141310098917151 0.5716551041914246 0.23330334429724078 0.5754895710725297 0.24097227805945107 0.5824517485718671 0.25689886451685523 0.5895855652297529 0.27644440317329827 0.591481338751392 0.28700656993671597 0.5930033510692632 0.2991755566399908 0.591782090754956 0.3037552828186426 0.58725174542255 0.3247680107261071 0.5710264298181836 0.347143244341806 0.5394481274053846 0.37017272455445493 0.5385757986094508 0.3734439575392063 0.5567202375648713 0.3712195191095754 0.5814943753693878 0.3665089436115336 0.6247618836476979 0.3590505324063006 0.6472679665827868 0.3546016555470388
13 0.29857451359884385 0.48740142105828604 0.29857451359884385 0.4935993115335723 0.30233081085659314 0.49679216420265926 0.31159634409237474 0.49604090475110935 0.3058366882971592 0.49247242235624755 0.30358290994250964 0.4872136061953985
