19 0.3134391392431586 0.5789373182898121 0.28337571527315325 0.578447153768562 0.2356663685381447 0.5642323826523096 0.17319146417503098 0.5494744283213482 0.13855317134002476 0.5431022895450971 0.1130646162350202 0.5298678474713446 0.0934580353850167 0.5107514311425913 0.08300119226501483 0.48428254699508655 0.08300119226501483 0.4685972823150838 0.09607224616501715 0.4440890562525794 0.11633237971002078 0.4328152722638274 0.15423843602002754 0.42252181731757543 0.18430185999003293 0.4230119818388256 0.21305817857003806 0.42742346253007635 0.24116094445504313 0.43575625939132784 0.2829883169350506 0.45977432093258214 0.33461897984005984 0.4916350148138378 0.3535720079950633 0.5058497859300904 0.36533595650506534 0.5274170248650942 0.36664306189506557 0.5460432766725976 0.3555326660800635 0.5612383768313502 0.3372331906200603 0.5715318317776021
14 0.28411390406979 0.7037907280814512 0.2731552249128124 0.711096514186103 0.25212432808048685 0.712370832015041 0.21374580165987334 0.6961938678311601 0.20943253500001663 0.6919188256613922 0.2130854280523425 0.6879615248547057 0.20577964194769077 0.6846130395567404 0.20659139595931875 0.6745675836628442 0.21227367404071454 0.6626956812427851 0.23256752433141378 0.6426047694549928 0.24555558851746137 0.6212962266497586 0.256920144680253 0.6042493924055712 0.25773189869188096 0.5993788683358033 0.25529663665699703 0.5963347907921984 0.26828470084304457 0.5951171597747565 0.2902020591569998 0.6048582079142921 0.32673098968025854 0.6212962266497586 0.3482424709883998 0.6343857600872597 0.34661896296514383 0.6374298376308646 0.3462130859593298 0.6413871384375508 0.3535188720639816 0.6426047694549928 0.3535188720639816 0.6468664780160397 0.3360661608139802 0.6575207494186569 0.3194252035756068 0.6718279138735997 0.2983195992732795 0.6913100101526711
26 0.5532848014945947 0.7905233239429154 0.5587198191910054 0.7970453451786083 0.5677781820183563 0.800578106681275 0.5887935837778105 0.8005781066812752 0.6315490563229069 0.8000346049116341 0.6728551908156271 0.7992193522571724 0.6953199306274574 0.8005781066812752 0.7022042863762441 0.7978605978330697 0.700754948323868 0.7750335235081455 0.6974939377060216 0.7353578943243485 0.6967692686798336 0.727477118664553 0.704717898929578 0.727377974792525 0.6958610463617483 0.7241062270156029 0.6810555614722414 0.7245028025037145 0.6358426992725605 0.7241468412921176 0.6022659746124294 0.7240476974200898 0.5671029479998514 0.7239485535480619 0.5567919853089449 0.723750265804006 0.5542803405509036 0.7248408483963134 0.5509755448166387 0.7260305748606488 0.5507111611578976 0.7349535233431639 0.55123992847538 0.7570626068053956
16 0.49777053195749155 0.4254460109916392 0.49104363019212616 0.43889981452237026 0.4868393165887726 0.4445756378868973 0.477870114234952 0.44793908876958016 0.46553746099844856 0.44772887308941234 0.43220343842473297 0.4406120656314398 0.3753050609926831 0.4309421443437269 0.3467157284898798 0.4246356739386967 0.335504225547604 0.4191700662543373 0.33270134981203503 0.41307381152947475 0.33382250010626263 0.40718777248478 0.3425114148865264 0.38490491038700675 0.35344263025524525 0.36009946012722144 0.3615709698883952 0.34580479387581986 0.3660555710653056 0.3441230684344785 0.4041746810690434 0.35084997019984393 0.4380894774694277 0.3577870876453771 0.48377635195920166 0.3672467932529223 0.5061993578437534 0.3718715382166111 0.5092825211528792 0.3735532636579525 0.512645972035562 0.3771269302208029 0.5162897104918015 0.37775757726130593 0.5143276974769033 0.3863764201481804 0.5090022335793224 0.39962000799874375 0.5061993578437534 0.40361410592192953 0.5028359069610706 0.4065571254442769 0.4955484300485913 0.41853941921383425
20 0.5929124961665398 0.4027438374529758 0.5788260209629081 0.3928078415504143 0.581067102149805 0.37593280699691933 0.586433378417855 0.3546773220914395 0.5897873010853865 0.34197433998816446 0.5921350469526584 0.3175745525818739 0.6065569144230434 0.3018530400778208 0.615947897892131 0.29153972787516186 0.6037060801556415 0.2832387692730218 0.6062215221562901 0.28110064357247055 0.6223203509604406 0.28562843917363784 0.6476424671003023 0.28902428587451334 0.6798401247086031 0.29292322097551854 0.7018083181809334 0.29569020717623185 0.7090192519161258 0.2940551698758103 0.7229380309863808 0.29644483977642644 0.7435646553916986 0.30034377487743164 0.7755946168666229 0.30248190057798285 0.8178540424775177 0.30550043097876106 0.8357975287488104 0.30550043097876106 0.8351267442153041 0.3091478218797014 0.8304312524807602 0.31770032468190634 0.821207965145049 0.33908158168741864 0.8124877662094676 0.3600855223928336 0.8217110535451788 0.36096592709306063 0.837474490082576 0.36159478759322267 0.8373067939491995 0.36788339259484404 0.8341205674150447 0.3784482489975678 0.8292573795471243 0.39228318000113455 0.8228849264788147 0.4121551718062577 0.79186114180415 0.41114899500599833 0.7563095615283175 0.40951395770557686 0.7194164121854729 0.4077531483051229 0.6684367876389965 0.4056150226045718 0.6172894669591436 0.4039799853041501
11 0.24433556494502706 0.43627925458044814 0.25490612683105374 0.43593575670132173 0.27605902310247715 0.4319695886504298 0.29224396164466526 0.42646743831432216 0.3133968579160887 0.41696950956087064 0.32522578017313464 0.40945466483286486 0.3330189524836591 0.4012092102007475 0.3373330300126993 0.3883713504570713 0.3434562368281114 0.37417664374861603 0.3455436936970019 0.3716716955059475 0.34693533160959555 0.36123441116149513 0.34359540061937077 0.34912716132193045 0.3384463403427742 0.34004672394225693 0.335663064517587 0.3351412003003643 0.32160752160039124 0.3307575408756943 0.32146835780913185 0.3248082887993565 0.31019609071712334 0.32084212074846463 0.3108919096734201 0.31280541180323634 0.29113065131459037 0.3032031102063402 0.27498765152850413 0.29955006068578194 0.2663594964704235 0.29892382362511477 0.2577313414123429 0.2949576555742229 0.252025625970709 0.29391392713977765 0.23852673821855064 0.2937051814528886 0.22920276420417315 0.2915133517405536 0.213477255791865 0.28994775908888576 0.19858673012711306 0.28900840349788504 0.1905152302340699 0.28890403065444054 0.18355704067110168 0.2880690479068843 0.17409390286546494 0.28890403065444054 0.17437223044798367 0.29433141851355576 0.17701634248191156 0.29683636675622427 0.17826881660324584 0.29788009519066955 0.17492888561302108 0.2991325693120038 0.17520721319553986 0.30414246579734094 0.1768771786906522 0.30424683864078544 0.1736764114916868 0.3090479894392335 0.17131062704027764 0.3120748018991247 0.17131062704027764 0.31687595269757274 0.17562470456931792 0.32136398496568724 0.17089313566649952 0.3254345258600237 0.1667182219287186 0.3286700840068039 0.16365661852101257 0.3301313038150272 0.1624041443996783 0.3376461485430329 0.16922317017138713 0.34140357090703577 0.17729467006443028 0.33889862266436716 0.18077376484591437 0.34004672394225693 0.18411369583613912 0.3407773338463686 0.18160874759347057 0.3456828574882612 0.17298059253539003 0.3507971268170428 0.17270226495287125 0.3542414306507121 0.17005815291894333 0.35538953192860184 0.1690840063801278 0.3569551245802697 0.16950149775390586 0.35820759870160396 0.17270226495287125 0.3577901073278259 0.17395473907420553 0.358207598701604 0.1756247045693179 0.36248688528282946 0.17409390286546494 0.3658268162730542 0.17576386836057728 0.3672880360812776 0.1772946700644303 0.36906237441983447 0.177572997646949 0.3729241696272818 0.18188707517598932 0.38043901435528743 0.17882547176828328 0.38409206387584577 0.17158895462279633 0.39463372106374256 0.17214560978783383 0.3976605335236338 0.16922317017138713 0.3993304990187461 0.16950149775390586 0.41164649454519986 0.17465055803050236 0.4222925245765413 0.1846703510011766 0.42208377888965226 0.2147297299131993 0.42698930253154477 0.23351684173321352 0.431999199016882
13 0.4656198400689192 0.2854754112715454 0.4658378710354208 0.2890729222188215 0.476085326460995 0.2916892938168405 0.47891972902551566 0.28956349189345004 0.4773935122600046 0.2864565506208025
13 0.4290863265922474 0.2776860256408945 0.4316025291454346 0.28126510685879036 0.4376761215151973 0.2829570361617956 0.44123351133177247 0.2856901527281888 0.44366294827967756 0.2878376014589263 0.4402790896736669 0.28933430815004635 0.43186282596128156 0.2880978982747732 0.43168929475071693 0.2862758205638445 0.43385843488277503 0.28464896546480095 0.42570246798623673 0.28438866864895396 0.42396715588059025 0.28575522693215055 0.41988917243232105 0.2853647817083801 0.42023623485345035 0.2885534177025054 0.42171125014324984 0.2914166826768221 0.4157244233787695 0.29070086643324294 0.4113861431146535 0.28998505018966375 0.41155967432521806 0.288162972478735 0.4158979545893342 0.2851044848925331 0.41841415714252156 0.28373792660933655 0.42058329727457966 0.28367285240537476 0.4211038909062736 0.28211107151029297 0.41685237624743976 0.28211107151029297 0.4189347507742155 0.27937795494389983 0.420670062879862 0.2765797641735449 0.42552893677567205 0.27618931894977444
33 0.5346785458992934 0.4601470401027435 0.5390897817540831 0.4544951441637943 0.5425820101391249 0.4547708464047186 0.5420306056572762 0.46331761587337345 0.5525072908124016 0.46786670284862536 0.555264313221645 0.47076157637833105 0.556183320691393 0.47668917455820453 0.5537939012700486 0.4828924749790025 0.5515882833426538 0.49226635117043055 0.5425820101391249 0.4930934578932035 0.5385383772722344 0.48799296643610307 0.5436848191028223 0.4849602417859351 0.542949613127024 0.47765413240143983
33 0.5866943686870213 0.4670395961258523 0.5916570090236596 0.4674531494872387 0.5960682448784492 0.469107362932785 0.5955168403966005 0.4772405790400533 0.582099331338282 0.47682702567866675 0.5712550431952574 0.4761377700763559 0.5846725522535761 0.46786670284862536
33 0.6308394173772207 0.5237627267960872 0.6267813860373673 0.5221026230661471 0.6216166188775538 0.5255611725035222 0.61257827634788 0.5287430379859073 0.5963461509884661 0.5302647997383523 0.5847254248788858 0.5276363021659473 0.5745803465292522 0.5173989958313169 0.5762404502591921 0.5107585809115566 0.579929569659059 0.5041181659917964 0.5873078084587925 0.5002445906219365 0.6031710218782197 0.4977544350270262 0.6140539241078268 0.4967860411845612 0.6096269808279866 0.49180572999474104 0.6111026285879333 0.48654873484993083 0.61368501216784 0.48447360518750576 0.6064912293380998 0.4803233458626557 0.6094425248579933 0.46828759382059026 0.6135005561978467 0.46067878505836496 0.6184808673876669 0.461232152968345 0.6232767226074937 0.46330728263077003 0.6243834584274538 0.45680520968850485 0.6238300905174737 0.44919640092627966 0.6240145464874671 0.4381290427266793 0.6253057382774204 0.43024355000946407 0.6265969300673738 0.4269233425495839 0.6306549614072273 0.4255399227746339 0.6348974487170742 0.429551840121989 0.6409844957268542 0.431626969784414 0.6503917501965146 0.4352238611992842 0.6574010770562615 0.4370223069067192 0.6574010770562615 0.44006583041160935 0.6655171397359684 0.4439394057814695 0.6708663628657753 0.4402041723891044 0.6906031516550627 0.4403425143665994 0.7038839814945831 0.4392357785466393 0.7090487486543967 0.44283266996150944 0.704437349404563 0.4460145354438946 0.7014860538846697 0.44864303301629965 0.7033306135846031 0.45044147872373475 0.7110777643243233 0.4460145354438946 0.7193782829740236 0.44767463917383465 0.7245430501338371 0.44656790335387453 0.7341347605734907 0.4457378514889045 0.7420663672832043 0.44864303301629965 0.749444606082938 0.4532083182736348 0.7551627411527313 0.45860365539594 0.7575606687626448 0.46593578020317516 0.7560850210026981 0.4739596148978854 0.7498135180229246 0.4808767137726357 0.742988647133171 0.48336686936754575 0.7337658486335041 0.4826751594800707 0.7254653299838039 0.48046168784015064 0.7153202516341701 0.4754813766503305 0.7129223240242567 0.47589640258281546 0.7171648113341036 0.48101505575013065 0.7169803553641103 0.4916673880172461 0.7184560031240569 0.4973394090945412 0.7199316508840038 0.5002445906219363 0.7241741381938503 0.5067466635642015 0.7142135158142101 0.5049482178567665 0.7027772456746232 0.5079917413616566 0.7014860538846698 0.5104818969565666 0.7101554844743566 0.5142171303489318 0.7204850187939836 0.5151855241913967 0.7214072986439503 0.5180907057187919 0.7121845001442835 0.522240965043642 0.7060974531345032 0.5255611725035222 0.6972435665748229 0.5262528823909972 0.6885741359851358 0.5262528823909972 0.6800891613654423 0.5227943329536221 0.667915067345882 0.5126953685964867 0.6629347561560617 0.5066083215867065 0.6616435643661085 0.5122803426640017 0.6629347561560617 0.520304177358712 0.6553720613863347 0.5261145404135021 0.6485471904965813 0.5320632454457874 0.6424601434868012 0.5301264577608573 0.638033200206961 0.5363518467481325 0.6428290554267878 0.5369052146581126 0.6446736151267212 0.5384269764105576 0.6420912315468144 0.5427155777129027 0.6326839770771541 0.5385653183880527 0.6271502979773539 0.5328932973107574 0.6275192099173406 0.5281896700759273
33 0.791856985299892 0.4333052008115532 0.7883288004586783 0.44818973061042333 0.7742160610938236 0.4435589880063304 0.7684827607268514 0.43777055975121426 0.7742160610938236 0.4295013765296198 0.7768621997247339 0.4314859805028025 0.7859031733803438 0.4318167478316662
33 0.8271388337120286 0.5100432211079504 0.8249337181862701 0.5019394215507877 0.8275798568171803 0.4984663645977181 0.8319900878686974 0.4903625650405554 0.8377233882356695 0.4918510180204425 0.8390464575511247 0.49681252795339914 0.8379438997882456 0.5090509191213591 0.8346362264996077 0.5178162533362493 0.8262567875017252 0.5164931840207941
34 0.6548098559686133 0.676164530733703 0.6489655604726103 0.6768173509752777 0.6431212649766073 0.6784027715619595 0.6415047577117554 0.6803612322866839 0.637650009618647 0.6835320734600472 0.6362821287882414 0.6863005939641394 0.6248422312215972 0.6857410337570752 0.6171327350353806 0.683409532894308 0.6137753737929958 0.67958587147937 0.6075580381589502 0.6783734910307311 0.6055684907560556 0.676601550375028 0.6000972353980952 0.6780004508926883 0.5940042464767303 0.681637592238605 0.5814452284959579 0.6820106323766477 0.5783365606789351 0.6802386917209446 0.5721192250448893 0.6680216272000448 0.5692592506532282 0.6630788453709784 0.5621714880304161 0.6617732048878289 0.5593115136387551 0.6599080041976151 0.5574463129485414 0.6561776028171876 0.5477472693594301 0.6532865417473565 0.5426490541395125 0.649835920470461 0.5384212659083614 0.6503022206430145 0.5356856382293813 0.6570169431277839 0.533074357263082 0.6628923253019571 0.5251161676515035 0.6600945242666366 0.5252405143641845 0.6500224405394823 0.5192718721555005 0.6397638367433068 0.5246187808007798 0.6345412748107085 0.5294683025953356 0.6350075749832619 0.5328256638377202 0.6333288943620696 0.5305874230094637 0.62931871287811 0.5325769704123584 0.625774831566704 0.5282248354685264 0.6204590095995948 0.5358099849420621 0.6067497845265241 0.5396647330351706 0.6058171841814172 0.5482446562101537 0.6075891248371202 0.5596845537767979 0.6104801859069514 0.5615497544670116 0.6096408455963552 0.5601819406275216 0.6037654634221821 0.5640366887206298 0.5992889817656691 0.5708757579180802 0.5997552819382226 0.5680157835264191 0.5929472994189424 0.574108772447784 0.5839943361059166 0.581569575208639 0.5833415158643418 0.5935068596260067 0.5787717741733182 0.6101693191252493 0.5716840115505061 0.6127806000915486 0.5721503117230595 0.6160136146212523 0.5777459137937007 0.6202414028524035 0.5777459137937007 0.6252152713596401 0.5832482558298311 0.628199592463982 0.5829684757262991 0.6351630083741133 0.5737357323097412 0.6410073038701163 0.5739222523787625 0.657296723231316 0.5711244513434419 0.6819173723421372 0.5695390307567603 0.6868912408493738 0.5684199103426321 0.6877616678381402 0.5603062873402024 0.6906216422298013 0.5561095857872215 0.6887564415395875 0.5499544235095162 0.6914920692185675 0.549394863302452 0.6928598830580576 0.5482757428883238 0.6928598830580576 0.5462240221290887 0.7023102332218072 0.5415610204035544 0.7107658096841094 0.5380171390921484 0.7230761342395199 0.5372710588160629 0.7325264844032695 0.5394160396098087 0.740360327302167 0.5398823397823621 0.7416037944289762 0.5377373589886163 0.746453316223532 0.5379238790576377 0.7629914290100934 0.5396958197133408 0.778410421382527 0.5423071006796399 0.7794051950839743 0.5434262210937681 0.7790321549459316 0.5472498825087063 0.7760478338415896 0.5530320046483688 0.7776643411064416 0.5557365456491787 0.7873633846955531 0.55862760671901 0.7897259722364903 0.5603062873402023 0.7897259722364903 0.5657153693418221 0.7917155196393851 0.5680468702045893 0.7927102933408324 0.571684011550506 0.7965650414339407 0.5708446712399098 0.7979328552734307 0.5730829120681663 0.7985545888368354 0.5762537532415297 0.8011658698031348 0.57765265375919 0.8010415230904537 0.5821291354157028 0.8004197895270491 0.5833415158643418 0.8006684829524109 0.5849269364510234 0.8062640850230521 0.586885397175748 0.8067614718737758 0.5894034181075364 0.8046475777582002 0.5914551388667715 0.8087510192766704 0.5932270795224746 0.807631898862542 0.5968642208683913 0.8037771507694338 0.5999418020072439 0.8047719244708812 0.6121588665281439 0.8089997127020322 0.624002890911001 0.8021606435045819 0.6271737320843643 0.7922129064901087 0.6323962940169627 0.7847521037292537 0.6332356343275589 0.7723174324611619 0.6376188559495612 0.7619966553086464 0.6411627372609672 0.7573958269394525 0.6441470583653092 0.7506811044546832 0.6455459588829694 0.7370029660597823 0.6494628803324184 0.7183509591576452 0.6549652223685487 0.7057919411768728 0.6551517424375701 0.7019371930837645 0.6576697633693587 0.6941033501848669 0.658415843645444 0.6909946823678439 0.6578562834383801 0.6831608394689463 0.6583225836109335 0.6832851861816274 0.6619597249568503 0.6724670221783877 0.6676485870620021 0.6589132304961679 0.6727778889600898 0.6589132304961679 0.6744565695812823 0.6656279529809371 0.6751093898228571 0.6694827010740457 0.6745498296157929 0.6706018214881737 0.6749228697538356 0.6713479017642592 0.6795858714793698 0.6612758180371052 0.6838758330668615 0.6567993363805923 0.6823836725146906 0.6539393619889311 0.6785600110997524
