30 0.24989288957171124 0.584661935513989 0.22366506442715844 0.5720944359655575 0.20690839836258307 0.5562484582740569 0.19233738439338707 0.5404024805825562 0.18505187740878906 0.5207316117241416 0.18318834490486172 0.5100449409408337 0.16833038834261077 0.5067265298561067 0.15618283454469045 0.5028219589924894 0.14663832798918155 0.49783278511120066 0.14316759833263287 0.4913251670051719 0.14548141810366533 0.47961145441432007 0.1530013323595208 0.47418843932596283 0.16485965868606212 0.4739715187224285 0.1906009036387981 0.4778760895860457 0.20014541019430698 0.4676808212199341 0.2166313760629132 0.4516286965583964 0.23340656940289845 0.44013190457107887 0.27129536815355487 0.4286351125837614 0.3007965702342186 0.4234290180989384 0.33723923162797964 0.4240797799095412 0.36847579853691775 0.4310212392226386 0.4040507775165418 0.44729028448771063 0.430948932354794 0.46941618604820834 0.4407826663816819 0.4839498664850058 0.44917026305167446 0.503255800199558 0.46073936190683673 0.5275509077953987 0.46073936190683673 0.5440368736640049 0.4584255421358043 0.557485951083131 0.4509056278799488 0.5685489018633799 0.4358657993682379 0.5839502647143147 0.4153306489003249 0.596097818512235 0.3965308632606863 0.6008700717899894 0.37339266555036166 0.6036900396359353 0.35748515462451363 0.6045577220500724 0.33492541185694724 0.6010869923935237 0.30889493943283214 0.5980501039440436 0.27997219229492654 0.5937116918733577 0.2585693594128764 0.5891563591991377
29 0.21687114359406393 0.3788989114523213 0.20519346663130666 0.3751453724285778 0.21492486410027106 0.36972359383872627 0.2193735029432262 0.37055771362178036 0.22159782236470382 0.3745197825912873
29 0.2541284939038134 0.41914519098468117 0.23828021802578564 0.41330635250330255 0.232441379544407 0.41560018190670145 0.2371680583150469 0.4226902000626611 0.24634337592864186 0.4228987300084247 0.2566308532529757 0.4243584396287694
29 0.27025480970952587 0.41935372093044476 0.2669183305773095 0.41977078082197183 0.25885517267445324 0.4158087118524648 0.256352813325291 0.4070504541303969 0.26107949209593084 0.40308838516088996 0.27108892949257996 0.4057992744558158 0.27136696942026467 0.40934428353379565 0.27081088956489524 0.41539165196093786
29 0.30278548124863547 0.3228043560419336 0.28943956471976995 0.3280176046860216 0.2819324866722831 0.322178766204643 0.2802642471061749 0.3123778587537574 0.2813764068169137 0.30862431973001403 0.2952784032011486 0.31175226891646685
29 0.2896850262935329 0.42134101006422076 0.2947084660558485 0.4171548102622911 0.28828962635955635 0.4169455002721946 0.2743356270197908 0.3989448411238971 0.26400966750836424 0.39329347139129195 0.2514510681025753 0.3991541511139936 0.24447406843269248 0.3966424312328358 0.24084602860435347 0.3832465918666609 0.24391590845910188 0.3817814219359855 0.2347062688948566 0.37696729216376634 0.23526442886844723 0.37257178237174027 0.24196234855153467 0.3723624723816437 0.24893934822141744 0.36650179265894217 0.2520092280761659 0.3568735331145039 0.2553581879177096 0.3558269831640215 0.2734983870594049 0.3633621428074949 0.27880090680851577 0.3639900727777844 0.28075446671608295 0.3652459327183633 0.28633606645198917 0.3614783528966266 0.28745238639917037 0.3501756134314165 0.29917374584457346 0.34012873390678533 0.31480222510511086 0.3432683837582326 0.3254072646033327 0.3464080336096798 0.3242909446561515 0.3432683837582326 0.33350058422039675 0.3365704640751451 0.341872983824256 0.33657046407514507 0.34968722345452474 0.34264045378794317 0.359734102979156 0.34850113351064466 0.37201362239814967 0.3551990531937321 0.3834559018567575 0.3491290634809341 0.39489818131536514 0.34724527357006574 0.39908438111729483 0.35436181323334615 0.41052666057590254 0.3671297226292317 0.4080149406947447 0.36964144251038955 0.40271242094563386 0.3713159224311614 0.40745678072115415 0.3717345424113543 0.4007588610380667 0.3809441819755995 0.4049450608399963 0.38471176179733624 0.4085731006683354 0.3918283014606166 0.40578230080038225 0.39727036120312526 0.40047978105127136 0.4022938009654408 0.404665980853201 0.4106662005693002 0.3982471411569089 0.4173641202523876 0.38596762173791516 0.424899279895861 0.3775680914210657 0.42179585891633825 0.3526047424923073 0.42303360442095506 0.34215206381105134 0.42385272994537865 0.3378333067650734 0.4233053868149766 0.3245277939329906 0.42273515055074445 0.30184506253353516 0.4219748355317683
20 0.4916096822292484 0.3481772605862734 0.46874809208800144 0.352507757741116 0.43874256984227017 0.3475496320497836 0.4411910007832388 0.3325330190820889 0.45008357801824495 0.3287219145528006 0.4581292431356315 0.31697100892082813 0.45474159466515296 0.3049025112447483 0.4365676640360824 0.2968554408672797 0.44039430116221034 0.25407363528589055 0.4437819496326889 0.24327550578624021 0.43997084510340057 0.22834867971319414 0.43853491641375675 0.2228580447760583 0.44936879521699835 0.22557779885587792 0.4850279569567551 0.22544451965627973 0.5340600069789618 0.22227380120016874 0.6226581120498963 0.21808366701193663 0.6485639124771266 0.2172589680942501 0.6849307727724261 0.2132822991900437 0.6910831627216666 0.21286122994955636 0.694361527968795 0.2166935661205374 0.6955121764360299 0.2793463751614866 0.706498158882329 0.2815061475090583 0.7108706230578224 0.3151626151756839 0.7002846571592598 0.3149900179055986 0.6892384318738032 0.31619819879619543 0.6517272918419401 0.3148174206355134 0.6040904452984085 0.31153807250389354 0.5559933393679828 0.30929430799278507 0.5090468819047922 0.3075683352919325 0.5042141583424049 0.3106750861534672 0.5039840286489579 0.31757897695687753 0.5010282191568667 0.33246149438960665 0.4927718874457798 0.33785989712016595 0.4958708390635803 0.34425944980934065
27 0.7924225604078288 0.3642974930078436 0.7880323645657389 0.3650722334505654 0.785449896423333 0.36236064190103917 0.78854885819422 0.3544195523631411 0.7908730795223853 0.35287007147769756 0.804301913862896 0.3546132374738215 0.8012029520920089 0.3580995694660695 0.7955215221787157 0.35868062479811086
27 0.8046970731736746 0.46290741452625533 0.7979826560034193 0.46058319319809 0.796949668746457 0.45632212076312034 0.8013398645885471 0.45167367810678966 0.8028893454739907 0.4472189205611396 0.8067630476875993 0.4462504950077374 0.8103785030869676 0.44760629078250047 0.8121862307866518 0.45089893766406797 0.808829022201524 0.455741065431079
27 0.8010816177743064 0.5808616469306442 0.7984991496319005 0.5775690000490767 0.8034058391024718 0.5742763531675092 0.8098620094584864 0.5709837062859418 0.8134774648578547 0.5686594849577764 0.8181259075141853 0.5692405402898177 0.8170929202572229 0.5736952978354679 0.8129609712293735 0.5789247958238398 0.8072795413160805 0.5806679618199638
27 0.7928177197186075 0.58783431091514 0.7904934983904423 0.5849290342549335 0.7703502468796762 0.5824111278160877 0.7713832341366387 0.5862848300296966 0.7770646640499315 0.588221681136501 0.7845538216629087 0.5901585322433054 0.7904934983904423 0.5903522173539858
12 0.708371011461935 0.5748574084995505 0.7006236070347174 0.5704026509539003 0.7016565942916797 0.5638173571907653 0.6967499048211085 0.563236301858724 0.6809968491524326 0.5723395020607048 0.689518994022372 0.5760195191636331 0.6982993857065521 0.5771816298277158
27 0.6197644761628593 0.5815915750673062 0.6154699489002873 0.5783706796203772 0.6226274943379072 0.5760892120121359 0.6292482238677057 0.5758208040582252 0.6312165488630511 0.5787732915512435 0.6285324693239438 0.5799811273438418
27 0.6014127553960161 0.5910343145114673 0.5922868849630507 0.5926447622349317 0.5897817440598837 0.5864713792949845 0.5933605167786936 0.5811032202167695 0.5987286758569086 0.5839215037328324
27 0.6064004858469023 0.44734925920669427 0.6061776303716082 0.44233501101257694 0.5979319777857265 0.4416664445866946 0.5939205792304325 0.44434071029022393 0.5979319777857265 0.4480178256325766
