22 0.2469422474663462 0.41560302848369823 0.23730037830570086 0.4064593397968125 0.2255055568068385 0.39949054473202333 0.21119797365104598 0.39242363312849465 0.1940178621497548 0.38823509650796256 0.17738870332476778 0.384080570220385 0.17781056358952108 0.36340767652881767 0.18266324059662284 0.35246877308448965 0.19047251648377755 0.35561033902747974 0.19232176421662975 0.3517269187884901 0.19417101194948191 0.3456244012700778 0.18529462283179135 0.33868972227188204 0.1823358264592278 0.33286459191339757 0.18529462283179135 0.32676207439498517 0.1938011624029115 0.3264846872350574 0.20341725061374297 0.32703946155491315 0.2141428874642858 0.33120026895383053 0.21710168383684939 0.32925855883433575 0.21969063066284245 0.323988202795707 0.23485446207223057 0.31677613663758336 0.2448403998296325 0.3137248778783772 0.2441007007364916 0.3098414576393876 0.2492785943884778 0.30623542456032576 0.292181141790649 0.3148344265180885 0.2881127967783742 0.3198273953967895 0.29550978770978303 0.32010478255671726 0.29994798226862834 0.3242655899556348 0.31474196413144595 0.3250977514354183 0.33249474236682713 0.32703946155491315 0.333234441459968 0.3323098175935419 0.33249474236682713 0.33480630203289236 0.3458093260433631 0.3428505296707995 0.35579526380076504 0.3517269187884901 0.3539460160679128 0.3630997923455312 0.35135706924191973 0.36726059974444863 0.35727466198704677 0.3755822145422837 0.3517269187884902 0.37946563478127326 0.35246661788163103 0.3822395063805516 0.36097315745275127 0.38334905502026295 0.36319225473217387 0.3925028312978814 0.36097315745275127 0.4002696717758606 0.35727466198704677 0.40692696361412856 0.36060330790618084 0.4135842554523965 0.3535761665213424 0.424402354689582 0.34026158284480645 0.42689883912893245 0.32361835324913657 0.42995009788813854 0.31400226503830514 0.4274536134487881 0.30401632728090316 0.4291179364083551 0.28994208841224395 0.42874649882727733 0.2722032035147397 0.4258256670558538 0.2636663462195295 0.42735653676517865
19 0.2458677587323871 0.5606051134849147 0.23202387568497707 0.5570823396737433 0.21348296088933855 0.547255654832055 0.18713963333731115 0.5345345735582576 0.15895744284794064 0.5228537972370054 0.11965070348118705 0.5063523830688872 0.09913209110734712 0.493744561007853 0.0847937836653867 0.4811367389468188 0.07366923478800359 0.4672310528500899 0.06773614205339928 0.4503588203860589 0.06600565667247302 0.4333011787740714 0.07193874940707733 0.4173559920498224 0.08306329828446044 0.40586062487652647 0.09443505935911871 0.3971463949225764 0.10753730581470324 0.39158412048388486 0.11989791567846224 0.3876905283768008 0.13794440607955036 0.384909391157455 0.15475483549426258 0.38398234541767307 0.16835150634439747 0.3841677545656294 0.18615078454821046 0.38880298326453905 0.20716382131660072 0.3954777125909689 0.22323261413948747 0.4004837595857913 0.24127910454057555 0.4127207633509128 0.25907838274438855 0.4258848128558161 0.27934978292095325 0.44442572765145466 0.3060487002266727 0.46871432603374097 0.328545010178714 0.49133424208441995 0.33620858829424466 0.49837978970676255 0.34140004443702343 0.5061669739209307 0.34313052981794967 0.5137687489871424 0.34164725663429857 0.5282306625277405 0.333983678518768 0.5406530754408183 0.32137585645773387 0.5512213968743324 0.30209330507026977 0.5595648085323695 0.277619297540027 0.5619751274558026 0.2573478973634622 0.5614189000119334
29 0.421668258100242 0.7470343822550991 0.4181736035088876 0.7365691978349791 0.41156616982964755 0.7258321181062137 0.4141357273715743 0.7217024720566887 0.4089966122877208 0.7104147728546535 0.40826245299002745 0.7024307904922383 0.41046493088310754 0.7010542418090633 0.4115661698296475 0.6905924718169331 0.4218443999973544 0.690317162080298 0.4277176743789012 0.6905924718169331 0.4475399754166216 0.6837097284010579 0.4512107719050884 0.6826084894545178 0.45818528523317525 0.680406011561438 0.46846351540088216 0.6806813212980728 0.4739697101335822 0.6737985778821977 0.48277962170590244 0.6704948610425777 0.48938705538514266 0.6740738876188327 0.504804400636703 0.6823331797178828 0.5132472325601765 0.6779282239317227 0.5275633388651967 0.6779282239317229 0.5371074097352103 0.6817825602446128 0.5514235160402307 0.6850862770842329 0.5568598273004056 0.6904768194805952 0.5583281458957924 0.6965336336865653 0.5678722167658059 0.6957077044766602 0.572277172551966 0.7053435452588854 0.5645684999261859 0.7061694744687904 0.571175933605426 0.7111250497282205 0.5796187655288996 0.7185584126173657 0.5752138097427394 0.7254411560332409 0.5715430132542726 0.7314979702392111 0.5781504469335128 0.7403078818115313 0.5777833672846662 0.7441622181244213 0.5719100929031193 0.7507696518036614 0.5759479690404327 0.7604054925858867 0.5752138097427394 0.7689400944215719 0.5656697388727259 0.7752722183641769 0.5590623051934858 0.7810537228335122 0.5451132785373121 0.7884870857226574 0.5410754023999986 0.7865599175662122 0.5274934553926717 0.7854586786196723 0.509139472950338 0.7992241654514225 0.49996248172917107 0.8006007141345975 0.4962916852407043 0.7939932804553574 0.4805072603402973 0.7906895636157373 0.47867186209606394 0.7868352273028472 0.4841780568287641 0.7813290325701472 0.47243150806567047 0.7719685015245568 0.46582407438643036 0.7623326607423319 0.4529762866767967 0.7562758465363616 0.4489384105394832 0.7579277049561717 0.4452676140510165 0.7648104483720466 0.43168566704368955 0.7637092094255068 0.41773664038751596 0.7609561120591567 0.4192049589829026 0.7573770854829017 0.42764779090637617 0.7579277049561717 0.44012849896716305 0.7598548731126168 0.43498938388330965 0.7518708907502014 0.43574402974894083 0.7469281195957326 0.4289490727459561 0.7474616669290541
20 0.4775685730388183 0.311446782734589 0.45769794834961497 0.3109415973611347 0.4304179381830817 0.30791048512040875 0.42536608444853846 0.28745047749550867 0.41930385996708663 0.2672430625573359 0.41324163548563475 0.24804601836607168 0.4118944744897566 0.2402156450775297 0.41425200623254343 0.22910156686153463 0.4017907670206701 0.2243023058137186 0.4007803962737615 0.22253415700662849 0.4095369427469698 0.21520896909154077 0.41930385996708663 0.21520896909154077 0.4351330016686553 0.21520896909154077 0.44557349938671137 0.21344082028445066 0.4886826512548134 0.2010637786348198 0.5226984664007377 0.193485998033005 0.5476209448244842 0.19272821997282352 0.5870254039539212 0.18666599549137167 0.6190204776060283 0.18616081011791735 0.6257562825854193 0.19752748102063958 0.6324920875648102 0.21293563491099637 0.6358599900545057 0.22783860342789886 0.6196940581039674 0.2508245379200705 0.6297977655730538 0.27103195285824333 0.6412486340380184 0.2874504774955088 0.6530362927519525 0.30917344855404455 0.6567409854906177 0.3182667852762224 0.6217147995977846 0.3195297487098581 0.5732170037461698 0.31776159990276803 0.5115843881847427 0.3139727096018607
28 0.43941246339683376 0.35654545273662025 0.4303106136581292 0.3443911533904233 0.4247607052808704 0.33256984854686195 0.39470948379065035 0.3275000933420455 0.3973734398117346 0.33399348614343827 0.401369373843361 0.34548179648436433 0.40358933719426454 0.3526411782910281 0.408251260231162 0.3531406700449814 0.41313517960314977 0.3571366040766078 0.41846309164531825 0.35813558758451436 0.42734294504893244 0.3594675655950565 0.4333368460963721 0.35930106834373876
28 0.4516308854511536 0.36128512896040293 0.4399274065375253 0.3497276348048129 0.44122993031705915 0.34435472421423613 0.4474169182698445 0.3406913760842974 0.4509988586635623 0.343866277796911 0.45816273945099795 0.3482622955528374 0.46380380331194837 0.35738188551979116 0.46759449579131224 0.3588529953024193 0.46452962683616617 0.3616945720292793
28 0.8206725485035835 0.40054620322566564 0.8077602386096658 0.39467216060999005 0.8033150171707762 0.40054620322566564 0.8043734032276546 0.40578521420721425 0.8107237195689259 0.4084840986522543 0.8147455865850639 0.40435639303042825
28 0.8143222321623127 0.4315039953893615 0.8067018525527875 0.4324565428405522 0.8062784981300359 0.43039269002963904 0.8077602386096658 0.4294401425784485 0.8086069474551687 0.4254711948651541 0.8119937828371799 0.42420113159689987 0.8164390042760695 0.4246774053224953 0.8172857131215723 0.42991641630404376
28 0.6377885351294611 0.5519464356131819 0.6334051087711831 0.5490241513743297 0.6285346350397628 0.5468324381951908 0.630482824532331 0.54482336778098 0.6455812930997332 0.5398920131279171 0.6523999563237213 0.5406225841876301 0.6587315721745675 0.545553938840693 0.6504517668311532 0.5495720796691145 0.639493200935458 0.5513985073183971
28 0.8286419033118229 0.5012982486946687 0.8223521184334251 0.5001882866573043 0.8208721690502727 0.5012057518582216 0.8163089917855528 0.4981533562554697 0.8195155487823831 0.4944534827975888 0.824078726047103 0.48733122639116777 0.8253120171997298 0.48187391304079324 0.8270386248134077 0.4785440269287003 0.8312382368706017 0.4792261096320385 0.832718186253754 0.4859783786926714 0.8341981356369064 0.4883832964402941 0.8317315533316524 0.49791047059433763
28 0.44701951772808407 0.5077058378706832 0.44235948780788914 0.5036516118401136 0.43359863155792266 0.5039312136353253 0.43397143395153825 0.5118998647988586 0.43453063754196175 0.5191695114743627 0.4360218471164241 0.5214063258360563 0.44627391294085295 0.5244819455833849 0.46398202663759364 0.5306331850780422 0.4705060685258665 0.53273019854213 0.4885869846162228 0.5335690039277651 0.49119660137153187 0.5324505967469182 0.4969750384725737 0.5338486057229768 0.504990289935309 0.5297943796924072 0.508531912674657 0.5276973662283194 0.4993982540310751 0.5219655294264797 0.49287421214280214 0.5186103078839394 0.487468577435376 0.5198685159623919 0.48951899060026177 0.5296545787948013 0.4878413798289916 0.529934180590013 0.4772165116109472 0.5191695114743627 0.4637956254407858 0.516093891727034 0.45335715841954916 0.511480462106041
28 0.46573411675783916 0.5090888543851981 0.461496005021479 0.5091747620555298 0.454508847834507 0.50548073223127 0.441909056185869 0.4983503955937453 0.44099270770233173 0.49551544247280177 0.442596317548522 0.4935395660551744 0.43938909785614144 0.49096233594522576 0.4357237039219923 0.4908764282748941 0.4301110694603261 0.48769784447262404 0.4267893062075034 0.48185612289007357 0.42942380809767317 0.47644393965918147 0.4305692437020948 0.4728358175052533 0.4246129785591023 0.47068812574696267 0.4176258213721302 0.46690818825237124 0.4171676471303616 0.461496005021479 0.4183130827347832 0.4559979141202551 0.42083304106451086 0.4546233913949492 0.42415480431733354 0.45668517548290816 0.42701839332838765 0.45866105190053547 0.42713293688882986 0.4534206840103065 0.4322873971087272 0.44835213146074065 0.43331828915270676 0.43976136442757835 0.4282783724932515 0.42876518262513064 0.4278201982514829 0.4232670917239068 0.42908017741634663 0.4214630306469427 0.43503644255933915 0.4233529993942383 0.43205830998784295 0.4169958317896983 0.42736202400971424 0.4128722636137805 0.42633113196573474 0.4092641414598522 0.4226657380315855 0.40617146532791376 0.4176258213721303 0.39457392983314465 0.41292953539400157 0.38555362444832425 0.40731690093233547 0.38039916422842684 0.4082332494158728 0.3773064880964884 0.4091495978994101 0.37593196537118245 0.40766053161366195 0.37103522816227996 0.4078896187345463 0.3666539369753672 0.4114404691082534 0.3666539369753672 0.414647688800634 0.37249565855791755 0.41751127781168806 0.3734406429315654 0.41945851833920483 0.3771346727558252 0.42197847666893246 0.37962599519544227 0.4258729577239661 0.38709996251429346 0.4295383516581153 0.3968075292617669 0.4298819823394418 0.4033365122069702 0.4329746584713802 0.40179017414100104 0.43171467930651647 0.395862544888119 0.4327455713504959 0.39199669972319595 0.4328601149109381 0.38967719262424216 0.427247480449272 0.38503817842633453 0.4288510902954623 0.38228913297572253 0.4267893062075034 0.3751587963381979 0.4318292228669586 0.37387018128322347 0.4333182891527067 0.3730111045799072 0.4312565050647478 0.36905935174465265 0.43263102779005375 0.3652794142500612 0.4383582058121619 0.3646780605577398 0.44202359974631117 0.3652794142500612 0.4474071470870929 0.3640767068654185 0.4551961091971601 0.3651935065797296 0.45748698040600333 0.36905935174465265 0.4619541792632477 0.3719802125359278 0.46298507130722727 0.3741279042942184 0.46126691790059476 0.375588334689856 0.46218326638413204 0.37807965712947306 0.4643595940325332 0.38366365570102856 0.4671086394831451 0.38632679348130883 0.4719194690217161 0.3845227324043448 0.47065948985685224 0.3800555335471005 0.47146129477994736 0.3728392892392441 0.4742103402305593 0.36759892134901506 0.4830301943846059 0.3627021841401125 0.4915064178573261 0.3609840307334801 0.5019298818575628 0.36098403073348 0.5065116242752497 0.35694637022789377 0.5134987814622216 0.3544550477882767 0.5194700323664715 0.3558103507461303 0.5238120026040413 0.3582527090047634 0.5320722695288717 0.3546846937814868 0.5407562100040114 0.35577018634087926 0.548535573346324 0.362283141697234 0.5528775435838938 0.36486118652579114 0.5633706383246876 0.3656753059453355 0.5756728873311355 0.3679819776340445 0.5735019022123505 0.3731380672911587 0.574587394771743 0.3739521867107031 0.5812812655546632 0.3739521867107031 0.589603375176672 0.37558042554979176 0.5959354151064614 0.37327375386108275 0.6109513955113907 0.3675749179242722 0.6207208285459228 0.36486118652579114 0.622168151958446 0.35984078343860104 0.6341085701117631 0.3597050968686769 0.6482199733838653 0.3618760819874619 0.6605222223903131 0.36146902227768973 0.6673970085997987 0.3618760819874619 0.670653486277976 0.3656753059453355 0.6762618645015037 0.37042433589267754 0.6791565113265503 0.36716785821450015 0.6775282724874616 0.3632329476867025 0.6775282724874616 0.357534111749892 0.6863931283891668 0.3489858578446764 0.6943534071580447 0.3502070369739929 0.7026755167800536 0.3530564549423981 0.7120831189614549 0.3519709623830057 0.7196815668772022 0.35522744006118306 0.7330693084430425 0.35319214151232226 0.7372303632540471 0.35522744006118306 0.7327074775899117 0.3618760819874619 0.7260136068069916 0.3662180522250317 0.716967835478721 0.3712384553122218 0.7153395966396323 0.3725953210114625 0.7231189599819452 0.3720525747317662 0.7319838158836501 0.37218826130169036 0.7435624031838362 0.3744949329903994 0.7488089505542331 0.3792439629377413 0.7540554979246301 0.3850784854444758 0.7558646521902843 0.3891490825421975 0.7654531697982508 0.39104869452113433 0.7746798565530868 0.3857569182940961 0.7786599959375259 0.3873851571331848 0.777393587951568 0.3900988885316659 0.774318025699956 0.3933553662098433 0.7772126725250026 0.39674753045794475 0.7764890108187409 0.40054675441581833 0.7835447124547921 0.40339617238422354 0.7844492895876191 0.40597421721278065 0.7822783044688341 0.40855226204133777 0.777393587951568 0.41465815768792036 0.7759462645390448 0.41818600850594584 0.7840874587344883 0.41194442628943917 0.7878866826923618 0.41425109797814813 0.794218722622151 0.4217138593239713 0.7983797774331556 0.4293123072397185 0.8041690710832488 0.4328401580577441 0.8032644939504217 0.43826762085470633 0.8081492104676877 0.44627312848022577 0.8070637179082952 0.45047941214787157 0.8047118173629448 0.4545500092455933 0.8081492104676877 0.45672099436437824 0.8117675189989959 0.46187708402149247 0.8153858275303041 0.46309826315080893 0.8153858275303041 0.47151083048610043 0.814481250397477 0.47707397985298683 0.8128530115583882 0.48453674119880996 0.8106820264396035 0.49172812940478505 0.8067018870551643 0.4967485324919752 0.8067018870551643 0.5004120698799248 0.805616394495772 0.5035328609881781 0.8153858275303041 0.5139807268723305 0.8222606137397898 0.5143877865821028 0.8235270217257477 0.5165587717008877 0.8133957578380847 0.5236144733369387 0.8057973099223374 0.5225289807775463 0.8003698471253752 0.5261925181654958 0.7871630209861002 0.5309415481128378 0.7797454884969183 0.5312129212526859 0.77612717996561 0.5350121452105595 0.7730516177139986 0.5377258766090407 0.7567692293231112 0.5392184288782053 0.7413914180650514 0.5356905780601798 0.7327074775899116 0.5321627272421543 0.7305364924711267 0.5367760706195722 0.7207670594365946 0.5365046974797242 0.716967835478721 0.5332482198015468 0.7088266412832777 0.5369117571894964 0.6882022826548208 0.535961951200028 0.6822320735781622 0.533519592941395 0.6681206703060603 0.5308058615429138 0.661788630376271 0.526735264445192 0.656542083005874 0.5276850704346605 0.6507527893557808 0.524292906186559 0.6446016648525569 0.5210364285083816 0.6436970877197297 0.519679562809141 0.6290429381679314 0.5207650553685335 0.6299475153007585 0.5259211450256477 0.6161979428817874 0.5230717270572425 0.5986491465049427 0.5185940702497486 0.5872514746313218 0.5147948462918749 0.5760347181842664 0.5118097417535458 0.5689790165482155 0.5076034580858998 0.5604759914996411 0.500819129589697 0.5671698622825613 0.49810539819121585 0.5754919719045702 0.49376342795364603 0.5820049272609249 0.4906426368453927 0.5867087283516257 0.48643635317774686 0.5854423203656678 0.4852151740484303 0.5765774644639626 0.4853508606183544 0.5682553548419538 0.4797877112514681 0.5691599319747809 0.4739531887447335 0.5675316931356922 0.4715108304861005 0.5753110564780047 0.4625555168711126 0.5595451869824896 0.46084458148349045 0.5630778550751869 0.46758876602409444 0.5642554111060861 0.47160316158397786 0.5622214506890785 0.4750555417654775 0.5620073495925514 0.47794590656859354 0.5564407210828464 0.4783473461245819 0.5457436950476104 0.476107313402167 0.5426392291479673 0.4738592518886323 0.5343963369316734 0.47578616175737637 0.5316948565317254 0.47179745898862885 0.5325022558244465 0.4638143402778111 0.5316768354235534 0.4572500540395927 0.5221542809327637 0.45533731857301096 0.5138288447281939 0.4465315687412545 0.5018743722293244 0.44380979152052974 0.5059303539700123 0.4490932414195836 0.5104132811570884 0.4490932414195836 0.5134018992818058 0.45549742311540664 0.5108402266034766 0.4577388867089446 0.5010204813365481 0.45293575043707746 0.5029417358452949 0.457578782166549 0.5106267538802824 0.4638228593199764 0.5072111903091768 0.4702270410157993 0.4995261722741894 0.48319550894984076 0.49653755414947204 0.48639759979775227 0.4850100270969907 0.4839960316618186 0.47860584540116785 0.4910406315272239 0.48863906339129043 0.49664429051106906 0.4916276815160078 0.5008070086133538 0.48970642700726086 0.510893594784275 0.4781788999547796 0.5134552674626042
28 0.40852525762517466 0.5361673041298235 0.4041082019904417 0.5336636359736865 0.40370914627221505 0.5274719796934834 0.39245381889587333 0.5282250983030378 0.3898948281810702 0.5290247829014137 0.39202732044340605 0.5322235212949176 0.396292304968078 0.5341427643310198 0.40311628020755286 0.5381411873228997 0.40652826782729024 0.53846106116225
