20 0.5982755720836505 0.3888554948745554 0.5940831437509745 0.3672177543083333 0.5954198842320535 0.3401305659836119 0.5954007352553696 0.30509656805434476 0.5983444088251652 0.275306323595107 0.598446361770432 0.2573541181410752 0.6304860974073558 0.25983265639309416 0.6410264465274885 0.2642201629134248 0.6644346457417162 0.2748959504827235 0.6957263369962514 0.2722152641523133 0.7012523999373435 0.2735790861936896 0.7558297993644638 0.2756758622844964 0.8150372040656935 0.27752355573144344 0.8220920440129114 0.2838183761110191 0.8235347634681358 0.28599409043026064 0.8293744405878595 0.28644550976245275 0.8348790574413423 0.28980958057572026 0.838527006732724 0.29388772622715986 0.8451363625554488 0.3065019203846192 0.8334951929001749 0.31296276954329616 0.8083502664447838 0.3269321731296246 0.8120879951518992 0.34452041594782756 0.8153475226553758 0.36617299150663674 0.8166682874638219 0.37209347396960074 0.8221150900512503 0.39446434802389063 0.7272227681278117 0.3889790283614719 0.6538935672093825 0.38844712169020235
26 0.43122135612527274 0.8082610445532158 0.42318262725551237 0.7877622859353268 0.4159477712727281 0.7633446469934296 0.41434002549877597 0.747970578030013 0.41876132637714414 0.7425444360429247 0.4328291018992248 0.7377211987210682 0.4878943946570835 0.7322950567339801 0.5361832156130181 0.7280073832676751 0.5550742284569551 0.7271030262698271 0.5611032751092754 0.7280073832676751 0.5715536226399639 0.7343378822526115 0.575572987074844 0.7515206652117243 0.5816020337271643 0.7762397564862376 0.5884349532664607 0.7952312534410467 0.5868272074925086 0.7994515860976708 0.5807981608401883 0.8015617524259828 0.5542703555699791 0.8048777280847591 0.5032244272470004 0.8100024177392313 0.45941335490680635 0.8151271073937035 0.4473552616021658 0.8157300120589355 0.4369049140714773 0.8133183933980075
13 0.41508863498010506 0.26212805789973287 0.41619230650178013 0.2636061894019762 0.4152463023403443 0.2644339430432325 0.4110681172940032 0.26461131882350164 0.41043744785304603 0.26319231258134806 0.40460375552419237 0.26342881362170706 0.40334241664227805 0.2676858323481678 0.4029482482416798 0.27217935211498756 0.4009274911734289 0.27760313141784 0.3985624807698396 0.2828652795658263 0.3966704724469681 0.28487553840887725 0.3972223082078056 0.2878909266734537 0.4000603206921128 0.28889605609497915 0.40605168038120576 0.28919168239542775 0.4104663664679058 0.2889551813550688 0.41298904423173455 0.29090631493803004 0.41251604215101656 0.2945720810635935 0.41251604215101656 0.29847434822951585 0.41354087999257194 0.301548861754182 0.41574822303592207 0.30397299741786105 0.41819206711963103 0.30344087007705345 0.41819206711963103 0.3053920036600147 0.4214242480045365 0.3101220244671932 0.42457759520932226 0.31242790961069294 0.4254447656906384 0.3140242916331158 0.4253659320105188 0.3162710515165255 0.4241045931286045 0.31792655879903814 0.4293864496966206 0.3182813103595766 0.4409750006742083 0.3190499387407431 0.44373417947839594 0.3178674335389484 0.4453896867609084 0.3154432978752693 0.4480700318849763 0.31621192625643585 0.44877953500605305 0.3177491830187689 0.44862186764581385 0.32052807024298646 0.44862186764581385 0.32188795122505026 0.45169638117048 0.32425296162863965 0.4546920610150266 0.3251989657900753 0.45760890717945335 0.3253172163102548 0.45957974918244454 0.32454858792908825 0.46139292382519626 0.32626322047169054 0.46391560158902484 0.32845085509501076 0.46643827935285354 0.3302246128977027 0.4706164643991947 0.3296924855568951 0.4721931380015876 0.3267362225524084 0.4733756432033822 0.3257902183909727 0.47779032929008236 0.32567196787079317 0.47779032929008236 0.32750485093357495 0.4807860091346289 0.3282143540546517 0.48315101953821826 0.3293377339963567 0.48843287610623426 0.3291012329559978 0.4923745601122166 0.3264405962519597 0.49473957051580597 0.3208828218035248 0.4986812545217881 0.3116592812295264 0.5056974520524365 0.29847434822951585 0.5073529593349492 0.29303482430126043 0.505145616291599 0.2812097722833137 0.50270177220789 0.2738782400321867 0.49773525036035243 0.2680248392833031 0.4934782316338917 0.26429994789765 0.4878810403453969 0.26282181639540664 0.4895365476279094 0.2615801859335222 0.48882704450683256 0.26069330703217625 0.48606786570264504 0.26022030495145837 0.48425469105989316 0.2611071838528043 0.47692315880876635 0.25986555339092 0.4767654914485269 0.2575596682474204 0.47164130224075 0.2550172820635618 0.4668324477534518 0.25543115888418993 0.4589490797414873 0.2526522716599725 0.4561899009372997 0.25217926957925463 0.44846420028557454 0.24957775813530636 0.44349767843803695 0.24827700241333223 0.4408173333139691 0.246325868830371 0.4371121503483457 0.2454981151891148 0.43356463474296175 0.2448477373281277 0.4311207906592528 0.2431922300456152 0.42970178441709916 0.24543898992902502 0.4240257594484848 0.24999163495593446 0.42244908584609187 0.24886825501422954 0.4193745723214258 0.25253402113979306 0.4176402313587936 0.2537756516016774 0.4183497344798704 0.25543115888418993 0.4169307282377168 0.25750054298733066
30 0.19031888717542397 0.6113867414651051 0.1739416147792105 0.6069049820013757 0.15532578978611775 0.5994877392306903 0.13263775307578593 0.5859621788841464 0.11983937339303469 0.5741818521307048 0.10994971636545416 0.5615289085807121 0.1047140155861468 0.549312273428995 0.09947831480683945 0.5362230214807265 0.09831482574477116 0.5213885359393559 0.1012235483999419 0.5069903587962606 0.10994971636545416 0.4891017144669606 0.12623856323441027 0.47295830373076286 0.14601787728957136 0.46074166857904586 0.16405195775163 0.4537607342066361 0.19313918430333743 0.44634349143595065 0.2164089655447034 0.443725641046297 0.23851525772400106 0.44459825784284823 0.2705112069308792 0.44808872502905317 0.29436273270327934 0.4576875097911166 0.3147237912894745 0.46772260295145573 0.3333396162825673 0.4799392381031728 0.3519554412756601 0.4991368076272997 0.35835463111703575 0.5048088168048827 0.3984950037583921 0.5026272748135046 0.4253436777132201 0.5029588705407193 0.43930057286332364 0.509105211897754 0.4444804224029811 0.5139150721845788 0.4486736339350847 0.5237197873846444 0.44497374140675794 0.5344494757167919 0.4309141497991165 0.5375943843658696 0.41340132516503675 0.541664266147029 0.39268192700640725 0.5457341479281883 0.39440854351962634 0.5551688738754215 0.38947535348185736 0.5683034923509812 0.38207556842520396 0.5834730517171208 0.3731958263572199 0.5910578314001904 0.3613561702665745 0.6001225680945909 0.34729657865893304 0.6053024176342483 0.32016403345120387 0.6132571865701507 0.28982491471892496 0.6128871973173179 0.25504592495265394 0.6141821597022323 0.22470680622037503 0.6152921274607304 0.20078083453719567 0.6136271758229834
14 0.3260541520884787 0.7021182686899082 0.3268229296906828 0.7108708603449047 0.3218648068635169 0.716448748525466 0.31814621474314253 0.7148993351419769 0.3127749150137128 0.7214068713526323 0.30161913865258966 0.7186179272623512 0.2842657087575091 0.7062226201944367 0.2561696794035693 0.6925877824197303 0.2297263576586847 0.6795727099984201 0.21650469678624243 0.6792628273217224 0.20700162803417455 0.6730651737877651 0.209548674891529 0.6571377456880166 0.22915667891724778 0.6288512217730179 0.23393457265916973 0.6282676676722866 0.2368682101318888 0.6238325178517972 0.23981677706299112 0.6240431297754473 0.2419228962994928 0.6268863907447245 0.24753921426349726 0.6293084278667014 0.24950492555089882 0.6268863907447245 0.26129919327530826 0.6272023086301998 0.27253182920331726 0.6298349576758269 0.27983304255652297 0.6313092411413781 0.29499710105933513 0.6347843378816058 0.31325013444234967 0.6368904571181075 0.31774318881355323 0.638785964430959 0.32125338754105603 0.6404708598201604 0.32546562601405943 0.6394178002019095 0.33641744604386814 0.6389965763546092 0.34947538531017847 0.6404708598201604 0.3609888371363877 0.6409973896292857 0.36857086638779374 0.6424716730948369 0.3716598412679962 0.6462626877205401 0.3761528956391998 0.6524757394682199 0.3762933035883 0.6550030825520219 0.37446800024999843 0.6593206269868503 0.3720810651152966 0.6624798058416029 0.3716598412679962 0.6641647012308042 0.37517003999549897 0.6659549025818304 0.373906368453598 0.6713255066349099 0.36730719484589275 0.681540184931943 0.3615257413252096 0.6890411196912971 0.35484720814749837 0.6974018566702486 0.3482177330961143 0.7020424892062173 0.3414777667938738 0.7076775429998938 0.3348482917424898 0.7033683842164942 0.3300971679556646 0.7007994626340828 0.32821881669110586 0.6996393045000906
11 0.3769677884627845 0.5013671586555033 0.3623079300225651 0.49759748077087546 0.3459726591891778 0.4891157055304628 0.33508247863358626 0.4778066718765792 0.3220980325865348 0.4617855408669109 0.3187472078001989 0.45236134615534135 0.32335459188141075 0.43696849479311095 0.33005624145408247 0.42157564343088055 0.3415602371812202 0.39809926461376466 0.3543077167832531 0.387920777139464 0.3744546698730326 0.37853848758137937 0.4041777404072977 0.36955856484255045 0.42432310600460804 0.3669723354753282 0.45118359346768844 0.3658833967943925 0.46824363280234765 0.36819739149138087 0.47405130576733806 0.3707836208586032 0.4755032240085855 0.3756838449228137 0.4802219582926402 0.37867842629538684 0.47985897873232836 0.38208135967331086 0.4753217342284295 0.3815368903328431 0.47314385686655824 0.38507594104588405 0.4760476933490534 0.38752605307798943 0.4767736524696772 0.38929557843450985 0.47895152983154854 0.3879344050833402 0.47985897873232836 0.3903845171154456 0.47895152983154854 0.39650979719570884 0.4791330196117045 0.39977661323851593 0.4774996115903009 0.40195449060038724 0.4756847137887415 0.4031795466164399 0.47858855027123665 0.40807977068065054 0.47731812181014505 0.41052988271275587 0.4744142853276499 0.41189105606392545 0.47386981598718203 0.41556622411208344 0.4707844897245309 0.4188330401548905 0.46733618390156795 0.41937750949535835 0.46661022478094405 0.4222359735328145 0.46751767368172364 0.4272723149321421 0.46697320434125594 0.43217253899635266 0.4744142853276499 0.43639217638497846 0.4778625911506129 0.4396589924277856 0.4724178977459344 0.44374251248129437 0.47314385686655824 0.44864273654550507 0.4756847137887415 0.4505483792371425 0.4813108969735759 0.46211835272208424 0.47695514224983315 0.46538516876489133 0.47822557071092475 0.4694686888184002 0.4811294071934199 0.4709659795046867 0.4800404685124843 0.47477726488796174 0.4760476933490534 0.47858855027123665 0.48348877433544735 0.4848499476866167 0.4869370801584103 0.48866123306989173 0.48857048817981386 0.4965560385066755 0.4905668757615293 0.509214950672553 0.48221834587435564 0.5126178840504769 0.4680621430221917 0.5131623533909448 0.44682783874394566 0.5146596440772314 0.4446499613820743 0.5130262360558278 0.44047569643848744 0.509078833337436 0.42579763604975085 0.50240303474378 0.39837630318200623 0.5022700989609177 0.3824335212210479 0.5028498364867707
16 0.21593750766234776 0.3608565286656609 0.19630294469569065 0.34545469189094574 0.17779071555071888 0.331020651839792 0.16990927145929524 0.3244222335306932 0.1678930880870706 0.3190610186545504 0.16752650929212065 0.3143871390189387 0.1706424290491951 0.3083385889022647 0.18365597626991786 0.3006404342083161 0.19960215385024005 0.29170507608141144 0.21701464661036204 0.2820823827139756 0.2280120104588601 0.27658370078972655 0.2720014658528524 0.27878317355942617 0.2804327781367009 0.28620639415716237 0.3079261877579461 0.30710138546930876 0.3055434255907715 0.31796128226970055 0.3016943482437972 0.322497694857206 0.2987617178841977 0.33047078364736715 0.29729540270439797 0.33349505870570406 0.3033439528210719 0.33555706442729744 0.30994237113017076 0.33706920195646595 0.3097590817326958 0.3391312076780594 0.33285354581454174 0.3439425543617773 0.34971617038223873 0.34710429646822033 0.34769998701001414 0.3520531102000446 0.348983012792339 0.35329031363300056 0.34733340821506414 0.35933886374967455 0.3302874942498921 0.3700612935019601 0.3121418438998704 0.38257079487962675 0.29729540270439797 0.3913686859584253 0.2807993569316508 0.4038781873360918 0.27218475525032737 0.4111639408857217 0.268702256698303 0.41157634203004034 0.25403910490030557 0.4084145999235972 0.22489609070178568 0.40154124751828585 0.18585544903961748 0.39068135071789406 0.16752650929212065 0.38477026764932637 0.16532703652242106 0.38078372325424575 0.17229203362646983 0.37583490952242166 0.1920872885537664 0.37033622759817253 0.20583399336438898 0.3663496832030921
33 0.7815924658951388 0.4338635729050565 0.7835673350995385 0.43238242100175667 0.7847826392253229 0.42691355243572654 0.7879728125555071 0.417798771492343 0.7840230741467076 0.4152922067329125 0.7774908144706161 0.41734303244517384 0.7738449020932626 0.41734303244517384 0.7700470767001861 0.4146085981621588 0.7679202944800633 0.41631761958904323 0.7651858601970484 0.42235616196403486 0.7630590779769255 0.42748322624468804 0.769591337653017 0.4289643781479879
33 0.6722888526593697 0.5178460249816766 0.6669287123453127 0.514065214689019 0.667377679981481 0.5099476786692351 0.660752718685949 0.5099476786692351 0.646456749574538 0.5036713995471522 0.6352989200241684 0.49687209716489567 0.6272792300348403 0.49661058553480886 0.6213516330862064 0.4932109343436807 0.6178648113517159 0.4932109343436807 0.6046148887606521 0.4994872134657636 0.5816018653130147 0.5078555856285408 0.5732334931502376 0.5075940739984539 0.5686117581465939 0.5007982470353004 0.5718387644564414 0.4911188413029864 0.5714900822829924 0.48379651566055626 0.5665196651058994 0.47888079209874534 0.5642410469807516 0.4860266075149317 0.5562966540966781 0.4887220265291709 0.5498654789048089 0.49113371722612187 0.5449475214051442 0.49496404950951445 0.5390838028478518 0.4924104946539194 0.5368139763095451 0.48787084157730587 0.536435671886494 0.4769473013617047 0.5405970205400563 0.4627608854972876 0.5523244576546412 0.45680259083423247 0.5600796983271892 0.4555258134064348 0.5617820682309194 0.46120037975220174 0.5693481566919416 0.4610585155935575 0.5771033973644899 0.4604910589589808 0.5801298327488988 0.45637699835829987 0.5776708539990665 0.4522629377576189 0.5735095053455042 0.44389295239761284 0.5738878097685552 0.4373672010999809 0.570104765538044 0.4304158573264164 0.570104765538044 0.42729484583624466 0.5755901796722853 0.4274367099948889 0.5789949194797455 0.43112517811963735 0.588263377844498 0.432543819706079 0.6005582715936596 0.4359485595135391 0.6090701211123098 0.4353811028789625 0.6141772308235001 0.4365160161481158 0.6187168839001136 0.43906957100371086 0.6251480590919828 0.43921143516235533 0.6327141475530051 0.4431836316043919 0.6423609103408089 0.44389295239761284 0.6495486943787803 0.4468720997291405 0.6688422199543875 0.4468720997291405 0.6769757650499867 0.44829074131558216 0.6864333756262648 0.45283039439219563 0.6877574411069438 0.4631864779732201 0.6892706587991482 0.47127273501593786 0.6868116800493159 0.47411001818882126 0.6875682888954182 0.4765217088857722 0.6913513331259294 0.478082214630858 0.6945669207218639 0.4935454079230728 0.6932428552411849 0.4985106534756188 0.6941886162988128 0.5071643671529134 0.6894598110106738 0.5122714768641035 0.6849201579340602 0.5131226618159686 0.6822720269727024 0.5145413034024102
33 0.6326809588310034 0.5339539079821337 0.6400541282298039 0.5296528924995002 0.6472224873675265 0.5225869384923165 0.6511138823280045 0.5242766231462083 0.647632107889682 0.5330322618072837 0.6367771640525591 0.5357972003318339 0.638825266663337 0.5408662542935092 0.6402589384908814 0.5437848005138677 0.6326809588310034 0.5463961313426096 0.6228500662992694 0.5460889159509928 0.6134287942896911 0.5471641698216513 0.608718158284902 0.5470105621258429 0.602778660713646 0.5482394236923096 0.5954054913148457 0.5482394236923096 0.5876227013938896 0.5496218929545849 0.5829120653891005 0.5491610698671596 0.5839361166944894 0.5443992312971011 0.5943814400094567 0.5382549234647674 0.6097422095902909 0.5331858695030921 0.6187538610777137 0.5298065001953086 0.6261270304765141 0.5299601078911169 0.6296088049148365 0.5307281463701586
33 0.8310931040122359 0.4989778990578629 0.8308545583451832 0.48770661628961437 0.8332400150157118 0.4792978815260003 0.8284691016746543 0.4760775150207863 0.8186887293254863 0.4855597052861384 0.8172574553231687 0.48878007179135224 0.8201200033278034 0.49432625855033174 0.822505459998332 0.5005880823104699
33 0.5791725349631587 0.6223245281426398 0.5679426186658478 0.620920788605476 0.5662789273625426 0.6184252516505181 0.5698142713820663 0.6159297146955601 0.5679426186658478 0.6109386407856442 0.5679426186658478 0.6061035379354132 0.5725177697499374 0.6061035379354132 0.5766769980082007 0.6070393642935223 0.5806282648535508 0.6031400878014006 0.5837476860472482 0.6029841167417157 0.586035261589293 0.600176637667388 0.5951855637574722 0.5947176505784174 0.6018403289706934 0.5983049849511696 0.5999686762544749 0.6076632485322618 0.5939377952799931 0.6159297146955601 0.5997607148415618 0.6163976278746147 0.6047517887514777 0.620920788605476 0.599968676254475 0.6249760361572827 0.5856193387634666 0.6255999203960221
34 0.6327151379031352 0.6396675273111816 0.620990362828203 0.6398049270190909 0.6140287776274621 0.6377439314004505 0.6076167912583585 0.6327975419157135 0.6096319869743626 0.6305991465891637 0.6204407639965657 0.6293625492179795 0.627951948028944 0.6242787600253331 0.6356463316718682 0.6215307658671458 0.6365623297245973 0.6187827717089587 0.6451727114202506 0.6134241831004936 0.648836703631167 0.6127371845609467 0.648836703631167 0.6113631874818531 0.6535998935053581 0.6105387892343971 0.6590958818217325 0.607103796536663 0.6627598740326489 0.6084777936157565 0.6654093135419632 0.6069773326802123 0.6635356403116766 0.6039835287144283 0.6638614965256394 0.5994622737456934 0.6694010521630085 0.5966517639002635 0.6739521145287288 0.5952171068299476 0.6807950950219493 0.5893516949786157 0.6803877747544956 0.585135930210471 0.6772106766683577 0.585135930210471 0.6767218923474132 0.5869688714140122 0.6738706504752381 0.5877631459355467 0.6703676961751371 0.5877631459355467 0.6690642713192855 0.58672447925354 0.6697159837472114 0.5811645576027984 0.6638505718958796 0.5757879300724108 0.6623027548795557 0.5709000868629676 0.6608364019167228 0.5663788318942327 0.6602661535422877 0.5602079298423104 0.6631988594679536 0.5593525572806579 0.663361787574935 0.5547091062316869 0.6671091340355082 0.5540981258305065 0.676233108026469 0.5556866748735755 0.6817726636638379 0.5563587533148739 0.6886971082105491 0.5564809493951101 0.6929332389920666 0.5559310670340477 0.6974137619340562 0.5565420474352281 0.703605029999351 0.5570919297962905 0.7082484810483219 0.559474753360894 0.7083299451018128 0.562590753406914 0.7066191999785076 0.5690671456594263 0.7042567424272768 0.5729163221868628 0.6991245070573613 0.5754824398718206 0.6945625200618811 0.5783540477573684 0.698635722736417 0.5772542830352437 0.7081670169948314 0.574627067310168 0.7148470693810703 0.571633263344384 0.71818709557419 0.5711444790234397 0.7218529779812723 0.5740160869089876 0.7237266512115589 0.576093420273001 0.7237266512115589 0.577620871275952 0.7306510957582703 0.5767044006741815 0.7412414227120636 0.5747492633904041 0.7471068345633955 0.5724275378659186 0.7579415536776614 0.5721220476653284 0.7627479328336139 0.5727941261066268 0.7717904427710838 0.5756046359520567 0.7825436978318588 0.5798814987603195 0.7911788875018754 0.583669577247638 0.8059238811836955 0.5897793812594418 0.8131741819443696 0.5930786754258162 0.8162698159770172 0.5977221264747872 0.8163512800305078 0.6059703618907226 0.8164327440839985 0.6107360090199297 0.8140702865327676 0.611102597260638 0.8161863727493209 0.6128108516743269 0.8148848995617599 0.6150680942340034 0.8195213977924467 0.6168982909040114 0.8219616600191241 0.6184844613513516 0.8239138698004658 0.6231819661377053 0.8253780271364721 0.6268423594777212 0.823669843577798 0.6293436282600654 0.8234258173551303 0.6326379822660797 0.8241578960231335 0.6337361002680845 0.8238325277262433 0.6396537361677769 0.824076553948911 0.6433751360634598 0.8216362917222338 0.6456933851788029 0.815047583710205 0.6489267326291503 0.8056119031003862 0.6562475193091822 0.8037410353932671 0.6557594668638468 0.8018701676861479 0.6606399913172012 0.7982911164203547 0.6668016534395614 0.7903195931465422 0.666252594438559 0.7823480698727299 0.6639953518788825 0.7803958600913881 0.6603959650945336 0.7725056788917983 0.6632632732108793 0.7690079697002276 0.6618601224305399 0.7671371019931083 0.6628972338768777 0.7584335000512926 0.6657035354375566 0.7429785059490033 0.669729968111574 0.7224803032449142 0.675098545010264 0.7058865201035089 0.6805281284646211 0.6979149968296966 0.6815042333552919 0.6816465819851814 0.6818092661336265 0.6798570563522847 0.6797960497966177 0.6807518191687332 0.6774778006812744 0.6696892970744629 0.678697931794613 0.6600095902419764 0.6710111057805797 0.6572439597184088 0.671560164781582 0.654315645046396 0.674305459786594 0.6503298834094899 0.673451368007257 0.6481336474054804 0.6713771451145812 0.6521194090423866 0.6674727255518976 0.6505739096321577 0.6667406468838944 0.643822517471684 0.6672897058848968 0.6390233350925519 0.6655815223262226 0.6304010752249589 0.6622871683202085 0.6269033660333883 0.6576506700895217 0.6236496830644852 0.6536242374155041 0.6234056568418175 0.6474015687374771 0.6262526294396077 0.6446562737324651
