28 0.5792602678057494 0.5893821155990784 0.5670495876421816 0.5933505866522379 0.5589082520050181 0.5980754820695617 0.5518524081818148 0.6031783691202715 0.5480724918479557 0.5978864862528689 0.5445445699363539 0.5929725950188521 0.5500884472260138 0.5874917163347566 0.5518524081818148 0.5803098753004244 0.55689229662696 0.5791759004002668 0.5626881683388772 0.5850347707177482 0.5747839006072261 0.5825778251007399 0.576547861563027 0.5839007958175906 0.5780598280965706 0.5874917163347566
28 0.7506673205450997 0.6260178979089904 0.7507765072341526 0.6231517473213488 0.7574368952663861 0.6226604072206104 0.7591838822912343 0.6197123666161791 0.7636605365424077 0.6147989656087938 0.7670453239030511 0.6161092058774298 0.7685739375497931 0.6178288962300147 0.7692290576841111 0.6219233970695026 0.7732689651790726 0.6211863869183947 0.7787282996317231 0.6236430874220875 0.77752724605214 0.6259360078922007 0.7682463774826341 0.6269186880936778 0.764861590121991 0.6265911280265187 0.7592930689802874 0.6280651483287343
28 0.8385721692710572 0.6055359489634897 0.83529722117104 0.6172390723209046 0.8310590530416059 0.6123266501708785 0.8327928490945561 0.6104483711135158 0.8351045771651564 0.607558711025265 0.8335634251180895 0.6058249149723148 0.8376089492416402 0.6040911189193645
28 0.8493449200878147 0.5098225209826573 0.8437045886894284 0.5084124381330608 0.8359961357783008 0.507848404993222 0.8375002241512037 0.51278369496681 0.8405084008970097 0.5157448689509627 0.8448326549691059 0.5165909186607207 0.8500969642742662 0.5180010015103172 0.8574293950921682 0.5194110843599138 0.857617406138781 0.5175779766554383 0.8499089532276533 0.5139117612464872
28 0.6411112961138474 0.3765500297142326 0.6464567903111051 0.3803848407687871 0.6548236507937694 0.37864174483489876 0.6497105693876969 0.37184367069273405
28 0.7244985848934636 0.35986224729571054 0.7221744569816125 0.3619539624163766 0.7286820151347958 0.365788773470931 0.7382109395733855 0.3675318694048194 0.7463453872648647 0.36962358452548544 0.7523881198356777 0.37258684761309574 0.75703637565938 0.3769445874478166 0.7635439338125632 0.3753758011073171 0.7614522186918972 0.37380701476681755 0.7654032361420442 0.3692749653387078 0.7684246024274508 0.365788773470931 0.7663328873067847 0.36491722550398686 0.7528529454180479 0.36055948566926593 0.7377461139910152 0.35986224729571054
28 0.6001605514785553 0.3955281522880221 0.5948835467235615 0.39255983711333814 0.5888736246414851 0.39233996191521336 0.5912189600881491 0.3955281522880221 0.5954698805852274 0.3983865298636438
28 0.6097872161326232 0.379834404760495 0.6011387916730498 0.373018273618628 0.6061226294972107 0.36917045765144496 0.613305219302619 0.36686176807113513 0.615650554749283 0.3686207696561331 0.6204878091080274 0.3723586480242538 0.6172629728688644 0.3755468383970626
28 0.6165878713952503 0.6193740024998581 0.5977104116660706 0.6190328435890896 0.5872482050691761 0.6168153106690957 0.5847463730568752 0.6106744502752662 0.5817896624968831 0.6006102624076012 0.5817896624968831 0.5990750473091438 0.5917969905460867 0.5989044678537597 0.6181799463121691 0.6014631596845221 0.6302342278259825 0.6021454775060586 0.6272775172659905 0.6082863378998881 0.6283717776175609 0.6110436835257961 0.6297373202132487 0.6125405282941462 0.6280566524031714 0.6143524982768858 0.6259558176405747 0.6152978739200542 0.6382457010017649 0.6168734999920017 0.6401364522881019 0.6183703447603519 0.6381406592636351 0.621994284725831 0.6355146158103894 0.6195520643143124 0.6235398576635887 0.6198671895287019 0.623960024616108 0.6208913464754677 0.6324684054046242 0.6204186586538835 0.6347793236434806 0.624515286440947 0.6294221949988592 0.6273514133704523 0.6197462549660032 0.6301716474753888 0.6135487924163431 0.6289899279214282 0.6089269559386306 0.6311958044221546 0.602414368174581 0.6343470565660496 0.5974774064824789 0.6314321483329467 0.5878135665745345 0.6301716474753888 0.5878135665745345 0.6270203953314939 0.5983177403875176 0.624105487098391
28 0.6294606284216004 0.6077123358799132 0.6296731439004799 0.6105812948447854 0.6317982986892741 0.6108469391933847 0.638811309492295 0.6085092689257111 0.6405822718162902 0.6076592070101934 0.640298917844451 0.6054809233516794 0.6391655019570941 0.6028244798656865 0.6360486082668625 0.603408897432605 0.6345609999147065 0.6060122120488779
28 0.6366255362297927 0.6110882595177819 0.6457637018216079 0.6075286252465515 0.6528475511175887 0.6049784394999984 0.6611356547938861 0.6066785633310339 0.6633316480756403 0.6068910788099133 0.6574520531599761 0.6034377022781227 0.6575228916529361 0.6017375784470873 0.6554685753571016 0.5994530370491334 0.655681090835981 0.5975403977392186 0.660073077399489 0.5953621140807046 0.6647484179348365 0.5939276345982685 0.6624107476671627 0.5910055467636763 0.6614898472586852 0.5916962220700345 0.6588688230191724 0.5942995366863074 0.6556102523430212 0.5964778203448216 0.653839290019026 0.5988154906124952 0.6512182657795131 0.6020032227956865 0.6493764649625582 0.6026407692323248 0.644630285934251 0.6016844495773674 0.6422217771736175 0.5994530370491334 0.6430718390891351 0.5934494747707897 0.645338670863849 0.5873396547530063 0.643496870046894 0.5785202623795103 0.6413717152580998 0.5756513034146381 0.6375464366382702 0.5750137569779998 0.6337211580184406 0.5724104423617269 0.6271370709604366 0.564038582983224 0.6193299226468619 0.5545863569892886 0.6182146157449226 0.5524115085305072 0.6110766515725116 0.5516586763716982 0.6049424636118457 0.5521605644775709 0.6023772577373854 0.5498184199834986 0.6027118498079672 0.5450504829777083 0.6068384853451424 0.5437957627130267 0.6024887884275794 0.5418718583071813 0.6011504201452522 0.5405334900248543 0.5966891925374953 0.5402825459719179 0.5907780659572174 0.5384422895837182 0.5885474521533388 0.5347617768073187 0.5868744918004299 0.5297428957485921 0.5864283690396542 0.5268988631486471 0.5903319431964417 0.5266479190957107 0.6002581746237008 0.5243894226192838 0.6102959367411541 0.5205416138075933 0.6152032871096867 0.5212944459664024 0.6172108395331775 0.5253095508133836 0.6191068612664742 0.526146030989838 0.628140847172182 0.5222982221781476 0.6366171796269202 0.5245567186545745 0.6424167755170042 0.5289064155721376 0.6495547396894154 0.5329215204191188 0.6626038304421046 0.5402825459719179 0.6658382204577283 0.542373746413054 0.6667304659792798 0.5435448186600903 0.6636076066538499 0.5452177790129991 0.6641652601048195 0.5491492358423349 0.6639421987244316 0.5536662287951888 0.6579195414539598 0.5593542939950791 0.6516738228031 0.5596052380480153 0.6485509634776702 0.560107126153888 0.6468780031247613 0.5628675107361877 0.6454281041522403 0.5655442473008419 0.6446473893208826 0.5678027437772688 0.648662494167864 0.5676354477419779 0.650112393140385 0.5692247600772413 0.6503354545207729 0.5723197367301227 0.6537929059167847 0.5744945851889042 0.6568042345520204 0.5713996085360229 0.6643883214852073 0.5715669045713138 0.666284343218504 0.5671335596361052 0.6723070004889761 0.5610272543479878 0.6789988419006114 0.562198326595024 0.6855791526220529 0.563703990912642 0.6938324236964034 0.5605253662421152 0.6950592612885367 0.5561756693245521 0.6953938533591182 0.5494838279129167 0.697401405782609 0.5416209142542451 0.7005242651080388 0.5412863221836633 0.7111196806764617 0.5445485948718356 0.7173653993273215 0.5483127556658806 0.7204882586527513 0.5501530120540803 0.7245033634997325 0.5501530120540803 0.7309721435309801 0.5457196671188718 0.7406753135778517 0.5436284666777357 0.7473671549894871 0.5437121146953812 0.7480363391306507 0.5413699702013087 0.7435751115228936 0.5391114737248818 0.7431289887621179 0.5376894574249093 0.7493747074129777 0.5361837931072913 0.7556204260638375 0.5337580005955734 0.7636506357578001 0.5332561124897007 0.7691156395773023 0.5293246556603649 0.7720154375223445 0.5294083036780104 0.7705655385498233 0.5350127208602551 0.7659927802518725 0.5363510891425821 0.7614200219539217 0.5407844340777906 0.7556204260638375 0.5468907393659079 0.7512707291462745 0.5499020680011439 0.7480363391306507 0.5515750283540528 0.7455826639463844 0.5565102613951339 0.7425713353111485 0.5577649816598156 0.741567559099403 0.5601907741715334 0.7425713353111485 0.5611945503832787 0.7437981729032814 0.5630348067714785 0.7431289887621179 0.5662134314420053 0.7417906204797908 0.5684719279184323 0.7440212342836695 0.5703121843066321 0.7425713353111485 0.5736581050124498 0.7385562304641671 0.5754147133830041 0.7347641869975735 0.5756656574359404 0.7281838762761322 0.581437370653476 0.725507139711478 0.5837795151475483 0.7201536665821697 0.5851178834298755 0.7197075438213939 0.5908059486297657 0.716584684495964 0.5929807970885472 0.7143540706920856 0.5959084777061378 0.7117888648176254 0.5973304940061103 0.7151347855234431 0.602014782994255 0.7159155003548004 0.6039386874001003 0.712123456888207 0.6082883843176633 0.7006357957982329 0.6091248644941177 0.6963976295708636 0.6078701442294361 0.6919364019631067 0.604440575505973 0.6898173188494221 0.6093758085470541 0.6956169147395062 0.6120525451117083 0.7110081499862677 0.616151297976335 0.7270685693741928 0.6189116825586346 0.7477017470600689 0.6233450274938431 0.7465864401581297 0.6258544680232064 0.7450250104954147 0.6282802605349244 0.7426828660013424 0.6299532208878331 0.7501554222443352 0.630287812958415 0.7547281805422863 0.6312079411525148 0.7559550181344192 0.6352230459994961 0.7364371473504825 0.6366450622994686 0.7316413276721437 0.6357249341053687 0.7220496883154663 0.6330481975407146 0.7158039696646066 0.6290330926937333 0.7062123303079291 0.6302878129584149 0.6971783444022212 0.6269418922525971 0.6806718022535203 0.6210865310174162 0.6736453687713031 0.6194135706645073 0.6662843432185042 0.6174060182410167 0.6673996501204436 0.6190789785939255 0.6675111808106373 0.6216720671409343 0.6633845452734621 0.6256035239702701 0.6578080107637659 0.623679619564425 0.6486624941678641 0.6226758433526796 0.6463203496737917 0.6205009948938981 0.6551312741991118 0.615398465817526 0.6464318803639856 0.6137255054646172 0.6431974903483618 0.6142273935704898
28 0.5546261363019953 0.5107137284671571 0.5512750808671786 0.5226099752607566 0.5519452919541419 0.5273014528695001 0.555966558475922 0.5251232668368692 0.5590942102150843 0.5273014528695001 0.5593176139107388 0.5301498499890943 0.5564133658672309 0.5341711165108745 0.5528389067367596 0.5343386692826153 0.5472538143453984 0.5301498499890943 0.5461367958671262 0.5169131810215681 0.546583603258435 0.5120541506410838 0.5436793552149272 0.507865331347563 0.5477006217367073 0.5035089592823011 0.5588708065194299 0.4927855818908874 0.560434632389011 0.49680684841266753 0.5552963473889586 0.5038440648257828 0.5653495136934089 0.5102110701519346 0.560434632389011 0.5115514923258613 0.5570835769541943 0.5112163867823797
28 0.6052006115279072 0.4743418967983127 0.6045304004409439 0.47702274114616616 0.5980516932669648 0.4793684799505378 0.5922431971799491 0.4815466659831687 0.5911261787016768 0.4833897464723179 0.5828602419624621 0.48590303804843044 0.5795091865276454 0.49277270168980486 0.5752645163102108 0.5031609735377368 0.5674453869623051 0.5013178930485876 0.5678921943536139 0.49562109880939914 0.5696794239188495 0.48204932429839126 0.5694560202231951 0.4771902939179069 0.5728070756580119 0.4731690273961268 0.5725836719623575 0.46110522783078645 0.5719134608753941 0.45507332804811623 0.5678921943536139 0.4455228200588885 0.5687858091362318 0.43613986484140155 0.5694560202231951 0.42994041228699054 0.5681155980492685 0.4224005375586529 0.5694560202231951 0.42106011538472615 0.5723602682667029 0.4212276681564669 0.5743709015275931 0.42491382913476544 0.576828342179792 0.42424361804780214 0.5790623791363365 0.41452555728683343 0.5804028013102632 0.40497504929760564 0.5850942789190068 0.4039697326671606 0.5844240678320435 0.41687129609120516 0.5891155454407868 0.41988724598254024 0.5893389491364414 0.42541648744998795 0.5920197934842947 0.42742712071087796 0.6034133819626718 0.4183792710368726 0.6047538041365985 0.417038848862946 0.6009559413104728 0.41687129609120516 0.5971580784843471 0.41486066283031514 0.600062326527855 0.4115096073954983 0.6027431708757084 0.41016918522157164 0.6163707963106299 0.4051426020693465 0.6270941737020436 0.39944580783015804 0.6306686328325148 0.3950894357648963 0.6422856250065461 0.3924085914170428 0.6454132767457085 0.39358146081922873 0.6608281317458655 0.39073306369963445 0.6673068389198445 0.39073306369963445 0.6668600315285357 0.39425167190619204 0.6626153613111011 0.39492188299315534 0.6614983428328288 0.3981053856562313 0.6594877095719389 0.4001160189171214 0.6588174984849755 0.4024617577214931 0.6722217202242424 0.3986080439714538 0.6782536200069126 0.3917383803300795 0.6934450713114155 0.38202031956911087 0.7055088708767556 0.38486871668870515 0.7072961004419913 0.38671179717785437 0.7236045702247664 0.3875495610365585 0.7399130400075411 0.39073306369963445 0.7459449397902114 0.392241038645302 0.7468385545728292 0.3962623051670821 0.7450513250075936 0.39710006902578626 0.7490725915293737 0.3992782550584172 0.7530938580511537 0.4103367379933125 0.7651576576164942 0.4083261047324224 0.783476760660159 0.40430483821064234 0.8047001117473319 0.398440491199713 0.8207851778344523 0.3924085914170428 0.8337425921824103 0.38872243043874444 0.8368702439215727 0.39140327478659775 0.839551088269426 0.3976027273410088 0.8442425658781696 0.40564526038456905 0.8411149141390072 0.41150960739549836 0.8303915367475938 0.4197196932107994 0.8163171039213633 0.4311132816891764 0.8111788189213108 0.42558404022172874 0.8064873413125675 0.4187143765803544 0.8189979482692167 0.40949897413460834 0.8181043334865988 0.4083261047324224 0.8053703228342951 0.41201226571072086 0.7899554678341382 0.41620108500424186 0.7743172091383265 0.42022235152602183 0.7664980797904206 0.42273564310213446 0.770072538920892 0.4265893568521738 0.7694023278339286 0.4304430706022131 0.7618066021816773 0.4324537038631031 0.7624768132686406 0.4351345482109565 0.7635938317469129 0.4383180508740324 0.7687321167469654 0.4455228200588885 0.7698491352252375 0.45038185043937273 0.7653810613121484 0.45524088081985714 0.760689583703405 0.4594297001133781 0.7535406654424627 0.4542355641894121 0.749295995225028 0.456413750222043 0.7459449397902113 0.45741906685248795 0.7454981323989024 0.46043501674382303 0.7356683697901064 0.45993235842860053 0.735891773485761 0.4624456500047131 0.7394662326162321 0.46730468038519746 0.7470619582684834 0.4795360327222787 0.7504130137033003 0.4860705908201713 0.7635938317469129 0.4771902939179069 0.7734235943557087 0.4771902939179069 0.7814661273992689 0.48104400766794614 0.7807959163123056 0.484395063102763 0.7694023278339286 0.4899243045702106 0.7595725652251327 0.4939455710919907 0.7506364173989547 0.49126472674413735 0.751753435877227 0.49562109880939914 0.7396896363118867 0.49980991810292 0.7345513513118344 0.5006476819616242 0.7296364700074364 0.5021556569072918 0.7220407443551851 0.5031609735377368 0.7282960478335095 0.5068471345160354 0.7325407180509442 0.512376375983483 0.7399130400075411 0.5174029591357081 0.7381258104423055 0.5219268839727107 0.7354449660944522 0.5251103866357866 0.7240513776160751 0.5237699644618599 0.7158915895022401 0.5234391487380223 0.7134994207234641 0.5253329490212199 0.7107085571482255 0.5285225073929211 0.706721609183599 0.5260306649150295 0.707917693572987 0.5212463273574778 0.7041965421393356 0.5198508955698585 0.6992793063162963 0.5266287071097235 0.7019372716260474 0.5306156550743499 0.7027660278981555 0.5322575532776309 0.6982474868715788 0.535148090551985 0.6914696753317138 0.5321578795785152 0.6815023054201477 0.5294666897023923 0.6711362407121189 0.5290679949059297 0.6715349355085815 0.5350484168528693 0.6663519031545672 0.5322575532776309 0.6617004638625029 0.5288686475076982 0.6659532083581046 0.5275728894191948 0.6613017690660403 0.5268751735253852 0.6578464141633641 0.5274732157200791 0.6550555505881256 0.5272738683218477 0.656118736712026 0.5210940989766768 0.6583780072253143 0.5161104140208937 0.6619662603934781 0.5161104140208937 0.6647571239687167 0.5192002986934793 0.6660861066235921 0.5227885518616431 0.6683453771368805 0.5228882255607586 0.6739271042873574 0.517206824711166 0.675521883473208 0.5134192241447708 0.6841602707298986 0.5038505490296674 0.6865524395086746 0.5035515279323205 0.6828312880750231 0.5008603380561976 0.675521883473208 0.4963750215959928 0.6759205782696707 0.49497958980837353 0.6809707123581974 0.49228839993225065 0.6896090996148881 0.4931854632242916 0.7070187723937569 0.4963750215959928 0.7119360082167961 0.49806947448095906 0.7110057203583834 0.4914910103393254 0.7153913631194723 0.48899916786143377 0.7071516706592444 0.47992886124190876 0.6979816903406036 0.47673930287020755 0.6892104048184254 0.47404811299408467 0.6824325932785604 0.47095822832149925 0.6807049158272224 0.467469648852451 0.6732626129599197 0.4691641017374173 0.6630294465173783 0.46966247023299557 0.6565174315084886 0.47474582888789435 0.65372656793325 0.4776363661622484 0.6601056846766524 0.47893212425075204 0.6636939378448161 0.4816233141268749 0.6700730545882184 0.48222135632156893 0.6706046476501687 0.48471319879946045 0.6614346673315278 0.48860047306497123 0.6567832280394638 0.49139133664020973 0.6492080269066733 0.4897965574543591 0.6434934014907089 0.4852115672950388 0.6387090639331571 0.4852115672950388 0.6319312523932921 0.48222135632156893 0.6375129795437692 0.49208905253401936 0.6296719818800037 0.49896653777299993 0.6384432674021819 0.4979698007818434 0.641101232711933 0.49846816927742166 0.6422973171013209 0.5019567487464699 0.6426960118977837 0.5112264027642263 0.6453539772075345 0.5127215082509613 0.6409683344464454 0.5163097614191251 0.6371142847473065 0.5163097614191251 0.6317983541278046 0.5183032354014382 0.6214322894197758 0.5156120455253154 0.6175782397206369 0.5048472860208241 0.6161163588002738 0.49936523256946264 0.6111991229772346 0.48870014676408696 0.6121294108356474 0.48830145196762426 0.6133254952250353 0.4851118935959231 0.6223625772781886 0.4797295138436774 0.6259508304463524 0.47843375575517383 0.6211664928888007 0.474247460392316 0.6182427310480747 0.4734500707993908 0.6098701403223591 0.47345007079939067
28 0.792514080314862 0.46434000876247333 0.7872535834835659 0.46039463613900145 0.7840163546643069 0.4620638322489318 0.7783512042306036 0.46570571467059824 0.7826000670558811 0.47238249911032004 0.7866466030799549 0.47147202850490344 0.7913001195076397 0.46995457749587577 0.7939303679232879 0.46904410689045917
28 0.8596865783144879 0.49438553874122154 0.8517958330675438 0.49726869565837417 0.8428934538145814 0.4995448721719157 0.8414771662061555 0.5045524605017071 0.8485586042482848 0.5071321272170541 0.858270290706062 0.5095600488314985 0.8617098463265248 0.5101670292351095 0.8685889575674505 0.5080425978224707 0.8704098987782836 0.5051594409053182 0.8732424739951352 0.5024280290890684 0.8669703431578207 0.49726869565837417 0.862923807133747 0.4969652054565687 0.8643400947421728 0.49544775444754097 0.8641377679409691 0.49210936222768004 0.8702075719770798 0.48846747980601357 0.865554055549395 0.4843703620816388 0.8572586567000435 0.4808802247608751 0.8483562774470811 0.47981800905455574 0.8453213754290257 0.4828529110726112 0.8428934538145814 0.48710177389788867 0.8493679114530995 0.4883157347051108
14 0.21917683272317676 0.5567878549578429 0.2013577309122218 0.5586804094674361 0.18995133921892834 0.5623467496545662 0.1769154629980215 0.5609500486308976 0.17156144240729188 0.5550140692803062 0.16830247335206516 0.5445388116027917 0.16969917437573376 0.5305718013661057 0.17319092693490526 0.52271535810797 0.17831216402169006 0.5171285540132956 0.1927447412662655 0.5150335024777927 0.21672144217257633 0.5132876261982069 0.22323938028302975 0.5017648427529412 0.22510164831458787 0.4975747396819354 0.22527244804529287 0.4845199239747607 0.2244032978027536 0.47348164702365203 0.23697360701577083 0.47435458516344503 0.25689863527797796 0.4751810354733081 0.272039893663261 0.476861828790992 0.27562117833933425 0.48626270106568437 0.2801666550435811 0.500932194065754 0.28471213174782806 0.5099198411855149 0.28484987346613855 0.5116760480939739 0.2819572973816178 0.5145686241784947 0.2880179329872803 0.5176678128404811 0.28925760845207493 0.5263455410940434 0.2911859925084221 0.5474200239955518 0.29504276062111645 0.5666349936998681 0.29669566124084257 0.5743829653548344 0.29559372749435847 0.5794449735027457 0.283885681437965 0.582647468453465 0.2677699003956351 0.5861598822703832 0.2462821923391952 0.585436738249253 0.22906447755038123 0.5844036753619242 0.22190190819823463 0.5837838376295268 0.21900933211371387 0.580064811235143 0.22107545788837157 0.5735565150449713 0.22231513335316616 0.5630192735942171 0.22410577569120282 0.5556845270941824
20 0.2425498991366833 0.44077012920766584 0.23244365333932152 0.44054044180318036 0.20549366454635667 0.43319044485964464 0.20181866607458876 0.434338881882072 0.20549366454635667 0.4419185662300933 0.20488116480106203 0.4449045024884049 0.19416241925840555 0.44559356470186123 0.18926242129604834 0.4375545055448689 0.190793670659285 0.42446232348919566 0.1914061704045796 0.41022170441109496 0.1877311719328117 0.40264202006307365 0.1834436737157491 0.38587483953563245 0.17701242639015524 0.3753092189292997 0.17394992766368195 0.36244672427811186 0.16935617957397206 0.33809985940264936 0.16690618059279344 0.32431861513351967 0.16506868135690947 0.30824049681953497 0.1623124325030835 0.2992826880446007 0.15802493428602093 0.28802800522481137 0.16016868339455223 0.2873389430113549 0.18099367473457048 0.2884873800337823 0.20794366352753532 0.2903248792696663 0.22417490677784366 0.29009519186518085 0.23458740244785278 0.29606706438180375 0.23918115053756267 0.29606706438180375 0.23918115053756267 0.2912436288876083 0.27103113729288475 0.2919326911010648 0.3001248751943808 0.2914733162920938 0.33655510640883457 0.287462226482709 0.3393248588932387 0.28940612965172435 0.34903808083708676 0.2883573447471391 0.3574283600737683 0.2874250914986189 0.3650417616033498 0.2874250914986189 0.37187828542583096 0.3015254218824865 0.3650417616033498 0.30432218162804703 0.355719229118148 0.3124793975525985 0.3545669855205049 0.3215108390833938 0.3562761164761252 0.33106643488072557 0.3568976186418053 0.34819658832228373 0.360471256094466 0.36637552666842693 0.3612481338015661 0.3768633757142789 0.3612481338015661 0.3853701866070255 0.3617142604258262 0.40203421342432355 0.36062663163588593 0.41147327756559016 0.35782987189032556 0.41671720208851615 0.3541008588962448 0.42860343100714826 0.3612481338015661 0.4304679375041887 0.3683954087068874 0.43338122890581426 0.3683954087068874 0.43559533037104964 0.35782987189032556 0.44060619158184555 0.33172678093176067 0.4423541664228208 0.3130817159613573 0.4415384448303657 0.29459202653237393 0.4415384448303657 0.2660029269110887 0.44083925489397563
11 0.33637637707390033 0.2863615334451818 0.33663740863977426 0.2833270414918976 0.34590402922829794 0.27892213381777536 0.34733970284060445 0.27813903912015364 0.3432937135695589 0.27314681042281513 0.343032682003685 0.26883978958589566 0.3510874561004069 0.2632177052381025 0.35278416127858736 0.25979166593600744 0.3585268557278134 0.2546036635642635 0.36348645547941755 0.25127551109937113 0.38019247569534786 0.24931777435531685 0.38280279135408685 0.2507860769133576 0.38828445423743896 0.25059030323895215 0.390894769896178 0.24853467965769516 0.39415766446960193 0.24814313230888427 0.39950881157001705 0.2504924164017494 0.40368531662399953 0.25147128477377656 0.4038158324069364 0.2529395873318173 0.4085144005926668 0.25313536100622275 0.4095585268561625 0.250296642727344 0.4176505053982536 0.2507860769133576 0.42456784189391217 0.2538205688666418 0.42887486273083175 0.2552888714246825 0.4347480729629947 0.2608684211452373 0.4391856095828511 0.2810331096089967 0.43683632548998597 0.28485069625990267 0.4228711367157318 0.2912133406780792 0.4047294428874952 0.2971844377474448 0.3842384649663934 0.30090413756114803 0.3736666865485001 0.3021766664447833 0.3724920445020675 0.29698866407303937 0.36896811836276977 0.2935626247709443 0.365705223789346 0.28661265932955154 0.3552639611543895 0.28661265932955154 0.3418208355118832 0.28827673556199773 0.3393410356360811 0.2884725092364031
32 0.5173911593799948 0.3554932114311447 0.5079151308199216 0.35492464971754034 0.49483821140702067 0.35222398157791945 0.4916163616965958 0.3412791685910349 0.4840355388485373 0.3367306748821999 0.4726643045764494 0.33616211316859546 0.45617601488192216 0.32621228318051865 0.45238560345789286 0.32095308732967803 0.44442573946743136 0.29764205707189806 0.44006676632979774 0.28285945251818395 0.44006676632979774 0.2795902226649587 0.436086834334567 0.261111966972816 0.4309697789121276 0.2547156476947666 0.4228203943504646 0.2505935752711348 0.41448148921760014 0.22870394929736582 0.40386833723031834 0.20198154875795943 0.3938237469566407 0.17966550149898716 0.38813812982059676 0.16815212679849825 0.38719052696458944 0.1537959435299874 0.38794860924939534 0.13716551340705901 0.39704559666706557 0.11826083642971309 0.410312036651168 0.09964044030916931 0.42414703834887474 0.08869562732228481 0.4453733423234388 0.07647155047979043 0.4677367697252114 0.06723242263371909 0.524403420514449 0.07035951205854324 0.5742473307404338 0.07306018019816408 0.6146152124063454 0.07490800576737836 0.627881652390448 0.08229930804423542 0.6462651477969898 0.09295984017431773 0.6642696020611286 0.10788458515643295 0.6750722746196122 0.12522571742136684 0.6818950151828649 0.13759193469226236 0.6854959060356927 0.14967387110635563 0.6851168648932897 0.16047654366483902 0.6839797414660809 0.17568556950375647 0.6745037129060079 0.1947323869095035 0.6654067254883373 0.21377920431525052 0.6555516557858616 0.23296816214939875 0.6477813123666014 0.250877856127937 0.6432328186577664 0.25855343926159624 0.6331882283840888 0.26992467353368405 0.6225750763968069 0.2940885463618706 0.614804732977547 0.3112875381984034 0.6047601427038694 0.32976579389054606 0.5867556884397304 0.3304764960325515 0.5643922610379578 0.33005007474734815 0.5312261610777016 0.32976579389054606 0.5247824616568519 0.3336035854573758 0.5217501325176284 0.34241629201824375
