23 0.68538940065757 0.37341841262803416 0.6735083276234193 0.3661783837478485 0.6593995533953654 0.35114140068900146 0.6542015839429243 0.3372182682271061 0.6590282698630482 0.32078897192206957 0.6642262393154891 0.30185351177389186 0.6679390746386611 0.2915503937520893 0.6720231934941503 0.2879303793119965 0.6794488641404947 0.2868165287150448 0.6876171018514732 0.2887657672597102 0.7147207997106296 0.29349963229675463 0.742195781102103 0.2982334973337991 0.7589035400563777 0.30435967561703303 0.7692994789612597 0.3107643165495049 0.7811805519954104 0.3244089863621624 0.7856359543832167 0.3388890441225335 0.7845221037862652 0.34724292359967085 0.7822944025923618 0.35364756453214263 0.7752400154783349 0.3639506825539452 0.7715271801551628 0.3664568463970864 0.764844076573453 0.3664568463970864 0.7566758388624745 0.3667353090463243 0.7455373328929581 0.37063378613565506 0.7299434245356351 0.3717476367326067 0.716948500904533 0.3725830246803204 0.7061812784673339 0.37174763673260663 0.6965279066270863 0.37174763673260663
14 0.4216585553407135 0.7899426794485733 0.4140785737021663 0.7632232441726943 0.41066758196482 0.7558327620751107 0.39512861960579815 0.7643602414184764 0.3837586471479772 0.7686239810901593 0.3826216499021951 0.7652129893528129 0.3917176278684519 0.7555485127636651 0.39816061226121696 0.747305282731745 0.40574059389976425 0.728260578864895 0.428480538815406 0.7208700967673114 0.4489464892394836 0.7168906064070741 0.4697914387454885 0.7154693598498466 0.4804034130394546 0.7194488502100836 0.5012483625454597 0.7279763295534495 0.5031433579550965 0.7410517978799435 0.5069333487743701 0.7589595045010114 0.5107233395936438 0.7734562193847332 0.5122393359213532 0.7780042083678613 0.5122393359213532 0.7814152001052076 0.4906363882514935 0.784826191842554 0.45122048373104773 0.7896584301371277 0.4307545333069702 0.7927851725630285 0.4239325498322777 0.7939221698088106
20 0.2303521967414615 0.722467518336879 0.20232116427450209 0.7213894017035346 0.20052430321892778 0.7189636392785091 0.20052969380209448 0.6816392414321194 0.19909220495763502 0.6492957424317816 0.19873283274652015 0.6296201138732427 0.20592027696881743 0.6080577812063509 0.19981094937986474 0.5983547315062495 0.2012484382243242 0.5964680273978964 0.23395130943577688 0.5932336774978626 0.27707597476956064 0.5913469733895096 0.3176850346255403 0.5878430943311397 0.3777001938817227 0.5859563902227867 0.39222058873916843 0.586779190585731 0.39019294394312665 0.5990115505078115 0.38981462121476385 0.6098551504056862 0.3975374024119434 0.6173268448180169 0.4172595628802299 0.6212378086202334 0.4424041098246019 0.61817654652555 0.4580973739016325 0.620366787580796 0.47459262715346456 0.6200008170694745 0.4772462963605403 0.6285419972398981 0.4610745468603713 0.6347411678816296 0.4639495245492903 0.6487566841151093 0.46574638560486453 0.6708580750986735 0.4711369687715875 0.6970024034572798 0.47185571319381725 0.7112874488490957 0.44957463610469567 0.713713211274121 0.4413090752490538 0.7161389736991464 0.42118423142662137 0.7075140406323897 0.3913563379040875 0.7058968656823726 0.35901283890374974 0.7077835697907259 0.34176297277023626 0.7104788613740873 0.30402889060317545 0.7123655654824403 0.2587479920027025 0.713713211274121 0.24581059240256742 0.7147913279074658 0.23934189260249986 0.7147913279074658 0.23431068164689176 0.7177561486491633
26 0.6981287215569728 0.7306380715103216 0.6984956957371066 0.7281609957944193 0.7201707923671683 0.728908266412011 0.724407031583871 0.724407031583871 0.7308806404726655 0.7085136506081604 0.7383699094549854 0.6884222463190524 0.7461472272443176 0.667250659003648 0.751332105770539 0.6523441332407613 0.7579572283318221 0.6391659003199485 0.7565169842967605 0.6350612048200233 0.7536364962266375 0.6318206557411348 0.7144618584729643 0.6251235209780989 0.6698142933860575 0.6173462031887667 0.6623250244037376 0.6173462031887667 0.6444659983689749 0.618642422820322 0.6401452662637904 0.620586752267655 0.6381289246147042 0.6231791915307658 0.6306396556323843 0.6432705958198739 0.6219981914220153 0.6681148054246848 0.6153730688607324 0.690150539161126 0.6119164831765846 0.6936071248452736 0.6161419638214621 0.706949081456463 0.6209930361289066 0.7179623266949853 0.6365393527741139 0.7209742329361178 0.6604013841242455 0.7247108697134736 0.6910811387172718 0.7300208272391897
16 0.5246863664171513 0.7884634920638789 0.5151267501628044 0.7628573770968784 0.5056398613355827 0.7372888379672259 0.5027719764592788 0.7275373021135205 0.49874853357420756 0.7172136438330976 0.4955162034797538 0.7094560516064087 0.4971323685269806 0.7040014945720181 0.5024657131828293 0.6997590613230474 0.5171728151125937 0.6969711766165811 0.5504658150854669 0.6924863186105266 0.5873143781622392 0.687152973954678 0.5994356160164406 0.6848499387623798 0.6062235092147933 0.6841226644911277 0.6091326062998017 0.6858196377907159 0.6117184703753646 0.6892135843898921 0.6125265528989781 0.6910317700680224 0.6115896892404076 0.6937916391481628 0.611967953316093 0.6952829085765825 0.6139254265674408 0.7039176836754555 0.6166813428555225 0.7114706972406887 0.6193084780086472 0.7188112219332429 0.6225798192007204 0.7201981722294186 0.6280614651784857 0.7345030155001624 0.6368471169510687 0.7587198761553586 0.6418782166840861 0.7752774506498419 0.6416529435617122 0.7786002292048569 0.6395503944195555 0.7829367368105548 0.6357958423799902 0.7860342422431963 0.6312903799325119 0.7878927455027811 0.6237812758533814 0.7889064745534636 0.6098143422661984 0.7911028874966093 0.5875873941919717 0.7943130294904378 0.5618311672005537 0.7974668532036726 0.5444100457369706 0.8000011758303791 0.5363753043723007 0.7983679456931683 0.5297672927826658 0.7958336230664618 0.5272892884365528 0.7934682552815356 0.5252618303351875 0.7907649778130482
32 0.5256600534365321 0.36435166448480705 0.47624935535304075 0.3488134486573319 0.4502595080908361 0.31068548591552614 0.434687335528303 0.2643253147381369 0.42526244586178924 0.24012048445822645 0.41383833717510593 0.20841858285268006 0.4029854339227567 0.18035811589101403 0.3995582013167516 0.16429296305036548 0.39971267925788995 0.1538166011960824 0.4013145350563995 0.14180268270726062 0.4054793601325244 0.13099015606732106 0.41124604100715884 0.12401213098529303 0.4842906654191948 0.12306096986469876 0.589937898812043 0.12085006763903512 0.6733481415746713 0.1197126552377266 0.6782769286470082 0.12397795174263368 0.6869970903903738 0.13776907710850006 0.690598896327851 0.15568332242910998 0.6904093275942996 0.16990097744546703 0.6860492467226167 0.19065875376934838 0.6832057157193454 0.201037641931289 0.6746751227095311 0.2183831810512446 0.65590781808794 0.2539273185921373 0.6469980876110227 0.26515926605505946 0.6405527506702743 0.2789503914209258 0.6295577641242912 0.3036891111493871 0.6185627775783085 0.3284278308778484 0.5906961737462487 0.3508917258036925 0.5850091117397058 0.3582849064121983 0.5444414027597003 0.362976732567596 0.5353421035492317 0.3639719684187411
12 0.7304192316223289 0.581955241453103 0.7248499786375707 0.5783352270130102 0.7129689056034201 0.5708167354835867 0.7051719514247585 0.5610705427602598 0.6999666050980913 0.5569583168007662 0.6981175643107317 0.5493751114922677 0.6915608195550714 0.5416413367266313 0.7027248076150994 0.5339117213405377 0.7129744514428106 0.5258238263740095 0.7151966067973234 0.5234780851131423 0.709256070280248 0.5167949815314324 0.7151966067973234 0.5045426249649646 0.7307905151546461 0.5023149237710614 0.7519536764967272 0.5042641623157267 0.7597506306753885 0.4986949093309686 0.7705178531125876 0.4992518346294444 0.7794286578882007 0.5000872225771581 0.788710746196131 0.49953029727868237 0.7950225662455235 0.49953029727868237 0.7987354015686957 0.5023149237710614 0.8039333710211366 0.5012010731741098 0.8132154593290669 0.4998087599279202 0.8228688311693145 0.5039856996664888 0.8316751123905509 0.5137635878439396 0.8346453806490886 0.5237882432165042 0.8346453806490886 0.530749809447452 0.8313038288582336 0.5382683009768754 0.8272197100027444 0.5491283442971537 0.816081204033228 0.5588745370204806 0.8042001309990774 0.5700130429899969 0.7926903414972437 0.5725192068331381 0.7904626403033406 0.5766961465717066 0.7871210885124856 0.5803161610117994 0.773754881349066 0.5861638766457955 0.7633589424441841 0.5900623537351263 0.7514778694100335 0.590619279033602 0.7358839610527106 0.5892269657874125
15 0.7874349200098226 0.48336081136086795 0.769755370836075 0.48306831881939055 0.769755370836075 0.4782909406419256 0.7767751918315338 0.47400105003358983 0.7810650824398695 0.4648362837339633 0.7822350526057792 0.4556715174343368 0.7863949465290141 0.4537215671578205 0.7934147675244726 0.4489441889803556 0.7957547078562921 0.45118663179834934 0.8022545421113463 0.452941587047214 0.806024445979278 0.4542090547269494 0.8079743962557941 0.4551840298652078 0.80961935480956 0.4573608373568938 0.8090993680691558 0.4623332105620104 0.8088393746989536 0.46662310117034606 0.803509510609809 0.47130298183398517 0.7971396730398559 0.47637285255292755 0.7911598255252059 0.48115023073039237
15 0.7512012459854506 0.46021751007423334 0.7499333155110919 0.45704768388833655 0.7533144634427152 0.455652960366542 0.7534835208392964 0.45476540903449086 0.7516238894769035 0.4530537028941066 0.7513703033820317 0.45121520370628654 0.7518774755717752 0.4498838767082098 0.7601612880042523 0.44944010104218424 0.7635424359358756 0.44963029061333804 0.7652330099016872 0.4498838767082098 0.7603303454008334 0.45438502989218327 0.7544978652187833 0.4583790108864132
15 0.5758461228988481 0.4904154804045302 0.5658517477968371 0.4966353840584414 0.5552194338585275 0.5011009559125315 0.543736534805153 0.5039716806758751 0.5231098457648323 0.4988681699854864 0.5171557499593791 0.49169135807712744 0.5126901781052889 0.4849930002959924 0.5129028243840552 0.4774972189694841 0.5150292871717171 0.4704798917701997 0.5175810425169114 0.4644194728253633 0.5220466143710014 0.4572426609170044 0.5239604308798972 0.45182018080846637 0.5318283431942463 0.4499063642995707 0.5560700189735922 0.447992547790675 0.5594723594338512 0.45070378784494397 0.5698920270933946 0.4593159621349747 0.5758461228988481 0.46410050340721404 0.5788231708015747 0.46282462573461686 0.5835013889344309 0.4451218230273314 0.6151856844705935 0.43300098513765856 0.6411285304800688 0.44432439948195823 0.6464446874492237 0.44416491477288356 0.6575022939450657 0.4542124514445861 0.6619678657991557 0.4575616303351536 0.6577149402238318 0.4593159621349747 0.6525578603315342 0.4605753614147817 0.651169200689442 0.4648682479767554 0.6578700042638818 0.46732520928738325 0.6617415796624467 0.4655383283341994 0.6634540072425815 0.4632488871129325 0.6638262741078281 0.46185288636825755 0.6630817403773349 0.4595634451469906 0.6594819028824639 0.45864519953889543 0.6619908668306855 0.45760707153465907 0.6672588389369042 0.4604542423085631 0.6684483306956805 0.4618089412560583 0.6693294357021814 0.46293235013934697 0.6683161649447054 0.4653774165323871 0.6654966289239023 0.4684172288048154 0.6625909648887136 0.4750367504424054 0.6581744677519891 0.48385117275794903 0.6519663284254836 0.4808829656471652 0.6512079596623324 0.47836512523000574 0.6467648494249378 0.474945099586748 0.6378786289501489 0.47038506539573804 0.6348386061561421 0.4688504385045327 0.629927800104285 0.4685435131262915 0.6283493267304738 0.4661319565829689 0.6253677659132749 0.46639503547860406 0.6236139066090401 0.46828043423065635 0.6192292583484537 0.4737173980737838 0.6175338610210268 0.4756904897910478 0.6173584750906034 0.47775127447352356 0.6187615625339911 0.48226746218192784 0.6205738838150335 0.48340747072968043 0.6215092754439587 0.4833636242470746 0.6245492982379655 0.4821359227341102 0.6270047012638941 0.48007513805163454 0.6272970111479331 0.47849666467782337 0.6272970111479331 0.477312809647465 0.628641636614513 0.4756027968258361 0.629343180336207 0.4742874023476601 0.6307462677795946 0.47503279255195985 0.6326170510374449 0.4766989588909827 0.635247839993797 0.47849666467782337 0.6384632487182271 0.4797243661907876 0.6423217391875434 0.4815220719776281 0.6473494691930161 0.4819605368036867 0.6495710243117133 0.4816097649428398 0.6517341174536029 0.48086437473854 0.6579812487263915 0.48407523879702713 0.6564454647232414 0.48758290234670704 0.6538288639197991 0.49026836106602933 0.6450150506871516 0.49147337459393037 0.6364766691180241 0.4916455193836305 0.6328042469377542 0.49281610395359154 0.6309680358476193 0.49426212018707283 0.6185736109892084 0.49453755185059306 0.6138453674321109 0.4916455193836305 0.607969491943679 0.48782390505228723 0.6002901948488647 0.48371210378973495 0.5908009182509174 0.47949701565336267 0.584969472962936 0.47635827261623703 0.5830482448091617 0.474109029899623 0.5807052836460221 0.4741441743170702 0.5805647059762338 0.4769557277128376 0.5801429729668687 0.4788183818375336 0.5796954509839807 0.4826031403834788 0.5794142956444039 0.4839386282464683 0.5777701356223781 0.48539733255858925 0.5769974488126356 0.48641838298574913
27 0.6270222698869364 0.4771711353948849 0.6269521099427993 0.4799901761959826 0.6247440304826508 0.48180649962287886 0.6217880531408391 0.4831153209157895 0.6207908559652883 0.48322216347031277 0.6189033041687098 0.48218044856371045 0.6175499651447478 0.4778800357441471 0.6178348786234766 0.47576989529231173 0.625456314179473 0.466554724964676 0.6282698347819201 0.4662609079397369 0.6297300163604054 0.4686381547778807 0.634751616423001 0.46903881435734307 0.6466823683447713 0.47507541868791026 0.6508848421560216 0.4783074059622405 0.6515258974831614 0.4806846528003841 0.6512409840044326 0.48081820599353825 0.6474658804112754 0.4818866315387714 0.6421593668699509 0.48129899748889315 0.6353570575652999 0.4783341166008712 0.6309052844601619 0.47480831230160186 0.6290889610332656 0.4741138356972004
27 0.6577829091814419 0.4671078575130796 0.6515059077128451 0.4647078275397927 0.6528187446213098 0.4608000864294407 0.6578649614882208 0.45956930182775513 0.6595880599305807 0.45880006145170155 0.6628701522017424 0.4596923802879236 0.6634034921958062 0.46172317488070497 0.6617214199068359 0.46520014138046684
12 0.4750216843934522 0.5169508258769916 0.4554372264591345 0.5182323591981969 0.4486023820793726 0.5157678720420327 0.4388758727697114 0.5150778156383068 0.4395330693446885 0.5119232720784166 0.4409789018096381 0.5059099234173762 0.4475508675594092 0.5046283900961708 0.4526770008442306 0.5030511183162257 0.45096828974929015 0.49999515424258223 0.4551743478291436 0.49979799527008906 0.46082623837394676 0.49486902095776075 0.46082623837394676 0.4917144773978706 0.45228268289924434 0.4917144773978706 0.4517569256392627 0.4875741389755149 0.46187775289391014 0.4845181749018713 0.4578031341290521 0.47308295449726967 0.46082623837394676 0.45721165721157253 0.46122055631893294 0.4512968880367786 0.45990616316897875 0.4507054111192992 0.45635730166410243 0.4511983085505321 0.45438571193917116 0.45218410341299775 0.45320275810421234 0.4519869444405046 0.4520198042692535 0.45504290851414814 0.45031109317431306 0.45721165721157253 0.4482080641343863 0.4573102366978192 0.4424247342745878 0.4523812623854908 0.43480125400485325 0.4416360983846152 0.43427549674487165 0.43798865739349224 0.43940163002969307 0.4331582625674105 0.44597359577946416 0.4285250267138219 0.45346563673420315 0.4256662216126715 0.4575402554990612 0.42300457548401416 0.46240351015389175 0.4209344062728363 0.47094706562859423 0.4164983293917408 0.48185652877321417 0.4133437858318507 0.49381750643779737 0.4105835602169469 0.49762924657266466 0.41137219610691944 0.5022296225975044 0.41285088840061795 0.5040697730074403 0.4099920832994675 0.5115618139621793 0.4126537294281248 0.5143220395770831 0.4147238986393027 0.5141906002620877 0.4165969088779874 0.5202368087518772 0.41679406785048057 0.5247057454617216 0.4207372473003431 0.5311462718964971 0.42359605240149356 0.5375867983312728 0.42527190366768525 0.5462617931209706 0.430102298493767 0.5533595161307233 0.43305968308116394 0.5601943605104852 0.43660854458604026 0.5600629211954898 0.4402559855771632 0.561377314345444 0.44400200605453277 0.5619030716054256 0.4482409239631351 0.5604572391404761 0.45060683163305265 0.556382620375618 0.4471565496144228 0.5337750581964055 0.4491281393393541 0.5228655950517856 0.4513954675230252 0.5218140805318222 0.4568173392665863 0.5167548335256374 0.46441204288155835 0.5132032499047701 0.47474247306751516 0.5057691511332687 0.47440648617947956 0.5042914310238528 0.47306487186961504 0.49791390213058384 0.47662306634360346 0.49830277584358806 0.4800062676467401 0.4963353923037158 0.48616317022936584 0.49363708490736014 0.4886630726701071 0.492684741120411 0.49092488916411114 0.49395453283634305 0.495210436205382 0.49093877751100445 0.4990198113531783 0.4849072668603269 0.5008054559537078 0.4785527529419092 0.5105753127780717
12 0.5137370020991928 0.5783769969301142 0.5055710747904474 0.579312676100908 0.4995600449659542 0.5794827995865068 0.49173436462840653 0.5768458855597245 0.4907136237148133 0.5722525514485551 0.496157575253977 0.5691903287077756 0.5027356833637997 0.5685948965081796 0.5087467131882929 0.5690202052221768 0.5102211167301497 0.5684247730225808 0.5082930505600293 0.5648521798250046 0.5095406227877542 0.5628106979978182 0.5115821046149406 0.5575368699442534 0.5178199657535656 0.5571966229730557 0.5237175799209929 0.5543045237178751 0.5256456460911134 0.5536240297754796 0.5258724774052451 0.5578771169154512 0.5280273748894975 0.5598335369998382 0.5306359350020133 0.560599092685033 0.531089597630277 0.5628106979978182 0.5257590617481793 0.5675741555945863 0.523604164263927 0.5722525514485551 0.5182736283818293 0.5768458855597245
27 0.49274697492479996 0.5705794252977429 0.49625733663644395 0.5680240884635315 0.4965154514681825 0.5662818133492964 0.4982706323240044 0.5634554559417595 0.5018326170019961 0.5616357463780028 0.5042072734539906 0.5622552219741754 0.5058592083771172 0.5644621037855398 0.5076660121992869 0.5675207645416414 0.5087500944925886 0.568643564059704 0.5027102074299071 0.5683338262616177 0.4960508447710531 0.5689920190825509
27 0.4410960623005176 0.5891006239930199 0.44830139684007825 0.5858743547962015 0.447010889161351 0.5820028317600197 0.443999704577654 0.5772440846947128 0.4466882622416692 0.5746630693372582 0.4460430084023055 0.573533875118372 0.4396980123152298 0.5715174568703606 0.43475106621344184 0.5718400837900424 0.431954966242866 0.5746630693372582 0.4326002200822296 0.5780506519939174 0.4348586085200024 0.5809542942710537
27 0.4520821933524934 0.502885869039748 0.4473597318479062 0.5045154480418108 0.44279721626426893 0.5052344501445045 0.44044706107224757 0.5032606202328235 0.43723490798874415 0.49999493126459493 0.4384483880425121 0.49721106525889197 0.44166054112601555 0.49415951982956374 0.44580064954475335 0.4920180844405614 0.45058318858019175 0.4923928356336368 0.4512970003765259 0.491696869132211 0.45273792874527957 0.4920421597496686 0.4606624078299113 0.491853091693395 0.4606374152947643 0.49479596270695675 0.4549891023515373 0.4996320182579055 0.4507653639116905 0.49993192867966973
27 0.4583314706371373 0.46610308902798697 0.4546359578182695 0.4669819000032056 0.45057990716341445 0.46123582824216103 0.4510305794583983 0.45772058434128676 0.4558978402442243 0.4541377395961648 0.4594130841450986 0.45325892862094636 0.4597736219810858 0.4565037691448302
27 0.4012541822345427 0.4409351733574207 0.40331759377293236 0.437244841182993 0.4064920730627627 0.4373638841563617 0.4098252763170844 0.4387923998367853 0.41426954732284665 0.43772101307646755 0.41633295886123634 0.43819718496994214 0.418713818328609 0.44141134525089526 0.4150631671453042 0.44474454850521694 0.411888687855474 0.44629210715900924 0.4098252763170844 0.45176808393396634 0.40823803667216924 0.4547441582681822 0.40712696892072864 0.457125017735555 0.4091903804591183 0.4591487482828217 0.4103410364979619 0.46175913103215693 0.40509172878337557 0.46368922848921984 0.40370734751998666 0.4660394638091339 0.4058340188672006 0.46855647213217866 0.40314409212417407 0.47066243027000204 0.39837153974697176 0.47015244786804183 0.3986605228411756 0.46516748949302417 0.39765571682740025 0.46207787687106294 0.3980980378899573 0.45842872810496726 0.3979505975357716 0.4556642214639857 0.39616961441253346 0.4538371138898918 0.39555891472064014 0.44637785336748004 0.39651858566504394 0.4425827909964285 0.3977399850488306 0.44173217356843414 0.40009554100327643 0.4423210625570457
27 0.4234015316826935 0.4900436222975634 0.4307041059758462 0.4903775814877989 0.4307041059758462 0.4890417447268563 0.4279433766698982 0.4845666915776988 0.4239358663870705 0.4798912629143997 0.4202845792404941 0.47661846285009035 0.41583179003735227 0.4767520465261847 0.41440689749234677 0.4780210914490801 0.4152083995489123 0.48002484659049394 0.4163661247417292 0.48189501805581364 0.418681575127363 0.4851678181201229 0.4217985275695624 0.4887077855366207
15 0.4205289517663242 0.4408169931979784 0.43057966422806215 0.44154692955724983 0.4352158921524839 0.44345596458495296 0.4408961849695208 0.4524413015656299 0.44489606788470826 0.4559184725089462 0.45107770511727063 0.46369097226459455 0.45635027805092676 0.4702362352167193 0.4573502487797236 0.47153165184266066 0.45698662306016113 0.47309978775827394 0.4609865059753485 0.4842812786348205 0.4515322372667237 0.48700847153153926 0.4506231729678175 0.49191741874563283 0.445896038613505 0.4917810591007969 0.4412458250844846 0.4936783946323453 0.43807216865635046 0.497188243478714 0.43699635291799993 0.5001736321526369 0.44160680592005347 0.5050147077884114 0.43391191475557195 0.5059515857710999 0.42135290606464226 0.5046139534513266 0.41390886876001515 0.5021665987210383 0.4104709180674673 0.4971080038990584 0.4039227874051781 0.48918687809790207 0.4011549457459234 0.48492585870141786 0.39998953873150034 0.48153889456575105 0.39984386285469753 0.4767315906312561 0.4024660286371493 0.4746557093868151 0.40498107972929714 0.4703314586213828 0.4063072142473024 0.4686482878869916 0.4050320849030665 0.4668503555116191 0.4055421366407609 0.4642108377690509 0.4111017005816291 0.4622598898723701 0.40967355571608494 0.45893180228391456 0.4077353591128465 0.457095616028215 0.408857472935774 0.4548386370889176 0.4102856178013181 0.45177832666275175 0.412274819578326 0.4467288144595778 0.41548814552580027 0.44508389760551365
27 0.6891613468231109 0.4169963803310178 0.6851373558061088 0.41693943706190933 0.6818726083772204 0.4169963803310178 0.6773930712073498 0.4098215284233441 0.6758745840311225 0.40731602458256916 0.678076390436652 0.4048105207417942 0.6805059699186157 0.403159165937647 0.6838466417063157 0.4037285986287323 0.6855929019589769 0.4053230101637709 0.688933573746677 0.40503829381822826 0.6944760519399064 0.4048674640109027 0.700018530133136 0.4056077265093135 0.7034351262796471 0.406974364967918 0.7059406301204221 0.4089104361176077 0.7070035711437812 0.41107428034373167 0.7054850839675539 0.41232703226411904 0.7019925634622313 0.4124978620714446 0.6978167237276064 0.41244091880233613 0.6896168929759792 0.4122700889950106 0.6897687416936019 0.4134658976462895 0.69022428784647 0.4161991745634986
17 0.5807106285160312 0.48204089297445224 0.5836861816803486 0.48343809486471123 0.5884056191763344 0.4825997737305558 0.5897894093982188 0.4794575851797209 0.5845632680477513 0.4767943585391958 0.5830934961710817 0.47458970072419154 0.5811827927314113 0.47442435138806616 0.5808888383560774 0.47651877631232026 0.580668372574577 0.4786683176819494
17 0.5784083021557417 0.46232055090780544 0.5761009679694473 0.463704951419582 0.563104908165144 0.45269896735095777 0.5634510082930881 0.4481996656876837 0.569680810596083 0.4435273139604376 0.5774103801201692 0.44067198790489825 0.5744108456779865 0.4395471624890797 0.5657583424793825 0.435567011017722 0.5589517066298141 0.43150033451437814 0.554106304838596 0.4308946592904758 0.541762066941921 0.4246648569874811 0.5363398316041292 0.42371308163563454 0.5295331957545607 0.4219825809959138 0.5239955937074542 0.41852157971647214 0.5216882595211598 0.41575277869291893 0.5220343596491039 0.4112534770296449 0.5234187601608806 0.4103882267097845 0.528610262080043 0.411513052125603 0.5317251632315404 0.40900382619800785 0.5393393660463118 0.4049371496946641 0.5413006001046621 0.40182224854316656 0.5493762697566924 0.40104352325529224 0.5539909381292811 0.4008704731913202 0.5554907053503725 0.40182224854316656 0.5635663750024028 0.4028605489269992 0.5691039770495093 0.4035527491828874 0.5740647455500424 0.4032066490549433 0.5819096817834434 0.40597545007849656 0.5922926856217681 0.407100275494315 0.5987532213433923 0.4081385758781475 0.6060213240302196 0.4082251009101336 0.6127125931704732 0.4104747517417706 0.6217111964970214 0.41159957715758905 0.6327864005912344 0.41099390193368684 0.6368242354172496 0.41168610218957513 0.6402852366966911 0.4130705027013517 0.6483609063487215 0.413503127861282 0.6507836072443307 0.4122917774134774 0.6560904758728077 0.4121187273495053 0.66347394526895 0.4132435527653238 0.6714342482116653 0.4145414282451144 0.6777794172239751 0.4171371792046956 0.6865472871318934 0.4234535065396765 0.6862011870039494 0.4265684076911739 0.6833170192710812 0.4288180585228109 0.6826248190151929 0.4303755090985596 0.6817018853406753 0.4338365103780012 0.683893852817655 0.44084503796887037 0.6825094523058783 0.44205638841667494 0.6740876825259038 0.44387341408838177 0.6645122456527821 0.444479089312284 0.6476687060928331 0.44370036402440965 0.6409774369525795 0.4434407889284515 0.615250660775397 0.4322790598022525 0.5826018820393316 0.44456561434427
17 0.7936127320934291 0.4475916082447253 0.7947306776017965 0.4403034513304064 0.7935799159837461 0.43896089610934774 0.7864196214714329 0.4387691025063393 0.7828394742152763 0.43800192809430577 0.776318491712991 0.4381937216973142 0.7717154452407897 0.4414542129484568 0.765961637150538 0.4500849250838344 0.7590570674422359 0.4566059075861196 0.7553490577840737 0.46053767644779164 0.7540704337640178 0.4625515092793797 0.7548376081760513 0.46514072291999303 0.7455656660946154 0.4708532953855979 0.7396839956023581 0.4737301994307237 0.7362317107482071 0.47699069068186634 0.7478671893307163 0.4766071034758496 0.7494015381547832 0.4791963171164629 0.7490179509487664 0.48322398277963896 0.739428270798347 0.4848542284052105 0.7260027185877597 0.48562140281724386 0.7247240945677036 0.4853337124127313 0.7120657167691501 0.49367673414359636 0.7128328911811836 0.4976085030052683 0.7137279279952228 0.5006772006534026 0.7097641935330494 0.5064310087436543 0.7073348078949431 0.5079653575677214 0.7052890094628537 0.516116585695578 0.7006859629906521 0.5208155289692835 0.6902012460261935 0.5234047426098968 0.6832966763178914 0.527432408273073 0.6794608042577237 0.5292544475016526 0.6697432617052985 0.5277200986775856 0.6783100426396732 0.5210073225722919 0.6815066026898131 0.51707555371062 0.6816344650918187 0.5146781336730151 0.680227978669757 0.5123766104369144 0.6712776105293657 0.5163083792985862 0.6565734342987224 0.5228293618008716 0.6437431970195802 0.5266827648861051 0.6410241812887336 0.5285651603920758 0.6401875610638578 0.5302906896058822 0.6355861498270405 0.5299769570215537 0.6242917767912166 0.538604603090586 0.6205269857792752 0.5447223884849907 0.6219910711728079 0.5492715109577531 0.6299389633091286 0.5498989761264099 0.6420699565698285 0.5480165806204392 0.6485537633126163 0.5491146446655889 0.6569199655613748 0.5491146446655889 0.6652861678101333 0.5437811907320053 0.6708615733028341 0.5428427775877566 0.6706338541883707 0.5474605870760229 0.6733875228279403 0.550119888419517 0.6825385414482724 0.5480109993713417 0.6935532160065492 0.5393787122877485 0.7054342132828926 0.5313961672427052 0.7148037898250776 0.5235294446111042 0.708930534452493 0.5169707918653212 0.7150343193847519 0.5042483108624206 0.7296912493887604 0.5016936740518465 0.7515968381170185 0.5031787987113895 0.7554334101541713 0.49983726822741786 0.7558046913190569 0.49333984784191753 0.7689232924783529 0.48377935784611 0.7689232924783529 0.4778388592079382 0.7762251553877723 0.4736619461029737 0.7796904462600392 0.4647511981457161 0.7815468520844676 0.4551907081499085 0.7848883825684393 0.45379840378158703 0.7919427247012681 0.4484148268907438
27 0.7927580630445342 0.4385735198463783 0.793104718661061 0.4379885384934894 0.7955746399288137 0.43821603124183495 0.7999944990395293 0.4406859525095879 0.7996911753750685 0.44276588620874824 0.8059309764725494 0.4480307183847476 0.8081409060279072 0.44959066865911784 0.8084875616444339 0.4513781116818338 0.8072309350345246 0.4527105692078584 0.8051076693832985 0.4533280495247966 0.8039810386295866 0.4532630515966978 0.8007311422246487 0.45225558371116714 0.7957912996891428 0.45105312204133996 0.7936247020858509 0.4485832007735871 0.7939280257503118 0.44751073495995763 0.7949246606478262 0.44026346597694593 0.7937546979420486 0.4386710167385264
27 0.773866263478668 0.49195668709905915 0.7749720170775423 0.4893305223017334 0.7765385013426137 0.48684257670426667 0.7768149397423323 0.4839399735072223 0.7698118336161299 0.48352531590764447 0.769258956816693 0.48435463110680005 0.7567270826961203 0.493477098297511 0.7560820597634438 0.49624148229469617 0.7560820597634438 0.49976607189110717 0.7591228821603475 0.49838387989251465 0.760873658691898 0.49810744149279607 0.7793028853397989 0.4994205238914591 0.7890473389298766 0.49876398269212757 0.7802934562721235 0.4939954202969833 0.7733824962791607 0.49275144749824995
17 0.5045358984057703 0.5331021389709082 0.5089104139329572 0.5294611936126256 0.5133682837116272 0.5306648184528664 0.5185394126548842 0.5297286657993457 0.5274551522122242 0.5229081250379808 0.5315563924086004 0.5209020836375793 0.543325168624289 0.5223731806645403 0.5493878715232801 0.5243792220649418 0.5577686667071795 0.5269202078387837 0.5611566477389687 0.5245129581583019 0.5645446287707578 0.52170450019774 0.5698940725051618 0.5195647227039782 0.5734603683280977 0.5142152789695744 0.5786314972713548 0.5148839594363749 0.588973755157869 0.5192972505172582 0.5864773480818137 0.5247804303450221 0.5893303847401625 0.5303973462661463 0.5841592557969054 0.530129874079426 0.5841592557969054 0.531333498919667 0.578453182480208 0.5290599853325453 0.5734603683280977 0.530129874079426 0.5673976654291065 0.5309322906395866 0.564366313979611 0.5320021793864674 0.5632964252327303 0.5353455817204699 0.5572337223337391 0.5360142621872703 0.5525975377639224 0.5341419568802289 0.5454649461180506 0.5349443734403896 0.5397588728013532 0.5330720681333482 0.5358359473961236 0.5324033876665477 0.5322696515731876 0.53547931781383 0.5340527994846556 0.5377528314009515 0.5458215757003443 0.545108316535757 0.5595518146186474 0.5447071082556767 0.5686458689671341 0.5412299698283141 0.5629397956504367 0.5459107330959175 0.5649012583530514 0.5487191910564796 0.5625831660681431 0.5508589685502412 0.5522409081816289 0.5517951212037618 0.5458215757003443 0.5521963294838421 0.533182855429623 0.5514611766392767 0.5256915239672427 0.5513820428562234 0.5184112159263381 0.5438643334661588 0.512924606967975 0.540382447011813 0.5087041385384651 0.5394328416151734 0.5056442989270703 0.5361092227269342
17 0.6205245983206544 0.5169399242078321 0.6183799367798006 0.5212292472895398 0.6093927836562227 0.5185484203634725 0.6071459953753282 0.5166335439877101 0.5928482517696361 0.5118846505758194 0.5787522358104097 0.5098932813379959 0.5742586592486207 0.508667760457508 0.5731352651081736 0.502003990669855 0.5878415156740283 0.4924296087910433 0.5944797537766712 0.4882168807643662 0.5991775838185414 0.4853062686732075 0.60673496258155 0.4879870955992747 0.6179689039860224 0.4949572456070496 0.623749710811205 0.49485490011111866 0.6317560138915114 0.5017742055047635 0.6296113523506575 0.5034592967154344 0.6266496768894785 0.5021571807799161 0.62379012816834 0.5033061066053734 0.6226667340278927 0.5041486522107089 0.6086753706423226 0.4987869983585743 0.5995860907787041 0.49296577417625687 0.5916099319515048 0.4984570504292121 0.6014600258134145 0.5037144624904768 0.6064152877562156 0.5069776837698824 0.6148323267705557 0.5109142681704353 0.6188034426132185 0.5119502114337386 0.6191487570343197 0.5132451405128678 0.6185444567973927 0.5147990554078229 0.6200983716923478 0.5160939844869521
27 0.6899746101098964 0.42370594534500033 0.6876834230744271 0.42174207074316944 0.6961935463490272 0.41879625884042326 0.7002849517695082 0.4200236804665676 0.7096133561282046 0.4243196561580725 0.7130501366814086 0.4262835307599033 0.7138684177655047 0.4277564367112764 0.7135411053318663 0.42873837401219184 0.7107589496459393 0.4292293426626495 0.7092860436945663 0.4307022486140227 0.7161596048009742 0.4379440362082738 0.7177961669691664 0.43720758323258724 0.7145230426327817 0.4314387015897092 0.7181234794028049 0.4281246631991197 0.7181234794028049 0.4246878826459158 0.7220512286064665 0.42296949236931375 0.7225421972569243 0.41953271181610985 0.730725008097886 0.41990093830395314 0.7289247897128744 0.4228467502066993 0.7325252264828975 0.4243196561580725 0.7344891010847284 0.4226012658814705 0.7392351313724862 0.4227240080440849 0.7411990059743171 0.4197781961413387 0.7456177238284364 0.41916448532826656 0.7488908481648211 0.42174207074316944 0.7490545043816403 0.42579256210944566 0.7538005346693982 0.42591530427206004 0.7598558146917097 0.42824740536173406 0.7624743141608176 0.428492889686963 0.7614923768599021 0.42591530427206 0.7646018449794676 0.4185507745151944 0.7685295941831292 0.4163414155881347 0.7721300309531522 0.4181825480273511 0.7737665931213448 0.420760133442254 0.7742575617718025 0.42333771885715704 0.7718027185195139 0.42665175724774657 0.7722936871699716 0.42910660050003513 0.774584874205441 0.4292293426626495 0.7806401542277527 0.4302112799635649 0.784895215865053 0.4324206388906246 0.7866954342500645 0.4365938724195151 0.7862044655996069 0.43769855188304496 0.7824403726127643 0.4370848410699728 0.7763850925904525 0.4374530675578161 0.7708207812185985 0.4408898481110201 0.7651744325911791 0.4488990095121615 0.7513213730464579 0.44958630287865553 0.7503637541161943 0.451813900583704 0.7527860334428433 0.4549319279789906 0.7494556085158564 0.4569755693004842 0.751239754085204 0.4607864467870385 0.756956522273444 0.45725003196689534 0.7585432054202796 0.45605999821723164 0.7591525244166953 0.45615408423873705 0.7549820788530468 0.4606854838709677 0.7538172043010755 0.46263440860215055 0.7546415770609319 0.4650268817204301 0.745592860800234 0.47045753785385114 0.7391193036354327 0.47350230414746536 0.7358642381683858 0.4770956769804695 0.7477507131885013 0.4767939433838052 0.749177090190915 0.4792352424840904 0.7487016311901104 0.482965766951942 0.7395581888669447 0.4846938775510204 0.7260258942286594 0.48554421768707473 0.7245995172262454 0.48521505376344076 0.7117621242045205 0.493718455123985 0.7124935995903736 0.49742154926486715 0.7134810913612758 0.5005760368663594 0.7095318579981464 0.5062609213113004 0.7071343065429987 0.5078093714716025 0.7051890830386143 0.5160679834867822 0.7006383358703304 0.5206573899149908 0.6900346531481157 0.5233083105955444 0.6833365221510056 0.5272150375426045 0.6794385809094132 0.5290512577969083 0.6702203928209155 0.5276233935985274 0.6787572062839071 0.5210274971587252 0.6817209302031345 0.5171617703075592 0.6818820021552664 0.5146732086471211 0.6803034970243735 0.5121846469866829 0.6567869920131133 0.5225979486920114 0.6433858055957377 0.526632801092916 0.6408408687520533 0.5284206997615803 0.64006772338182 0.5300877944661456 0.6353966367699945 0.5298703473307675 0.6240893857303338 0.5384957503674318 0.6202558732695941 0.5448258780862163 0.6218305321265577 0.5494081021613085 0.6300097961322761 0.5500364465524595 0.6419866871479776 0.5482334869431643 0.6482192954251305 0.5493047001090787 0.65715439367968 0.5493047001090787 0.6654100167817929 0.5440302742382845 0.6707438967284253 0.5431384631007107 0.670302237879341 0.5476229991067965 0.6732919285500647 0.5503239128377346 0.6827366331689426 0.5482854873804228 0.6881993285326302 0.5534689094580126 0.6883281390613256 0.5555942831814886 0.6876196811535003 0.5592170793010499 0.6854943074300244 0.5610043253867002 0.6849146600508945 0.5639991701788708 0.6933517496804507 0.5673321426088672 0.6976669023917504 0.5692159965910389 0.6997922761152263 0.5684914373671267 0.6996634655865308 0.5630813951619152 0.7001787077013129 0.5587340398184417 0.7021752708960933 0.5593136871975715 0.7052023183204379 0.562356835938003 0.712515439479229 0.5713391000289471 0.7261049502566057 0.580033810715894 0.7279082976583429 0.5823040962841525 0.7293252134739936 0.5834150870941511 0.7253964923487805 0.5840430384215418 0.7230779028322611 0.5856853726624096 0.7151560553174872 0.5856370687141488 0.7125798447435769 0.5839464305250202 0.7095527973192324 0.5853955489728447 0.7042163611304182 0.5845329784681874 0.7002692385011059 0.58316666678881 0.6953928399147757 0.5822695934639663 0.6922645842178846 0.5815105314198679 0.6918045466154007 0.5817175483409855 0.6889523134800001 0.5813725201391226 0.6883082608365225 0.581648542700613 0.6893203435619872 0.5829596498676923 0.6897803811644713 0.5843397626751442 0.6870201555495674 0.5856508698422236 0.6823277720042309 0.587445016491911 0.6756112230079648 0.5882730841763822 0.6699987642576601 0.5864099318863221 0.6671465311222597 0.585581864201851 0.6636502453433816 0.5855128585614784 0.6603379746054969 0.5875830277726563 0.6605219896464906 0.5897222026242067 0.6640182754253687 0.5908262928701682 0.6642022904663623 0.5926894451602284 0.6639262679048719 0.5938625410465624 0.652241312801779 0.59379353540619 0.6148976701458874 0.594759289384089 0.612008893992142 0.5924843781630144 0.6111422611460183 0.5905344542592361 0.6050758312231528 0.5875012392978033 0.6039203207616545 0.5892345049900507 0.5961206251465416 0.5890178467785198 0.5886098071468032 0.5882595430381616 0.5873098578776178 0.5904261251534707 0.5860099086084323 0.5923760490572488 0.5725554336723625 0.5912602592678646 0.5688000246724934 0.5895269935756173 0.561289206672755 0.59017696821021 0.5543561439037658 0.5908269428448027 0.5468453259040273 0.5898519808929137 0.5396233855196635 0.5905019555275064 0.5315348122891761 0.5905019555275064 0.5234462390586887 0.5895269935756173 0.5185353195973214 0.5868187659314809 0.5169464927127613 0.5836772218642826 0.5160400192123552 0.5785065656621458 0.5195061232630991 0.5768045610773428 0.5243711536540226 0.5724654799178706 0.5275928227994496 0.5665952454942499 0.5323726031775827 0.562942679797946 0.5312954186939376 0.560428526878372 0.5279721131105923 0.5592906559449438 0.5267439349602256 0.5577734947003732 0.5265994434131236 0.5537638542682936 0.5273941469221844 0.5525176146745391 0.5355579193334457 0.5519757713729067 0.5451666072157265 0.5528427206555184 0.5628668217357177 0.5514881124014375 0.5658288984513079 0.5487788958932756 0.5639505083389823 0.5460696793851136 0.5695134329024081 0.541355642660912 0.5687909751668982 0.5408679836894428 0.5591822872846174 0.5443899651500533 0.5460335564983383 0.5447692554611959 0.534329741183079 0.5374001865589956 0.5328848257120592 0.5356662879937719 0.5360636397483025 0.532740334164957 0.5396036826523007 0.5333363617967527 0.5453833445363794 0.5353953663429557 0.552463430344376 0.5344200484000176 0.5570871598516389 0.5364790529462206 0.5637337710183296 0.5357746566540984 0.5646729660744921 0.532252675193488 0.5677072885636336 0.5313315415807129 0.5731257215799572 0.5305729609584275 0.5784719088227301 0.5294350900249996 0.5844328263753628 0.531678770158031 0.5844043983047051 0.5303908503103051 0.589748020608772 0.5306152824470759 0.5868838390537922 0.5248121086248592 0.5892946676924951 0.5191115323508806 0.5789921638902542 0.5146549513492888 0.5728790599744016 0.5137251610683812 0.5695873886350964 0.5194000879553001 0.5642437663310295 0.5213237919847642 0.5577031726308516 0.5265177928643172 0.5441334254769813 0.5219519402392833 0.5308725178815827 0.5200544090537575 0.5183967956043326 0.5289531759927749 0.513685683695441 0.5297383613109236 0.5089745717865495 0.5288877438829293 0.5043507026907855 0.5311124356176836 0.4999013192212767 0.5317667567161407 0.49763300607995853 0.5294112007616949 0.4982437057718519 0.525943298939872 0.49449226480736413 0.5248963851823405 0.49056633821662116 0.5216247796900547 0.490130124150983 0.5195963842848375 0.4917877376004079 0.5182877420879232 0.49309637979732224 0.5169790998910088 0.48698938287838867 0.5138383586184144 0.48568074068147427 0.5102395925769 0.487600082570282 0.5058556412172369 0.4853317694289638 0.5040889742514026 0.48498279817645334 0.5011445293083453 0.4914423799555417 0.49926171066822866 0.49439314871197676 0.49530945636464824 0.49299932862058854 0.49097312719144104 0.49398016498119496 0.488533942031512 0.49692267406301427 0.48628834299538676 0.49847136305344536 0.48048075928126993 0.5015171180679601 0.4804033248317484 0.5040982663853453 0.47893207029083873 0.5026528233276095 0.4760282784337803 0.5042531352843884 0.47416985164526293 0.5057502013084719 0.4746731755671531 0.5133387773615846 0.4749829133652393 0.5120998261692398 0.4778092707727762 0.5119965802365443 0.4851655434773242 0.5223211735060853 0.4991037443912047 0.5437447045403833 0.5043692869586708 0.5558244786657462 0.5015429295511338 0.5672331542285892 0.4968581453550795 0.575773696538231 0.49127066679614484 0.5766971892102434 0.4901644516796127 0.5775403208936787 0.4862517937111715 0.5801751074044134 0.48463140000706956 0.5805439775159162 0.48301100630296756 0.5827571981849335 0.48356431147022194 0.5866566822208211 0.4836038332678829 0.5890806858106973 0.48312957169595067 0.5895549473826295 0.48135109080120464 0.5905610485161132 0.4802688851767516 0.5980965379368149 0.4830354110130232 0.6063697675805224 0.48718519976743047 0.6063333914312927 0.48750729616005734 0.5992366172377445 0.48516858648263805 0.5950866798332236 0.48762947114329613 0.5728183746616927 0.5020847048496818 0.573870812241551 0.5090443053085388 0.5784042021910931 0.5104443227929562 0.592220729408411 0.5120863953003293 0.6067809112463519 0.5168864552469032 0.608914271222607 0.5185264757286493 0.6185143911157548 0.5214465121961485 0.6210744230872609 0.5168864552469032 0.620381081094978 0.5158064417589242 0.6189943971104122 0.5147664287704998 0.6194210691056632 0.5134064117856372 0.6191010651092248 0.5116863903047816 0.6147810111573083 0.5107663788150215 0.6068342452457581 0.5068863303582076 0.6026741932920608 0.5039662938907085 0.5921673954090045 0.4984462249521485 0.5995808213264909 0.49336616150869106 0.6079542592332922 0.49908623294502497 0.6227811110682651 0.5046863028826946 0.6245944670480819 0.5034062868969416 0.626034485032054 0.5026862779049555 0.6267261398541236 0.5023814038198189 0.6296635153334916 0.5036376780434328 0.6324096579588205 0.5019088626430119 0.6246319791511635 0.494966842140267 0.6311715906080126 0.49470674395732417 0.6328560359832617 0.49325762550949975 0.6366708093330903 0.4919942914780629 0.6445480685879313 0.4918828208282303 0.6542088582400949 0.49050801614696093 0.6569336963471153 0.4879813480840873 0.6607990036494213 0.47961677235418926 0.6643558260307781 0.47216757831021533 0.6656309132995666 0.4692482995632526 0.6702261343888964 0.46597728688588186 0.6730447483514811 0.4622023574717059 0.6711656723764247 0.46104471245135853 0.6688839372638562 0.46094404766698055 0.6673404105700597 0.4596354054700662 0.6622400614949063 0.45726978303718263 0.6576765912697692 0.4538471803683297 0.6496234085195272 0.44649865110873377 0.6501602873695432 0.44438469063679537 0.6559988448634688 0.4447873497743074 0.6650586754574911 0.44473701738211835 0.6742527257640175 0.4442336934602281 0.6827756775080238 0.4423713949492348 0.6845876436268281 0.4408110907913753 0.6833796662142917 0.4374891529069005 0.6820374690892514 0.4339658854536696 0.6830441169330317 0.42963729972541453 0.6872049280206568 0.4266676885862627 0.6870707083081526 0.42319475352522085 0.6889497842832093 0.4240504041924339
