22 0.21278783635655937 0.5620946579641409 0.19659396207753577 0.5601822527959173 0.19462813287399897 0.5552898640704123 0.19290044850048801 0.5418463200390302 0.20002714654122072 0.5353675036383642 0.1911727641269771 0.5282408055976314 0.18966104030015496 0.5232197228871152 0.19095680358028821 0.5167409064864492 0.18469394772631098 0.5092902676256831 0.182157485922397 0.4909182451715083 0.19079590778995179 0.4920520380416249 0.19403531599028484 0.49334780132175804 0.19792260583068447 0.4936717421417913 0.20008221129757317 0.48978445230139167 0.1923076316167739 0.48832671861124183 0.18474901248266343 0.4844394287708421 0.18323728865584138 0.47585499703995965 0.1886363023230631 0.46921421022927695 0.1974906847373067 0.4671085948990605 0.20785679097837245 0.47148179596951 0.21325580464559418 0.47439726334980975 0.22211018705983787 0.4737493817097432 0.22448575307341542 0.4713198255594934 0.23873914915488076 0.4628973642386275 0.24457008391548027 0.4658128316189273 0.2486733343025688 0.4671085948990605 0.25061697922276865 0.46451706833879397 0.2583915589035679 0.46532692038887724 0.26422249366416745 0.46889026940924367 0.27242899443834445 0.4718057367895434 0.2771801264654996 0.4737493817097432 0.28625046942643206 0.48233381344062565 0.2905696803602095 0.4810380501604925 0.28841007489332077 0.4739113521197599 0.29208140418703155 0.4661367724389606 0.29661657566749783 0.4650029795688439 0.31432534049598515 0.4690522398192602 0.3097901690155188 0.48103805016049245 0.3173487881496293 0.48476336959087546 0.32425952564367305 0.4782845531902094 0.33332986860460556 0.4807141093404592 0.3372171584450052 0.4844394287708421 0.3445598170324268 0.4946435646018913 0.35082267288640395 0.4993407064923741 0.35625027534502623 0.5077321638813034 0.35730148928707 0.5147278954439561 0.3570855287403812 0.5265517353751717 0.3570855287403812 0.5467980366272532 0.35600572600693686 0.5547345867180692 0.35622168655362574 0.5591077877885188 0.34974287015295963 0.561375373528752 0.34304809320560475 0.5612134031187352 0.33937676391189386 0.5597556694285855 0.33548947407149426 0.5607274918886853 0.3352735135248054 0.5633190184489518 0.32188395963009553 0.5689879827995346 0.307846524095319 0.5719034501798343 0.3043911553482971 0.572065420589851 0.2942410096539202 0.572065420589851 0.28538662723967656 0.5722273909998676 0.2678938229578781 0.5728752726399342 0.24733591801980062 0.5718151642050893 0.24275637797266048 0.5701954601049226 0.2337987696752462 0.567388651888977 0.22614190462744033 0.5647088393539657
19 0.097946320336924 0.6378707130373411 0.09419788364798466 0.6238140754538185 0.09479206609858772 0.6052224875725567 0.10875535368775896 0.5873970140544659 0.13876156744321202 0.5704628142122794 0.16282595669263478 0.5628869879670907 0.18956416696977121 0.5604359853583533 0.20531000191075152 0.5619957142911862 0.2253611157323113 0.5657791132808694 0.2490523741805963 0.5737252496548283 0.26958003402023667 0.581723400376911 0.29687338619085635 0.5938776999005532 0.3326885411714994 0.6095926306374119 0.343544728639954 0.6192614226015043 0.3504994737369327 0.6289302145655966 0.3524868368663869 0.6460279683376489 0.3496031620700786 0.6542973298858858 0.34095213768115373 0.6693094016196084 0.32161455375296893 0.6817770544154116 0.29311706164827545 0.688392543654001 0.2775112921623719 0.6903008578574403 0.23849686844761306 0.6871203341850416 0.19948244473285415 0.6869931132381456 0.17081532469896607 0.6848303571409143 0.1406215533023266 0.675161565176822 0.11873955043622271 0.661421702912059 0.10313378095031914 0.6485723872755679
26 0.19588726795282319 0.43421748494551 0.18517557889409023 0.38310905363868303 0.18517557889409023 0.37900670463746616 0.1892330576038686 0.3747222068550057 0.29010598081760575 0.36595130928900793 0.33259115334723865 0.36332909168160316 0.34319575894230725 0.36666403249598933 0.3503197403680065 0.3734194590966237 0.3533383765653366 0.38519214026621135 0.354787321940055 0.3974176168653985 0.35997937619946296 0.4181556475410568 0.3615490670220746 0.4273926743048871 0.34826706775382194 0.42856994242184593 0.3268951234767243 0.430290565054324 0.30673063367855885 0.430290565054324 0.27352563550792697 0.4306528013980037 0.2446674734614505 0.43346013306152076 0.21182471163449829 0.4351807556939989
14 0.7022368601066902 0.37888053626871465 0.6897198411194139 0.3658820934742352 0.6971016728298588 0.3511986673545456 0.7160376759131747 0.34421802215010283 0.7625753106094588 0.31292547468191173 0.7754132788015372 0.3095555080314911 0.7901769422224274 0.31870256036834704 0.8081500976913373 0.3292938841268117 0.8078291484865353 0.3331452745844352 0.8023730120049021 0.33651524123485577 0.8206671166786137 0.35408721019776324 0.8110386405345548 0.3639563982454235 0.7619334121998549 0.38634260528036024 0.744602155140549 0.38634260528036024 0.7272708980812432 0.3844169100515485 0.712186285455551 0.3844169100515485 0.7092977426123334 0.3793619600759176
23 0.40052109173584993 0.8071345011894333 0.37918764395643756 0.7990113806888108 0.3640901270663919 0.7886728636880187 0.3557762675828158 0.7721887578924993 0.3570890951384718 0.7571732927246824 0.36595068113915086 0.7431424482236073 0.3794071635846264 0.7340347070562427 0.40369447336426506 0.7268962072223624 0.4256843349215055 0.7251731210555638 0.44504854136743366 0.7298500692225888 0.46671019603575997 0.7404347413900665 0.4765564027031811 0.7515117238909153 0.4824641267036338 0.770957982059072 0.48377695425928996 0.7844965162267757 0.4768846095920952 0.7933581022274548 0.4558793687015969 0.8073889467285301 0.4407818518115512 0.8100966535620706 0.40369447336426506 0.8083735673952721
16 0.5250424458028842 0.7978072372930395 0.5180545850601961 0.7646943062737104 0.511701984385025 0.7361076032354409 0.5136813403154794 0.7314068575482032 0.5221837754990571 0.7308667076784249 0.555461952376046 0.7282372875815204 0.6340043068522377 0.722420721792882 0.6498816789869819 0.7212145379549806 0.6586715705196065 0.7216246755800726 0.6658850911947735 0.7244721179518492 0.6716167407563473 0.7297045651405876 0.6750336716024792 0.7441316064909216 0.6787037084372133 0.7627348966531947 0.6831330632377547 0.7846602029158736 0.6814878743118393 0.7919686383367666 0.6768054135226955 0.7966194608773349 0.669971551830432 0.7988025000290303 0.6514948146624601 0.7999414769777409 0.6147944463151188 0.8022194308751619 0.5829030917512221 0.8053516174841162 0.546329276398182 0.8077244861272633 0.5375971197914007 0.8077244861272633 0.5301304931276313 0.8040228110439539 0.5263339032985959 0.8013651981636291
20 0.30438854833129625 0.3277704799740405 0.3113740369556489 0.28378393241527494 0.3175677338932839 0.2508447259742162 0.3324240026978127 0.22187941812972112 0.32803265820432215 0.2171571230883268 0.3285293011387724 0.2158534353853952 0.3394554456966755 0.2195782573937713 0.3563413054679806 0.22032322179544647 0.43183103150440294 0.22348932050256617 0.46138128610418666 0.22553797260717304 0.5306629754599821 0.2283315891134551 0.5507770143052131 0.2283315891134551 0.5408441556162102 0.23801612633523303 0.5346361189355834 0.2463969758540792 0.5289247251894067 0.2573852007787887 0.5232133314432299 0.2674422202014042 0.519985152369304 0.2797341328290454 0.516508651828153 0.2927710098583617 0.5222200455743298 0.30152434157804553 0.5326495471977828 0.3113951199002422 0.5455622634934866 0.3104639143981482 0.5535085504446889 0.3117676021010798 0.5624481232647915 0.3141887364065242 0.5691528028798685 0.31679611181238754 0.5726293034210196 0.3231283092266269 0.5694011243470937 0.32703937233542185 0.5713876960848941 0.3341165341513364 0.5736225892899199 0.341193695967251 0.57411923222437 0.34547724127688356 0.5823138406427975 0.34715341118065274 0.5843004123805979 0.35087823318902894 0.5892668417250995 0.3549755373982426 0.5882735558561991 0.3560929840007554 0.5718843390193443 0.35739667170368705 0.5346361189355833 0.35125071538986646 0.5289247251894067 0.34938830438567847 0.4849718254905686 0.3482708577831656 0.4462336766034573 0.34827085778316563 0.4154418146675481 0.3475258933814904 0.3702473076325847 0.3486433399840032 0.3549774762726511 0.33725838244863865 0.34738357891950294 0.33759340733186577 0.32757988582207737 0.34060863128090996 0.320581588261333 0.3368116826043358
11 0.5900330495728747 0.3533841173447882 0.5925587530430436 0.35502154372009737 0.6010005956890815 0.355567352511867 0.606822556134625 0.3534932791031422 0.6218141042818992 0.3554581907535131 0.6392799856185293 0.35502154372009737 0.6465287074775943 0.3557581704754862 0.6542428050679392 0.3570681115757334 0.6654500789256104 0.341785465406182 0.6712720393711539 0.3458244504652777 0.6747652156384798 0.3459336122236316 0.6785494899280828 0.34276792123136746 0.6832070582845178 0.33403498056305236 0.6872824305963983 0.3318517453959736 0.6916489009305556 0.33338001001292883 0.695724273242436 0.33239755418774325 0.7027106257770881 0.3318517453959736 0.705184958966444 0.32955934847054086 0.7096969783117401 0.32999599550395664 0.7136268016124819 0.3259570104448609 0.7175566249132237 0.3268303045116924 0.7187210170023323 0.3184248491184391 0.7177021739243624 0.29844824733966835 0.7178477229355009 0.286658777437443 0.7174110759020852 0.2630798376329922 0.7158100367795608 0.2513995294891208 0.7096969783117402 0.2419024565123281 0.702419527754811 0.2330603540856591 0.6941232341199115 0.22399992814228217 0.6746196666273412 0.21079135538145558 0.655407197157048 0.20631572328894415 0.6452187663773469 0.20467829691363504 0.6265884929516081 0.20555159098046655 0.6018451610580487 0.21057303186474777 0.5788484172981523 0.21614028154079856 0.5525040462820684 0.22814807495973186 0.5388224392350415 0.24299407409586748 0.5296528515333105 0.25947749960731226 0.5229575970209358 0.27858080731925156 0.5183000286645011 0.2924443506302017 0.5309627926335578 0.30805448207481495 0.5417334194578132 0.30794532031646105 0.5640024181620167 0.31362173175086583 0.5724442608080546 0.31711490801819187 0.5738997509194405 0.3223546724191809 0.5714254177300845 0.3273761133034621 0.5753552410308262 0.34385953881490683 0.5827782405988942 0.34615193574033953 0.5849614757659728 0.3501909207994353
17 0.6986823288631936 0.6653154448509135 0.6791340533812519 0.6600070769398692 0.6794710926136992 0.6546987090288247 0.70036752502543 0.6423125172363874 0.7141861335557681 0.6405430612660392 0.7192417220424772 0.6370041493253429 0.7300269774807898 0.6339707962333174 0.745193742940917 0.6316957814142983 0.7522715668223099 0.6392791641443619 0.756316037611677 0.6476208851474319 0.7549678806818879 0.6552042678774954 0.7435085467786806 0.6612709740615463 0.7401381544542079 0.6627876506075591 0.7286788205510006 0.6610181946372109 0.7178935651126879 0.6622820917588882
27 0.6422491532645538 0.43257206129266634 0.6440253249464454 0.4286540355237879 0.6464283807513574 0.4284973144930328 0.6490403979306096 0.4241874861472665 0.6431894794490846 0.4225419153243375 0.6410998657056827 0.4237956835703786 0.6349355051626472 0.4205829024398982 0.6296006208869789 0.42071760706217093 0.6286602947024481 0.423068422523498 0.6294961401998088 0.4260461221078456 0.6215556079748819 0.4246356328310494 0.6148688439959958 0.4240871092234065 0.6143464405601454 0.4275349719000195 0.6103761744476819 0.4283969375691727 0.6058835048993678 0.42965070581521386 0.6011818739767137 0.4303559504536119 0.6065103890223885 0.42557595901558026 0.6050476594020071 0.42377366716189613 0.5993012216076521 0.4228333409773653 0.5930323803774464 0.4250274354079373 0.5825843116604372 0.4262812036539784 0.5784050841736336 0.42275498046198784 0.5763154704302317 0.42134449118519157 0.5735989725638093 0.4164861392317822 0.5669122085849233 0.4172697443855579 0.5658674017132224 0.42236317788509986 0.562001616287929 0.4244789118002943 0.5659718824003925 0.42918054272294837 0.5704645519487065 0.43380381313022504 0.5749572214970204 0.4363113496223072 0.5786140455479737 0.43607626807617456 0.5823753502860971 0.43129627663814274 0.587912826706112 0.43145299766889794 0.587912826706112 0.43278512643031664 0.5883307494547924 0.4352926629223988 0.5863456163985605 0.4382703625067465 0.5906293245725345 0.44030773590656336 0.5957488782438688 0.4415615041526044 0.6024356422227548 0.44195330672949223 0.6130926723141044 0.4392106886912773 0.609331367575981 0.4369382337453278 0.6154957281190165 0.4340388946763578 0.618316706672609 0.43113955560738776 0.6252124320258351 0.43113955560738776 0.6321081573790612 0.43168807921503066 0.6358694621171846 0.43051267148436717 0.640780054414179 0.4328634869456942
27 0.5602607622924246 0.4536350485059877 0.5592820458986684 0.44792586954241 0.5580858369729663 0.44327696667206806 0.5559109116535083 0.4395252204960027 0.5512348222166732 0.4406670562887182 0.5475374491735943 0.44278760847518994 0.5513435684826461 0.44719183224709286 0.5510173296847274 0.4496386232314832 0.5568896280472644 0.4544506455007844
27 0.5690692098362301 0.4589364289721669 0.5672205233146905 0.45665275738673583 0.5668942845167718 0.45094357842315813 0.5704829112938778 0.4470287128481335 0.573962791805011 0.44678403374969444 0.5755939857946045 0.44898614563564576 0.5762464633904419 0.45428752610182516 0.5737452992730652 0.4588548692726873
27 0.574222021251091 0.46329028615608175 0.5724227831294902 0.46329028615608175 0.5680064713764704 0.45997805234131683 0.559581453873291 0.45927902778551866 0.5571462152863382 0.4620963446153532 0.5544304019134833 0.46586646801201004 0.552222155173679 0.47379743516689543 0.5587628575192217 0.4780658805287594 0.5551102575080745 0.4794037514630749 0.5525619319189019 0.4815698282138715 0.5493340528392835 0.480231957279556 0.5444922342198557 0.48634793869356985 0.5473803365542511 0.4892785131211182 0.5478050574857799 0.4933558340637943 0.5512028249380099 0.4962227003516133 0.5534963179682652 0.49736944686674095 0.5520522668010674 0.499216982918891 0.550523271447564 0.5007459782723944 0.5463610063185822 0.5006822701326652 0.5449169551513844 0.5041862178177773 0.5493615655465729 0.5077625105832196 0.5512033557663243 0.5120018035890269 0.5559030963270697 0.513240248736791 0.5593326367362622 0.5123828636344928 0.559713696781728 0.5067622279638719 0.5592056167211069 0.5027610974864806 0.5623176070924112 0.5011415922932508 0.5687956278653303 0.4999031471454869 0.567080857660734 0.4964259742306112 0.5708914581153923 0.4925677412702697 0.5745750385548954 0.49237721124753675 0.5773694788883116 0.48942399589517666 0.5842285597066964 0.48928109837812683 0.589563400343218 0.4877568581962635 0.5969940712298017 0.48842371327582873 0.5991534114874416 0.48994795345769204 0.6042342120936527 0.4899003209520088 0.6053773922300502 0.49071007354862367 0.6097239325461431 0.4913090163039444 0.6125540230863233 0.49299643382141867 0.6195302879472088 0.49313094591347983 0.6240717263334804 0.4905238448770145 0.6275227751233657 0.4906811657044876 0.6292272489656476 0.4917176700680374 0.6365518798013997 0.4913721686135208 0.6493124001882131 0.48546409374128674 0.6431394408675163 0.48425483865047864 0.6412967664434278 0.48218182992337894 0.645396717037025 0.4798669701781177 0.6429091065645054 0.47751756028740483 0.6276149088445702 0.48010882119627935 0.6279373768687857 0.4814908270143457 0.6311159902503385 0.4827691823960572 0.632083394322985 0.48428938879593025 0.6294575832686587 0.4858786954867067 0.628213778032399 0.4862932972321266 0.6210734146390557 0.4829764832687672 0.6185858041665362 0.4813526264325392 0.6188622053301496 0.4711948836697508 0.6179408681181052 0.46504495777935523 0.6172037983484698 0.46418120414306374 0.6119982431004196 0.4644230551612253 0.6102937692581376 0.46615056243380837 0.6111229727489774 0.47167858570607407 0.611445440773193 0.476066454178435 0.6125049785670439 0.48225093021428234 0.6122285774034305 0.4840820879232203 0.60868142913706 0.4852567928685768 0.6056870831979161 0.4862241969412234 0.6028309378405788 0.48660424854119166 0.6008500628346836 0.4840820879232204 0.5996983913196282 0.48301103341421886 0.5999747924832416 0.48162902759615245 0.6012646645801035 0.4804197725053443 0.5997444581802304 0.4771029585419849 0.597072580265302 0.47668835679656496 0.5933411645565225 0.478208563196438 0.5879513418660635 0.48045432265079596 0.5815019813817536 0.4839093371959621 0.5796132400970627 0.48432393894138204 0.5796132400970627 0.481974529050669 0.5777244988123719 0.481974529050669 0.5813637807999469 0.4787268153782129 0.58205478370898 0.47558275214211176 0.5791986383516428 0.4748917492330785 0.5832525220846376 0.46950192654261946 0.5828379203392178 0.4672561670882615 0.5776323650911674 0.46649606388832493 0.5761582255518966 0.46639241345197 0.5770334959033387 0.464250304433967
15 0.6097538983776665 0.4656550281347232 0.6004336782566113 0.4658313269197359 0.5995216049803386 0.4614704765675571 0.5987761058730248 0.45250235419079116 0.5995741699897634 0.44429369470433694 0.6094929668692289 0.4406168993093625 0.6166755439198764 0.4383082138287973 0.6267640870381939 0.4330418424791052 0.6309850789090227 0.433015239589163 0.6364830094970771 0.43426557541644634 0.6394625331706033 0.4364736152816488 0.6444284059598138 0.43958615340488605 0.6477981053524922 0.440517254552863 0.6500682186275596 0.44182079616003067 0.6539345052991592 0.44381601290569556 0.6575879688512211 0.44780644639702527 0.6587939665286008 0.44918979667401965 0.6521255087830897 0.45315362727540714 0.6477811993750087 0.45487034766277445 0.652482179361879 0.45699770615391666 0.6595895518661127 0.45861590257229123 0.663206696801303 0.4614239492982943 0.6619375231398327 0.46242342355670213 0.6638412836320381 0.4649459062088744 0.6675853459333756 0.4666592906518592 0.6733600860930654 0.4671352307749107 0.676533020246741 0.468277487070234 0.6783098633727995 0.46984808947630347 0.6742485076560945 0.4713235038577627 0.6708851974531983 0.4739887685468503 0.6680930153979636 0.4722277900915602 0.6598433865984067 0.4720374140423397 0.656543535078584 0.4747978667560375 0.6436287254154821 0.4762161663552574 0.6265574408588767 0.4796783219740411 0.6220527140912382 0.48275655193192724 0.6191496679520935 0.4809546612248719 0.6192497729913743 0.47089410477714577 0.6184489326771274 0.46466256608191253 0.6174540765531957 0.463828048273724 0.6112935424991305 0.4639670076884773
12 0.6527297292095665 0.48550065264900527 0.6489271660867079 0.4848454812301833 0.6434545649711173 0.48409396206290156 0.6416817505252217 0.482301877894768 0.6462294049733884 0.4800473203929227 0.6431237955362754 0.47710871406489835 0.6566420216697226 0.47501848684395237 0.6599499610335091 0.4722725760128479 0.6679468241556731 0.4724652715097675 0.669135113053344 0.4735010098057104 0.6696168517956431 0.47757170217813716 0.6625994092872332 0.48128663855882
27 0.6984716084162308 0.48967463960395835 0.6943921416616099 0.4899247592121586 0.6888392605951108 0.4850553070889777 0.6856905964318117 0.4759875515556958 0.6887807327638277 0.47398961858240957 0.6906987484181824 0.4747088744527927 0.6933626590492307 0.47870474039936506 0.6986904803113271 0.4870960588871668 0.6998354927373553 0.4884980469502309
27 0.7630514365764371 0.47057755034101534 0.7585674020487556 0.4671324994234063 0.752005400300929 0.4706595753628632 0.7494899662975957 0.46360542348394956 0.7412874641128123 0.4592580973260144 0.7443497315951313 0.4563872215613403 0.7504742665597695 0.45835582208568826 0.7550676677832481 0.4563872215613403 0.762832703184843 0.4605704976755798 0.7651294037965822 0.4608165727411233 0.7670980043209302 0.45696139671427516 0.7704883718906408 0.4512196451849269 0.775847339984699 0.44949711972612233 0.7782534072922354 0.4497431947916659 0.7765035401594816 0.45441862103699227 0.7746443063309308 0.4600783475444928 0.7692853382368725 0.4656560490301454 0.7691759715410753 0.46729654946710203
27 0.7915961441794829 0.4763193018703637 0.7847060423442649 0.47353045112753733 0.7698321717158579 0.4747608264552548 0.787002742956004 0.4687729998603631 0.7898462770467292 0.4684448997729717 0.7945490449660049 0.4644256737024278 0.802751547150788 0.4670504744015586 0.8005642132348458 0.47098767545025455 0.793674111399628 0.47246412584351555 0.7934553780080337 0.4773036021325377
27 0.7786544937786605 0.5193268243259882 0.7809823099035593 0.5214084291299843 0.7792812135045948 0.5244301135228818 0.7814299668506552 0.5253701931117832 0.7893087291195436 0.5255716387379764 0.7903831057925739 0.524631559149075 0.7900249802348971 0.5232214397657228 0.7920842021915384 0.5223485087188857 0.7919946708021192 0.5215427262141131 0.7875181013311598 0.519796864120439 0.7856379421533569 0.5161036943068975 0.7816090296294936 0.516708031185477
12 0.645213927796311 0.43934034780800596 0.6391216214648552 0.4355912362194177 0.6406837512934335 0.43336520121369354 0.64310505252773 0.43295514213369174 0.6445109693734508 0.42944035001939035 0.6467760576248893 0.4289717110708169 0.6491192523677569 0.42569123843080225 0.6517748730763402 0.42604271764223234 0.653883748344921 0.42610129751080406 0.653883748344921 0.42346520342507804 0.6605465980143745 0.4214821543733082 0.6637489641629603 0.4219507933218816 0.6646862420601072 0.4210720952933063 0.6693726315458423 0.4215993141104515 0.6703880159344184 0.42318097056188714 0.6733560626087173 0.4229466510876004 0.6780424520944525 0.4228880712190286 0.6817915636830406 0.42265375174474185 0.6855406752716288 0.42259517187617024 0.690227064757364 0.42265375174474185 0.6924921530088026 0.42054487647616107 0.7014743995231284 0.42013481739615927 0.7072542798888685 0.4203105570018743 0.7135809056946109 0.42177505371616664 0.7234223236146549 0.42528984583046797 0.727093328711814 0.42892179768191274 0.7299051624032551 0.4310306729504936 0.7306081208261154 0.43284664887621604 0.7336754984225143 0.4315751510440734 0.7404695336532032 0.4310114829724838 0.7449168029300957 0.4315828846030718 0.7406996756053426 0.4334659603997285 0.7372471725975736 0.4397590733676754 0.7414649231347351 0.4428052265334033 0.7409962841861616 0.4447969420648407 0.7424803075233111 0.4493661718134325 0.7410743906775906 0.45083066852772474 0.7370128531232868 0.4550484190648865 0.7386530894432941 0.45715729433346725 0.7390436219004387 0.4594419092077631 0.7338104869747011 0.46682297264779604 0.7252968794089489 0.4660028544877924 0.7215477678203606 0.46723303172779795 0.7190483600946352 0.4691661673906637 0.7204542769403557 0.47115788292210115 0.719204573077493 0.47250521989925004 0.7156897809631917 0.47215374068781996 0.7127998407803218 0.47215374068781996 0.7103004330545963 0.4742040360878291 0.7118625628831748 0.47695728991069836 0.7149868225403315 0.47859752623070567 0.7122530953403192 0.4817022592650054 0.7117538815918469 0.48471349014100057 0.7138213308993367 0.48926187861747833 0.7178183995604838 0.4958777164014459 0.7214019783601329 0.5009429672047961 0.7248605172492089 0.5030558496256021 0.7312068891135626 0.5105362148064293 0.730071567474831 0.5141214410340027 0.7243949592811734 0.5145695943124493 0.7183598284647583 0.5089676783318662 0.7088589789616894 0.5004975813692244 0.7087992251912298 0.4958816026012239 0.7033018783089509 0.4883974428511646 0.6988203455244841 0.4844536940008341 0.6908730940533636 0.47441506056362903 0.6887790447308335 0.47351160360333056 0.6862112812161691 0.47284497269086967 0.6847298791884782 0.47077100985210235 0.6781858482769132 0.4691970572204135 0.6767044462492222 0.4679008304461839 0.6734231700733292 0.4669062854290233 0.6676931595263591 0.46659434347113476 0.6640429986156672 0.46484083479835137 0.662245892171662 0.4624988913695218 0.6634637893643035 0.461485776454185 0.6697815273614134 0.461335691901908 0.6680333569536145 0.4591307478837298 0.6652334057535154 0.45535081376359626 0.6618734643133968 0.45222711820598577 0.6619784624834005 0.44954966487089115 0.65970350213332 0.4490509235633735 0.6563785600832026 0.44424725728570363 0.64951867964296 0.4407298185905793
27 0.6608234826133595 0.45873700474621587 0.6606834850533545 0.4571882817386612 0.6626084515034226 0.4560333018686203 0.6648134130735006 0.4576607735036779 0.6670183746435785 0.4587632542887168 0.6688383429236429 0.4604694745512771 0.6693283343836601 0.46123071128380405 0.6642184234434797 0.46120446174130314
27 0.7084427936487675 0.5066240595321587 0.7134961578832992 0.5053850134938842 0.708248433485901 0.5011576799515356
27 0.692408080212273 0.5284895778546516 0.6874518960591746 0.5244808994955279 0.6914362793979398 0.5190145199149047 0.6941573216780723 0.5188687497927548 0.7023204485184696 0.512236209234932 0.710775115603167 0.512090439112782 0.7178692615477977 0.5094665769140828 0.7239916066780959 0.514787186372556 0.730463981229861 0.514196529679111 0.7315443168567457 0.5110230437751375 0.7360907292865516 0.5116644930536003 0.7380263306180531 0.5121709003787024 0.7390166382760307 0.5129473916105257 0.7381163585869602 0.5142640506557913 0.732849722405898 0.5160195960494787 0.7202237512563783 0.5207892931350416 0.7171628003135385 0.5209580955767423 0.7158573947643864 0.5207892931350416 0.7115810662413016 0.5254482405259813 0.7084300873295549 0.5288918103366759 0.7019030595837941 0.5295332596151385 0.7006876820035489 0.5291956547317371 0.6996073463766643 0.5276089117797504 0.6964563674649178 0.5274063488497096 0.6960962555892894 0.5285542054532745
12 0.6955421082201272 0.5425681983639641 0.69305137413681 0.541022179988844 0.6879436968846416 0.5408205611499427 0.6832840614966984 0.5365193592533798 0.6683888530513004 0.530862402827345 0.6762743898616655 0.530190340031007 0.67528869776037 0.5240745685843317 0.6816508922323692 0.5244778062621345 0.6854144438918617 0.5261579632529793 0.6867585694845375 0.5280397390827256 0.6889987788056641 0.5287118018790635 0.6960461441668577 0.5289054966945732 0.6966237150865243 0.5282276278312429 0.6990683325068768 0.5282795182953541 0.7004059533595226 0.5297324512904693 0.6986532087939868 0.5317042889266971 0.698168897795615 0.5333301901355165 0.6990724068840062 0.536561431325017 0.6989025229455167 0.5396703073993735
27 0.7798022731285115 0.5608457196118672 0.7723406017986585 0.5584335413802337 0.7787730770830145 0.5549600047266815 0.7848196038503091 0.5526443136243133 0.7870066454469901 0.5492672641000265 0.7904801821005423 0.5501356482634145 0.793181821719972 0.5546705433388854 0.784690954344622 0.5608457196118672
27 0.755815845911827 0.5629059121339913 0.7538861033265202 0.565125116107094 0.7469390300194158 0.5671513458216663 0.745009287434109 0.5677302685972583 0.7403779052293725 0.5644497062022367 0.7417930497919311 0.562809425004726 0.7419216992976182 0.5593358883511738 0.738319513138379 0.5584675041877857 0.7366470695644464 0.5548974804049681 0.7393487091838757 0.5467925615466795 0.7417930497919311 0.5450557932199035 0.7469390300194158 0.5453452546076996 0.7583888360255695 0.5396525139810444 0.7604472281165633 0.537240335749411 0.7637921152644285 0.5376262842664723 0.7648213113099254 0.5391700783347178 0.7729262301682139 0.5390735912054524 0.7739554262137108 0.5424506407297394 0.7667510538952322 0.5482398684856596 0.7573596399800726 0.5543185576293761 0.7636634657587413 0.5595288626097044 0.7636634657587413 0.5646426804607674 0.7601899291051892 0.5661864745290128 0.7553012478890786 0.5659935002704822
27 0.6872323208019532 0.5548352129683385 0.6847787714540905 0.5447143219084049 0.6847787714540905 0.54310418014887 0.6883590967050395 0.542007080548449 0.6923992095192877 0.5420593233865643 0.6939316661040027 0.5434176371775616 0.69469789439636 0.5497390205895105 0.6949068657488212 0.550940605866162 0.6999918353253751 0.5494778063989342 0.704728519314494 0.5494778063989342 0.7057037189593125 0.548537435312859 0.6981110931532251 0.5441490369111756 0.7010366920876808 0.5409622237861434 0.7079252850207922 0.5429598165321086 0.7190007667012317 0.5505350280588243 0.7155875679443667 0.5530426842883577 0.7124529976574498 0.5528859557740119 0.7112688266601702 0.5538263268600869 0.7117564264825795 0.5547144551080467 0.710990198190222 0.5561250117371593 0.7047210576163885 0.5576922968806176 0.6963622035179435 0.5601999531101511 0.688630263476882 0.565580965436025 0.6839632366052504 0.5661556366552931 0.6818038659631521 0.5615582669011484 0.6888392348293432 0.5585281822904621 0.6919041479987729 0.5565951972801967 0.6880033494194987 0.556072768899044
27 0.6196842220172722 0.5494828522944583 0.6221629589053413 0.5411613784559406 0.6275925730411117 0.5382400099807164 0.6297172046594567 0.5387711678853025 0.6305434502888131 0.5427548521696993 0.6275925730411117 0.5457647469623547 0.6273565028612956 0.5518730628650963 0.6245236607035024 0.553200957626562 0.6286548888502841 0.5576272734981138 0.6307795204686292 0.5618765367348038 0.6278286432209278 0.5629388525439762 0.6201563623769045 0.5594863261641656 0.6150808535108583 0.5551485366100448 0.6111856955438925 0.553378010261424 0.6079987481163751 0.5591322208944416 0.6005625374521678 0.5654175894320453 0.5973755900246503 0.56240769463939 0.5925361513384203 0.562230642004528 0.5901754495402592 0.5596633787990278 0.5934804320576847 0.5571846419109587 0.5905295548099834 0.5555026418797689 0.6006805725420759 0.5482434838504238 0.6029232392503289 0.5481549575329927 0.6051659059585818 0.5518730628650964 0.6079987481163751 0.5522271681348205 0.6089430288356396 0.5480664312155618 0.6103594499145361 0.546472957501803 0.614726748241134 0.5469155890889582 0.6176776254888353 0.5489516943898721
15 0.7457724087817109 0.4316357682425129 0.7416464686164163 0.43357713037262713 0.7380509232451751 0.43966029143676194 0.7420202238231284 0.4422520806626691 0.7418529891546984 0.44450974868647175 0.7431072491679221 0.4494640757387052 0.7380902091150274 0.45510824579821185 0.739428086462466 0.4573659138220144 0.7396789384651108 0.45962358184581703 0.7343274290753564 0.4671491419251591 0.7257148436512204 0.4665220119185472 0.7227882369536986 0.46689828992251436 0.7200288649246066 0.46903053194499456 0.7212831249378301 0.4708492089641689 0.7194435435851021 0.47285602498532675 0.7130050088505538 0.47235432098003727 0.7107022463378769 0.4742889066661815 0.712096583010075 0.47673280452574124 0.7157465897388097 0.4785084834748555 0.7127378004083663 0.4816529149472453 0.7123432050863407 0.48461237986243577 0.7221108068188297 0.5008425935274506 0.725484762229734 0.50267718178213 0.7290274154111838 0.5072952832508055 0.7381370950206257 0.5114705530717998 0.7418484459726209 0.5139377579660237 0.751801614434789 0.5206434943451964 0.7679122515218579 0.5203271860254239 0.777190628901845 0.5192517377381981 0.7814924220507483 0.5164049628602475 0.7868907507081954 0.515645822892794 0.799374385728542 0.5040056767251736 0.806122296550351 0.4990080052727714 0.806122296550351 0.49129008227032744 0.7954099881207293 0.480345814406206 0.7922047304803701 0.47730925453639195 0.784456390483202 0.4740731612822927 0.7696985624377475 0.47631642092560794 0.7481486456824028 0.4782683200478737 0.7474401715861128 0.47445222093831085 0.753790993956373 0.47376819999081765 0.765454596994683 0.47250726993262204 0.7676261987615755 0.4686719410056101 0.7628626852083918 0.4707472217263905 0.758484455839657 0.46735847219498955 0.7518995988690793 0.47093110735987737 0.7492026095779384 0.4637595676538895 0.7411116417045163 0.45918869619292996 0.7442989926849554 0.45611517917607797 0.7504985654710842 0.4580853823920088 0.7552971048592176 0.45616771792850286 0.7630027885481914 0.4603182793700637 0.764894183635485 0.4606335118846126 0.7702531363828168 0.45096638143844564 0.7734755131982056 0.4498630676375244 0.764616172167001 0.4418937286086296 0.7538546810593324 0.4349690759498602 0.7489630941922105 0.43175897206831143
15 0.5874570367041907 0.6503175661160547 0.5836048594143272 0.6522874295029168 0.5759005048346001 0.6512368356965904 0.5666202595453833 0.6451959213102134 0.5576902121916087 0.6467718120197031 0.5505111545150448 0.656227156276641 0.5534878369663031 0.6616114495340638 0.5617174884491933 0.6637126371467167 0.5734491192865051 0.6646319067272521 0.5914843129617753 0.6652885278562063 0.6012898551541551 0.6656825005335787 0.6065428241857873 0.6622680706630177 0.6110953973465351 0.6630560160177627 0.6149475746363987 0.6646319067272521 0.6231772261192889 0.6648945551788339 0.6233523250870101 0.6612174768566913 0.6196752467648676 0.658853640792457 0.623527424054731 0.6568837774055949 0.6242278199256154 0.6553078866961053 0.6291305910218054 0.6539946444381972 0.6410373208268382 0.651499484148172 0.6532942485673129 0.6457212182133767 0.6546950403090815 0.6396803038269998 0.6489167743742863 0.6293056899895264 0.6336831641825532 0.6198503457325886 0.6275547003123157 0.6177491581199357 0.6100448035402087 0.6219515333452414 0.6026906468959238 0.6181431307973081 0.5799277810921847 0.6187997519262621 0.5739744161896683 0.6216888848936598 0.5715230306415733 0.6375791162143469
27 0.5866900834446049 0.6502507805508703 0.5835644037246017 0.651891762403872 0.5760627723965941 0.6507665177046708 0.5647478118101822 0.6433586567682633 0.5654354613485829 0.641108167369861 0.5689362226349866 0.6399829226706598 0.5708741440613885 0.6393265299294592 0.5754376364525932 0.6413894785446614 0.5833143493470013 0.6478127503692679
27 0.5524986139875199 0.5450197833413267 0.5473569179182621 0.5446692131547864 0.5456430192285094 0.5478243448336491 0.5450197833413267 0.5521480438009796 0.5415919859618215 0.5529660409029069 0.5395664693284775 0.5715462607895431 0.5390990424130904 0.5873219191838568 0.5426826487643913 0.592229901795421 0.5461104461438965 0.591762474880034 0.5503172883823801 0.5951513200165902 0.5582635459439604 0.5959693171185176 0.5584193549157561 0.601812153560856 0.5602890625773045 0.6064864227147267 0.5673004663081105 0.6070707063589605 0.5704166457440244 0.6103426947666701 0.5775838584466262 0.6137315399032264 0.5788303302209916 0.6150169639205408 0.5744676790107123 0.6157181042936215 0.5663656124773363 0.6186395225147906 0.5634052420132183 0.6195743763455648 0.5602890625773045 0.6184058090570971 0.5535892767900897 0.6219115109225002 0.5532776588464984 0.6241317887705887 0.5576403100567777 0.6235475051263549 0.5598216356619174 0.6265857800763709 0.5649633317311752 0.6282217742802256 0.5696376008850459 0.6337140405360236 0.571972516018563 0.6324381913387699 0.5729777305376116 0.6246091167192573 0.5718124129510677 0.623194339713202 0.5775344032902671 0.6189608401041323 0.5828697726606016 0.6183809086508351 0.6033606840104369 0.6178009771975378 0.607226893699085 0.6199467235747376 0.6190062316633262 0.614032055314943 0.6143860184932399 0.6098459609821321 0.597092403563399 0.5966114592190063 0.5815819484567379 0.5846179096307161 0.5829045454038175 0.579117108691726 0.58104038702135 0.5744099278131249 0.5792814254455001 0.5725776761716147 0.58700131236173 0.5677405318380275 0.5889557141126743 0.5786607516214288 0.5961870005911682 0.580493003262939 0.5956984001534321 0.5654685398025548 0.58700131236173 0.5664946007218006 0.5829947887722942 0.5617307464538739 0.5675582684742205 0.5575908195444046 0.5616950632213877 0.5587634605949712 0.5598383815579906 0.5548057970493089 0.5539751763051577 0.5550989573119506 0.5520207745542134 0.5551722473776111 0.5541706164802521 0.5495289123217594
27 0.6335109936041865 0.6647586057786082 0.6237597245526811 0.6647586057786082 0.6249240551856967 0.6606106778984905 0.6259428444895854 0.6578817779773602 0.6250695965148236 0.6553711900499205 0.6297269190468858 0.6544979420751588 0.6330743696168056 0.6570085300025987 0.6455909239217228 0.6542796300814683 0.6549330639578766 0.6475424386255186 0.6626803873675517 0.649605978038376 0.6670970857599834 0.6465106689190899 0.6774925714423287 0.64909175268116 0.6873688715760955 0.6406876744071459 0.6956190290026004 0.6423500195602476 0.6958653023586154 0.6439200122048436 0.678749304115568 0.6548176082085103 0.6790282575499189 0.660073445762811 0.6913860515091607 0.6636971597809347 0.6755232551442532 0.666535019558365 0.6537284920535857 0.6672161059049483 0.6399554126004557 0.6682377354248232
27 0.6675481385680474 0.6400156930163908 0.6812891022195163 0.6337261710509208 0.6686595400398574 0.6326652878278295 0.6491594960344639 0.626906207473905 0.6500688245113996 0.6290279739200877 0.6548175398909512 0.6367572659740389
27 0.6463583528728747 0.6004019740842286 0.6378700237115126 0.59895509979536 0.6304620273525058 0.5942093521278713 0.6306935272387247 0.5903896040052584 0.6343203587894884 0.5886533548586161 0.6334715258733523 0.5871486055981929 0.6384101901126902 0.5852387315368865 0.646435519501614 0.5872643555413024 0.6486733517350642 0.5858174812524338 0.6478273937380021 0.5814183953626447 0.6432395076377656 0.5775423404061538 0.6523773499145675 0.5743031061539751 0.6556981280795611 0.5759820765242566 0.6564671812377695 0.5778307351778796 0.6577683433768133 0.5773028412585387 0.6595431758378254 0.5711102193021814 0.6695748375739804 0.5707050945012982 0.6753623347294545 0.5672325962080138 0.6807639987412304 0.5680428458097802 0.6752080014719752 0.5756244670834512 0.670346503861377 0.5799650899500567 0.6713496700349925 0.5822800888122464 0.6725071694660874 0.584363587788217 0.6714268366637322 0.5868522115650708 0.6744363351845787 0.5880097109961657 0.6756710012444131 0.5943180828956325 0.6730473358672648 0.596864581644041 0.6680315049991873 0.5963437069000485 0.6661795059094355 0.5981378310182454 0.66077784189766 0.5987744557053476 0.6565336773169789 0.5961700819853841 0.6502060137603272 0.5977905811889169
27 0.7017147597845379 0.5834350307205943 0.6982772283029023 0.5749271403035464 0.7030897723771921 0.5730364979886468 0.7113398479331174 0.5694270899329296 0.725319142625102 0.5674505093309891 0.7291004272549011 0.5774193506277322 0.7291004272549011 0.5827475244242672 0.7226837018225147 0.5879038216467206 0.7186732484272731 0.5889350810912113 0.70048047286598 0.5882570391444092 0.7030897723771921 0.5835209690076353
27 0.7442255657740976 0.5843803518780443 0.738954684168923 0.5872163153503935 0.734600477625518 0.5816303266927357 0.7360900746008933 0.5793099929426317 0.7399859436134136 0.5800834375259997
27 0.7299025179339493 0.5969273417860138 0.7336838025637484 0.5934038720173374 0.727839999044968 0.5913413531283561 0.7223399486743511 0.5894507108134566 0.7217670267607452 0.5903960319709063 0.7261212333041501 0.592200735998765 0.7286420897240162 0.5963257737767277
27 0.7372359184281051 0.6025133304436716 0.738954684168923 0.5998492435454041 0.7437672282432127 0.6002789349806085 0.7543089914535619 0.6058649236382663 0.7547673289844465 0.6090446402587792 0.7482360191693389 0.6103337145643926 0.7411317874406255 0.6068102447957161
27 0.7978263472496611 0.6727879727878238 0.8072929749691692 0.6672657732847773 0.8069423591277058 0.6654250401170951 0.8013325056642935 0.6631898641277668 0.7908140304203957 0.6713416824417878
27 0.7629400710240661 0.6680546589280696 0.7639919185484559 0.662269497543926 0.7589079888472385 0.6604287643762438 0.7538240591460211 0.6652935591765464 0.7462858185545609 0.6604287643762438 0.7415525046948069 0.6625324594250234 0.7555771383533374 0.6667398495225824
27 0.7562994539108705 0.6444419704201073 0.7631153789447978 0.6405751423533862 0.7518956720179734 0.6284788958229035 0.7485648215240721 0.6293992624067446 0.7475129739996824 0.6262437198335752 0.7445327393472446 0.6246659485469905 0.7326118007374935 0.6274270482985137 0.7326012588001902 0.6331647709647928 0.7454592527296101 0.6312493664074381 0.7524038633256247 0.6386947390121249
27 0.7740926210930885 0.6235360057156504 0.7754113294167689 0.6271657253568 0.7705994796458928 0.6274633749232691 0.7673520652131559 0.6247348508018863
12 0.5956379946660967 0.5626538615209026 0.5954028088138241 0.5647705341913541 0.5874064898365627 0.5658288705265799 0.5836136924139522 0.5612710364480744 0.5814970197435007 0.5601245054182465 0.582320170226454 0.5578314433585907 0.5772636744025975 0.555097407825924 0.5783220107378232 0.5483064163415585 0.5812618338912282 0.5369293007378814 0.5760877451412355 0.5424855664978167 0.5726775502832858 0.5417800089409995 0.5709136563912428 0.53851680524072 0.560918257669666 0.536135548486462 0.5662099393457949 0.5321667872293653 0.5613886293742106 0.531461229672548 0.5613886293742106 0.5278452471938601 0.5713840280957875 0.5264341320802256 0.5747942229537373 0.5231709283799462 0.5692133816092527 0.5189762162308041 0.5709274059139182 0.5160214632324593 0.5685885793868694 0.5153325288714345 0.5653181417161125 0.5176320553586855 0.5610163287710859 0.5169335543340088 0.5608119264166637 0.5116190931190289 0.565717582922799 0.5096261701634114 0.5665351923404881 0.5069178389673159 0.5626515476064644 0.505333720720543 0.5638098276148574 0.5012967742207025 0.5691924229479781 0.5002747624485909 0.5683066794121482 0.4965444194803838 0.5711001782559196 0.49301847886659905 0.5747112865173803 0.49286517710078237 0.5776410535974335 0.48990134296165894 0.5843181971752287 0.4897991417844478 0.5896326583902086 0.4881128223604637 0.5971955455038339 0.48893043177815293 0.5990544844405143 0.49012023362624113 0.6040240609755934 0.4900672869950677 0.6052267940512216 0.4909297922966837 0.609675929960334 0.4915231216294551 0.6120760471694104 0.4933261184990434 0.6195357852620001 0.49337942880600943 0.6212123673862364 0.4944240684372642 0.6273530721240961 0.49672568838908004 0.6313233689967631 0.4982491743983593 0.6335393486466236 0.4999111591357547 0.6365401544224767 0.5013307710989469 0.6361708244808333 0.503858372887069 0.6327545225206315 0.5063859746751915 0.6288303918906698 0.5083595815508487 0.625737253629406 0.5095714454218662 0.624998593746119 0.512860790214628 0.6252294249596462 0.5164617571456517 0.6249524275034136 0.5174658729244949 0.6205666344463977 0.5206167189891404 0.6149805190790406 0.5247716808326293 0.6135493655551723 0.5283033983995947 0.6112410534199008 0.5307271261416296 0.6114718846334279 0.5324929849251124 0.6135350937704547 0.5334729098134262 0.618083498048315 0.5315319959189944 0.6212987493481817 0.5307085779031748 0.6287487218722633 0.5294734508794455 0.6311303039348252 0.5313986980663964 0.6311303039348252 0.5328690873803599 0.6245429598082689 0.5342218455492063 0.6214845500352248 0.5362215750161966 0.6167008834671304 0.5385741979185381 0.6108193262112764 0.5387506446362138 0.6067414465138845 0.5367509151692235 0.6031340913969608 0.5399269560873846 0.600310943914151 0.5448086486097433 0.599526736280037 0.5477494272376702 0.5990562116995688 0.5488669231162825 0.5898968358790893 0.5554017955835845 0.5928568386832226 0.5572126686230873 0.5897657930114354 0.559708608086353 0.5921472150907816 0.5623380949656311
27 0.6432041630881122 0.6078366812283713 0.6531175545409661 0.6166712624348852 0.6615147802422071 0.6168462046369945 0.6610482677032492 0.6122102362811009 0.6495020823640428 0.6073993257230983
15 0.649091556538529 0.5159079085980445 0.642773456756843 0.4951870623380259 0.653726456945813 0.4861703855677456 0.6708226180385641 0.47818976633907206 0.6858495797732858 0.48071139005442476 0.6873812137666675 0.4850039958516659 0.6944750975254884 0.4908685418000094 0.6988281625593105 0.4900221124878773 0.7017302059151918 0.4883897131001941 0.7031006152776914 0.48863155004651754 0.707856741888719 0.49588665843622076 0.7073730679960721 0.5017512043845642 0.7069700064188664 0.5086435573547824 0.704551636955632 0.5111828452911785 0.7025363290696034 0.5116665191838254 0.7014077566534273 0.512271111549634 0.6939914236328416 0.5185588721540436 0.6911699925924014 0.5186797906272054 0.6864944782968149 0.5244234181023871 0.6824638625247575 0.5242420403926444 0.674483243296084 0.5227910187147038 0.6591669033622658 0.5195262199393373
15 0.6560966454163758 0.5757017713884711 0.6516033166330444 0.5735118169304048 0.6428156283443518 0.5740026186699327 0.6332744730596095 0.5681380707708164 0.6303764056452533 0.5630197097728812 0.6313112661014973 0.5618277626911702 0.6289741149608875 0.5558680272826154 0.6313112661014972 0.5503990936135887 0.6386031776601995 0.5441589000681608 0.6551502077357163 0.5356750414277476 0.6833829935142818 0.5445795872734704 0.6868419772023842 0.5558680272826155 0.6895265117152561 0.5568036611487461 0.6887999520624761 0.5577724073524527 0.6814536266843677 0.5612538390220234 0.6838995122453787 0.5665179321499698 0.6888744502467193 0.5658094757890194 0.6963280241580526 0.560396511598517 0.7110828090295827 0.5563613632496733 0.7121425449595818 0.5557499771362122 0.7171966701641943 0.556239086026981 0.7233920494472676 0.5592043086772678 0.7303210920664942 0.5627197788296695 0.7376023845268094 0.5668797117144557 0.7374636983588059 0.5720804430145884 0.7362848659307758 0.5785293498267529 0.7340658872427192 0.5814417593548272 0.7385731877028341 0.5877346442279876 0.7448140652629934 0.5845101908219054 0.7505001981511384 0.5820658471108431 0.7623578655154407 0.5827419421798604 0.7768505700718102 0.5832620153098736 0.7838542215559889 0.5848222346999133 0.790927216124169 0.5927273462761149 0.8010513063884274 0.6034928600673893 0.7921060485521992 0.6126981544686242 0.7803870673559004 0.6205512587318245 0.7724819557796988 0.6228915878168841 0.7648542165395044 0.6249198730239358 0.751193628991156 0.6250238876499384 0.7391279323748483 0.6232036316948921 0.733233770234698 0.6206552733578271 0.7352447196707493 0.6131662202856362 0.7455124794317775 0.6090576013038554 0.7480816244481128 0.6104693012907629 0.75499177768889 0.6091516873253606 0.7545232927234136 0.6059015728773679 0.7439541251765656 0.6000413998442756 0.7387734832835222 0.5997018400979034 0.7369861328556637 0.6024426575170011 0.7409476632300078 0.6069842691247312 0.7454105100549576 0.6089735220060216 0.7352150537634408 0.6130779569892472 0.7323383918982057 0.6068270351596486 0.7293963231830624 0.6005878204706377 0.7298049252108646 0.5976943492835189 0.7340339258616025 0.5933317975468108 0.7226869800297644 0.5892043460004797 0.7225717287995345 0.5880631761470196 0.7293490626505826 0.582807608474977 0.7293936878066514 0.5774349620897853 0.7254822517727397 0.5672675291458469 0.7112921371102083 0.5689359630550994 0.6979109601006482 0.5747640418615589 0.6990605530157287 0.5787079118000139 0.7001735747753354 0.5828067053435085 0.6962234315820336 0.5856432629433482 0.6945699682241397 0.5863642498726624 0.6882637358824045 0.5862488919639722 0.6849952618028469 0.5861623735324546 0.6847645459854664 0.5870275578476317 0.683764777443484 0.5876908658226008 0.6832648931724927 0.5892481975899194 0.6833033458087228 0.5910650846517912 0.6836494195347936 0.5930261690995258 0.6871101567955019 0.5946988587755349 0.6848799038941565 0.5970348564265129 0.681265356088528 0.5976404854471368 0.6765356818322268 0.5950449325016057 0.6755743659264745 0.5921033058300037 0.6748822184743328 0.5877485447769458 0.6717675549396955 0.5867680025530785 0.6727673234816778 0.5844031654249279 0.6706908811252529 0.5799618859403523 0.6754590080177841 0.5757513222731574 0.6811115455436076 0.5679935029137364 0.6752667448366338 0.5667822448724885 0.6693834914934298 0.5704736979505772 0.6593858060736061 0.5708197716766481 0.6577707953519423 0.5752610511612236
12 0.581837576870028 0.5844996500491823 0.5832289431869525 0.5796874527018316 0.5913468460965488 0.5802448808791739 0.6036526388676147 0.5820506222097108 0.6209075004705223 0.587568165164129 0.6274616727072858 0.5921828374532787 0.6380286034563533 0.5992051648498109 0.6471241894175759 0.6011112251431553 0.6539930773863357 0.6030865471370417 0.6647068241862509 0.6037683310243089 0.680555220967305 0.6042553195152143 0.681541352707192 0.5984864488368752 0.6849423805753606 0.597440138659605 0.6873997297631388 0.5945191386816799 0.6841078091530963 0.5928152220278904 0.6837921853085378 0.5895551622111956 0.6840240107036112 0.5879903407944501 0.685368597995037 0.5873296384184908 0.685368597995037 0.5864255193777046 0.6950588995091058 0.5865993884240096 0.7002517883587502 0.5832611027349526 0.7027091375465284 0.5838870313016508 0.7005299788328384 0.58764260270184 0.6998496369448293 0.5885913985209531 0.7033281207111525 0.5886180195701851 0.7182714030134182 0.5892569247517547 0.720117129093508 0.5922917243642101 0.7227082445520956 0.5928241453488514 0.7252283705460644 0.595965429158235 0.7271095913584638 0.5992398182137789 0.7288123687034025 0.6007886101040711 0.730245684406485 0.6028095852454175 0.7349469599125957 0.6129574604232418 0.7325963221595404 0.6203963689222401 0.7321949937626772 0.623277333485436 0.734832294656349 0.6262012975197244 0.7323096590189238 0.6271902853548513 0.7321949937626772 0.6321782240015785 0.7243977563379083 0.6348011917382196 0.7187218261537015 0.6363491726975486 0.7139632180194674 0.6403051240380564 0.7006620482948616 0.6418531049973855 0.6961327706731207 0.6431430891301599 0.695616777020011 0.6415951081708308 0.6899981794639275 0.6400471272115016 0.6878768722233656 0.6364351716397336 0.6825449378078985 0.6333392097210754 0.668555776545813 0.632221223472671 0.6489765712257488 0.6266635841399523 0.6487760198432743 0.6283082716032556 0.6345575280686956 0.6195793789714831 0.653013533079837 0.6167302665296344 0.6616666509922582 0.6169361916477015 0.6612842650953938 0.6120868432283771 0.649430302292601 0.6072635665747481 0.6430244407977318 0.6077640962797299 0.6529390681003584 0.6166397849462364 0.6345161290322581 0.6195564516129031 0.623843542668582 0.6153718970476235 0.6179432608518317 0.6116600493568227 0.6134249964059826 0.6076889184962132 0.597116885671746 0.5963579584406072 0.5891614060347601 0.5900911557592091
