32 0.43252756340697146 0.12325001196448439 0.5335996477286652 0.12099160718607196 0.6136779590842146 0.1195700987004705 0.691724546895383 0.11832090281863553 0.703477079700619 0.13487151000692366 0.7101181053200334 0.15385027322457978 0.7092833939775934 0.18138021342081362 0.6996313896402261 0.2097647261760978 0.673586421823757 0.25561660336389747 0.6666308011430835 0.26393996368732814 0.6492602039970918 0.28120189385875055 0.6328861809664459 0.3026843298449051 0.6112752872449303 0.3489346923164119 0.5597113205032038 0.36524302880108683 0.502697765102722 0.3574602071247822 0.46727664886806347 0.32593808794688056 0.4608897369031475 0.3027134693567341 0.4578232809777601 0.26920075288514933 0.4415672736727204 0.2358632379041108 0.42937526819394056 0.1990967213821655 0.4176912629434433 0.16918820794203382 0.41997726397071455 0.14442319681326238
31 0.16696426298201753 0.4133550611361315 0.16494320005196048 0.4003348053645171 0.16648232517528302 0.3903461439879882 0.17000651923262688 0.38493186970111476 0.16668563672609968 0.3744917699794454 0.1644579355321964 0.36919198114491614 0.17107837683420335 0.3604071553554285 0.17740819388161388 0.3547144184193172 0.1862950026598697 0.3478538398922003 0.19543644169668617 0.3447212577932838 0.2043079257632338 0.3436029079468277 0.20484385456402202 0.3359699309650599 0.2213149802577538 0.32952029753754325 0.2364149528096635 0.3308856152867059 0.23834874177258136 0.3383787425980763 0.25050300812225135 0.34198292608865577 0.2535599842889876 0.33905302131942705 0.25581435376655787 0.3333197911377754 0.29034372227205835 0.3452936850550054 0.31743769475130623 0.34505379907375544 0.3323530056389947 0.3529300130817232 0.34235821025174235 0.35821659043058174 0.33726592057170984 0.3882874755000061 0.33685776555930075 0.3994701978702043 0.33095379972060146 0.40302746484977087 0.334221654631013 0.4100731702918124 0.33385942913168554 0.4342187886727813 0.3115068836141393 0.4424771496390353 0.28811602107815515 0.4424771496390353 0.2742084603228805 0.44342103843643843 0.26534465690032616 0.43853417084778246 0.2537698302445211 0.4410687097761603 0.24015463489243874 0.4428741508215909 0.22161481120786303 0.4401550088334941 0.19797210970751164 0.436308027713539 0.18484492707238723 0.43885854259426954 0.1799258648989076 0.4358744971340562 0.18055424772400294 0.4313322299155445 0.17618446878344507 0.43236141690482555 0.17147032965084827 0.42910644322611113 0.16717357353217344 0.42237384789985205
20 0.40875000883464524 0.32786238255031314 0.3921606676284955 0.2922305697930415 0.3735763468332497 0.24261988292437642 0.37286249718280545 0.22982930008841465 0.37311411520580795 0.21591482341637477 0.37669547839987727 0.21359574397103484 0.3753907923546789 0.20856338351098425 0.36678818450239253 0.20228532117207557 0.367781554511523 0.20079489882686363 0.3762938185710613 0.19967995300375427 0.3898621052983832 0.19911460772344922 0.40124439027519215 0.19775777905071698 0.4086315686045119 0.1964009503779848 0.42611958260861577 0.19244353341584927 0.42875786058337284 0.19826658980299158 0.4304915861096417 0.20465499147043897 0.432752967230862 0.21081725502576437 0.4364465563955218 0.22133267723943884 0.43863255814603475 0.22879523493946588 0.44089393926725523 0.2358055164152489 0.4449644252854517 0.24366381581148946 0.4572512627107488 0.2689912843691571 0.46034181690974996 0.3029120011874619 0.46682444279058155 0.32637383032012274 0.47519155293909676 0.3338363880201498 0.4589096088663103 0.32744798635270234 0.4333560021965207 0.3327622319875701 0.41111908783785434 0.32942669483377
11 0.23177577559279708 0.6416235269795287 0.2369911793151035 0.622229314400533 0.2506636021411968 0.6055185753908634 0.2670956790156862 0.590947242451286 0.29194300029948594 0.5697303680066216 0.3171948498786847 0.555731041397766 0.3406270149472995 0.5436901228039959 0.36731333374795666 0.5316168916914576 0.3706105409780374 0.534651821073691 0.3751067326554201 0.5364502977446441 0.3827254754347862 0.547500044078486 0.3894959228603885 0.5496882474927309 0.3969877097734388 0.5553816504275155 0.39521312838257094 0.5616310363940032 0.39913323407114376 0.5636295395766405 0.40196016957333236 0.5677008951584697 0.40769389714363785 0.5705048191887879 0.4087099644387808 0.5732076973352559 0.4112478623830161 0.5759557158168126 0.4151063165360037 0.5787361847002039 0.42307574840890827 0.5788897429515418 0.42875440248546987 0.5865952264835544 0.43775091635226615 0.5873479833028423 0.4468016725423221 0.5937190533237174 0.44669511014112695 0.6003100252601891 0.4486183900275377 0.6051452953138593 0.4510593820265718 0.6087640147696348 0.45486469183961054 0.6097952640543309 0.45928875123262897 0.6115329190759097 0.46240306732731284 0.6158753708764013 0.4664814880663599 0.6190910977474386 0.4758756287980661 0.6200967952467752 0.479637352828237 0.6287855421202094 0.4829271883393126 0.6371908884450527 0.4591320019077029 0.6560071907591789 0.44619983536878466 0.6632815344373205 0.4227134374035124 0.6756310936775722 0.3916362590283796 0.689308956330768 0.3727400852424949 0.6966878341107933 0.36212074790827864 0.6979762095961947 0.3432245741223939 0.6999673353463602 0.3297942357291204 0.6989132099492137 0.316363897335847 0.6968049591549209 0.2963745564714402 0.6927055826104622 0.2698262131358996 0.685326704830437 0.25327254023256257 0.6766594515650105 0.24280936962384955 0.6688120736084758 0.2340640329956715 0.656396818930973
20 0.6546958379796536 0.27662008162936036 0.6657913383498468 0.30517454413047496 0.6644349659973777 0.30751428643848444 0.6293567715457419 0.3157634836548463 0.6290854970752481 0.3119995503767441 0.633154614132656 0.30264058114470616 0.6427140725974148 0.2907772559460977 0.6482763104001837 0.2836741279412105 0.6538385482029525 0.2773978190691673
26 0.17409901564160113 0.5408259606232393 0.17409901564160107 0.4828736814401008 0.17878202810084465 0.4765077113783164 0.18697729990452083 0.4727759358248569 0.22297795818495542 0.47167835477972164 0.2835644318764185 0.4740930330790192 0.32488398936001933 0.47459404391646054 0.3330792611636955 0.48030146535116364 0.3386403384590471 0.48600888678586673 0.33834765018034446 0.4993993755365162 0.336539031121779 0.5414283865504226 0.3363260760860458 0.5439990342635985 0.3148545472032697 0.5561032523724264 0.31476634615314547 0.5557736929550274 0.27588890880689226 0.5545930105607936 0.22896902635674052 0.5526575654097248 0.19049472274761606 0.5516018680545964 0.1822837433188395 0.5498423724627157 0.1761841586003198 0.545619583042202
14 0.38371719661502324 0.7838667268813841 0.38282896236359953 0.7774270285585625 0.39556031996733876 0.7687667446071818 0.39822502272160976 0.7427858927530395 0.4153975515824673 0.7361241358673621 0.42516812834812756 0.7305726717959642 0.4615857326564978 0.7256873834131341 0.4678033724164634 0.7279079690416933 0.4917856972049024 0.73679031155593 0.5012601958867549 0.762993221972928 0.5128072411552624 0.78897407382707 0.4994837273839076 0.78408878544424 0.5031468479465366 0.7935206674790828 0.4635852755932578 0.8029013685870949 0.42757865224620867 0.8093547615583031 0.423739710786413 0.8020078218680046 0.40811919036379607 0.7707336866998414 0.38786546473108097 0.7872146595186195
16 0.517114954261187 0.795474778643999 0.517436943647402 0.7503157672273543 0.5184029118060468 0.7143334533178353 0.521944795054411 0.7104695806832559 0.5299945297097846 0.7061227239693543 0.5676080347491086 0.7068375537206765 0.6214395153948264 0.7085376443659663 0.6338157128389523 0.708968147361285 0.6385812445144332 0.7108267047147226 0.6401062146505871 0.7164023767750352 0.6401062146505871 0.7299841420501556 0.6391531083154909 0.7518579324406126 0.6364844105772217 0.7998944917294598 0.6313376363677023 0.8071857551929454 0.6221878155507792 0.8111888018003492 0.5945477318329901 0.8109028698998205 0.5587109336333742 0.8101880401484983 0.529164637245393 0.8083294827950609 0.5198241951614505 0.8026108447844839
23 0.6850602789062299 0.3388835271543572 0.6850602789062299 0.3346529923896955 0.7105407411669514 0.31641792874891184 0.7344597366143867 0.29876328269059793 0.7457411626534847 0.2924904207981684 0.7554665299285692 0.2900104521430218 0.7690820441136875 0.28840576654263284 0.78775474928185 0.2904480936704006 0.8091505572870362 0.2961374335263251 0.822571564126653 0.3045985030556487 0.8342420048567544 0.3161230632766239 0.8406607472583102 0.3272099819702203 0.8410497619493137 0.3455909261201301 0.8280177698007003 0.36251306517877724 0.8184869098711173 0.36805652452557547 0.7967020871749277 0.3664518389251865 0.7694710588046911 0.36528479485217635 0.7262395006505309 0.3621651345619935 0.7234513483940309 0.3595311006285232 0.7136064103360353 0.35485957595531625 0.6989212118400697 0.34661387626506823
17 0.563115935518207 0.5542998488546886 0.5523510296974898 0.5334196435989872 0.5452981603666751 0.5214483259190517 0.5449269567176849 0.5153234657107125 0.5408437165787922 0.511425827396315 0.5378740873868701 0.5044657589777478 0.5334196435989872 0.48776159477318665 0.5426449921179544 0.4839680341566388 0.5524331210672591 0.4839680341566388 0.5579845971877602 0.4802427014968288 0.5701101897667495 0.4840776027642802 0.579752227239199 0.4935005030214466 0.5836966971142918 0.49974591365701043 0.5848041818517394 0.49722234147699074 0.5883103772962663 0.4924013227407662 0.5967836829538734 0.4917439110949174 0.6013125187363875 0.4964553612235006 0.6102240988245604 0.4966744984387834 0.6148990260839298 0.4996328508451032 0.6222035999266945 0.5017146543902912 0.6257097953712215 0.5003998310985934 0.6289238078620379 0.5083983394564209 0.6213270510655627 0.516835122244814 0.6146068431302191 0.5104801430016087 0.609055367009718 0.5067548103417987 0.6067179033800333 0.5080696336334963 0.6074483607643097 0.5128906523697211 0.6001437869215451 0.5160681419913237 0.5922548471713592 0.5153011617378335 0.5910861153565169 0.5208891607275483 0.5970758659075839 0.5341469622521663 0.6078866351948756 0.5468569207385768 0.6143146601765086 0.5535406058047064 0.6146068431302191 0.5498152731448964 0.611538922116258 0.5481717440302745 0.6132920198385216 0.5456516660545206 0.6146068431302191 0.5429124508634838 0.6159216664219168 0.5364479030126371 0.6290698993388931 0.5315173156687709 0.6312612714917225 0.5272441399707537 0.6385658453344871 0.5231901014880193 0.6460165106541073 0.5223135526268875 0.6485000657606471 0.5195743374358507 0.662817030492466 0.524285787564434 0.6707059702426519 0.5231901014880193 0.6718747020574941 0.5201221804740581 0.6556585481265566 0.5136576326232114 0.657849920279386 0.5103705743939673 0.6669075918444141 0.507740927810572 0.6848768434976151 0.5116853976856649 0.6934962406320776 0.5125619465467967 0.6926196917709457 0.5083983394564209 0.6834159287290623 0.5024816346437814 0.6894056792801293 0.49777018451519817 0.6993398997062893 0.49415442046302976 0.7091280286555939 0.4977701845151982 0.720054892010653 0.5064794279844756 0.7089819371787385 0.50982273135576 0.7035765525350928 0.5241762189567925 0.7029921866276717 0.5262580225019804 0.6926196917709458 0.5247240619949999 0.6904283196181165 0.5217657095886802 0.6886752218958528 0.5226422584498119 0.6858994838356023 0.5167255536371725 0.6821011054373646 0.5154107303454748 0.6793253673771141 0.5172733966753799 0.6806401906688118 0.5279015516166025 0.6758191719325872 0.5317364528840539 0.6711442446732176 0.5339278250368833 0.6604795668627813 0.5447751171933888 0.6543437248348589 0.5500344103601794 0.6461626021309625 0.5512396650442356 0.6449938703161202 0.5584711931485725 0.6262941612786426 0.5664697015063999 0.6214731425424179 0.5652644468223438 0.6182591300516014 0.5652644468223438 0.6134381113153767 0.5717289946731905 0.5998516039678344 0.5709620144197002 0.5793987972080934 0.5673462503675317 0.5738473210875923 0.5609912711243263
12 0.5537754696668168 0.6333300510167807 0.5496221224156551 0.6264442384688022 0.5393480528996237 0.6221815926057679 0.5334459278584992 0.6105412904413279 0.5306041639498096 0.5980812486878428 0.5340330176098942 0.5820151082219989 0.5419025176647269 0.5693911185507049 0.5534881705232305 0.5575868684684558 0.5611390733543179 0.5585705559753099 0.5655110178292249 0.5566031809616018 0.5729433234365668 0.5615216184958721 0.5792826429251821 0.5700469102219409 0.5869335457562693 0.570702701893177 0.5950216430348473 0.5748013998384022 0.6050771153271335 0.5767687748521104 0.610323448697022 0.5774245665233464 0.612728018158221 0.5739816602493572 0.6199417265418175 0.5741456081671661 0.6197231293180722 0.5816872123863808 0.6219091015555257 0.5861138061672242 0.6240950737929791 0.5962785770713831 0.6173185598568732 0.6011970146056534 0.6282484210441408 0.6057875563043059 0.653824296222347 0.6105420459207672 0.6634861134182757 0.6111322107530399 0.6726614250840764 0.6163876826189695 0.6702128395533492 0.6223561098501171 0.6687261983382649 0.6285212984185554 0.6675019055729012 0.629045995317997 0.6572703160337909 0.6260945752586382 0.6519358975561351 0.6272095561699516 0.6509739532404921 0.6206508449269321 0.6447650399304338 0.6203884964772113 0.6425727650716933 0.6273181624487362 0.638818475070096 0.6270783819450911 0.637069485405291 0.6232087423117096 0.606112368338239 0.6221593485128265 0.6026143890086286 0.6230775680868492 0.6001658034779013 0.6289148210931366 0.595356081899687 0.6325221122767972 0.5858240882264988 0.637834668383643 0.5785657811175573 0.64019580443113 0.5694710348605703 0.638490539507945 0.558277501005817 0.6338338545254012
12 0.5807314779466198 0.46961810813943955 0.5748899806510974 0.46835262523947946 0.5733459610074507 0.4732420207776938 0.5709441526728894 0.47375669399224274 0.5692285752910599 0.4781314163159082 0.5644249586219369 0.4773594064940848 0.5589277234982024 0.47511011191732316 0.5530023139391429 0.47559491815397353 0.5520327014658422 0.47228207553686297 0.546538230783805 0.46880763084086896 0.5410437601017681 0.46597959446040865 0.5414746989787905 0.46177794040943915 0.5406128212247455 0.4569298780429358 0.5425520461713469 0.4546674489385676 0.5427675156098581 0.45272822399196627 0.5443835363986925 0.4503849938481564 0.5435216586446475 0.44812256474378814 0.5461072919067825 0.4453753294027696 0.5538641916931879 0.4386688431291067 0.5596818665329919 0.43624481194585507 0.561082417883315 0.432204759973769 0.5635603164261944 0.42735669760726575 0.5678697051964195 0.42711429448894056 0.5719636245281335 0.42509426850289755 0.572394563405156 0.4221046300435538 0.573256441159201 0.42194302796467037 0.5765962174561257 0.4228318393985294 0.5816257228693941 0.4223644885592963 0.5826293617344408 0.42121581860969487 0.5847840561195533 0.4216527272333563 0.5914478964947594 0.4213604142672779 0.5993228519880747 0.42069275499719244 0.6006924094651729 0.4214631310780603 0.6134247939923261 0.42139571623468136 0.6189715017745743 0.4230391852071994 0.6240388644398379 0.42493944620667323 0.6278736253757131 0.42745600807084133 0.6291747049789564 0.42894540182718577 0.6368442268507069 0.4285858929894475 0.6432811469930688 0.43064022920509487 0.6482800317844776 0.43485161844717213 0.6507452352432544 0.4394738749323789 0.6523202263419177 0.44686948530870974 0.6495126335138661 0.45113223295617805 0.6450615717132966 0.4563194319006879 0.6382822622016602 0.46037674592659156 0.6371866162199815 0.4622256485206742 0.6345844570134946 0.4632014582231069 0.6332148995363964 0.46576937849266614 0.6284899262404072 0.47008348454552573 0.6276681917541483 0.47773588694881247 0.6306812182037645 0.4846692716766226 0.6308086347291744 0.48610730702757576 0.6286382454757212 0.4869360596125467 0.6268760663598235 0.4886024681243197 0.6303238081083192 0.49015395191114275 0.6261865180101244 0.49429124200933766 0.62158952901213 0.49348676893468857 0.6169925400141357 0.49457855382171234 0.612702016949341 0.495612876346261 0.6091010422342454 0.4960725752460604 0.6039677378531518 0.4958427257961607 0.5981448851223592 0.4916479733354909 0.5937011290909646 0.4848674145634493 0.5918411993260093 0.47767565481090474 0.5836376616988364 0.472123053265452
12 0.7331498009995768 0.5938138943646891 0.7353588760909936 0.5897471879463992 0.7407811513153801 0.5877891441153708 0.7458017765231455 0.5841742939657797 0.7492158016644259 0.58673481282174 0.7522281767890849 0.5864335753092741 0.7550397269054335 0.5889940941652344 0.7586545770550246 0.5920064692898936 0.7612653021630625 0.5951694631707858 0.7652818023292748 0.5984830758079108 0.7660851023625174 0.601344832176337 0.764679327304343 0.6084239137192861 0.7636752022627898 0.6120387638688771 0.7582529270384033 0.6120387638688771 0.7544372518805017 0.6120387638688771 0.7512240517475319 0.6106831950627805 0.7474083765896303 0.6076708199381213 0.7429902264067969 0.6058633948633257 0.7504207517142896 0.6020979259575018 0.7552405519137442 0.5998386446140074 0.7546380768888123 0.5986336945641437 0.7488141516478046 0.5968262694893482 0.7421869263735544 0.5954707006832517 0.7375679511824103 0.5938138943646891
15 0.7049397612023725 0.5333134332219721 0.7040433902253673 0.5250780248707372 0.7094216160873983 0.5107921124247174 0.7363127453975532 0.5020524953989172 0.7468451043773637 0.5033970518644248 0.7710471207565032 0.5126408775647906 0.7681899272934228 0.5389990731104157 0.762139423198638 0.5442092294142582 0.7547443626383454 0.5432008120651274 0.746677023845299 0.5500916639508545 0.7316628099804625 0.5507639421836085
15 0.6577370326571138 0.6086800935947203 0.6255338103726416 0.6002657032558744 0.6271959121679692 0.5879557618342295 0.6212105460036865 0.5810603995103044 0.6207950205548545 0.5737367634746422 0.6159380058375918 0.5733937378367288 0.6167118857138644 0.5678826490571073 0.6231465942809259 0.5673529626811603 0.6320139365745595 0.5678826490571073 0.645354186042858 0.5617029746710575 0.6574388826200223 0.5590545427913217 0.6633242867972128 0.5620560989216888 0.6796464743819545 0.5559941326191826 0.7013047617540152 0.5595253751254969 0.709544327602082 0.565646195469775 0.7170776449488856 0.5765930472393493 0.7197456948425454 0.584773759045644 0.7135464024425714 0.5926602006430792 0.7044596798828797 0.597127117214875 0.6873905786440324 0.5997964669752611 0.6772210293986537 0.5990869635395369 0.6728457582116882 0.6013041617761749
15 0.7592057828309248 0.6157692424857916 0.7834852724137409 0.6356577605483111 0.76936528556416 0.6542548163989789 0.7338949262550497 0.6601954826987001 0.7276959076381605 0.6579999969385519 0.7220134739060121 0.660066336477515 0.7134037258269994 0.6545130489665518 0.7125427510190981 0.6521884169852182 0.7108208014032955 0.6521884169852182 0.7070325122485299 0.6481848841284774 0.7070325122485299 0.6437939126081809 0.6891242362441833 0.6505095161098109 0.6810310730499113 0.6468934219166255 0.6818920478578125 0.6541256103029963 0.6663945013155894 0.6632949920071448 0.6572681683518359 0.662132676016478 0.6508969547733665 0.6586457280444779 0.649863785003885 0.6567085347267 0.6552018288128728 0.6534798791970702 0.657956948198157 0.6471517143589959 0.6550296338512926 0.6419858655115882 0.6514135396581072 0.641856719290403 0.6453867160027984 0.6525758556487741 0.6448701311180575 0.6551587800724777 0.649457076846601 0.6567869341531494 0.6506603677259014 0.6586263481209678 0.642739584698231 0.6613871326846433 0.6367480416876019 0.662136075560972 0.633377798744123 0.6597020112129041 0.6284878970524483 0.6586016418714954 0.6251176541089695 0.6604739990623171 0.6157558681548613 0.6606612347813993 0.6112622108968895 0.65813355257379 0.6012763058791745 0.6630016812699262 0.5991543010629099 0.6561675775234274 0.5970322962466457 0.6525164810013254 0.5925386389886736 0.6529845702990308 0.5865470959780446 0.6503632702318805 0.580680376780137 0.6492398559173875 0.5781839005257081 0.6454015236762032 0.5794206526237055 0.6409234034608585 0.5859649956761713 0.6389178789770382 0.5920871230478332 0.6361207000917101 0.5975759268982884 0.6326901976851755 0.6010240216248565 0.6298402418397467 0.6024314072275373 0.6255125311115031 0.6055276555534351 0.6238236683882862 0.6359271845713415 0.6245097688695931 0.6380382629753627 0.6279402712761275 0.6404308184999202 0.6288374795978365 0.6439521432850236 0.6285752212847894 0.6523952027223516 0.6337993643116363 0.658600851408788 0.6337993643116363 0.6666639731714364 0.6348125314441158 0.6687734684235003 0.6369219886723568 0.6697419255780959 0.6388589029815479 0.6717864462377976 0.6404729982392072 0.6885730369174542 0.6416835696824518 0.6908327702781772 0.6399887696619094 0.6907251639276666 0.636357055332176 0.6791036780725199 0.6356307124662294 0.6750146367531162 0.634178026734336 0.6702799573306489 0.6357921219919953 0.6693115001760533 0.6357921219919953 0.6672669795163516 0.6338552076828041 0.6676263262748843 0.6303168492760406 0.6690215746056574 0.6286666998079149 0.6709534569098046 0.6223075872234302 0.6733146463926513 0.6161899599269639 0.6758368260675098 0.6077782223943229 0.6888770316205038 0.601378862261835 0.6999853548693504 0.6023850509619116 0.7036881292856327 0.6029887641819576 0.7137768479850685 0.6110785213305742 0.7211823968176327 0.620415952467286 0.7222020013670439 0.6220661019354117 0.7241338836711911 0.6223880823194363 0.7330956710265408 0.6161899599269639 0.7413061708191665 0.6155057516109117 0.7552586541268966 0.615063028582878 0.757351526623056 0.6154252565149056
27 0.5787319566526247 0.651233538141317 0.5827163418963603 0.656889942192692 0.580866448747483 0.6598782311254938 0.5859892297751434 0.6619059986156094 0.598511583398313 0.6601984049397225 0.5965193907764451 0.6529411318172039 0.5935311018436433 0.6539016532598901 0.5886929197619641 0.6519806103745175 0.584850833991219 0.6510200889318313 0.5800126519095398 0.6494192198606874
27 0.6495992183467095 0.6564420627144982 0.6452954152908204 0.655103684934923 0.6457152985157851 0.6528992980038578 0.6515537943391245 0.6421851498820973 0.6548078893326017 0.6422638779867783 0.6573271886823905 0.6470662923723133 0.6549128601388429 0.6530496283280616
27 0.6431835942992735 0.6274545688071237 0.6448900451781389 0.6206658620498986 0.6507513329794589 0.6208884425993159 0.6516416551771276 0.627677149356541 0.6573545559455027 0.6263416660600376 0.6668513260539706 0.6292908583398157 0.6668513260539706 0.634298920701703 0.6586158457255336 0.6335198887787427 0.6526299598205955 0.6334520156909013 0.6453780919472181 0.6284809788834587
27 0.6694500427446544 0.6378682400220791 0.6717810420229992 0.6401992393004238 0.6884217868711835 0.6413647389395963 0.6905585362096661 0.6399564268755964 0.6903642862698041 0.6367513028678722 0.6784502899582637 0.6360714280783548 0.6748890410607925 0.6345174285594583 0.6699680425842865 0.6359743031084238 0.6689967928849763 0.636168553048286
27 0.7747273650321611 0.6254590644633011 0.7851875341593374 0.6212201652807154 0.7905019749255641 0.6210936309767577 0.7888148508727937 0.6168547317941722 0.7844283283355908 0.6157159230585522 0.7688224308474648 0.620334425153011
27 0.7224598766569025 0.6217173482014215 0.7201815242795778 0.6184558231918268 0.7346216087101648 0.61316190689216 0.7348714430955156 0.6121313400525883 0.7277511631130199 0.6083838242723274 0.7268767427642924 0.60669744217121 0.739493379224504 0.601825671656871 0.7499864234092344 0.6007951048172991 0.7508370847265795 0.6014578531417459 0.7427071244725311 0.6058417074625564 0.7471846050718493 0.6077760538348075 0.7511236759638319 0.6107947428046651 0.7545500009708399 0.612187504687285 0.7557172981723642 0.6124149124724166 0.7551578874279272 0.6148273713078012 0.7431305564225315 0.615246929366129 0.7331013725602942 0.6159999715436705 0.7241423856005035 0.6220480510566476
27 0.5566553519771487 0.4352641526909072 0.5553794069528742 0.4344439023181593 0.5551971290922637 0.43047935884987804 0.5506401825769978 0.4293856916862143 0.5499110711345553 0.4262413985906809 0.5453541246192894 0.42528443982247505 0.537151620891811 0.42008952079507206 0.5355111201463153 0.41612497732679077 0.5380630101948641 0.4135275178130893 0.5438959017344044 0.4105199331130137 0.544625013176847 0.40669209804019035 0.5397035109403597 0.4046414721083209 0.5417298017348018 0.40041889029640837 0.5462867482500676 0.4002821819009504 0.5453753589470144 0.39741130559633286 0.5493854718804483 0.3938568873144256 0.5533955848138823 0.39358347052350967 0.5577702534685375 0.3886619682870225 0.5832891539540261 0.3905758858234341 0.5842005432570792 0.39276322015076176 0.5871169890268494 0.39071259421889215 0.6064384422515764 0.3938568873144256 0.6049802193666914 0.3980948475736228 0.6020637735969212 0.39905180634182863 0.6075321094152402 0.40014547350549245 0.6212029489610378 0.40328976660102583 0.6222966161247016 0.40082901548278227 0.6430762922343137 0.3995986399236605 0.6445345151191988 0.40575051771926934 0.6456281822828626 0.41203910391033616 0.6551066310346155 0.4052036841374375 0.6592990218286601 0.4108087283512144 0.662397745459041 0.4087581024193448 0.6680483591379704 0.4121758123057942 0.6709648049077407 0.41764414812411316 0.683724255150485 0.42953777852895697 0.6873698123626977 0.43473269755636 0.6868229787808657 0.440064324979221 0.6780736414715554 0.44197824251563267 0.6720584720714045 0.440064324979221 0.6629445790408728 0.4453959524020819 0.6556534646164475 0.4462162027748298 0.6523724631254563 0.4437554516565863 0.6514610738224029 0.4395174913973891 0.6489091837738541 0.4345959891609019 0.6443522372585881 0.43049473729716276 0.6376079564159948 0.42789727778346126 0.6292860507557367 0.4285118394888432 0.6249766922190797 0.4244718158607272 0.6139638870698448 0.4208806837468462 0.6004372894408933 0.4209704620496932 0.5986417233839528 0.42034201392976406 0.584396899332225 0.42106024035254014 0.5822422200638965 0.420431792232611 0.5812845848335282 0.4217784667753165 0.576616113085483 0.4223171365923985 0.5718279369336418 0.42123979695823427 0.5712294149146616 0.4249207073749622 0.5673988739931887 0.42662649512905576 0.5624909934375514 0.42716516494613777 0.5592589745350586 0.43596343862514614
27 0.6195022074578878 0.39577929373135573 0.6154085805363599 0.3903831491529781 0.6204946018631067 0.38842937266770344 0.6265730175950723 0.3894527793980853 0.6285578064055102 0.3943837390990168 0.6238439329807204 0.39568625675586655
27 0.6973723863784204 0.43103573136208423 0.6989893478572707 0.4275708139074051 0.714234984657859 0.42029448725257895 0.7197788525853456 0.4218537001071845 0.7223197920521102 0.42427914232545993 0.7133110066699444 0.43120897723481816 0.7040712267908001 0.43294143596215773
27 0.7465742142348641 0.43831205801691037 0.7470362032288214 0.4353668781804332 0.7551210106230726 0.43294143596215773 0.7687496859448104 0.4355401240531671 0.7703666474236609 0.43813881214417644 0.7636678070112811 0.43952477912604804
27 0.5625423462205408 0.6411430251975411 0.5604481113727088 0.6359401604974588 0.5673852643061518 0.6383943419597617 0.5683014920520782 0.6397686835786514 0.5667308159162044 0.6420265305239701
27 0.6612656124543289 0.446494586482406 0.6528881687724676 0.4463925407962964 0.6500361707233943 0.4511641529168614 0.6456484814171277 0.4572520718293063 0.6386281785271011 0.4608719155069762 0.6375312562005345 0.4633399907417511 0.6346792581514612 0.463998144137691 0.6335823358248945 0.46679529607043607 0.629194646518628 0.470579678097091 0.628536493122688 0.47765482710344576 0.6313884911717613 0.4857172062037106 0.628536493122688 0.48867889648544055 0.6313884911717613 0.4898306649283356 0.6270596590294665 0.4946413229229419 0.6217394807316899 0.4938297703012472 0.6118205042443099 0.49639968693661385 0.6147961971905239 0.49903723295712177 0.6221001707857765 0.501201373281641 0.6257972438401637 0.49984878557881646 0.6294041443810291 0.5086406056471762 0.6213787906776035 0.5175676844858181 0.6148863697040455 0.5113457810528251 0.609295673865704 0.5072203885592104 0.6072217060547064 0.5081671999511874 0.6079430861628795 0.5132394038367796 0.6003685950270619 0.5172971669452533 0.5923432413236361 0.5160122086275699 0.5915316887019414 0.5208138949725971 0.597825291595743 0.5344272610967294 0.6139721907815886 0.5524462645360062 0.6142062038132674 0.5505741602825748 0.6109300213697625 0.5479415136761869 0.6138161820938025 0.5432612530426086 0.6156102820033409 0.5360068490605622 0.6287930161212533 0.531502098200743 0.6305871160307917 0.5268218375671646 0.6382315417323031 0.5229021192865428 0.6461879848093863 0.5219075639019074 0.6483721064383894 0.5192164140375999 0.6627249057146964 0.5238966746711782 0.6705253401039939 0.5229021192865428 0.6714613922307096 0.5203279759380747 0.6552364887009711 0.5142436371144227 0.6532863801036468 0.5121960230872321 0.6499321933162489 0.5125470426347506 0.6459539717777073 0.5033035278834334 0.6422877676147377 0.4996178226344904 0.6486061194700684 0.497102182543942 0.6660790925020943 0.5068722266165369 0.6739305429413446 0.5089818567546287 0.6829964093602556 0.5109345536439519 0.6929879211683021 0.5122473070201916 0.6924044752233065 0.5086919332928758 0.6831422708465044 0.5028392411571406 0.6734797379526938 0.4992949798114712 0.6706633931405966 0.5006151414421418 0.6565816690801107 0.4920340908427832 0.6505756515944529 0.4899119811418455 0.6503996300436968 0.48713964171743723 0.6512797377974772 0.4844993184560961 0.6477593067823557 0.47671036483513984 0.6496955438406724 0.4753902032044693 0.6523358671020136 0.4764463325090057 0.6514557593482333 0.4777664941396763 0.6523358671020136 0.4847633507822302 0.6567364058709155 0.4858194800867668 0.6569124274216717 0.48977996497877846 0.6676497420177921 0.49110012660944896 0.6678257635685483 0.49479657917532655 0.6709941514821576 0.49572069231679594 0.6847238324411313 0.49809698325200297 0.6810531602463553 0.5012415461026227 0.6831143857625005 0.5021509103009222 0.689176813751163 0.4971494072102755 0.7003923055301888 0.49355741862699287 0.7006954269296218 0.4924207133791187 0.6970579701364243 0.4901018346734552 0.6918442820661747 0.48991996183379544 0.6915207702012489 0.4868545763820884 0.6798101417813114 0.481246173012299 0.6853127262195953 0.47743669147810247 0.6903920349318574 0.47997634583423343 0.6913796782925751 0.48368000843692455 0.6968822627308591 0.48833604142316483 0.7025259390778167 0.4854789302725175 0.7090161668768186 0.48823022249165937 0.7135311079543848 0.48463237882047383 0.7163529461278637 0.48706621424509927 0.7146598432237764 0.5001877617517764 0.7210089791141039 0.5057961651215659 0.7362175794606578 0.5014759164043777 0.7472227483372259 0.5030632003769596 0.7720549242638406 0.5124810852809457 0.7689229205888043 0.5393009179909778 0.7633059883286478 0.5453391201706461 0.7554422831644287 0.543794463799103 0.7483275023015636 0.5501135125917791 0.7303533190690626 0.5516581689633221 0.7064228472523543 0.5365574541514534 0.7028654568209218 0.5340298346343829 0.7028654568209218 0.5278512091482108 0.6912571301499316 0.5260257061636597 0.6893848193965461 0.5236385099530934 0.6879341374752235 0.5232943472327659 0.6855704049678327 0.5171735177898771 0.6820977342871841 0.5160474160796455 0.6799344257594112 0.5175223991667636 0.6811799670329772 0.5280439451882043 0.6760666923309686 0.5321738978321344 0.6713467464521915 0.5342880402570035 0.6553361117329126 0.5501309723229694 0.6465719928524405 0.5514279444496691 0.6458966153511777 0.5588757452256594 0.6464865453853115 0.5609704924914608 0.6577533527599086 0.5587396646312905 0.6634318236767056 0.561578900089689 0.6797039552946971 0.5555437380266366 0.7017868977489077 0.559329385304501 0.7107102091895885 0.5660894697292594 0.7176505625323404 0.5768380039646251 0.7206249996792341 0.5844092985203544 0.7146761253854467 0.5942790217805015 0.7252218570880697 0.5919805930760837 0.7272048151859988 0.5897497652159135 0.7323424793488151 0.5875189373557432 0.740094042822538 0.5873837356672481 0.7401841772815348 0.5851529078070778 0.7444204968543832 0.5838684917663737 0.7471245306242865 0.5815024622177083 0.7509101779021513 0.5835304875451359 0.7588420102938676 0.5916425888548458 0.7659626325546129 0.5983350724353564 0.7737141960283358 0.5982674715911089 0.7738944649463293 0.592724202362807 0.7797532047811199 0.5960366437309387 0.7828177763870104 0.5932650091167878 0.7838993898949717 0.591777790543341 0.788225843926817 0.5925213998300644 0.7913805499917043 0.5908313787238748 0.791470684450701 0.5892765593061804 0.7889469195987913 0.5869781306017626 0.7940845837616075 0.582516474881422 0.7988617100884368 0.5783252225380718 0.7998531891374011 0.5725791507770273 0.7954366006465592 0.569875117007124 0.7937240459256203 0.5627094275168802 0.79065947431973 0.5615602131646713 0.7994025168424175 0.5542593219859324 0.7946253905155882 0.5506764772408105 0.7949859283515753 0.5354662872851043 0.7861527513698912 0.5341142704001527 0.7745254061593069 0.5268133792214137 0.7742550027823165 0.5243797488285008 0.7829980453050039 0.5241769462957581 0.7897581297297623 0.5090343571842995 0.7843500621899557 0.5073443360781099 0.7776801122241942 0.502139071071046 0.7781307845191779 0.5012602600958274 0.7801137426171071 0.5011926592515799 0.7861527513698912 0.4949057807365546 0.7860626169108944 0.48753728871356805 0.7801137426171071 0.48591486845162607 0.7781307845191779 0.48334603637021784 0.775336616290278 0.48084480513305733 0.7758774230442584 0.47922238487111524 0.7849810034029332 0.47225949791361416 0.7831783142229977 0.46691903121805534 0.7878653060908298 0.4644177999808947 0.7850711378619298 0.46083495523577284 0.781736162879049 0.46110535861276314 0.7787617257321554 0.4576577155561365 0.7745254061593069 0.4579281189331268 0.77164110347141 0.45975334172781146 0.7680357251115388 0.45934773666232603 0.7587518758348709 0.46407979575965685 0.7528931360000803 0.4619841695879817 0.7483864130502415 0.4615109636782486 0.742077000920467 0.4571169088021557 0.7330635550207893 0.4582661231543647 0.73360436177477 0.46745983797203594 0.7296384455789118 0.46732463628354076 0.7230586300721471 0.4690822582339779 0.7235994368261277 0.46800064472601655 0.7242303780391052 0.46617542193133177 0.7197236550892664 0.4621869721207245 0.7156676044344114 0.46171376621099136 0.7139550497134727 0.4631333839401906 0.7106200747305919 0.4643501991366471 0.7086371166326627 0.4648234050463802 0.7064738896167401 0.4670542329065504 0.7025981078798786 0.4663782244640746 0.7014263599129206 0.46421499744815187 0.706113351780753 0.46049695101453486 0.71179182269755 0.4559676944499468 0.7110707470255757 0.4523848497048249 0.7047613348958012 0.45218204717208216 0.6954774856191333 0.45022162268890237 0.6921425106362525 0.44839639989421765 0.6888976701123686 0.4494104125579314 0.6888976701123686 0.451573639573854 0.6845712160805232 0.4534664632127863 0.6709609127720099 0.4529932573030532 0.6617671979543387 0.4514384378853588 0.6582519540534644 0.44968081593492165 0.662758677003303 0.44832879904997003
