14 0.1894977272856201 0.661129157750771 0.17405598270360007 0.6522411768576316 0.1790835274512345 0.6514331785946189 0.2027848098329396 0.6565505009270325 0.24228694713578153 0.6630144870311337 0.26922022256953737 0.6651691490658344 0.28609840850802437 0.6622064887681212 0.30513125648121187 0.6657078145745094 0.3324236422540844 0.672710466187286 0.3367329663234853 0.6848304401324762 0.3370920766626021 0.7085317225141813 0.3309872008976174 0.7117637155662319 0.32811431818468345 0.7182277016703335 0.2911259532556588 0.7193050326876836 0.2720931052824713 0.7139183776009324 0.24049139544019782 0.7141877103552701 0.22361320950171082 0.7158037068812952 0.20493947186764008 0.7214596947223842 0.17621064473830053 0.72630768430046 0.16902843795596564 0.72630768430046 0.16902843795596564 0.7225370257397343 0.17692886541653402 0.7206516964593714 0.17764708609476754 0.7106863845488818 0.18482929287710237 0.705030396707793 0.1823155205032852 0.6875237676758518 0.18518840321621913 0.6705558041525854 0.1930888306767875 0.665438481820172
26 0.5185935818644831 0.7989979820681745 0.5163299513649012 0.7800731695090272 0.5131983064741361 0.7533563240346872 0.5128068508627904 0.7395575137347534 0.514372673308173 0.7357408215241332 0.5202445074783576 0.7339792712730779 0.5605644354469588 0.7322177210220225 0.5993185409701773 0.7319241293135132 0.6365068240480133 0.7310433541879856 0.6539010772842055 0.7306312360824968 0.6569038408262726 0.7314244785522597 0.6612961823155268 0.730884705694033 0.6684931537585492 0.7347980589161764 0.6720916394800605 0.7401957874984434 0.674536148497287 0.7579760361648294 0.6754357699276649 0.7687714933293632 0.6779547099327228 0.76971609583126 0.6792141799352517 0.7722800169078368 0.6765153156441183 0.7768680862027635 0.6772350127884205 0.7914419533748842 0.6765153156441182 0.7991337166046145 0.6738164513529847 0.8019675241103047 0.6669793284821133 0.8068254798343449 0.6398107612847033 0.8083098551944683 0.6072444655050264 0.8091195144818084 0.5815152925962208 0.8091195144818084 0.5789963525911628 0.8141124134204051 0.569820214001309 0.8195101420026721 0.5608239996975309 0.8160016184241986 0.5512880125355261 0.8106038898419317 0.5379736153659344 0.8110087194856017 0.5293372496343073 0.8091195144818083 0.5241194453381162 0.806420650190675 0.5207008839026803 0.8035868426849846
19 0.3169454717458016 0.6145069393183084 0.2861124358678123 0.6155271500642712 0.23759574705979974 0.6168874310588883 0.1967873172212845 0.6138267988209997 0.18771877725717 0.6134867285723454 0.1868119232607586 0.6036246913613709 0.1759296753038212 0.5920623029071249 0.17547624830561545 0.5563549267984242 0.17139540532176395 0.4577345546886791 0.16731456233791245 0.38495952147666024 0.16640770834150095 0.3628549553141312 0.17728995629843836 0.358093971832971 0.1818242262804956 0.353332988351811 0.20268186819795894 0.3485720048706509 0.2366888930633883 0.34823193462199664 0.26525479395034895 0.35163263710853954 0.29959104517103036 0.3593809802087311 0.311848338170416 0.36515331005146506 0.32182520456526476 0.3722083798592509 0.32182520456526476 0.3876012594398748 0.3238205778442345 0.4307868382632916 0.3243906844953688 0.48679981673722833 0.330376804332278 0.5676124345355035 0.32923659103000963 0.597115453731699
11 0.5364830573161469 0.4338197086206478 0.5208762774669499 0.4338197086206478 0.49779124894001264 0.42869873398263003 0.47730735038794153 0.43064958146377963 0.452596615626713 0.42918644585291754 0.43666469453065765 0.42869873398263003 0.4256098921374765 0.43455127642607894 0.4116288185225709 0.42674788650148043 0.4038254285979724 0.41943220844716933 0.395046614932799 0.397485174284236 0.3982980274013817 0.38236610630532647 0.41130367727571254 0.3726118688995783 0.4356892707900829 0.3623699196235428 0.4678782542290517 0.3499332669312139 0.49031300026227237 0.34383686855262136 0.5101466163206269 0.3389597498497473 0.5342070685881389 0.33505805488744805 0.5660709107802495 0.3338387752117295 0.5755000069391393 0.339203605784891 0.5872050918260371 0.336765046433454 0.5950084817506356 0.34212987700661546 0.5917570692820528 0.34822627538520806 0.5972844704786435 0.35139640254207616 0.6005358829472262 0.3584682246612435 0.6018364479346593 0.3623699196235428 0.6054130016501003 0.3645646230398361 0.6070387078843916 0.37724513166730866 0.6054130016501003 0.392608055581362 0.6021615891815175 0.4069955557548405 0.5911067867883364 0.4111411066522834 0.5852542443448874 0.4160182253551574 0.5748497244454228 0.42138305592831893 0.5719234532236983 0.423821615279756 0.565420628286533 0.42747945430691153 0.5602183683368005 0.42772331024205523 0.5543658258933517 0.4243093271500434 0.5478630009561863 0.4282110221123425 0.5390841872910129 0.4326004289449293
20 0.6073638491312499 0.4113849625874271 0.6223203464867304 0.42016377625260043 0.6304488776581871 0.41723750503087603 0.6369517025953525 0.41284809819828927 0.6444299512730928 0.4133358100685767 0.6489819287291085 0.4206514881228878 0.6619875786034393 0.4252847508906181 0.6792200646869277 0.4247970390203308 0.7221387092722195 0.4247970390203308 0.7679836250792359 0.4226023356040374 0.7751367325101177 0.4243093271500433 0.804399444727362 0.4226023356040374 0.809276563430236 0.42650403056633673 0.8131782583925353 0.4294303017880612 0.8476432305595121 0.4284548780474864 0.8486186543000869 0.4113849625874271 0.8515449255218114 0.37895212321331456 0.8534957730029609 0.36090678401268056 0.8531706317561025 0.3521279703475073 0.8460175243252208 0.35285953815293847 0.8307358857228819 0.35359110595836946 0.8365884281663307 0.3348141989523043 0.8437415355972128 0.30555148673505994 0.8369135694131891 0.30677076641077844 0.7774127212381255 0.30920932576221544 0.7448985965522984 0.307990046086497 0.6967776920172742 0.30750233421620954 0.6323997251393367 0.30433220705934144 0.6223203464867304 0.29896737648617994 0.6193940752650059 0.2999428002267548 0.6200443577587226 0.3177442834922451 0.6197192165118642 0.34066674139575315 0.6102901203529744 0.34554386009862725 0.6060632841438168 0.34554386009862725 0.6044375779095255 0.35749280092066876 0.6047240704703214 0.36220796435503083 0.6070591990282912 0.36368987286297316 0.6081369506704312 0.37096469644741753 0.6083908019879753 0.39135856505205224 0.6051575470615556 0.4072554017736158
16 0.2302372989000673 0.34671531136322387 0.2242296084555614 0.3355916970245684 0.21709547605271062 0.32334164072756816 0.2095182042521438 0.3104755647688018 0.2097059445785346 0.3048433549770775 0.22003166253002918 0.30104161336766355 0.2262270933009259 0.2993519504301463 0.2266025739537075 0.29371974063842193 0.22904319819678803 0.29090363574255984 0.2573919874818003 0.28414498399249066 0.29888259961416935 0.27752713748721464 0.3405609520729291 0.2713317067163179 0.342626095663228 0.27119090147152475 0.34206287468405555 0.2803432423830768 0.3403732117465383 0.2889323623154563 0.3403732117465383 0.3058289916906292 0.339622250440975 0.32314803680018145 0.350511189371642 0.3248376997376987 0.3948179063998731 0.32906185708149194 0.3976340112957352 0.33483487211800933 0.3978217516221261 0.3406078871545267 0.3931282434623558 0.3470849284150097 0.36590589613568836 0.3546884116338375 0.3306107147742161 0.3636999473005964 0.3157660562238017 0.3667161348861837 0.3110913915578191 0.3642544064304469 0.2996452181995974 0.35899818888871077 0.2769514352890541 0.3537611620632008 0.26534269249250686 0.3511426486504457 0.23688818007390247 0.34754219270790754
33 0.390626886488962 0.48823438344287245 0.3870098326928408 0.49610147544943606 0.38049913585982265 0.5042398464907087 0.3674777421937865 0.4998993819353633 0.3700096798510713 0.4955589173800179 0.3671160368141744 0.49311740606763604 0.36639262605495015 0.4857928721304907 0.37471184978602884 0.48796310440816343
33 0.469131877356916 0.46225947514428567 0.4517700191355344 0.45683389445010386 0.45249342989475866 0.4535785460335948 0.469131877356916 0.45303598796417666 0.4955363700686006 0.45656261541539483 0.4987917184851096 0.45927540576248577
33 0.4566660693094324 0.6365919883727391 0.44053036411229596 0.6373603552868885 0.42926098270477214 0.6460044830710687 0.41927221282083044 0.6448519326998446 0.4182477236019647 0.6467728499852181 0.4226018027821443 0.6519593266557263 0.4318222057519366 0.6523435101128008 0.4392497525887137 0.6529197852984129 0.44155485333116185 0.649654225913278 0.4528242347386856 0.6504225928274274 0.46050790388017915 0.6515751431986516 0.47689973138203207 0.6442756575142325 0.46947218454525497 0.6404338229434857 0.46255688231791076 0.6392812725722619
33 0.46588647227922464 0.6340947959017538 0.44847015555850595 0.6248743929319616 0.4663987168886575 0.6233376591036628 0.47305789681128524 0.6256427598461108 0.4902180912272874 0.6160381734192439 0.5025119618536771 0.6173828155190053 0.508658897166872 0.6227613839180508 0.5242823577545754 0.629676686145395 0.527355825411173 0.6390891808437246 0.518391544746097 0.6442756575142325 0.49329155888388493 0.6515751431986516 0.4825344220857939 0.6435072906000834
33 0.49073033583672043 0.6072019539065264 0.49482829271218365 0.6002866516791823 0.5150619547847832 0.5920267073520767 0.5227456239262768 0.5908741569808527 0.532478271505502 0.5891453314240166 0.5434915306083093 0.5929871659947634 0.548357854397922 0.5952922667372115 0.5488700990073548 0.6014392020504062 0.5442598975224587 0.6062414952638397 0.527355825411173 0.6056652200782277 0.5040486956819759 0.6066256787209144
33 0.6572098339024136 0.6533039687554876 0.6505506539797858 0.6525356018413383 0.6362078049156646 0.655224886040861 0.6216088335468269 0.6509988680130396 0.6098272075298702 0.6481174920849795 0.6059853729591234 0.6367840801012765 0.6095710852251537 0.6335185207161418 0.6134129197959004 0.6358236214585898 0.6254506681175735 0.631405511702231 0.6385129056581127 0.6339027041732164 0.6451720855807405 0.6350552545444405 0.6490139201514872 0.6379366304725006 0.6587465677307123 0.6260269433031855 0.6674547260910717 0.6237218425607376 0.6759067621467145 0.6252585763890363 0.6823098197646259 0.6287162275027083 0.688712877382537 0.6273715854029469 0.7038240933608076 0.6266032184887976 0.7166302085966304 0.6300608696024697 0.723289388519258 0.6346710710873659 0.7173985755107796 0.6431231071430087 0.7099710286740026 0.6486937672705916 0.6974210357428965 0.6511909597415769 0.6815414528504765 0.6463886665281435 0.6743700283184159 0.6519593266557263
33 0.673104100688571 0.5979412862151657 0.6768229078746956 0.574341163687836 0.676250783692215 0.5636138352663225 0.6799695908783395 0.557821077918705 0.7037127444512896 0.5578210779187053 0.7048569928162509 0.5631847421294619 0.7051430549074914 0.5792757347617322 0.7051430549074914 0.5957958205308631 0.6899817640717523 0.5975121930783053
33 0.7623784943544546 0.600548623829876 0.773722340633229 0.5970374333150172 0.7811048437670345 0.5908253270194979 0.773722340633229 0.5883945028169033 0.7657996543432914 0.586773953348507 0.7598576396258382 0.5836679002007473 0.7562564185849574 0.5847482665130117 0.75949751752175 0.59136551017563 0.7567966017410896 0.5994682575176117
33 0.7596775785737941 0.5720539623439069 0.7481536712429757 0.5682726802509822 0.749774220711372 0.5624657113225621 0.7474334270347995 0.5589545208077032 0.7558962964808693 0.5585493834406042 0.7650794101351152 0.5682726802509822 0.7607579448860584 0.5681376344619492
33 0.6085258389003537 0.5549023872977221 0.6007915608972876 0.5532709380314504 0.5947491562073922 0.5559900201419034 0.5612185475974848 0.557049288361457 0.5389824983386697 0.5537863898289135 0.5218220690193668 0.5507047634370668 0.5268976889588789 0.5476231370452201 0.5179549300178338 0.5416411564022237 0.5092538672643844 0.5294959229755339 0.5092538672643844 0.5242390308953249 0.5034531587620849 0.5233326701918406 0.5012778930737224 0.5207948602220845 0.5104623482023635 0.5117312531872414 0.5268976889588789 0.5099185317802728 0.533423486023966 0.5041178232779733 0.5433330297153944 0.5028489182930953 0.5510673077184605 0.49559803266522073 0.5624270285354639 0.4934227669768585 0.5766871036036171 0.472939015078113 0.578137280729192 0.46840721156069137 0.5851464701694705 0.4698573886862663 0.5967478871740698 0.4841778878013183 0.6066574308654983 0.49849838691637044 0.6177754554949058 0.5202510437999939 0.6279266953739301 0.5320337329452899 0.6339691000638255 0.5325775493673806 0.6375945428777626 0.5338464543522586 0.6429118590048707 0.5102810760616665 0.6840002108961591 0.5159005124232693 0.6854503880217342 0.5186195945337222 0.6784411985814556 0.5282270179906559 0.6624892502001317 0.5354779036185303 0.6470206941939994 0.5380157135882865 0.6612807692621526 0.5445415106533734 0.6716737053287727 0.5474418649045233 0.6728821862667518 0.5496171305928855 0.6644228197008982 0.5735450531648714 0.6356609733769961 0.5684694332253593 0.6233344678096094 0.5717323317579027 0.6156001898065433 0.567563072521875 0.6129415317429894 0.5623061804416659
