29 0.19364533513220356 0.4139122503722795 0.2010811649001752 0.408866508744013 0.2023204698615038 0.40660920327873595 0.2005855839853912 0.40108818619969255 0.19588993193844015 0.40079634527741653 0.18727176675965648 0.40581250723216755 0.18426202613928705 0.40222737502260986 0.1747016735804664 0.40461746316231495 0.1677969745102071 0.40461746316231495 0.16797401807611112 0.40793703002301657 0.17293123792142556 0.41059268351157785 0.17505576071227458 0.41258442362799885 0.1734623686191378 0.4156384251398443 0.17594097854179502 0.41895799200054595 0.17806550133264407 0.4226759068845318 0.1844390697051911 0.42360538560552813 0.18957333311640961 0.4220119935123914 0.19116672520954642 0.4186924266516898 0.19045855094593 0.41457616374441986
20 0.576981428625367 0.20118431392858194 0.6016753607779881 0.20262826388749994 0.6214286518984298 0.20311666943718124 0.6305455554924799 0.20230266018771242 0.6429184960844049 0.20393067868664996 0.6539890218771799 0.20718671568452499 0.6639742020039968 0.20832632863378123 0.6767812808623052 0.20962874343293122 0.6789519721942219 0.20914033788325 0.6815568017925219 0.20572149903548115 0.6858981844563552 0.20718671568452499 0.6865493918559302 0.2112567619318687 0.68854329048397 0.21782887515783864 0.6917993274818451 0.22173611955528863 0.6939700188137619 0.2280853917011449 0.6939700188137619 0.23996992674338868 0.6963577792788702 0.25641291358265755 0.6967919175452534 0.27432111707097007 0.6978772632112118 0.2790423707178889 0.7089477890039869 0.2989041964049265 0.7184988308644202 0.31730080544292033 0.7295693566571955 0.33765103667963914 0.6970089866784451 0.3378138385295329 0.6700924141626783 0.33748823482974544 0.6166934073975281 0.3360230181807017 0.5715430276936612 0.3356974144809142 0.5402850725140611 0.3348834052314454 0.541587487313211 0.32837133123569534 0.538331450315336 0.31664959804334536 0.5378973120489527 0.29499695200747644 0.5474483539093861 0.2850660391639577 0.5561311192370528 0.2676462412253263 0.5591700871017361 0.259343346880745 0.5652480228311029 0.23329505089774494 0.5708918202940862 0.2148984418597511
29 0.2118092769558929 0.4496168045128701 0.20365296304182723 0.4427349146478772 0.1977906124160925 0.4335590614945533 0.19906503646516527 0.42839764409580866 0.2031431934221981 0.42839764409580866 0.20186876937312534 0.4245743719485904 0.20365296304182723 0.4222804086602594 0.20773111999886004 0.4186483001204021 0.22251443896810405 0.4134868827216573 0.22710236554476604 0.4131045555069356 0.22947564215159694 0.418516621501916 0.23119232931702263 0.4153301786949737 0.23888276648428786 0.4154200825474204 0.24544740307528096 0.4159080023806001 0.2464433286840916 0.4164308633252257 0.24933151294964254 0.41717780753183376 0.25221969721519355 0.41732719637315524 0.25281725258048 0.41501166933267053 0.24753884685378336 0.41030592083103995 0.2435551444185406 0.41060469851368325 0.2410653303965139 0.4101565319897184 0.24186207088356246 0.40014747962117103 0.247587106350336 0.3978224844394276 0.2536622525640812 0.3940877634063875 0.24738792122857386 0.39222040288986754 0.24738792122857386 0.38333176683123216 0.2463919956197632 0.37847662948828015 0.24898140220267095 0.37601171360647373 0.2594386210951831 0.3768333522337425 0.26571295243069043 0.3785513239089409 0.2689995069397657 0.3810162397907473 0.27288361681412737 0.3810162397907473 0.2739791349838191 0.37720682433704644 0.28114979936725604 0.3616703848395998 0.2923041661859357 0.3609234406329918 0.2975825719126323 0.35995241316440135 0.30086912642170754 0.3600271075850621 0.30525119910047455 0.35875730243382864 0.3095336792183605 0.35920546895779326 0.31132634531421977 0.360101802005723 0.31560882543210567 0.36077405179167016 0.3164055659191542 0.361969162522243 0.31630597335827315 0.36734716080982077 0.31600719567562996 0.37384557540731045 0.3154096403103436 0.37631049128911687 0.3136169742144843 0.37660926897176006 0.31381615933624646 0.3814644063147121 0.3184970096976567 0.3869917934436115 0.32526930383756925 0.38534851618907384 0.3309460798077902 0.3863195436576643 0.3395110400435621 0.3942371522477092 0.34459026064849657 0.4001380114799125 0.3393118549218 0.4042462046162566 0.3357265227300815 0.4065617316567414 0.3333363012689359 0.4107446192137463 0.3355273376083193 0.4134336183575351 0.34090533589589705 0.41739242265255755 0.33841552187387036 0.42389083725004734 0.3360253004127247 0.4289700578549818 0.3331371161471737 0.4299410853235722 0.3313444500513145 0.4312108904748059 0.3312448574904334 0.43457213940454187 0.3337346715124601 0.43457213940454187 0.33722041114329754 0.4347215282458635 0.34608414906171264 0.4347962226665243 0.3469804821096422 0.4399501376921196 0.3379175590694651 0.4429379145185516 0.33024893188162274 0.44383424756648127 0.3237754154243533 0.4457763025036621 0.32516971127668826 0.4473448853375389 0.3237754154243533 0.4498844956400061 0.32248071213289947 0.4520506338391694 0.32307826749818586 0.4587731316986414 0.3216839716458509 0.46280663041432474 0.3225803046937805 0.46512215745480956 0.33204159797748206 0.46295601925564633 0.336423670656249 0.46228376946969907 0.33971022516532423 0.4616115196837519 0.34040737309149177 0.46459929651018395 0.3312448574904334 0.46870748964652803 0.32397460054611543 0.4687821840671888 0.318895379941181 0.4660184905027392 0.31252145604479253 0.46818462870190247 0.29648705374294054 0.47027607248040487 0.27756446717553757 0.47079893342503054 0.2632231384086638 0.47124709994899533 0.24957895756795742 0.47109771110767373 0.23663192465341848 0.47154587763163847 0.22219100332566355 0.46960382269445783 0.2210954851559718 0.46684012913000805 0.22229059588654462 0.46586910166141765 0.21900404137746932 0.46303071367630716 0.21721137528161016 0.45974415916723194 0.212630117481081 0.4564576046581566 0.21243093235931884 0.45242410594247345
29 0.2574762250757268 0.36544452629903434 0.24918985308264058 0.36655126776386426 0.24340074388199134 0.3632310433693743 0.2468061022353144 0.36135809627504656 0.2548654503381791 0.3606770246043819 0.25883836841705604 0.3615283641927127 0.26451396567259455 0.3641675169165381 0.2619031909350468 0.3677431431875274
32 0.4900120333295104 0.37383082897431164 0.4855449816988845 0.3749192909214869 0.45839524506976603 0.3744720410619462 0.4364192550334844 0.3743594376147237 0.43151596601625786 0.3752788043054537 0.4152472886463731 0.36510349705614226 0.4040616605758251 0.3590126927300561 0.39685995483177355 0.3546457009490887 0.3980857770860801 0.3480952132776376 0.390117932433087 0.34338345898764655 0.38781951570626205 0.33959107138838535 0.3842952767251305 0.3360285254618067 0.3812307210893639 0.33051232531742686 0.3711176874913342 0.3284437502632844 0.35885946494826776 0.3087922872489311 0.3466012424052014 0.2900601909253078 0.3450689645873181 0.2861528824897054 0.3413914978243982 0.2835097032538567 0.32744776968166023 0.2646626860938922 0.31258467484819225 0.24328741053442018 0.30063290786870256 0.2268537309376219 0.2911327853978261 0.21501688479447342 0.28209234627231466 0.20065178025181754 0.2787213350729714 0.18191968392819427 0.28178589070873805 0.17238125451187072 0.2857698130352346 0.1537640790245887 0.2963425299786293 0.13721547859144909 0.30446360241341075 0.12583831579366564 0.3205525195011854 0.11388654881417594 0.3377140310614783 0.10469288190687616 0.36069819832972777 0.09503953165421139 0.3861340101065905 0.08917856900080778 0.4074326717751683 0.08630554809227661 0.43746531700568086 0.08642046892861786 0.4621349898736019 0.0887188856554428 0.4849659293600631 0.09492461081787015 0.5038129465200275 0.09998112761688502 0.5163776246266705 0.10630177361565363 0.5339988195323284 0.11652972805002464 0.5450312198210882 0.12491894910293568 0.5574426701459428 0.13687071608242535 0.5661766537078776 0.1493970872436213 0.5726122205429874 0.16008472502335733 0.5773622817784256 0.1712320461484583 0.5784348762509439 0.17973618803771052 0.5770558262148491 0.18847017159964538 0.5762896873059073 0.2005368594154763 0.573378359451929 0.20662766374156238 0.5692412093436442 0.2155914889761797 0.5672492481803959 0.223176264174702 0.5623459591631693 0.23857565624442909 0.5586684924002495 0.25443473165952124 0.5548377978555412 0.26638649863901087 0.5465634976389715 0.2847738324536105 0.5367569196045183 0.2936227368518865 0.53660369182273 0.29626591608773517 0.537063375168095 0.31821579582891335 0.5339988195323284 0.3333853462259581 0.5188292691352838 0.333845029571323 0.5045790854289691 0.3340748712440055 0.4943128240491511 0.3369478921525366 0.49339345735842116 0.3475206090959314 0.48986921837728964 0.35671427600323113
31 0.6234153028477065 0.788206917057537 0.6266693634411705 0.7853356871221276 0.6274350247572796 0.7826080186834887 0.6343259766022622 0.7831822646705707 0.6412169284472446 0.7840436336511936 0.6484907109502817 0.7857663716124392 0.6546160014791549 0.7847614411350459 0.6588271387177553 0.7818902111996364 0.6647610139176013 0.7800239117416203 0.6693549818142563 0.7805981577287023 0.6701206431303655 0.7790189812642272 0.6712691351045292 0.7712666604386219 0.6674408285239833 0.7681083075096715 0.6657180905627378 0.7650935160774918 0.6661009212207923 0.7623658476388528 0.6680150745110651 0.7603559866840663 0.6758631030011841 0.7593510562066732 0.6756716876721569 0.7556184572906407 0.6703120584593928 0.7498759974198221 0.6651438445756558 0.7477225749682651 0.6695463971432836 0.7441335375490035 0.67050347378842 0.7401138156394304 0.6665081756730256 0.7324507565229271 0.6657425143569163 0.7231192592328468 0.6737819581760627 0.7162283073878641 0.6689965749503802 0.7079017405751771 0.6735905428470353 0.699000927775408 0.6711021435696806 0.696847505323851 0.6665081756730256 0.6979959972980149 0.6638283610666436 0.6903872379691801 0.6580859011958248 0.6895258689885573 0.6511949493508423 0.6915357299433438 0.6473666427702967 0.6860803930660659 0.6387529529640684 0.6852190240854431 0.6270766178934036 0.6849319010919023 0.6203770813774485 0.686367516059607 0.61674019012593 0.683639847620968 0.6092749922938657 0.68421409360805 0.6035325324230469 0.6857932700725251 0.6004698871586103 0.6850754625886727 0.5926218586684915 0.68421409360805 0.5903248747201639 0.6816299866661815 0.5872622294557273 0.6794765642146244 0.5796056162946357 0.679045879724313 0.5796056162946357 0.6813428636726405 0.5715661724754895 0.6809121791823292 0.5600812527338521 0.677179580266297 0.5487877483212419 0.6773231417630674 0.536345751934468 0.6794765642146244 0.5229466789025577 0.6839269706145091 0.5187355416639573 0.6895258689885573 0.5055278839610742 0.6965603823303101 0.4957657021806824 0.6988573662786376 0.49251164158721844 0.7086195480590295 0.489640411651809 0.7142184464330777 0.48734342770348166 0.7248419971940924 0.49002324230986366 0.7366140399292707 0.49442579487749133 0.7374754089098936 0.49614853283873694 0.7350348634647956 0.4992111781031736 0.7350348634647956 0.49825410145803717 0.7445099222516464 0.502082408038583 0.7473811521870559 0.5137587431092477 0.7449406067419578 0.5206496949542301 0.7436485532710237 0.5122274204770294 0.7516879970901698 0.5024652386966376 0.7558512804965134 0.5053364686320468 0.7660441467672165 0.5038051459998286 0.7762370130379197 0.5143329890963295 0.7806874194378043 0.5216067715993665 0.7834150878764432 0.5221810175864485 0.7865734408053936 0.5286891387733764 0.7882961787666393 0.5329002760119768 0.7910238472052781 0.535005844631277 0.7944693231277694 0.5392169818698773 0.7954742536051626 0.5440023650955595 0.7957613765987035 0.5485963329922147 0.7949000076180808 0.5455336877277779 0.784850702844148 0.554147377534006 0.7875783712827868 0.5650580512885617 0.7907367242117372 0.5742459870818715 0.7904496012181963 0.590899120707246 0.7888704247537209 0.6052552703842926 0.7888704247537209 0.6121462222292751 0.7905931627149667
31 0.5943784296474522 0.6763257403839024 0.5990015593857668 0.6704463253906109 0.5913633450355079 0.6639638934749307 0.5937754127250634 0.6626071053995558 0.5992025650265631 0.6626071053995558 0.6030216722016926 0.663511630783139 0.6054337398912479 0.6705970796212081 0.6058357511728405 0.6736121642331524 0.6018156383569148 0.6767780030756938 0.601212621434526 0.6796423334570411 0.592770384521082 0.6797930876876382
28 0.6348924977397906 0.6238298114804788 0.6259754278655274 0.6291096554849768 0.6172930177247973 0.6299896294857265 0.6090799270511338 0.6328055462881254 0.6020401350451365 0.6347414890897746 0.591011127569074 0.6313975878869259 0.5935923846379397 0.6266457282828778 0.6050907115810686 0.623477821880179 0.6196396150601298 0.618197977875681 0.6114265243864663 0.6160860402738818 0.6039174129134024 0.6155580558734319 0.5999281974433374 0.6183739726758309 0.5891338497008081 0.6157340506735819 0.5886645302337417 0.6108061962693838 0.5867872523654757 0.6039423990635364 0.5825633771618773 0.5970786018576891 0.5914804470361404 0.5963746226570893 0.6076719686499343 0.5958466382566395 0.6305465132658056 0.5958630119543891 0.6330152198715246 0.5976065862581389 0.6292606641349928 0.6057023470650358 0.6272721927948398 0.6104445910163954 0.6327714360778922 0.6123075667286708 0.6399203860688867 0.6137150162581477 0.6393842148195621 0.6163288510986051 0.6316990935792431 0.6171331079725922 0.6276778092093087 0.6175352364095855 0.6321459029536802 0.6191437501575593 0.6346480354505283 0.6210203495301952
28 0.5482766435504907 0.597292810291889 0.5418194239797676 0.5959720153796957 0.5426021172610673 0.5909823457114095 0.5459285637065914 0.5867264509943421 0.5494506834724403 0.5804159864138627 0.557668962926088 0.5796822114626441 0.5654958957390857 0.5856991660626361 0.5717574419894839 0.5834978412089805 0.5811497613650811 0.5818835363162997 0.5838891878496303 0.5883407558870228 0.5836935145293054 0.591275855691897 0.5750838884350079 0.5933304255553089 0.56764830226266 0.5961187703699393 0.5533641498789394 0.6046305598040743 0.5500377034334152 0.6033097648918809
28 0.6646215266812824 0.6132175556021568 0.6664141673466399 0.6154359484255367 0.6639941024484073 0.62162055872102 0.6620221977165142 0.6222255749455781 0.6563753796206381 0.6214188866461673 0.6499218732253511 0.6214188866461673 0.6466054879944398 0.6210155424964618 0.646515855961172 0.6183265814984257 0.6489359208594045 0.6163770847748493 0.6562857475873701 0.6114025069284825 0.6494737130590117 0.6097891303296606 0.6426616785306534 0.6106630426540224 0.6370148604347774 0.6080413056809372 0.6366563323017058 0.6056212407827045 0.6467847520609754 0.5999744226868285 0.6511767216911014 0.5983610460880068 0.664890422781086 0.6003777668365339 0.6591539726519422 0.5952015169153143 0.6571820679200487 0.5898908189441928 0.6523419381235837 0.5855884813473349 0.6636355743153356 0.5852523612225803 0.6719713534092481 0.5823617281496914 0.6751084745736236 0.5830339683992004 0.6794108121704815 0.5863951696467457 0.6837131497673394 0.5886807864950765 0.685416158399429 0.5916386435929163 0.6829064614679285 0.5944620526408543 0.6797693403035531 0.5970837896139396 0.6814723489356426 0.6015877992856502 0.6852368943328933 0.6023944875850612 0.691062976495305 0.6044112083335883 0.698054275090199 0.6061590329823119 0.7071967424835222 0.608175753730839 0.7154428895441669 0.6093857861799552 0.7215378678063822 0.6110663868037278 0.7261987335363116 0.6109991627787771 0.7312181273993125 0.6127469874275006 0.7420636034247251 0.6150326042758313 0.7455592527221723 0.6169821009994076 0.7447525644227614 0.6195366139475419 0.7431391878239397 0.6220239028707255 0.7411672830920465 0.6236372794695472 0.7409880190255107 0.6249145359436143 0.7443044042564221 0.6261917924176815 0.7504890145519053 0.6269312566921414 0.7531779755499415 0.6283429612161106 0.7481585816869406 0.6294857696402759 0.7381197939609387 0.6310319222141467 0.7284395343680083 0.6306958020893922 0.7227030842388644 0.6297546657400795 0.7175940583425957 0.6280068410913561 0.7151739934443632 0.6237045034944981 0.7134709848122737 0.6224944710453818 0.7104234956811658 0.6239733995943018 0.7063900541841115 0.6251162080184671 0.7015499243876462 0.6243095197190562 0.6938415695266091 0.6218222307958726 0.6807552926694995 0.6177215652738676 0.672688409675391 0.6144275880512732
28 0.7552399917103653 0.6212079346966041 0.7495013502812973 0.6188603086574398 0.7477623680300645 0.6170343772936455 0.7566311775113512 0.6165126826182757 0.7611525313645564 0.6089481098254135 0.763587106516282 0.6110348885268928 0.7644565976418984 0.6120782778776324 0.7632393100660354 0.6162518352805908 0.7719342213221991 0.6152084459298512 0.7734993053483086 0.616903953624803 0.7731515088980621 0.6189907323262823 0.7649782923172682 0.6208166636900766
28 0.7078438190040923 0.5900178137502723 0.706248451102916 0.593265526977667 0.6994111600978744 0.5943765867659861 0.6978157921966981 0.5928381962898519 0.69701810824611 0.5881375587238858 0.7029437604504792 0.5863427698350625
28 0.705380522020114 0.5818534645290311 0.6989990504154087 0.5796313449523927 0.6985432310150727 0.577152826963065 0.6964920437135601 0.5744179105610485 0.6948966758123838 0.5762126994498719 0.6882872945075104 0.5777510899260062 0.68714774600667 0.5762126994498719 0.6865779717562499 0.5708283327834017 0.6887431139078464 0.5690335438945783 0.695580404912888 0.5697172729950825 0.6992269601155767 0.5669823565930658 0.7041270186691897 0.5673242211433179 0.7077735738718787 0.5699736714077714 0.7078875287219626 0.5736487153229813 0.7087991675226347 0.577152826963065 0.7075456641717105 0.5786057513016364 0.7077735738718787 0.5822807952168462
28 0.832304795116315 0.6093312046934765 0.8296763265322518 0.6081264899257809 0.826901831915741 0.6046218651470301 0.8302604306620435 0.6011172403682797 0.8293842744673561 0.597503096065193 0.831866717018971 0.5969554984435133 0.834349159570586 0.5987078108328886 0.8336190294083462 0.6036361894280067 0.8327428732136586 0.6057170603903899
28 0.8424241811921734 0.5109085810272347 0.8373132700564956 0.5069658781511404 0.83629108782936 0.5030231752750459 0.8292818382718591 0.5013803824100066 0.8235868230063892 0.500285187166647 0.8243169531686289 0.5040088509940696 0.8269454217526918 0.5082801124431718 0.8323483849532656 0.5092657881621954 0.8343927494075367 0.5103609834055549 0.8389195564134231 0.5117847372219224 0.8433003373868613 0.5123323348436022
28 0.8454907278735804 0.5018184605073504 0.8399417386405585 0.5023660581290302 0.831764280823474 0.49962807002063125 0.8254851614282122 0.49809479667992795 0.8253391353957646 0.49437113285250534 0.8272374738175877 0.49261882046313005 0.8323483849532656 0.49294737903613794 0.8378973741862875 0.4883475590140278 0.8440304675491009 0.48911419568437947 0.8481191964576432 0.48933323473305135 0.8564426803071759 0.49185218379277834 0.8530840815608733 0.4962329647662166
28 0.843738415484205 0.4864857271003165 0.8339546713101931 0.4846238951866052 0.831764280823474 0.4818859070782063 0.8278215779473795 0.48144782898086247 0.8249010572984207 0.4829811023215659 0.8260692655580041 0.47958599706715127 0.8319103068559218 0.47323386465566586 0.8376053221213915 0.47345290370433774 0.8481191964576432 0.47684800895875235 0.8487033005874351 0.4782717627751198 0.8470970142305077 0.48276206327289395
28 0.7901234741949646 0.4248936174158502 0.7856290289492595 0.4189946580308623 0.7802356946544134 0.4102304898017371 0.7901234741949646 0.4046686138101771 0.7977640311126634 0.3969156957613357 0.8058540325549326 0.3916909031632035 0.8090001442269262 0.3916909031632035 0.8119215336366346 0.39556736218762417 0.8125957004234904 0.40264611344960977 0.8072023661286442 0.40972486471159536 0.8040562544566505 0.4124215318590185 0.7952920862275257 0.42051153330128777
28 0.7290631012017045 0.371765810754529 0.7353265299061866 0.3650952591842556 0.7350759927580072 0.3620888134061043 0.7220480610526846 0.3584247076139824 0.7152835580518441 0.3565456790026377 0.7078927121805553 0.35541826183583103 0.7011282091797147 0.3550424561135621 0.692735214715709 0.35363318465505367 0.6901045746598264 0.3555122132663982 0.6918583346970815 0.3603037362253269 0.6987481062720117 0.3643436477397179 0.7036335806615077 0.36359203629518 0.7098970093659895 0.36368598772574723 0.7192921524227125 0.3670682392261675 0.7266829982940013 0.3714839564628273
28 0.5915439633082373 0.37710133428940806 0.5864608787685318 0.381866726045382 0.5750239385541942 0.37614825593821327 0.5820131797962894 0.36884132191238644 0.5864608787685318 0.3697944002635813
28 0.6245840128163238 0.3729713281008973 0.6286081214102573 0.37122401779037356 0.6319968444367278 0.37138286418223937 0.6381389049222054 0.3720182497497025 0.6330558203824997 0.3729713281008973 0.6298788925451837 0.3742420992358236 0.6247958080054782 0.37614825593821327 0.6182301571416917 0.3801194157348583 0.610393735142979 0.37614825593821327 0.617806566763383 0.3717005569659709
28 0.5663852324123321 0.504025646217439 0.5564687232926548 0.5037395930697559 0.5560873190957442 0.49773247696841305 0.5564687232926548 0.47999718181206724 0.5614269778524934 0.4802832349597503 0.5724876995629028 0.4757182570210227 0.5797343793042052 0.4762784908921883 0.579781869001007 0.480178132906904 0.5766039962342504 0.48345531419762167 0.5710427188924265 0.48792419777587304 0.568659314317359 0.48926486284934845
28 0.6167059337986908 0.5350743271026321 0.6214727429488255 0.5382025456074081 0.6314035953449396 0.5443100198310183 0.6345814681116962 0.5447569081888435 0.6353759363033853 0.5368618805339327 0.653450087664313 0.537755657249583 0.6584155138623703 0.5428203919716013 0.6697366855939404 0.5465444616201441 0.672120090169008 0.5487789034092697 0.6667574298751062 0.5554822287766469 0.6574224286227587 0.5571208194220056 0.6536487047122354 0.5547374148469383 0.6474915762266447 0.5562270427063554 0.6459026398432663 0.5596531867830148 0.6357731703992299 0.5653137726487999 0.6300132760094838 0.5633772564315576 0.6202810406612919 0.5548863776328801 0.6161100826549238 0.5495237173389783 0.602206889300364 0.5501195684827451 0.5988303994856852 0.5453527593326103 0.6031999745399754 0.5429693547575429 0.6030013574920531 0.536712917747991 0.5958511437668509 0.5362660293901659 0.5883036959458041 0.5343295131729235 0.5873106107061927 0.532095071383798 0.5904884834729492 0.5166029416458597 0.6051861450191982 0.5066224349877649 0.6198838065654473 0.4945564493264863 0.6260409350510381 0.49664192832967025 0.6300132760094838 0.4976846678312623 0.6389510431659865 0.4981315561890874 0.6437178523161212 0.5006639235500966 0.6403413625014426 0.5066224349877649 0.631602212392862 0.5160070905020929 0.6254450839072712 0.5203270112944026
28 0.7991701984172065 0.5435429595158893 0.7938096402112671 0.5359298263191564 0.7824041972199071 0.5393514592165644 0.7877647554258463 0.546879051590862
28 0.6801123710396452 0.4960249487222253 0.6827356187983533 0.49806337507898496 0.683122524992006 0.50177767453805 0.6874549248819464 0.5045063312133126 0.6890799308952873 0.509091169608096 0.6905501744311673 0.5103679600471496 0.6958120986648426 0.5097876007566706 0.7025442664343978 0.508626882175713 0.7037823662540862 0.5081625947433297 0.7006097354661348 0.5039259719228337 0.703163316344242 0.5036357922775943 0.7115978713658688 0.5076983073109466 0.7282348376929307 0.5074081276657071 0.7421634606644245 0.5079884869561861 0.757098039739415 0.5094974211114313 0.7594194769013306 0.5105420678342933 0.76824093811661 0.5126893972090651 0.7709492814721783 0.5151849421581245 0.7724969062467886 0.5182608463976627 0.7702528503236036 0.5206983554176741 0.775215372601173 0.5219878510731796 0.7769254065113226 0.5149339611938123 0.7917457003992863 0.5179265205365742 0.7957357795229689 0.5130101730448939 0.7908906834442113 0.5116207704928973 0.7844780562811502 0.5093763509858259 0.7847630619328418 0.5032843551809177 0.7841930506294587 0.5017880755095369 0.7888956438823702 0.5017880755095369 0.7896081580115992 0.4928103974812512 0.7823405138934632 0.4901384694966424 0.7746453612977898 0.49152787204863896 0.7683752369605744 0.48789404998957103 0.7556924854602979 0.4901384694966424 0.7546441646103454 0.4884406540275237 0.7620927601231654 0.48781993773478866 0.7653480722361756 0.48508878604675465 0.7622947822601587 0.4811378890419911 0.7569428284472436 0.481013745783444 0.7568324788840906 0.4779101643197691 0.7606947135944417 0.4777860210612221 0.7599222666523715 0.47310995832261843 0.7561703815051734 0.47240647985751877 0.7562255562867497 0.47162023922005447 0.7603084901234066 0.47162023922005447 0.7657707934994746 0.46901323079056745 0.7683088334519911 0.4675648927741858 0.7672053378204623 0.4634267841559524 0.7648879969942517 0.4591231511929897 0.7642258996153344 0.4573437644871494 0.7679777847625325 0.4565161427635027 0.7762540019989993 0.4529159882656397 0.7776885463199867 0.44890202290595327 0.7766402254700343 0.4466674442521073 0.7740470107359415 0.445632917097549 0.775095331585894 0.4448466764600847 0.7782402941357511 0.444267341253532 0.7789023915146686 0.44261209780623867 0.7816059558119144 0.441412046306951 0.7841991705460072 0.4399637082905693 0.7844750444538895 0.4359911240170653 0.7829301505697489 0.4326392560362963 0.7821025288461024 0.43077710715809125 0.7793989645488566 0.4290804826246156 0.7768609245963402 0.42643209310894625 0.7754815550569291 0.42394922793800627 0.7716152448338532 0.4220797008648352 0.7673558279173214 0.4216233347666354 0.7716152448338532 0.42012977299070864 0.7761512472644455 0.42000530950938136 0.7811881259125063 0.41711861375465614 0.7802477351647006 0.41500273457209325 0.7763755379678535 0.4155005884974022 0.7736649999300605 0.4106880005527493 0.776596806379102 0.4088210483328409 0.7789754418000223 0.4065807056689507 0.7786435391831497 0.4052945830285693 0.7843965178756082 0.4023074594767158 0.7850050060065414 0.4011872881447708 0.7839539810531115 0.4000671168128257 0.7886006176893281 0.39533750452239097 0.7988342817095669 0.38509001122644904 0.8069658958229461 0.3736808587714529 0.81128062984229 0.3648854394243287 0.8127188745154047 0.36106855933029375 0.8093445312438666 0.35903565580194896 0.8055276511498313 0.35750060619891305 0.8009916487192389 0.35725167923625867 0.7981151593730097 0.3588697044935127 0.7944642305874109 0.36152492542849357 0.7894303742315096 0.3690342221352364 0.7789201246972101 0.3810656919968687 0.7708991447894554 0.39035896526930175 0.7599463584326592 0.3999841411586076 0.7553550388992548 0.39849057938268084 0.7531976718895828 0.39849057938268084 0.7462277169352579 0.40222448382249776 0.7431852762805923 0.402348947303825 0.7411938605793567 0.40056497073813463 0.7366025410459521 0.3963747002001179 0.7313474162788025 0.3955034558308273 0.7284709269325731 0.3973289202236267 0.7243221442216654 0.39504708973262753 0.7208371667445028 0.3923918687976464 0.7161352130054742 0.39139616094702867 0.7118204789861303 0.3922674053163193 0.7118204789861303 0.3952130410410637 0.7124289671170635 0.3968310662983177 0.7087227212286525 0.3987395063453352 0.7055696463683627 0.3970385054338631 0.705182426648678 0.39492262625130015 0.702471888610885 0.39612577323746334 0.6982677887971653 0.39844909155557173 0.6952806652453117 0.3994862872332987 0.6914637851512766 0.3990714089622079 0.6865405630009996 0.399154384616426 0.6854895380475696 0.39927884809775327 0.6804003645888563 0.40114580031766167 0.6758090450554519 0.4025978742664794 0.6780770462707479 0.399154384616426 0.6763622160835729 0.39608428541035434 0.6715496281389199 0.3966236271627724 0.6683965532786301 0.3997352141959531 0.6654647468295888 0.39985967767728037 0.6615372325299291 0.401851093378516 0.658605426080888 0.4029297768833521 0.6527418131828052 0.40259787426647947 0.6497546896309516 0.40255638643937025 0.6454399556116078 0.4046722656219332 0.6418996610316331 0.40682963263160515 0.6353722428998051 0.4057094612996601 0.6333255100957574 0.4079498039635503 0.6332148758901331 0.4089455118141681 0.6287341905623529 0.4112688301322764 0.6280703853286077 0.4133847093148393 0.6232577973839548 0.4185291998763648 0.6207132106545981 0.42350773912945394 0.6176154528971205 0.42915008361628837 0.6159006227099452 0.4253332035222533 0.6129688162609038 0.41836324856792845 0.613632621494649 0.4145878563010024 0.6099263756062382 0.4128038797353122 0.6018500785956713 0.4124719771184396 0.5951567091554069 0.4111858544780581 0.5908972922388751 0.409526341393695 0.5849230451351681 0.40915295094971343 0.5790594322370852 0.4077838526551139 0.5776211875639706 0.4088625361599499 0.5780637243864675 0.414338929338348 0.57839562700334 0.41649629634802005 0.5819359215833146 0.4184047363950375 0.5840379714901744 0.4169941502733289 0.5849230451351681 0.41628885721247466 0.5892930962573242 0.41595695459560195 0.5959864656975885 0.4167867111377836 0.5966502709313338 0.41865366335769205 0.5984757353241331 0.4230928608583632 0.6019607128012955 0.43064364539221517 0.6061094955122032 0.43815294209895794 0.6094285216809293 0.4442516526839922 0.6147389635508912 0.45051631457746283 0.6201521893132831 0.451487376250485 0.6224553046486877 0.44906910514831017 0.6209198944250847 0.44588312893433385 0.620612812380364 0.44319616104302845 0.6196403859054154 0.4426203822091772 0.6196915662462021 0.439971799573462 0.6223017636263274 0.4379373810271878 0.6245025182801585 0.43782222526041764 0.6280851421352323 0.43993341431787186 0.6316165856495194 0.4421597591420964 0.6353527505269536 0.44323454629861847 0.6373999641584243 0.44480834177781164 0.6413920307397923 0.44891556412594996 0.63525038984538 0.45198638457315604 0.6316677659903062 0.454980434509182 0.630132355766703 0.4530227864740881 0.6276245190681513 0.45141060573930486 0.6246560593025188 0.4523702371290568 0.6225064849894744 0.45164091727284533 0.618821500452827 0.45202476982874606 0.6144711714859518 0.4519096140619759 0.6139593680780839 0.45313794224085835 0.614164089441231 0.45459658195328134 0.6161089423911282 0.4550572050203622 0.6178490739778785 0.4566310004995554 0.6158530406871945 0.4584734927678791 0.6166207457989961 0.46031598503620275 0.6158018603464077 0.46323326446104857 0.614624712508312 0.46515252724055245 0.6158530406871945 0.468492044476889 0.6161601227319151 0.4712173976237846 0.6190262218159742 0.47175479120204566 0.6213293371513788 0.47271442259179763 0.6254237644143203 0.47497915267161217 0.626600912252416 0.47505592318279233 0.6291599292917545 0.47305988989210834 0.6282898634983793 0.4712941681349648 0.6269591746379234 0.4698355284225419 0.6275221583865779 0.4676859541094976 0.6304906181522105 0.46726371629800667 0.6297229130404091 0.46354034650576914 0.6299276344035561 0.4593179683908607 0.6331008155323359 0.45997051773589204 0.6372464231360642 0.461505927959495 0.639498358130682 0.46058468182533324 0.6442069494830648 0.45835833700110873 0.6475848519749914 0.454481426186511 0.6460557985480151 0.44960591826937063 0.6452426337744296 0.44662431409955716 0.6425320845291448 0.44255849023162974 0.6355334463778188 0.440125433703149 0.6341781717551763 0.4384313404248459 0.6392378636797083 0.4355174999861645 0.6448396654532974 0.4303674564201231 0.6498090057363197 0.4290121817974806 0.6596573346608551 0.42332002838238203 0.662909993755197 0.421625935104079 0.6645363233023681 0.42332002838238203 0.6698670701514285 0.42196475375973963 0.6753785202835081 0.4196607869012473 0.6785408277363405 0.42392990196257124 0.6821548933967204 0.42555623150974226 0.686220717264648 0.4275213797125738 0.6838715745854009 0.4290799455286127 0.6794443441514355 0.4342977528257863 0.6794443441514355 0.4378214668446568 0.680980322057097 0.4431070378729624 0.6760109817740747 0.438499104155978 0.6751074653589795 0.4381602855003173 0.6624582355476497 0.44066754355220594 0.6577599501891557 0.4422261093682448 0.6538748296042471 0.44866366382579664 0.6582117083967032 0.44839260890126814 0.6635424552457636 0.4471050980097578 0.6658915979250106 0.4466307518918329 0.6735714874533181 0.45028999337296766 0.670138125075957 0.45252619650032777 0.6613740158495357 0.45645649290599105 0.6514353352834906 0.4590992784201438 0.6433940391891453 0.4617420639342966 0.6429422809815977 0.4622841737833536 0.6424905227740503 0.4720421510663796 0.6470984564910347 0.47509151896732527 0.6470984564910347 0.4755658650852502 0.6423098194910313 0.47597244747204287 0.6360755562268758 0.47454940911826826 0.6342685233966858 0.4763790298588356 0.6274017986419639 0.4829521117786516 0.6298412929627204 0.48661135325978644 0.6327325454910243 0.48661135325978644 0.6374308308495183 0.48715346310884344 0.6415870063589553 0.4878311004201647 0.6485440827551868 0.4920324517503564 0.6514353352834906 0.492439034137149 0.6526099066231142 0.49121928697677086 0.6529713131891522 0.48789886415129674 0.6571274886985892 0.48667911699091854 0.6654398397174631 0.4828165843163874 0.6726679710382232 0.4873567543022397 0.6724872677552041 0.4885087377314859 0.660018741226893 0.48864426519375015 0.6557722140759467 0.48952519369846775 0.6547783460193422 0.4933199626418667 0.6541458845287758 0.4968436766607372 0.653513423038209 0.502197011420175 0.6542362361702854 0.50490756066546 0.6574888952646272 0.5066694176748953 0.6637231585287826 0.5059917803635741 0.6686021471702956 0.5052463793211207 0.6721258611891661 0.5053819067833849 0.678269772811812 0.5049753243965922 0.6808899704155875 0.5036878135050818 0.680980322057097 0.5016549015711181
28 0.6123023973504235 0.40396856596493746 0.6100142717997866 0.4010512058878754 0.5997177068219208 0.4049982224627241 0.590794017174437 0.4084304107886794 0.5875906414035454 0.4070575354582973 0.590794017174437 0.40002154939008894 0.5990312691567297 0.3950448763174537 0.6175650861168884 0.3905830314937118 0.6214548995529711 0.39229912565668956 0.6267175883194358 0.3910978597426052 0.6342684026365374 0.38818049966554313 0.6413615918435117 0.3883521090818409 0.6438785299492121 0.3924707350729873 0.6413615918435117 0.3938436104033694 0.6377005909624928 0.3976190175619202 0.62511590043399 0.4013944247204711 0.6145905229010604 0.4046550036301286
