19 0.3025481613777762 0.6036215485602814 0.27883133859859205 0.6000640251434038 0.237184672922203 0.589695791778869 0.19691762434867294 0.580600881348236 0.17330736357026708 0.5768113822514852 0.1470711314571403 0.5750017467516118 0.12451610559068 0.5790284140761545 0.10021529798462342 0.5864501655424484 0.07762911683065234 0.5987159732568368 0.0673072002058142 0.6096205191873428 0.05909229170625501 0.6217135025307675 0.05718802248669564 0.6338890036487351 0.05803013339708474 0.645280867404621 0.06404185686642373 0.661635090026421 0.07984268695670951 0.677832065921013 0.10058615880993935 0.6880277034421031 0.12145003945839676 0.696014097960401 0.1372612546445195 0.7000459578328625 0.16255919894231594 0.7031291447941563 0.19829254526295334 0.7014689671996136 0.22359048956074973 0.6983857802383198 0.26596454625955873 0.6941167521380663 0.3010654439727512 0.6929309109991074 0.3178253320700413 0.6855786959375603 0.3288931827003272 0.6777521444204294 0.3377474632045559 0.668028247080964 0.34438817358272744 0.6556954992357882 0.3450206221901725 0.6400423962015266 0.34249082776039275 0.6265238072173919 0.3323716500412743 0.6151397322833835 0.31940645358865366 0.6070760125384609
11 0.5661771876337213 0.807333621338005 0.5455939555726816 0.805886362833713 0.5131110424763536 0.8000973288165457 0.47788145774303836 0.7858613678304708 0.45569016067723006 0.7716299925382676 0.4431472536400341 0.7472678077160215 0.43864467162668164 0.7327952226731029 0.44443370564384904 0.7171165888766082 0.45086596566292386 0.6915483553007856 0.459549516688675 0.6804527067678816 0.4859217827668818 0.6679097997306854 0.5174398568603487 0.6652564924728172 0.5364150239166195 0.6662213314756784 0.5727572930243925 0.672975204495707 0.6017024631102293 0.6749048825014294 0.6406176362256324 0.6843120627793263 0.6644169982962093 0.696613760065807 0.679854422341989 0.7093978768537184 0.6872515213639251 0.7207347351373375 0.68853797336774 0.7429260322031461 0.6833921653524803 0.7532980514839042 0.662487320290487 0.7832080605726023 0.6441553792361236 0.794786128606937 0.622285695171269 0.8029872601312575 0.5933405250854321 0.8061229868905565 0.5701843890167626 0.8080526648962789
20 0.2927633942106179 0.5727776827695352 0.2675827400177273 0.5730261760674914 0.2384261930575381 0.5717837095777105 0.1891862308439547 0.5692981456175572 0.15439716913009263 0.5665647193400395 0.1477706811845951 0.5511581348667577 0.1673188206238128 0.5379879900750814 0.18951755524122954 0.5166175664508518 0.1934934480085281 0.4865498773981567 0.2050898019131488 0.4485304028108645 0.1918368260221537 0.42914792557028425 0.19515006999490248 0.4254205261009419 0.23159575369513896 0.41349284779904627 0.2716860057653991 0.417717233864301 0.3442460487685971 0.42715997918663506 0.3979206011271272 0.4341177915294074 0.39493868155165324 0.4564821883454616 0.38665557161978137 0.46691890685962023 0.37207729813968676 0.4853074109083758 0.36048094423506605 0.5235753787936241 0.3495472391249951 0.550164161674933 0.34093280479584837 0.5757589713644172 0.33099307287760205 0.5921595290295236 0.30349314790378723 0.6033417274375507 0.2971979843555646 0.5934019955193044 0.298854606341939 0.5812258239194528
23 0.23292105128423846 0.4023106493910193 0.2196680753932434 0.4018136627951069 0.20277053113222468 0.40032270300736994 0.18355371609028182 0.39435886385642216 0.16864411821291234 0.3841706386402197 0.1593670350892158 0.3732369335301488 0.15472849352736748 0.3603152820364286 0.15472849352736748 0.34963007022431386 0.1636742522537892 0.33496896564490053 0.17527060615840986 0.32627170021643503 0.19515006999490248 0.31757443478796954 0.21403556063957047 0.3145925152124956 0.24584270277795867 0.3145925152124956 0.26936673498447494 0.3145925152124956 0.27764984491634687 0.3145925152124956 0.2822883864781951 0.316828954894101 0.2869269280400434 0.31981087446957485 0.28792090123186803 0.3332295125592074 0.2889148744236926 0.3560908959711739 0.28792090123186803 0.3685155608689817 0.28195706208092025 0.37920077268109653 0.26837276179265024 0.3906314643870798 0.25213786632618135 0.3978377700278084
14 0.3064750674792612 0.4092684617337916 0.28858355002641783 0.39013447779116744 0.28626427924549364 0.379946252574965 0.28990884761551733 0.3692610407628502 0.2909028208073419 0.35385445628956835 0.2906539976530543 0.3523575590878657 0.298138483661568 0.3476173846158071 0.2994690589519704 0.3442493659119759 0.30578929158138196 0.3443741073454511 0.30529032584748106 0.35148436905353914 0.31610125008200085 0.3517338519204896 0.35825739694085634 0.3521450667005701 0.40100212814503466 0.3535172224687976 0.4126446619360561 0.35538834397092606 0.4249524833722786 0.354265671069649 0.4352644418728975 0.3528935153014215 0.44657433184131823 0.3533924810353224 0.4527282425594295 0.35638627543872786 0.45538939314023436 0.3608769670438361 0.45339353020463075 0.3669892972841222 0.4527282425594295 0.37197895462313146 0.45555571505153464 0.37646964622823975 0.4560546807854356 0.3832056836359021 0.45389249593853165 0.3911891353783167 0.4492354824221231 0.400669484322434 0.44524375655091575 0.41064879900045237 0.4415846745023091 0.41638690494031283 0.43260329129209263 0.4193806993437184 0.4073223607744463 0.42100233797889625 0.3850352246602054 0.41850750930939173 0.3504402671097421 0.4130188862364817 0.3175085286722817 0.40977560896612575
26 0.664274169870542 0.3476348345525339 0.6635058481651375 0.3144267867803112 0.6632786201349439 0.29312415894966687 0.666687040587847 0.28732984417973156 0.6791845822484917 0.2832397396362479 0.694408860271459 0.283410160658893 0.7325831693439737 0.28409184474947363 0.7825733359865527 0.2854552129306349 0.8087045594588098 0.2851143708853446 0.8162030844551965 0.2871594231570864 0.8218837852100351 0.2915903697458604 0.8246105215723574 0.29482836917611843 0.8250649776327446 0.30232689417250524 0.825292205662938 0.3275492055239882 0.8252922056629381 0.3522602538075358 0.8000698943114551 0.3515785697169551 0.7484891314575216 0.35004478051314875 0.7080425420830714 0.3486814123319874
16 0.6881329263127755 0.7196493759970183 0.6883190989854283 0.7243967791496657 0.6901808257119568 0.7277478872574167 0.6957660058915419 0.7313782543741472 0.7035852581429612 0.7334726969414918 0.7222025254082454 0.7313782543741472 0.753068460880741 0.7274697183909753 0.7850901605770295 0.7235600922652655 0.8236279038161676 0.7181145415901701 0.8381493722830892 0.7161597285273151 0.8433622071173688 0.7149030629869084 0.8457824518618557 0.7123897319060951 0.845223933843897 0.7083404762758958 0.838335544955742 0.6920038242506091 0.8297716020137113 0.6745501361894053 0.8243725945067788 0.6622627397943178 0.8217661770896392 0.6559794120922845 0.8111543347484271 0.6593305202000357 0.799797801716604 0.6633797758302349 0.7739198002178591 0.6632401463257451 0.7482279713917673 0.6607268152449319 0.7383608197411665 0.6596097792090149 0.7238393512742449 0.6618438512808489 0.7048497386636552 0.6619834807853385 0.6860462987257183 0.6619834807853385 0.6823228452726614 0.66142496276738 0.680647291218786 0.660307926731463 0.6724556936220609 0.6642175528571727 0.6685460674963513 0.6692442150187994 0.6685460674963513 0.6713386575861439 0.6685460674963513 0.6738519886669571 0.6717110029314496 0.681810870422866 0.6780408738016461 0.6982871519526426 0.6838122266538842 0.7130878794285433
33 0.6611873732327876 0.6090385874385981 0.6583804979078289 0.6153540569197551 0.6476208091621539 0.6162312054588046 0.6415392459580768 0.6207923778618625 0.636627214139399 0.6246518314336807 0.61300268015433 0.6306164414992179 0.600137834914936 0.6314935900382675 0.5992022098066164 0.6232483937712014 0.5793858483268906 0.6224246033095905 0.5464050632586259 0.6173371417831028 0.5372827184525101 0.6192668685690119 0.5262891234297552 0.612775969380045 0.5185702162861189 0.6124251099644251 0.509681777757083 0.6078639375613673 0.5080444338175237 0.5833037784679787 0.507576621263364 0.5422532268404577 0.5064070898779645 0.5106758794346725 0.49915599528848786 0.5005009563816972 0.4940100571927303 0.46787103072905234 0.492606619530251 0.4447143092981431 0.4923727132531711 0.4141895401392173 0.49167099442193135 0.39664656935822556 0.5101495903112429 0.37980531740847334 0.5150616221299205 0.3817350441943825 0.5283942799234743 0.3859453571818205 0.544066000487827 0.3950677019879362 0.5534222515710226 0.39945344468318417 0.5637141277625378 0.4075232112424404 0.5730703788457335 0.4119089539376884 0.5723686600144938 0.4066460627033909 0.5835961613143287 0.40489176562529167 0.5882742868559264 0.3957694208191759 0.5983322567703617 0.38699793542867994 0.6034781948661193 0.3882259433833494 0.6067528827452379 0.38752422455210966 0.6060511639139982 0.3840156303959114 0.608624132961877 0.3827876224412419 0.6214889782012709 0.3871733651364899 0.6278044476824279 0.3840156303959114 0.6322486669469459 0.384892778934961 0.6334181983323454 0.38629621659744035 0.6455813247404998 0.3882259433833494 0.6460491372946596 0.3941905534488866 0.6480112456808022 0.3974159376074378 0.6499164606625905 0.4147414863480768 0.6503927644080377 0.42903059871149024 0.6503927644080377 0.4563585261065185 0.6532505868807205 0.48404368131063225 0.6532505868807205 0.5070848749966365 0.6522979793898261 0.5297688408735552 0.6544413462443383 0.5440579532369689 0.6565847130988502 0.5633482549275771 0.6613477505533214 0.57692291167282
34 0.6586729937536311 0.6155861856854339 0.650319926243576 0.61650502311154 0.6522132882125217 0.6206815568665675 0.6584502452866959 0.6229368850942822 0.6641303311935335 0.6241898452207905 0.6676943066644901 0.6237721918452876 0.6744823578785649 0.6284012687814287 0.6773780879487173 0.6308236583593446 0.6772667137152498 0.634833130764171 0.6796055726180651 0.6379237657428912 0.6812761861200761 0.6412649927469133 0.6870676462603807 0.6434367902995277 0.695197965303501 0.6440215050252314 0.6959775849377727 0.6452744651517396 0.6985391923075229 0.6463603639280467 0.7039965297474253 0.6460262412276445 0.7055557690159691 0.6439379743501309 0.7095652414207955 0.6452744651517396 0.7208140390010027 0.6452744651517396 0.7335107016162862 0.644105035700332 0.749994088169461 0.6426850142236227 0.7738281741314843 0.6411814620718127 0.7979963827939097 0.6364202135910815 0.804010591401149 0.6335801706376628 0.8053470822027581 0.6280671460810265 0.8167072540164326 0.6260624098786134 0.8203826037208569 0.6236400203006974 0.8192688613861828 0.6126975018625256 0.8181551190515088 0.5983302257452311 0.8167072540164326 0.5879724220327631 0.8161503828490957 0.574106329966072 0.8128091558450737 0.5606578912748835 0.8151480147478891 0.5514695170138232 0.8106930454091931 0.5360998727953222 0.8094679288410518 0.5195607991254136 0.8104702969422584 0.5024370107298011 0.8102475484753235 0.4874014892117023 0.8069063214713016 0.4675211885377717 0.8062380760704972 0.44597027436183007 0.8052357079692907 0.42074401048146437 0.8094679288410518 0.3983577895545173 0.8104702969422584 0.38390698276212226 0.7935414134552139 0.38231989993521187 0.7771694011355063 0.3795633876568938 0.7621338796174073 0.3757209766022685 0.7366291801533733 0.3707091360962355 0.7298353519118621 0.36953970664482794 0.7074525313637341 0.37244396224602627 0.6835779183992452 0.38003608916873366 0.6602762961459041 0.38834445448037586 0.6493894726340972 0.3937878662362793 0.6474821034931143 0.3956182254018236 0.6486653659839713 0.39706032656255563 0.6505725082543501 0.41149801967196403 0.6506464621600287 0.41826480204155286 0.6510162316884217 0.4286923027422308 0.6510901855941001 0.44699589439767595 0.6516078629338502 0.4630254034535053 0.6537525261985286 0.48393587028412 0.6541222957269216 0.5003536373447618 0.6532348488587786 0.5200438647316802 0.6528650793303857 0.5291956605594027 0.6548618347837071 0.5440049301715357 0.6571544058597426 0.5632514341243826 0.6621093175402066 0.5768404642928192 0.6619614097288494 0.5929809042071665 0.6618135019174923 0.6090658786922546
31 0.3985537546438947 0.3037464413827378 0.3912959157436906 0.299428133448664 0.3888283112099341 0.29593236035917564 0.38855413292840557 0.2753689892445383 0.39019920261757657 0.27351828584422094 0.3863607066761776 0.2568619552413647 0.38581235011312065 0.2521323798849981 0.3907475591806336 0.24534646741716779 0.3923926288698045 0.23609295041558095 0.38773159808382013 0.22951267165889702 0.39755850821632216 0.22187877432693695 0.4074289263513481 0.21982243721547323 0.4208636621462445 0.22208440803808338 0.42223455355388695 0.2177661001040095 0.41949277073860197 0.21324215845878927 0.4230570883984724 0.20727878083554446 0.426621406058343 0.20193230434573872 0.4342983979411408 0.20419427516834884 0.42991154543668486 0.2113914550584719 0.4364918241933688 0.2171491989705704 0.44745895545450876 0.21817736752630223 0.45047491655132227 0.2134477921699357 0.45403923421119274 0.20851258310242268 0.4589744432787057 0.2074844145466908 0.45979697812329123 0.21118582134732555 0.46528054375386113 0.21241962361420377 0.4677481482876177 0.20954075165815456 0.4707641093844311 0.2099520190804473 0.4718608225105452 0.21098018763617918 0.478989457830286 0.21159708876961825 0.4847472017423845 0.21529849557025305 0.49873029410033787 0.21406469330337477 0.5113424950506488 0.21365342588108202 0.5212129131856746 0.21262525732535015 0.5255997656901307 0.2214675069046442 0.5239546960009597 0.2239351114384007 0.5305349747576436 0.22414074514954707 0.5409537494557265 0.22290694288266896 0.548356563056996 0.23853510492979324 0.5423246408633691 0.24470411626418442 0.5431471757079546 0.24717172079794097 0.546711493367825 0.24819988935367276 0.548356563056996 0.25231256357660026 0.54945327618311 0.2611548131558943 0.5475340282124105 0.26999706273518836 0.54396971055254 0.2808956494259461 0.5464373150862964 0.29631817776192415 0.546163136804768 0.30392662507434 0.5343734706990425 0.3090674678529993 0.5171002389627471 0.3098900026975848 0.5025687900417368 0.30947873527529207 0.48721480627614094 0.31276887465363407 0.4800861709564 0.3107125375421703 0.47569931845194413 0.31215197352019497 0.4565068387449492 0.31256324094248766 0.45129745139590766 0.3107125375421703 0.4386852504455968 0.30762803187497473 0.4257988712137573 0.30701113074153563 0.41729934448637396 0.3078336655861211
