20 0.3815739431152408 0.3426133835615612 0.3641329290299426 0.3383704315560291 0.3496803847346658 0.3435953528870602 0.33701161783052425 0.33767571382947487 0.32242329827625765 0.3309042684231203 0.3244614824172645 0.2829694606078942 0.3278285803848712 0.28128889436152515 0.3304580730923512 0.24139295231275792 0.33620215224260136 0.23376335732207695 0.33530778405170947 0.22185411200544908 0.36815097697071464 0.22377985991332663 0.4158655405107655 0.22228042353313962 0.4209790826210346 0.21716258618304118 0.4319482533339068 0.2141248690935824 0.4443793343458575 0.21294995031122993 0.46046095848193724 0.21263062148823145 0.4692136101347063 0.21172502399796084 0.48470292836042445 0.21541992559009082 0.49194767375754234 0.2181535939793729 0.5001372123613983 0.2230757885590416 0.544516944610164 0.2227203796625587 0.5711653591979449 0.22251652751509515 0.5727282096841726 0.2207455884385488 0.5906787184413179 0.22446354925501422 0.6002603388740493 0.22678850127177988 0.604406727464823 0.25688215869717873 0.5958725363647343 0.26950751292057623 0.5926865034532435 0.27709382568891927 0.5861663406765607 0.2904855684816913 0.5868343537251718 0.3037344859525215 0.5882448778644072 0.32020930049091006 0.5883078421437062 0.3348491823845301 0.5715947195331592 0.3339515290217283 0.5563896763856985 0.3339065678809782 0.5384263611098944 0.3337492727491372 0.48427878099699273 0.34391331566540606 0.4489561002895318 0.3521278719381859 0.4385205398197018 0.35119061371776394 0.4266313669354551 0.34852824936877125 0.4187290870416332 0.34846867981657853 0.41639532573266164 0.34465515882540454 0.4107332498121967 0.3425293641230309
14 0.22394679211454452 0.37397615003184176 0.21872522567418595 0.36829762599245547 0.17752264846368113 0.33166131378208386 0.17539880427757265 0.33038700727041864 0.21574160198197098 0.3115833048496113 0.25786702760157254 0.28948508348241986 0.2624656673994423 0.28976338814841435 0.27789261394097087 0.3050173110780854 0.3001460806961204 0.32636962652222307 0.30522282307945464 0.3338990315512451 0.3093347439392962 0.3472620618449119 0.2621387302944998 0.36840942217143846 0.2503122609909836 0.36521697531374286 0.24444673570466027 0.3662390880782467 0.23952855347971638 0.36555542118891554 0.2356826699819701 0.3668515816397301 0.23075719317814605 0.3710927598890382
24 0.37779413137520174 0.8164219541050801 0.357730482181865 0.7888344364642418 0.3503943265265359 0.7668220997612384 0.35243189580012424 0.7394054972413013 0.3641718087083927 0.7167642366324979 0.383878091090129 0.6978965194584952 0.41490500377626705 0.6815444979076924 0.4442547860469383 0.6721106393206913 0.48618304643361143 0.6670792480742904 0.5197256547429498 0.6680226339329904 0.5562032412793554 0.677142030567092 0.5842951757384264 0.6868903511069933 0.6014857624969623 0.698210981411395 0.6186763492554982 0.7148774649150978 0.6291584143521665 0.7299716386543001 0.6383826316372346 0.7551285948863037 0.6383826316372346 0.7793421652596075 0.6319031122492379 0.7916463400553713 0.6165799362361646 0.815505289843113 0.5922615452118942 0.8324862352997157 0.5478175892020207 0.8497816427092182 0.5125978504772154 0.8560708817672193 0.479055242167877 0.8557564198143192 0.43880411219667076 0.8472659470860177 0.4115507429453333 0.8387754743577166 0.3947794387906642 0.8312283874881154
23 0.7173066769788496 0.26859616784383716 0.735860729628864 0.2846121661219154 0.7446126412562292 0.293276558633007 0.7444436865019592 0.2981311320209697 0.7413507083888214 0.30172845803468235 0.7254652844828107 0.3099883549767111 0.6979695156831706 0.3217533714342494 0.6796390031500772 0.3278341664572467 0.6618372554015924 0.3298170343995285 0.6468555865043526 0.3290238872226158 0.6309926429660986 0.324661577749596 0.6140721698586279 0.3168622971766212 0.602086834740836 0.3069479574652125 0.5930978334024921 0.2933322642615446 0.5913352841204639 0.282360394980919 0.5946841277563175 0.2760152175656174 0.5975042066075626 0.26808374579649047 0.6049069135920812 0.25764064130047337 0.619712327561118 0.24997355192365064 0.6382190950224144 0.24402494809680542 0.6595459413349556 0.24336399211604484 0.6701212370271249 0.24415713929295754 0.6872179650627985 0.24878383115828162 0.6960307114729396 0.2532783318274536 0.7081923015189343 0.2606810388119721
16 0.24825293719810518 0.5240199548073324 0.17609253888100868 0.5036857385185552 0.16691607204299636 0.4977418906802973 0.16691607204299636 0.4902338723582872 0.17894110334123942 0.4692511451256277 0.19354002785625896 0.44422441738559415 0.2011835779338526 0.43065300072910284 0.20551794072583993 0.42718603633862545 0.2114157652061924 0.4270664858424019 0.2247549328999196 0.43085998838899475 0.22698654216275568 0.43313144781723856 0.23559417789083775 0.43372920029835543 0.24276720766423943 0.43516380625303575 0.25504105860983783 0.43815256865861973 0.28118276711734624 0.4454451489282448 0.3261337536973301 0.4581175015279211 0.3430302238302319 0.46349727385797235 0.3492468496338466 0.46804019271446007 0.350681455588527 0.4734199650445114 0.35052205492689587 0.4767673789387656 0.34271142250696957 0.49051568600445206 0.334581988763781 0.503068488107905 0.32549615105080554 0.5171754466622617 0.3159321113529366 0.5186100526169422 0.310990690842371 0.516577694181145 0.30238305511428903 0.5171754466622618 0.29696343261882996 0.5201642090678459 0.2869211909360676 0.519925108075399 0.27942935983940365 0.5201642090678459 0.2641268963228133 0.5213597140300794
11 0.2028316908324261 0.4274560035974023 0.19874278764211198 0.42718541441569047 0.19465388445179785 0.42186382717535503 0.1922987118033027 0.41571517950348125 0.19265949737891866 0.40940143193020206 0.18905164162275911 0.40426023747767476 0.19085556950083887 0.4004719889337073 0.19109609321791615 0.39487981251166 0.18219671568605603 0.3903699928164606 0.18400064356413576 0.3854091911517412 0.18580457144221554 0.3817111390016777 0.18315881055436523 0.37792289045771027 0.1835195961299812 0.37647974815524643 0.18111435895920816 0.37485621306497463 0.1814751445348241 0.37260130321737495 0.18484247657390637 0.37160914288443103 0.18712745188614072 0.3707973753392951 0.19061504578376154 0.3710679645210071 0.1930202829545346 0.37169933927833504 0.19614709127653954 0.3709777681271031 0.19855232844731255 0.37052678615758317 0.1984320665887739 0.372511106823471 0.2057680399596316 0.372060124853951 0.20757196783771137 0.3738640527320307 0.21117982359387089 0.3732326779747028 0.21298375147195064 0.3739542491259348 0.2146674174914917 0.3754875878223025 0.21659160722811016 0.37702092651867036 0.22296548573065866 0.3753973914283985 0.23198512512105748 0.370977768127103 0.23595376645283292 0.3672797159770396 0.2396022935070753 0.36583588729643596 0.24437508178376055 0.3665201571262112 0.25026363797132106 0.36554344948933226 0.26124806009042434 0.3690256245425531 0.2632864064630414 0.3697475388828549 0.26940144558089274 0.37085164316802255 0.27025075656948316 0.3750981981109749 0.27223248220952756 0.3776885966261758 0.27579958836160745 0.3823173415139937 0.2756297261638894 0.38639403425922786 0.2754032432335986 0.3934433154645289 0.2755731054313167 0.3951419374417097 0.2726288273375364 0.3972227493637563 0.2728553102678272 0.4004076655709705 0.27138317122093714 0.4046117549644933 0.27019413583691043 0.40919803430288176 0.2685521345923022 0.41059939743405605 0.2686653760574476 0.41280760600439115 0.2664005467545397 0.4176062130899272 0.26419233818420457 0.42155550918687285 0.26430557964935 0.4240609766032146 0.2590398515200891 0.43221436209368297 0.257567712473199 0.4345924328617363 0.2561521941588816 0.437649952420662 0.2553028831702911 0.4380746079149571 0.2449979098420602 0.43544174385032675 0.23576873043271057 0.4335307941259982 0.22716999153236422 0.43294515426083263 0.22498435032084593 0.4306596819796687 0.2113006776836887 0.4268775030664889 0.2054025429262934 0.4270544471092108 0.20425240664860125 0.427740105274758
26 0.323460541241848 0.4555488004260066 0.3143307888594757 0.4531785762498138 0.3069567580890981 0.4471213366884321 0.30444212751987537 0.43296094951788505 0.30198411726308283 0.4142625143501418 0.298648246200293 0.39332553412710536 0.29355665352550847 0.3601423956604062 0.29566351945990205 0.3551385890662215 0.30865585938866263 0.3482912747794421 0.3421901421777608 0.3471061626913458 0.383274027898436 0.3442092220315546 0.40795199773705365 0.34308980400558764 0.41316748864453984 0.34424676149562855 0.41760656069097396 0.3480789248608936 0.41870842496720345 0.3563429069326147 0.42121447967209213 0.3807711019238093 0.426493801709164 0.4168778937130687 0.4291334627277 0.4364868041364786 0.4281278775777815 0.44318023029062326 0.42171727224705136 0.44845955232769513 0.41593515763502026 0.45109921334623115 0.38777877343730355 0.45270186467891366 0.3444129138470703 0.45449306322720595
22 0.277587371291413 0.6349121745680247 0.2637999190749521 0.6427250641573526 0.25460828426397814 0.6434144367681757 0.25154440599365346 0.6475506724331139 0.2478677520692639 0.6470910906925653 0.23867611725828997 0.6514571172277779 0.24265915900971197 0.6578912615954596 0.23009725810138093 0.6615679155198493 0.2227439502526018 0.6604189611684775 0.2150842545767902 0.6583508433360084 0.21018204934427076 0.6551337711521674 0.21110121282536812 0.6484698359142114 0.20007125105219942 0.6415761098059809 0.2061990075928487 0.6349121745680247 0.19792653626297219 0.6282482393300687 0.19486265799264754 0.6199757680001922 0.19884569974406954 0.6075670610053774 0.20466706845768642 0.6032010344701648 0.19792653626297219 0.5850475557184912 0.2095692736902058 0.5744771756858712 0.21968007198227718 0.5694217765398355 0.22887170679325108 0.5705707308912072 0.2316291972365433 0.5636770047829768 0.23622501464203027 0.561149305209959 0.2714596147507637 0.5609195143396846 0.2745234930210883 0.5556343243233747 0.28831094523754924 0.5581620238963925 0.29260037481600376 0.560459932599136 0.29964729483775043 0.5620684686910564 0.3005664583188478 0.577694247869712 0.30638782703246464 0.5765452935183404 0.31312835922717885 0.5744771756858712 0.3177241766326659 0.5675834495776407 0.32477109665441256 0.5639067956532512 0.32997968971396446 0.5675834495776407 0.3370266097357112 0.5747069665561455 0.3449926932385552 0.5721792669831277 0.3532651645684318 0.5742473848155969 0.35387794022249675 0.586196510069863 0.3495072290310554 0.5968930460530653 0.35361830778163783 0.6048215550720455 0.3512691199241622 0.60907945806372 0.3418723684942597 0.6149524277074091 0.3383485867080463 0.6161270216361469 0.35002899076386695 0.6182768792393638 0.35042052207344626 0.6223879579899462 0.351595116002184 0.6309037639732953 0.35609772606234563 0.6319315336609409 0.3533570068952907 0.6391259214744598 0.3351508009998547 0.6427965275017659 0.3206641425454217 0.6433838244661345 0.31733612641399794 0.6410346366086589 0.3147911729017327 0.6416219335730279 0.3157700011756809 0.6466139577701633 0.31126739111551927 0.651605981967299 0.30813514063888514 0.6536615213425904 0.2916908256365558 0.6492567941098235 0.282489839861443 0.6376576790635377 0.28061452890708727 0.6339137347110032 0.28317833648261714 0.6245012632886883 0.2866037537686144 0.6220463882319291 0.2910843041492551 0.6227612027494336 0.2968683148221881 0.6219485739574147 0.2970195853010784 0.6205304132178182 0.29399417572327263 0.6176373653090416 0.3008769825127807 0.6158221195623581 0.30019626535777444 0.6116810902027363 0.2964901386249624 0.6048739186526735 0.29830538437164583 0.6035692107722448 0.30443183876670243 0.6036826636314124 0.30692780166839223 0.6029452200468224 0.31002884648564305 0.6029452200468224 0.3110877398378751 0.6020375971734806 0.3119197274717717 0.5978398413842752 0.30012063011832923 0.5908624905454607 0.2895316965960092 0.6023212293213999 0.2858255698631972 0.6028317671876545 0.26963962862193647 0.6016972385959775 0.2610928465646353 0.6008463421522195 0.2652527847341182 0.6105465616110592 0.26963962862193647 0.6105465616110594 0.27372393155197416 0.6108869201885624 0.2771275173270056 0.6145741381115132 0.2862696506249727 0.6218887198109 0.28297751256521697 0.6244594403951866 0.28225134465839347 0.6272468542570795 0.2804333309676816 0.6338703732827645
15 0.7062071159992164 0.5507785743679793 0.70410791228557 0.545924165780172 0.6943116282885533 0.5316233404809557 0.6937868273601417 0.5287369353746919 0.7021836422147274 0.5217833230732382 0.706906850570432 0.5133865082186525 0.7378701053467167 0.5132553079865496 0.7432930482736366 0.5173225151817394 0.7574626733407499 0.5325417421056761 0.7499405267001835 0.5480233694938184 0.7411938445599902 0.5507785743679793
15 0.7810787151192722 0.5122057061297263 0.758687208840377 0.5031528901146262 0.7571128060551421 0.4985608819910246 0.7557133369127113 0.49698647920578976 0.7581624079119655 0.4843912569239112 0.7662093554809434 0.4799304490324127 0.7868515253317997 0.4699592313925921 0.7945486056151699 0.4695656306962834 0.7940238046867585 0.4788808471755894 0.7927992691871313 0.4833416550670881 0.790525131830681 0.49016406713643895 0.7877261935458191 0.49829848152681877 0.7844024543325454 0.5068264966135074
15 0.6034580859851032 0.5661270433941673 0.6008425591238773 0.567002012415085 0.5911314954278752 0.5535459699545747 0.5896260671712678 0.5497071279002257 0.5933394568708996 0.5472984426896537 0.6115049578339633 0.5486533281206004 0.628466116191741 0.5518147274594761 0.6340863816830756 0.5644603248149791 0.6373983238476121 0.5736434371802848 0.6186306515819053 0.5874933771410737 0.6106017008799988 0.5828265495455904 0.6008097518570469 0.5670348170170312 0.6036209678161157 0.566166234612086 0.6051220844526677 0.5680640749311554 0.6085960972401165 0.5701227491755696 0.6125418895419104 0.571891922354363 0.6157156790020489 0.5725674248408115 0.6180316875270149 0.5711199195127077 0.6188465794154289 0.5698332481099488 0.6179459094334976 0.567452906014845 0.6139567043497672 0.5643019104649649 0.6092817982530766 0.5615999005191715 0.6054646730915586 0.5622432362205507 0.6034917769406617 0.5633690736979649 0.6030199974263168 0.5646557451007237
27 0.6156639349721983 0.5724013121542443 0.6178424865838411 0.5710233126408558 0.6186824100967636 0.5698421702008085 0.6178717952524477 0.5674900196631741 0.6138530465949821 0.5643548387096774 0.6092652329749103 0.5616935483870967 0.6056093189964158 0.5623252688172043 0.6035663082437275 0.5634005376344086 0.6031541218637992 0.5645698924731182 0.603584229390681 0.5659677419354838 0.605215053763441 0.5679838709677419 0.6086379928315412 0.5699731182795698 0.612652329749104 0.5717607526881721
27 0.5998490561011626 0.5874463729597315 0.5953845529062792 0.5874463729597315 0.5954672288913696 0.5832298977201195 0.5991049722353486 0.5820517649325807 0.602990743534599 0.5781453246370578 0.6041482073258649 0.5771532128159725 0.6068765148338493 0.577711275715333 0.6101008782523762 0.5831678907313016 0.6032387714898704 0.5870743310268246
27 0.6513151722673869 0.6109970461027099 0.6513151722673869 0.6060864077949184 0.6502402066676715 0.6044739593953452 0.6501424825222428 0.6032279765411295 0.6436926889239497 0.5962651311793357 0.6428131716150915 0.5942862172344048 0.6388064816525154 0.5936998723618327 0.6347020675445108 0.5964117173974788 0.6325521363450797 0.5985372175605527 0.6328453087813657 0.6001496659601259 0.632454412199651 0.6025683385594858 0.6336271019447952 0.6068926319947052 0.6364611021622271 0.609164718375922 0.6427154474696628 0.6112169254299243 0.6470153098685248 0.6107038736664238 0.649751585940528 0.6109970461027099
27 0.8333221127134087 0.6207844439609216 0.8227515113692189 0.6198148384419401 0.8257173635449268 0.6175334136913956 0.830204165554331 0.6154230957971418 0.8336263026801479 0.615537167034669 0.8358316799390075 0.617305271216341 0.835679584955638 0.6190163397792495
27 0.7499640538884972 0.5988174522586616 0.7384261453671357 0.5929331189127672 0.7448873741390982 0.5901640208676405 0.7591943807055864 0.592413913029306 0.769809256545239 0.5835874130104644 0.7741936617833565 0.5835874130104644 0.774655178124211 0.5894717463563588 0.7665786421592579 0.5957022169578939 0.7580405898534504 0.5955291483300735
27 0.6874285897027179 0.6140474915068588 0.6920437531112625 0.6097207758113482 0.6883516223844268 0.6040095110932743 0.6680449033868305 0.6022788248150701 0.662506707296577 0.6052209914880172 0.6631989818078587 0.6078170209053236 0.6708140014319574 0.6093746385557074 0.6655065635121311 0.6117975993451933 0.6597376092514503 0.6109322562060912 0.6576607857176051 0.6128360111121158 0.6606606419331592 0.6176819326910876 0.6661988380234127 0.6194126189692919 0.6698909687502485 0.6206240993640348 0.6756599230109291 0.6206240993640348 0.6763521975222109 0.6252969523151862 0.7038124198030512 0.6223547856422391 0.7105044067454409 0.6209702366196757 0.7072737923594596 0.6188934130858307 0.6966589165198072 0.6192395503414715
27 0.771075895014169 0.5370962296239615 0.7733790873611283 0.5349986794508379 0.7853885903131306 0.5308035791045905 0.7878562963991584 0.5278423318013571 0.7870337277038157 0.525621396323932 0.7822628292708285 0.525621396323932 0.7788080407503896 0.5230303049336027 0.771075895014169 0.5246343138895209 0.7672920790155929 0.529076184844371 0.7646598591904966 0.5294463407572751 0.7572567409324129 0.5288294142357682 0.754460007368248 0.5250044698024251 0.7519923012822203 0.5253746257153292 0.7579814166944773 0.5323905031441158 0.7569682080102179 0.5351261665916163
27 0.7589101614095115 0.5120881818246457 0.7552561172986324 0.5143067086062509 0.75099306583594 0.5105874137076775 0.7493400458810184 0.5022353128828106 0.7439459807649585 0.49903802428579136 0.7428149671115912 0.4930349518179183 0.7440329818152176 0.4897724124332047 0.7468170154235065 0.48859789825470784 0.7531680920924156 0.4903596695224532 0.7523850826400844 0.4983202656211543 0.7546471099468193 0.4977330085319059 0.7568375563960665 0.498548262148754 0.7584981771852157 0.5032759478648007 0.7587692989467094 0.5038097188327414 0.7593442735035218 0.509624186057717
12 0.7820046294570777 0.42235716102840065 0.7891885013125618 0.41984280587898115 0.7896674261029274 0.41625086995123917 0.7829624790378089 0.4130181276162713 0.7767364567630559 0.4126589340234971 0.7732642520329054 0.41122215965240033 0.7657211865846472 0.4113119580505938 0.7646436058063244 0.4135569180054326 0.7715880152666259 0.41364671640362616 0.7723064024521742 0.41822643471149723 0.7748207576015936 0.42083058825911024
27 0.790331853447488 0.37558751408042396 0.786991156294239 0.3774184730971086 0.7830722615567738 0.37544296468437 0.7832007499088217 0.372311061103199 0.7846141217813504 0.3676854804294696 0.7873123771743592 0.3660954370728751 0.7922591787282086 0.3653726900926049 0.7982981312744664 0.36556542262067704 0.8012533633715714 0.36739638163736155 0.8004181890832591 0.3696128057101902 0.7951501666492896 0.3700464538983523 0.7925803996083287 0.37072101774660454 0.7920022020241126 0.3734192731396134
27 0.5873919336463505 0.4100775636348483 0.5815017655703669 0.4064215972428586 0.5819079840583659 0.4047459459798633 0.5885090344883473 0.402003971185871 0.5999847067743151 0.3965961875643862 0.6036406731663048 0.39530136613388983 0.6063826479602972 0.39636768966488684 0.6076013034242937 0.39796717496138245 0.6072966395582945 0.3997951581573772 0.5927743286123353 0.4083257464053533
17 0.8145222575654982 0.6181783759797546 0.8173573391570724 0.612115285880666 0.8210654013093301 0.607322705677488 0.8232464492239409 0.6009282697460161 0.8075825596553734 0.6012256853707356 0.7841858638440958 0.6016718088078151 0.7570219034530361 0.6050920884920908 0.7500822055429114 0.5997386072471375 0.7378764395466209 0.5931299726577483 0.729420724539836 0.5911697841789026 0.7204269185780738 0.589555511313971 0.7163188116797989 0.5887249235811042 0.7147819216851345 0.5848826985944433 0.7109396966984738 0.5722033561384626 0.7064571008807028 0.5664400186584713 0.7049202108860385 0.5646149617898074 0.707865916709145 0.5610609036771461 0.7029990983927079 0.5551054549478219 0.7005656892344895 0.5541448987011568 0.7054325075509266 0.5516474524598272 0.7035113950575962 0.5459801706045024 0.693393535926056 0.53224421627719 0.693137387593612 0.5286901581645288 0.7018464308967097 0.5214859863145398 0.7054325075509266 0.5147620925878833 0.7010779858993775 0.5123607019712203 0.6974919092451608 0.513609425091885 0.6913443492665036 0.5215820419392063 0.6918566459313916 0.5239834325558693 0.6864775309500666 0.5244637106792019 0.6827633801296277 0.5287862137891953 0.6810984159687413 0.534645606893853 0.6689313701776487 0.5441551137358386 0.6623995877003253 0.5447314474838376 0.6576608435501105 0.5478052274731663 0.651129061072787 0.5485736724704985 0.6507448385741209 0.5522237862078262 0.6561239535554461 0.5555857330711546 0.6593258077109968 0.5575068455644849 0.6672493357778605 0.5574252680915824 0.6718777689730409 0.5565416581179571 0.6738132955819346 0.5561629681292606 0.6744023688976849 0.5526285282347592 0.6767586621606858 0.5518711482573659 0.6802931020551871 0.5547113231725903 0.6812187886942234 0.558371993063324 0.6802089487243657 0.5605810179973874 0.677347735476436 0.5612752829766644 0.6738974489127559 0.5612121679785481 0.6732242222661846 0.5621588929502898 0.6725509956196127 0.5658826778391395 0.6720484999401991 0.5711276179525601 0.6733107999025211 0.5766817377867767 0.6717118866169133 0.5787645327246078 0.6728900332484138 0.5821096276247609 0.6727217265867709 0.5846973425475209 0.6720484999401991 0.5898727723930409 0.6728900332484138 0.5929022923026136 0.6756670931655219 0.592523602313917 0.6813053663305599 0.591198187353479 0.6881217861270983 0.5897465423968087 0.6908988460442067 0.5923342573195687 0.6979677258332094 0.5959318122121862 0.694433285938708 0.6000342870897325 0.6905622327209209 0.6053990619296007 0.6927502193222788 0.6098171117977275 0.6887108594428484 0.6139195866752738 0.6970420391941735 0.6189687865245616 0.7078136655393208 0.6184007515415166 0.7110956454413578 0.6207991214699283 0.722712128908919 0.619629472119201 0.7449705632973688 0.6194233755044932 0.7769842374486573 0.618186795816246 0.7967695124606125 0.6168471678206449 0.803089808644987 0.6172593610500606
27 0.675022050960876 0.5608917303063764 0.6771718027155285 0.5610852079642951 0.6799234849614835 0.5604402824378993 0.680942294965272 0.558496864999427 0.6801376993661353 0.5547797253975986 0.6768343170231047 0.5521406101561558 0.6746440309043562 0.5527061348507507 0.6742490612763852 0.5560723532709584 0.6672832332921685 0.5577689273547431 0.6678577345692173 0.5587922577544864 0.6703352713264903 0.5592769932069963 0.6724537447856078 0.5590884849754646
27 0.6351607125146281 0.5638816624010741 0.634280966126796 0.5637017142762901 0.6325214733511316 0.5604026653219194 0.6330013350172219 0.5587231494906034 0.6366802744572474 0.5575234953253777 0.6452378075025245 0.5552441524114488 0.6498764702747305 0.5544643772040521 0.653555409714756 0.5544643772040521 0.6557947641565107 0.5557839967858004 0.6561946488782524 0.5574035299088551 0.6517959169390916 0.5587231494906034 0.64347831472686 0.5616023194871451
27 0.5797424676495211 0.5494634122300098 0.5741845634056242 0.5503566468406361 0.569420645482284 0.5476769430087572 0.5680311694213098 0.5476769430087572 0.5652522172993614 0.5496122846651142 0.5610837891164387 0.549910029535323 0.557907843834212 0.5432107699556259 0.5573783970307988 0.5368340009863943 0.5595618594123297 0.534749786894933 0.5563859141301029 0.5220956299110606 0.5559889209698246 0.5125677940643804 0.5559889209698246 0.506166279354892 0.5599588525726081 0.5034865755230132 0.5692881918391491 0.5043798101336395 0.5704791713199842 0.5098880902325016 0.5708761644802626 0.5161407325068854 0.5744491029227677 0.5174805844228249 0.5770295584645769 0.5311768484524279 0.5776250482049945 0.5334099349789936 0.5742506063426286 0.5337076798492023 0.5774265516248552 0.5381738529023337
27 0.6040250933635045 0.5210535228653301 0.6026356173025305 0.5252219510482526 0.5939017677764068 0.5215001401706432 0.5956882369976593 0.5139076459803198 0.5927107882955717 0.5089948556218752 0.5925122917154325 0.5027422133474913 0.5942987609366851 0.4905346736689321 0.6014446378216952 0.4926188877603934 0.6004521549209995 0.5011046165613431 0.6048190796840612 0.4997647646454036 0.6099799907676798 0.5002113819507168 0.611369466828654 0.5030399582177 0.6070025420655922 0.5064640242251007 0.6141484189506025 0.5113768145835453 0.615934888171855 0.5143542632856329 0.6135529292101849 0.5180760741632423 0.6081935215464273 0.5209046504302256
27 0.5999589396083977 0.4817506323121721 0.6030864062563109 0.4795614056586328 0.6039203973624212 0.4761211923459283 0.596299405460628 0.4712703688303078 0.5878660685698001 0.4675206590641669 0.5845301041453592 0.4667387924021887 0.5824451263800837 0.46830252572614517 0.5822366286035562 0.4717427390388498 0.5893255530054927 0.4765903123431153 0.5945379974186816 0.4801868989882154
27 0.795474411550808 0.39778445198362616 0.7925600488516578 0.39013424989835704 0.7911028675020827 0.38816705507643073 0.7902285586923378 0.3836862224264874 0.7935800757963604 0.38324906802161496 0.7988259286548306 0.38543484004597744 0.8027603182986833 0.38925994108861206 0.8045089359181733 0.3938500623397735 0.8045089359181733 0.3962544115665723 0.8023231638938106 0.3998609354067707 0.7988259286548306 0.40117239862138815
27 0.7188041705173941 0.5128372979743903 0.7168627006984666 0.5108611590515533 0.7077100572663797 0.5105491371163685 0.7052138817849014 0.5097170786225425 0.7066006459412784 0.5073249104527925 0.7124250553980608 0.505972815400325 0.7172787299453796 0.5053487715299555 0.728927548858945 0.5045167130361294 0.7317010771716984 0.5052447642182272 0.7308690186778722 0.5073249104527925 0.734058576237539 0.5083649835700751 0.7365547517190172 0.5127332906626619
27 0.6724497506702398 0.49932240430032854 0.6771668672944045 0.5004016942124966 0.6803004441687922 0.5023861431086469 0.6817805776204215 0.5041718036802979 0.6856183543955277 0.5036395285787602 0.6864916380987914 0.4990390860372907 0.6824923988573438 0.4982730851962566 0.682317913783307 0.49454762097126503 0.6814489960760522 0.4924011068732847 0.683797319215346 0.4902470349357585 0.6876915673346699 0.48921542576478044 0.6908615825166311 0.491085438277278 0.6968317399628711 0.4830393665301054 0.6970056669275287 0.4947098735139355 0.6978373980749586 0.49749937425145196 0.6900979814604489 0.5091084991732165 0.6910654085372624 0.5113658290191152 0.6882706192042451 0.5150742994802344 0.6859057974609227 0.5174928671722687 0.6875181759222789 0.5210400997872523 0.6878907017427156 0.5239184960099326 0.6862783232813595 0.5242776542560865 0.6823927978759633 0.5285582603266242 0.6821692823837011 0.5296478983514016 0.6800086326251683 0.5284465025804932 0.6782205086870721 0.5297317166609998 0.674495250482705 0.5298714138436637 0.671468396024601 0.5259053171661209 0.6673172282778185 0.5248334992642877 0.664186839485163 0.5211076560817249 0.6622133335071847 0.5213628508202567 0.6623494373677349 0.5250376550551131 0.6591509966448044 0.5270792129633667 0.6522777516870173 0.5273344077018983 0.6464252856833571 0.5312644066752865 0.643635156542077 0.5314175235184055 0.6416616505640986 0.5295801214009774 0.6428865853090509 0.5275896024404301 0.6437032084723523 0.5260073950615336 0.6386673656319934 0.5226388245129151 0.6371702231659409 0.5167183065789799 0.6258055508099959 0.5096238928477986 0.6237639929017422 0.5080927244166085 0.6250569795769696 0.507735451782664 0.6226751620173403 0.504111686495514 0.6228793178081657 0.5018659727964351 0.6215182792026633 0.4934445464248891 0.620723994132002 0.490635872161251 0.6243606429091397 0.4897786620923542 0.6272699619308497 0.48954487752810977 0.6265426321754222 0.4865056781929304 0.6244645471599151 0.4868953191333381 0.6196849516242484 0.48518089899554456 0.6181263878626181 0.48253134060077296 0.6178146751102921 0.47855700300861526 0.6213474196366542 0.4738813117237243 0.6136585050792777 0.47099796876470795 0.6050344522649228 0.4697511177554036 0.6030602715001909 0.4673353439248766 0.6023329417447634 0.4630492935803929 0.6005665694815824 0.46180244257108854 0.5988001972184012 0.46180244257108854 0.5985923887168504 0.46367271908504504 0.5956830696951403 0.4664781338559798 0.5933971761780824 0.467257415736795 0.5916308039149013 0.46678984660830586 0.5896566231501695 0.4642182164016157 0.588098059388539 0.4607114479379472 0.5850848361160537 0.4583736022955016 0.5855004531191551 0.4565812539696267 0.583734080855974 0.45549025933648535 0.5761490705493727 0.4583736022955016 0.5718889962675828 0.45954252511672444 0.5680445389888945 0.45751639222660495 0.5687718687443221 0.45377583919869197 0.5722007090199089 0.4502690707350235 0.5771881130571263 0.4480091532806594 0.5831080263026522 0.44912132134627136 0.5823154009837089 0.4468094974993533 0.577119301670636 0.44575266374076217 0.5751817731132188 0.4462810806200577 0.5770312321907533 0.4478002791480325 0.5725396887167411 0.45007907693999466 0.5697214653604981 0.4484608002471519 0.5697214653604981 0.4454554292461584 0.5655821998060162 0.44410136099296355 0.5594662133708633 0.4426188554782172 0.5583848707424443 0.4451142615437997 0.558135330135886 0.44879498549053376 0.5576400754554903 0.45198042362862034 0.5570578140401878 0.45403913363272586 0.5518377117224633 0.45472661517058455 0.5467706161820947 0.45351083872508124 0.5458741275604048 0.4632185294782396 0.5483667034853381 0.467357985925004 0.5353697004481857 0.4660226773937897 0.5346575358982047 0.4526695920816468 0.5441881432031331 0.4498957160623586 0.5476545389353572 0.4485301356348825 0.5469423743853762 0.44385655577563243 0.5428849157474315 0.44143624464551773 0.5356083117129423 0.4432440058826204 0.5332534143971551 0.43559058960631186 0.5361316222275616 0.4329086232188875 0.5390970484770715 0.4329086232188875 0.5371782432568004 0.42689055230076456 0.54040532476362 0.42492813787094197 0.5450279009760912 0.4256476898285435 0.5479061088064978 0.423554447770066 0.5529647771144852 0.42244241292649987 0.5588084111944017 0.41989127416773037 0.5643903900170086 0.41923713602445617 0.5584595375179888 0.4175363768519431 0.5513948455706271 0.4176672044805979 0.5479061088064978 0.41642434200837686 0.5425857852412008 0.41315365129200576 0.5416263826310652 0.41210703026276696 0.5433707510131299 0.41066792634756366 0.5547963639156531 0.411191236862183 0.5622099295394277 0.41249951314873146 0.5648264821125247 0.4129574098490235 0.5662219768181763 0.41138747830516537 0.573984416118364 0.40844385666043126 0.5799152686173836 0.4111258230478556 0.5820957290949644 0.41472358283586386 0.5801769238746933 0.41635892819404946 0.5827934764477903 0.41891006695281896 0.5875032710793647 0.4165551696370317 0.5899453868142552 0.41694765252299626 0.5954401472177587 0.4153123071648107 0.5981439182099589 0.41413485850691706 0.5998882865920235 0.4119762026341121 0.6031153680988431 0.411191236862183 0.6069529785393852 0.4115183059338201 0.607650725892211 0.4100792020186168 0.6153259467732954 0.41106040923352816 0.6172447519935665 0.4132190651063332 0.623786133426309 0.41204161644843956 0.6291064569916061 0.41040627109025396 0.6287575833151932 0.4085746842890861 0.6305891701163611 0.40687392511657317 0.6352989647479355 0.40438820017213106 0.6392237936075807 0.4020333028563438 0.6432358408863295 0.4015099923417244 0.645329082944807 0.4013137508987421 0.6489050381280395 0.40360323440020196 0.6519576827966524 0.4052385797583875 0.6538764880169236 0.40700475274522796 0.655533637979885 0.40811678758879416 0.6607667431260787 0.4073972356311925 0.656667477428227 0.40458444161511325 0.6550103274652657 0.4015099923417244 0.6576268800383626 0.3979776463680435 0.6622494562508338 0.3973235082247693 0.6673081245588212 0.39634230100985796 0.6742855980870798 0.3956881628665837 0.6783848637849315 0.3962768871955305 0.6807397611007187 0.3979122325537161 0.6800420137478929 0.3995475779119017 0.6765532769837637 0.40098668182710495 0.6764660585646604 0.4015099923417244 0.6805653242625123 0.4015754061560518 0.6843157162839514 0.40582730408733425 0.6858856478278095 0.40883633954639576 0.6906919511311784 0.41224755936364976 0.6928328018127163 0.40863487383855457 0.6996567633601185 0.41034086422540517 0.7063469217399246 0.41234791173934693 0.7084877724214625 0.4158602448887451 0.7127694737845386 0.4165627115186248 0.722135695516267 0.41244826411504404 0.7202624511699213 0.4094376928441313 0.7224033018514592 0.4068285310760069 0.704473677393579 0.3983989315174513 0.6984525348517535 0.40181091229115234 0.692297589142332 0.40201161704254657 0.6921637859747358 0.3984992838931483 0.6999243696953108 0.3912739128429578 0.7064807249075209 0.38736017019077124 0.7138398991253073 0.3878619320692567 0.7139737022929036 0.3897686272075014 0.7090229850918471 0.3934816651082938 0.70995960726502 0.3954887126222356 0.7161145529744415 0.3970943506333891 0.7228047113542475 0.39970351240151347 0.7257483810413622 0.40241302654533484 0.7281568380580924 0.4009077409098785 0.7246779557005932 0.39940245527442214 0.7232061208570358 0.3965925887549036 0.7258821842089582 0.39589012212502395 0.7282906412256885 0.3952880078708414 0.7296286729016497 0.3940837793624763 0.7249455620357854 0.39157496997004904 0.7253469715385737 0.38846404632343917 0.729896279236842 0.38756087494216535 0.7288258538960731 0.3835467799142818 0.7351146027730908 0.38244290378161383 0.7416709579853008 0.37973338963779235 0.7530442272309711 0.380435856267672 0.7545160620745284 0.3829446656600993 0.7602695982811616 0.3835467799142818 0.7613400236219305 0.38796228444495384 0.7546498652421245 0.3896682748318044 0.7543822589069323 0.3912739128429578 0.7575935349292391 0.3909728557158666 0.7591991729403926 0.3972950553847834 0.7571921254264509 0.39980386477721064 0.7561217000856818 0.410140159474011 0.7682977883369289 0.40231267416963784 0.7673611661637562 0.3954887126222356 0.7723118833648127 0.394786245992356 0.7759245688899078 0.39619117925211533 0.781678105096541 0.3931806079812026 0.7863612159624053 0.39348166510829397 0.7930513743422115 0.3994024552744222 0.79586124086173 0.4031154931752146 0.7958612408617298 0.4065274739489157 0.7946570123533648 0.4068285310760069 0.7945232091857687 0.4095380452198284 0.7925161616718269 0.4122475593636499 0.7883682634763471 0.41425460687759164 0.7835513494428867 0.41274932124213526 0.7772104161497612 0.41228744099725895 0.7733698782478311 0.41081858687728273 0.7652805367175268 0.41088245009989033 0.7642587251558041 0.4133731157815893 0.7645611932041132 0.41378140924069984 0.7712510820799225 0.41388668536813455 0.7720660102930507 0.41837682519330166 0.7745393612378041 0.42108799834428146 0.7822130910920393 0.4226814071259976 0.7847231412742182 0.4255545566307173 0.7905839832442862 0.4277646030771431 0.793619957025297 0.424687602623416 0.798625211096693 0.42474914263249053 0.8017432382231365 0.4270876629773231 0.8023996649865982 0.42936464331308116 0.7993636912055877 0.43065698350364656 0.798953424478424 0.43391860398459736 0.7964097707700095 0.43767254453814447 0.7946045971704898 0.441241865064468 0.7905839832442862 0.4426572852731823 0.7767188507582277 0.444974174515642 0.7702884434764008 0.4426416897719059 0.7675081763854492 0.4385871335976016 0.7545335966276754 0.4449585790143654 0.7474284696174661 0.44739131271894805 0.7515988702538934 0.45329938028722006 0.7514444109710626 0.4559638029160486 0.750054277425587 0.45816484769638527 0.7554603523246594 0.46245109279493557 0.7549969744761676 0.46534720434800997 0.7517533295367241 0.46650564896923974 0.7529890037993691 0.4688225382116994 0.7515988702538934 0.48075451781036627 0.75082657383974 0.4834189404391948 0.7485096845972805 0.48527245183316253 0.7449571210921759 0.48527245183316253 0.7431036096982081 0.48376647382556387 0.7429491504153775 0.4813337401209812 0.7367707791021519 0.47994360657550544 0.7298201113747731 0.47866931749215275 0.7295111928091118 0.4775108728709229 0.732909297031386 0.4725295609996348 0.7378519940819664 0.47380385008298753 0.7437214468295307 0.47438307239360245 0.7443392839608532 0.4694017605223142 0.7330637563142166 0.46360953741616534 0.7312102449202489 0.4651155154237641 0.7321370006172327 0.46754824912834664 0.7322914599000634 0.46951760498443723 0.7293567335262812 0.471139427454159 0.7253407921726845 0.47137111637840495 0.7254952514555153 0.4729929388481267 0.7231783622130555 0.47496229470421736 0.7174633687483218 0.4750781391663403 0.7043343297077175 0.48075451781036627 0.6990827140914757 0.4806386733482434 0.6912052906671131 0.4821446513558421 0.6913597499499438 0.48480907398467066 0.6876929611932152 0.4882281419929147 0.6838663413028965 0.4874977657216713 0.6797042465353297 0.4826233979600713 0.6822277241668337 0.47321285349766073 0.6764065809403174 0.4677521597885871 0.6703833821259613 0.4708907191904262 0.6652868415789157 0.46887608781246004 0.6583969861073002 0.4774672053917406 0.6623465730184117 0.4821912081035527 0.6575931056501534 0.48624235455914994 0.6482091538032982 0.4887888860056259 0.6537682474260759 0.49159429763976237 0.6594150694404903 0.4938832681333363 0.6611828280382044 0.4910487503112275 0.6670582732853505 0.490760957884471 0.6718706545558074 0.4933062205388339 0.6718955395070665 0.49556426337305726 0.6687587046613461 0.4982279228042502
