14 0.7519160253899215 0.5962135423505937 0.7131574673801319 0.5974163941508975 0.7054057557781739 0.5910011845492771 0.6901696329743255 0.5733593581448211 0.6629049921674389 0.5545146799400613 0.6570243833659536 0.5521089763394535 0.6588954861664262 0.5503046986389979 0.6786757157714224 0.5464956679380357 0.6904369333743933 0.5450923408376813 0.6891004313740555 0.5308585945340861 0.689902332574258 0.5246438602325164 0.688298530173853 0.521035304831605 0.6808141189719624 0.49938397242613614 0.6837544233727051 0.4949735158250222 0.7027327517774986 0.4817421460216801 0.7278589893838453 0.48033881892132557 0.76180614019242 0.47512646112000917 0.8032377022028847 0.46570412201762923 0.8246217342082861 0.4600908136162114 0.8297004418095688 0.46490222081742666 0.833977248210649 0.4767302635204142 0.836650252211324 0.4995844477261867 0.8390559558119317 0.5238419590323138 0.8369175526113917 0.5394790324362635 0.8313042442099738 0.5410828348366685 0.8254236354084885 0.551307075139251 0.833442647410514 0.5599275130414285 0.8374521534115267 0.5655408214428463 0.8387886554118643 0.5789726665462389 0.8385213550117967 0.5960130670505431 0.8307696434098388 0.5964140176506444 0.790941883799779 0.5956121164504419
16 0.7305495994488683 0.5972335420225651 0.7119480805295848 0.5978454340922783 0.7125191797946505 0.6080028424495186 0.7146404056363233 0.6105115999353431 0.7200250558498 0.6149172228372787 0.7279388599514252 0.6179766831858451 0.7438159999434572 0.6175826659616086 0.7633149605649873 0.6173379091337232 0.7914619957717978 0.6166648278570387 0.8120215693141638 0.6161141249942966 0.824096239489839 0.6151962868897268 0.8297256465312012 0.6111577992296192 0.8339680982145465 0.6069969331555689 0.834376026261022 0.6007556340444935 0.8346207830889072 0.5967783355913573 0.8307862594520377 0.5965947679704433 0.8116136412676883 0.5962276327286153 0.7986414836798891 0.5960401252995572 0.7914835247816595 0.5958533959369946 0.7669597351651154 0.596320219343401 0.751710170555843 0.5965536310466041
20 0.6650352018319752 0.4128342275405853 0.6568107833555696 0.4090383420899365 0.6422598891280827 0.41876529855722405 0.6365660609521095 0.41449492742524413 0.6362497371645555 0.38222990109472965 0.6351781654085601 0.3461373045310342 0.6348618416210059 0.3231247489864761 0.6424536125223035 0.31244882115652645 0.6468821455480603 0.3069922358212189 0.6437189076725197 0.30058667912324905 0.6329638988956816 0.2960790651506036 0.6342291940458977 0.2929949082219515 0.6405556697969792 0.29465560810661034 0.6566881829622363 0.2982142507165936 0.6940143898936157 0.29845149355725914 0.7180549977477247 0.2998749506012524 0.7389323677262929 0.2991632220792558 0.7863809358594025 0.3010611648045801 0.8268703806663226 0.30058667912324905 0.8347784753551742 0.29655355083193474 0.8597680545719455 0.29750252219459694 0.858186435634175 0.30248462184857344 0.8518599598830937 0.3209895634204862 0.8455334841320125 0.34732351873436196 0.8575537880590669 0.3461373045310342 0.8676761492607968 0.34329039044304754 0.8676761492607968 0.347798004415693 0.8676761492607968 0.36179533201496034 0.8657782065354724 0.3931113869828126 0.8626149686599318 0.4260881418353238 0.8493293695826611 0.4260881418353238 0.827503028241431 0.4258508989946583 0.8246561141534443 0.42205501354400954 0.818962285977471 0.4177846424120297 0.7851156407091863 0.4189708566153574 0.7417792818142795 0.42063155650001627 0.7079326365459947 0.42039431365935065 0.7063510176082244 0.4213432850220128 0.6943307136811699 0.42110604218134723 0.6892695330803049 0.42205501354400954 0.6718717247648314 0.41944534229668856
19 0.25770431152179013 0.6727754821592158 0.2234009089897715 0.6730970765579535 0.20367645253386077 0.6698811325705766 0.18137924088804863 0.6615196782033972 0.1612259919004877 0.6492990910513654 0.14707583835603 0.6351489375069078 0.1406439503812765 0.6213203783611878 0.13849998772302533 0.6049190640255665 0.1457894607610793 0.58369383370888 0.16165478443213793 0.5679357081707338 0.1946718093692059 0.5537855546262761 0.21686527376733153 0.5481935991916841 0.24668482819244106 0.547229604975355 0.2814863111680596 0.5562246628218164 0.31053467022010595 0.5635510188659165 0.3519221552411632 0.5747333517753327 0.3750580164330584 0.5787821274839143 0.39279551001351154 0.5916996499827225 0.4002503986197889 0.602496385205607 0.39973626837108006 0.61657070076401 0.3974226822518905 0.627753033673426 0.38945366339690435 0.6391281654261078 0.39279551001351154 0.6478041133730685 0.39485203100834665 0.6508888948653212 0.3804563840445006 0.6582152509094215 0.3575775879769597 0.6674695953861796 0.32133140544299044 0.6676623942294452
26 0.6180497158456436 0.7309681912263535 0.61364763661784 0.746127593017829 0.5860729222491603 0.7458266891740968 0.5294214545058583 0.7420330641020008 0.5297586656233779 0.7524023059657301 0.5319505378872557 0.7696000729592326 0.5339738045923736 0.785786206600176 0.5353226490624522 0.7985580776762328 0.5376831268850899 0.8045014236225166 0.542404082530365 0.8075363236801933 0.5466192214993607 0.8095595903853117 0.5530262327322342 0.8110770404141499 0.5643228051691426 0.8101918612306609 0.5720786608720947 0.8138590321336872 0.5818577832801646 0.817779111374853 0.5850612888966014 0.8190436530655518 0.5963578613335098 0.8153764821625257 0.5990555502736671 0.8090537737090321 0.6228289340588028 0.8088008653708925 0.6649803237487596 0.8075363236801937 0.6804920351546638 0.8070305070039141 0.6884164964163756 0.8037426986080974 0.69381187429669 0.7970406276473944 0.6922944242678516 0.782624852373429 0.6921258187090917 0.7776931397797041 0.6965095632368474 0.7754169647364465 0.6965095632368474 0.7704852521427215 0.6924630298266115 0.7692207104520228 0.6911141853565329 0.7556901143615466 0.6899339464452141 0.7430446974545597 0.6884164964163757 0.7384923473680445 0.6828525129773013 0.7333077264361798 0.6745908405980697 0.7296405555331533 0.6535151457530914 0.7300199180403629 0.6272126785865583 0.7312844597310615
33 0.35984108439732687 0.5077264380623042 0.36716461536542966 0.5107224280038007 0.37548680964736464 0.5086002684619073 0.3738223707909776 0.49898813406627246
33 0.399132437761601 0.44153401762805955 0.4084532953573681 0.4390373593434791 0.40762107592917457 0.44552867088338827 0.40645596872970363 0.4472763316825947 0.39996465718979446 0.4459031696260754
33 0.47058979903564047 0.30895448091205696 0.4782550702777106 0.31106634135630085 0.48279165938016017 0.32092169009610516 0.4715284036775267 0.32045238777516205 0.45979584565395015 0.3178712250099752 0.46026514797489326 0.3145861087633738 0.46761755100300123 0.3095411088132359
33 0.5524769361668251 0.4546424787206165 0.55844505121801 0.459331711975119 0.567047092131397 0.4659440153512169 0.5527385012191852 0.4649684296072024 0.5384299103069734 0.4725563187273148 0.5323595990108835 0.46345085178318 0.5387189727496444 0.4594401103911207
23 0.6270339896795631 0.2582576515629984 0.6293299216359318 0.2638208713034299 0.6310960231408306 0.28262985233060284 0.643105513374143 0.27984824246038714 0.6575875457143137 0.2728279889784141 0.6670565384003025 0.2658424290249021 0.6741209444198979 0.2557756504469786 0.6765934865267567 0.24504658380471794 0.6748273850218577 0.23299294103378318 0.6672331485507925 0.2210717558757158 0.6550470481669903 0.21087251968492482 0.6402117955258396 0.20385226620295183 0.6216677297244017 0.19749430078531593 0.603830104524923 0.19775921601105076 0.5849328184225052 0.20067328349413388 0.5704507860823345 0.20650141846030012 0.5580880755480423 0.2140515023937428 0.5512002796789368 0.22358845052019669 0.5455487548632604 0.2320657377437113 0.5443124838098312 0.24252988916023704 0.5466084157661997 0.25127209160948644 0.5563219740431435 0.2508747187708842 0.5697443454803749 0.25193437967382354 0.5891714620342624 0.25286158296389544 0.5985318000102264 0.25127209160948644 0.6057728161803118 0.2515370068352213 0.6094816293405995 0.2548484471569067 0.616369425209705 0.25815988747859203 0.6248467124332195 0.25842480270432683
