30 0.42172476965970646 0.5230505204066304 0.4073852667948359 0.5356593936153958 0.38068412352921505 0.5464140207640487 0.3535429154614624 0.5521944767015217 0.3218971160355412 0.5507110798534316 0.2516829985592788 0.5414398495528688 0.2180593366692376 0.5306852224042159 0.18493014039522648 0.5102885157429777 0.16416258452196575 0.4850707693254469 0.16020685959372563 0.45874047527184847 0.16712937821814586 0.42610574461386735 0.19185265901964668 0.402742244256449 0.2353656332302882 0.3778953470509407 0.26206677649590915 0.3712200612345354 0.28679005729741003 0.3712200612345354 0.3223915816515712 0.37270345808262545 0.3428540455369632 0.37486192355443565 0.3554655364742423 0.36083366556939156 0.37027088117685936 0.351859192924312 0.38284528352702735 0.350338095865824 0.3946084341126684 0.35231552204185845 0.4125215222619623 0.3606521125675194 0.414346838732148 0.3655196231546812 0.414346838732148 0.376623631681644 0.41089901873290835 0.39229093138407106 0.403394939911034 0.40750190196895164 0.4094793281449862 0.4201270075544026 0.4177946587313876 0.4388365013738057 0.4247010586044358 0.4557720344725127 0.43726470108003473 0.4770160375418561 0.4347744834780933 0.49396667219258056 0.4305838860469791 0.5083718508620355
23 0.28218123647592014 0.3008514174237882 0.2824244961625374 0.31635922244563297 0.2807216783562172 0.33971215236088154 0.2773160427435768 0.343543492425102 0.26661261653242124 0.3464626086645081 0.2376647138249776 0.3459152743696194 0.20214879957887041 0.34482060577984214 0.18025542778332493 0.3398945971258444 0.16493006752644304 0.33040746934777465 0.15519968006175613 0.31891344915511327 0.15033448632941268 0.3097912109069693 0.15130752507588138 0.2939185163551988 0.16201095128703696 0.2780458218034283 0.1778228309171532 0.2687411387903214 0.1975268655331442 0.26107845866188045 0.22355565200118163 0.25925401101225165 0.24617880285657867 0.2645449091961752 0.2588283065606717 0.27038314167498734 0.2700182521450616 0.27731604274357674 0.27853234117666265 0.28735050481653507
26 0.3421670405902255 0.374088000952354 0.32313546808235505 0.37219455368754034 0.2913966790618336 0.37060588963987107 0.26450001791550637 0.37016894027106795 0.26081022324561315 0.37060588963987107 0.26158702212348545 0.36011910478859555 0.263334819598698 0.34715627351410205 0.26683041454912315 0.34708344861930157 0.27722009954066473 0.3440248030376795 0.28129829364949416 0.3399466089288501 0.28324029084417485 0.3183176151730943 0.28324029084417485 0.3105981763242386 0.29032858060475925 0.310379701639837 0.3060587578816726 0.3109623007982412 0.31793746189572364 0.3115469701092176 0.3247643132703412 0.3116287427504055 0.32258154784269616 0.3158383617894353 0.3202428705987907 0.3200479808284652 0.331468521369537 0.3281164173199392 0.34939838023947895 0.33524938291385076 0.35594667652241435 0.32589467393822885 0.35859717739884056 0.320398782415051 0.35859717739884056 0.3129150152345534 0.37543565355496 0.31326581682113935 0.3846344507143216 0.31326581682113924 0.3883763343045704 0.3147859570296778 0.3908709233647362 0.31735850199797383 0.39024727609969473 0.3247253353162761 0.3875967752232685 0.34998304955045534 0.37917753714520885 0.349398380239479 0.37184968178097166 0.34998304955045534 0.36109176645900637 0.3553620072114379 0.3526725283809467 0.36109176645900637 0.34487693756792853 0.36997873998584724
20 0.4526351122092605 0.31382942133015423 0.43130446661548555 0.3134009038963507 0.39671191760565305 0.30967526549533925 0.37081041938464054 0.30638996516951233 0.3601450965877531 0.30367602142209005 0.3584310268525391 0.3123892092427615 0.3577431292926363 0.31570816943837277 0.35781551823160973 0.3203389260228329 0.34904398057178 0.334563041146881 0.3317379738375215 0.3278065864629582 0.3210698874944854 0.32004259029108195 0.3253371220316999 0.31150812121665306 0.3171187444044721 0.3107376483141005 0.310875938322251 0.3065889480695864 0.3116661669402537 0.296394998897352 0.3155070990217551 0.2752194866679166 0.31675375236191194 0.25020610510976976 0.3171904214093575 0.23159081626302847 0.3187538364452241 0.20381586086962994 0.3073898132268864 0.19476673126984254 0.3065480337292318 0.189505609409501 0.30135706016036146 0.1814034817445751 0.3111778209663323 0.1788781432516112 0.3275925211705978 0.17908858812602485 0.340078917052475 0.1795094778748522 0.34793552569725167 0.17772069644233604 0.3616845908256108 0.17708936181909504 0.3755739525369124 0.17971992274926585 0.39381250831942954 0.17971992274926585 0.4293075438038669 0.1817191490561956 0.4492296585816934 0.18340270805150485 0.46438168953947695 0.18708549335374391 0.47223829818425356 0.1838235978003322 0.49005596421794345 0.17435357845171748 0.4960887172844684 0.17845725350278388 0.507733333668691 0.18687504847933029 0.5123631209057915 0.18961083184670785 0.5139063833181583 0.19297794983732644 0.5036647327633601 0.19792340438604744 0.49089774371559813 0.20423675061845725 0.47658749225546937 0.20602553205097332 0.4695726631083473 0.21254932315779684 0.47504422984310246 0.22149323032037738 0.4786919409996059 0.23012147017133747 0.4813575760755122 0.245273501129121 0.4823396521561093 0.25895241796600893 0.4843038043173034 0.2700007738727261 0.48809181205674934 0.2887303676955418 0.4803754999949152 0.29420193443029696 0.47756956833606634 0.2993578338534317 0.47251889135013847 0.30367195377891165 0.4652234690371315 0.30514506789980733 0.45708626722647006 0.30777562882997805
16 0.5613638310573584 0.2731502004429364 0.5426182290661765 0.2712672716715008 0.5302327420362885 0.27164385742578784 0.5205251981479977 0.2742799577057978 0.5146671975257533 0.26988645723911453 0.5091439397962086 0.25695701300858953 0.49742793855172 0.2293407243608662 0.49156993792947573 0.21465387994366783 0.49156993792947573 0.2095072079684103 0.49742793855172 0.20348183589981614 0.5052943965301625 0.1998415069417071 0.5322411993924864 0.19544800647502383 0.5945033774346264 0.18553124827879594 0.635174638897637 0.18088669064258794 0.6417021253052808 0.18201644790544935 0.649735954730073 0.1854057196940336 0.6534181265497694 0.18841840572833068 0.6565981840304164 0.19356507770358822 0.6614519559745617 0.20687110768840036 0.6699878997384036 0.2274577955894305 0.6763480146996974 0.24490626887140116 0.6800301865193938 0.2530656268809558 0.6751764145752486 0.25620384150001524 0.6428737254297298 0.26097392772098565 0.5976834349152733 0.2682545856372036
14 0.7361449497905116 0.38553661463026223 0.7237613791371575 0.3859081217498629 0.7163312367451451 0.33891247112038414 0.7299531644638345 0.32460944701576017 0.7643139807250148 0.32265393337314097 0.8046844210549492 0.32395420829174315 0.8059227781202845 0.32674051168874774 0.8079041494248212 0.34048627511397084 0.8111238777946933 0.3638912236488101 0.8140959347514982 0.38450986878664467 0.7742208372476981 0.3852528830258459
11 0.68002547676388 0.31275062533838216 0.6892378919577505 0.319012188790466 0.6962911473405577 0.32559762621420935 0.6935562115798775 0.3290522819119108 0.691397051768814 0.3319671476568465 0.6902454998695802 0.3388764590522493 0.6858930999811392 0.34211887206299524 0.6830142202330546 0.3460053597229093 0.6830142202330546 0.34978388939227023 0.683302108207863 0.3514032592505678 0.6799913964975659 0.35593749485380094 0.6766806847872685 0.35960806653260874 0.6749533569384178 0.3637104701736291 0.6771125167494813 0.3674889998429901 0.68013534048497 0.37051182357847884 0.6815747803590123 0.37515401717226515 0.6818626683338206 0.382063328567668 0.6785519566235236 0.3857339002464758 0.6517783749663374 0.38519411029371 0.6319141047045542 0.3841145303881783 0.6214236755198758 0.37804543967025384 0.600388110932116 0.37991372994614037 0.587379274937054 0.37555438596907176 0.5776918438769014 0.3794985543292767 0.562424568977998 0.38237674313144887 0.5397283019227835 0.3782249869628121 0.5294873033734793 0.3782249869628121 0.5117731437206291 0.3800932772386987 0.4959964702798093 0.3838298577904718 0.496273254024385 0.3898499042349951 0.497657172747264 0.39877617999756426 0.4885233091762629 0.39815341657226866 0.4730234194800189 0.3879816139591085 0.4503271524248045 0.3697138868171066 0.4400861538755003 0.3526916865256957 0.43978618874101016 0.3319237931370165 0.44546474667255614 0.3221373422337137 0.4546470956682477 0.3139819664809615 0.45887580902152647 0.30818258816789323 0.4655209300052505 0.3063702824450594 0.4726493325150636 0.30428613086380046 0.4797777350248767 0.29966475127057424 0.4811067592216215 0.29477152581892285 0.4899266470727462 0.2893346086504214 0.5040626317108501 0.2791856966025519 0.5235147131359332 0.27447370172318397 0.5360800328142478 0.27248016542806675 0.5539614492795415 0.273295703003342 0.5708763026926574 0.2747455475816091 0.6021687815069217 0.2793669271748353 0.6228290667472272 0.285347536060187 0.643006070461444 0.29304983538223073 0.6669285060028504 0.30501105315293403
15 0.6512433546712948 0.5771097874282454 0.641586986437862 0.5771097874282454 0.6444633514435654 0.5841979726208716 0.6430251689407137 0.597603888093882 0.6397378946484813 0.6071575290056825 0.6362451657129843 0.6103934396370989 0.6323415274909583 0.608082074900373 0.6235548423078431 0.6074266528115777 0.6134875647878812 0.6086593806711649 0.603625741911184 0.610662563442994 0.5880111890230798 0.6117412003201327 0.5767111836435308 0.6020334684258838 0.5781493661463825 0.5989516487769159 0.5773275475733244 0.5914011906369444 0.5830802775847311 0.5722939088133433 0.5865730065202281 0.568287543269685 0.6145148380042039 0.5633566318313363 0.6116384729985006 0.557038901550952 0.6173912030099074 0.5388561656220413 0.647182126283264 0.5309975255171732 0.6814930517084402 0.5450198049199771 0.6806712331353821 0.5627402679015427 0.6679330452529814 0.5692120891643755
15 0.6519275565929016 0.4541850869075793 0.6536869170096031 0.45880340800142067 0.6466494753427974 0.46331176906921817 0.637559446523173 0.4706790908141556 0.632427978641127 0.4755173319600846 0.6262702171826718 0.4785962126893122 0.6277363508632564 0.48013565305392597 0.5936375272686881 0.4766767129000547 0.589385739594993 0.4679898708425912 0.590412033171402 0.4646910700612759 0.5868933123379991 0.4520456670662342 0.5965697946298572 0.4409397044358062 0.630290869283302 0.43797078373262244 0.6426063922002124 0.4441285451910776 0.647004793241966 0.4458879056077791 0.6556549819574148 0.4307134220137288 0.6651848508812147 0.42268634011252837 0.6942142977567888 0.41883773920099393 0.7024246463680623 0.42444570052922986 0.7156198494933235 0.4331325425866933 0.7232437446323631 0.4381907037847101 0.7337999071325718 0.42686482110219437 0.7425967092160793 0.4202672195395639 0.7489010840425929 0.4221365399823091 0.7600437000150354 0.42653494102406275 0.7552054588691065 0.4406098243576746 0.7546190053968727 0.44291898490459525 0.7660548481054321 0.44082974440976225 0.7835018389043884 0.43687118347218395 0.7978699489741171 0.44478830534734065 0.8082794981062675 0.45259546719645344 0.8075464312659753 0.46051258907160997 0.8053472307450984 0.4677699507905036 0.7953775217171234 0.47150859167599424 0.7824755453279792 0.45721378829029485 0.7845204361568509 0.4546182504927967 0.7890551688605255 0.4537679881108577 0.7921578807104084 0.4502326866280587 0.7866684674375388 0.4478609020889655 0.7799857034531761 0.4430278317074175 0.7767636565321439 0.4412825562918584 0.7727659316486413 0.4428488291006934 0.7747349603226052 0.45059069184150663 0.7801050385243253 0.45099344770663563 0.7823724048761628 0.4532309802906857 0.7841624309434028 0.45452874918943464 0.7820143996627148 0.4568557830768467 0.7752719681427773 0.4569900350318898 0.7753199572572338 0.4609764629659899 0.771859240193903 0.4620057279546529 0.772575250620799 0.46724155420133007 0.7768116456466003 0.47037409981900014 0.7881484774057873 0.4744016584702903 0.7809883731368271 0.47892147429007126 0.7722591885752224 0.48196070017907466 0.7749059461523663 0.48316760429125627 0.7817190639197773 0.4867132063947049 0.8045040694334655 0.49711427138644965 0.8046431126532085 0.5054568645710344 0.7917120932171022 0.5047268876673833 0.7865674940866082 0.504309758008154 0.7747488204084463 0.507333948037566 0.7641815357079723 0.5139037401704266 0.7622349306315691 0.5168236477850313 0.7601492823354229 0.5181793191775264 0.7550046832049289 0.5212035092069385 0.7525019052495534 0.5237062871623139 0.7491648679757195 0.5229763102586628 0.7447154849439408 0.5199521202292507 0.7390147129344746 0.5063954063043004 0.7351215027816681 0.4984699427789447 0.7474963493388025 0.4914830209868548 0.7661281407843752 0.48074193226170187 0.7573684179405611 0.47615350601018025 0.7445764417241978 0.4705222556105854 0.7461059171413718 0.458946907566974 0.7408222747911346 0.45915547239658866 0.7383194968357591 0.46009401412985435 0.7362338485396129 0.4615539679371567 0.7352605460014116 0.46593382935906374 0.7290036011129728 0.46718521833675153 0.7213562240271032 0.4657252645294492 0.7112060689858584 0.46040686137427644 0.7096765935686845 0.4635353338184957 0.6889591538269655 0.4642653107221469 0.6657389361298711 0.4631182041592664 0.6625409420757802 0.45925975481139586 0.6576744293847725 0.4551927406339108
27 0.5766463913647112 0.439117815848273 0.5772908220128611 0.44262190749758756 0.5813185135637974 0.44443436869550895 0.58558786660779 0.4428635689906437 0.5861517434249212 0.43923864659480105 0.5823657133670409 0.4368824470375031 0.5783380218161045 0.4368824470375031
27 0.6052814862747206 0.43529276436745024 0.6152701613210428 0.4385551945237086 0.5965011186936793 0.44006557885530984 0.590942904353387 0.44411340886400086 0.5904595813672746 0.44115305557406276 0.5947289344112672 0.436380241086203
27 0.5860605342154187 0.4516654557106069 0.5818486001912833 0.44850650519250534 0.5698145029794677 0.44863544194834615 0.5662902316531503 0.4488288470821075 0.5639693700480144 0.4517299240885273 0.5612187192567423 0.4514720505768456 0.5625080868151511 0.45437312758326537 0.5652587376064232 0.45920825592729847 0.5679234305604681 0.4626895483350022 0.5697285451422405 0.46443019453885415 0.570588123514513 0.4662353091206264 0.566548105164832 0.46707339803359216 0.5674936413743318 0.4693297912608076 0.5722213224218308 0.4706191588192164 0.5788400758883294 0.4708125639529777 0.5869201125876913 0.46887851261536456 0.5901005525650997 0.4648170048063768
27 0.514977585561305 0.4237698900427535 0.5156270140765061 0.42591300414291733 0.5182896709888309 0.4292250895704433 0.5094574431820951 0.4288841395999626 0.5072493862304112 0.4262539541133979 0.5076390433395319 0.4233315257949927
27 0.6911821242412275 0.3987258669472808 0.6957651801831503 0.40162608203552885 0.6947626366958546 0.40398922025558276 0.6908956832448573 0.4051707893656097 0.6855965248120092 0.40484854324469327 0.6840210993319732 0.40119642054097354
27 0.7362731500934759 0.4659471247778589 0.737871884470224 0.4670058710300233 0.7421320143558185 0.467527519587443 0.7421320143558185 0.46987493809583186 0.7449141399953905 0.4733308597887376 0.749174269880985 0.4750914236700293 0.753782165471526 0.47470018725196444 0.743870842880551 0.47046179272292904 0.7458004789396055 0.4592007508598034 0.7409721152402402 0.4593565045275247 0.7385838923351777 0.46029102653385345 0.7367667662117605 0.46184856321106804
27 0.7802834425312487 0.45071199986834776 0.7752794648299729 0.4502813296563527 0.7731466218753309 0.4432060333164342 0.7765099511499588 0.4416679254164519 0.7800373452672515 0.4435751792124299 0.7860257120245159 0.4479434056483796 0.791521884253786 0.45034285397235196 0.7887327819284848 0.4534805940883158 0.7843850635978682 0.454157361564308
27 0.7819030146498112 0.45701136328426245 0.7756274952357843 0.4571448849739227 0.7756274952357843 0.46108377481889684 0.7720669168448471 0.4621853287585931 0.7726900180632612 0.46709225085360345 0.777096233822046 0.4702633909830319 0.7882675485236114 0.47400199829351586 0.7950771546962788 0.47219945548310394 0.7917836196846619 0.46849422859503487 0.7863537376384826 0.4620184266465179
27 0.7927066462986952 0.4409193666613555 0.7898363778263865 0.43838225435101125 0.7955769147710039 0.43369244068643537 0.7969095394188614 0.42854133387452414 0.8053153256591944 0.42808004072718875 0.8097232379559542 0.4312322105673136 0.8095182187793607 0.4344612625986609 0.8037776818347432 0.4345381447898834 0.7989597311847964 0.4396123694105721 0.7974220873603453 0.44138065980869085 0.8020350188336987 0.4423032461033615 0.8071604982485358 0.44637800223815705 0.8115684105452955 0.44791564606260814 0.8136186023112305 0.4489919967397239 0.8137211118995272 0.45291298849207423 0.815771303665462 0.4549119254638606 0.816591380371836 0.457449037774205 0.8137211118995272 0.46336896649834175 0.8155662844888684 0.46544478566135067 0.8155662844888684 0.4684431911190304 0.8151562461356815 0.47513194175539275 0.8104408050740315 0.4766695855798438 0.801932509245402 0.4749781773729476 0.8033676434815562 0.4695964239873687 0.8057253640123815 0.46805878016291763 0.8080830845432064 0.4618313226738906 0.8092106900144707 0.4522979309622938 0.7974220873603454 0.4437640077365901
27 0.7359985066152006 0.476696162980501 0.7353333556333989 0.4796061985258837 0.7389916860333084 0.48251623407126637 0.7397676955120772 0.48825316128930646 0.7326727517061918 0.4899160387438108 0.7291252798032493 0.48700600319842813 0.7202566000458925 0.48002191788950976 0.7221411944943309 0.4758647242532488 0.7274624023487448 0.4763635874896002
27 0.6524554566900023 0.4546067547637481 0.6576993226555985 0.4557920121395335 0.66129101167313 0.45907840759057494 0.6652418695924147 0.4632268084058239 0.6651700358120641 0.4641426891052945 0.6627995210604933 0.4641965644405575 0.6594233333840136 0.4660822011747616 0.6606445076499745 0.4692069706200141 0.6572790902082865 0.4722711889152326 0.6485872027858599 0.4774970964357411 0.6427686665774587 0.4821303752683569 0.6376684681725638 0.48175324792151614 0.6348669507388891 0.4802447385341529 0.6284019105073322 0.4802447385341529 0.6271807362413715 0.4787901044820525 0.6326401035480195 0.47577308570732596 0.6383868059760701 0.47033167684576555 0.6477970312020029 0.46327400792631585 0.6544057389942611 0.4586946044289631
27 0.624644315075057 0.4805962405953485 0.6142563239163676 0.4794588693006015 0.6123607050917894 0.48378088022064003 0.6117541070679243 0.4853163314685485 0.6018210644271338 0.48571441142171 0.6044749307815435 0.4901501594712233 0.6100101377493122 0.49106005650702095 0.620625603166951 0.4916856107191318 0.6267674081585849 0.48906965674121367 0.6235069437803101 0.4853732000332859 0.6269948824175342 0.48287098318484245
12 0.8078431530067418 0.5051880340686634 0.8209639294295141 0.5063322878264634 0.8292025564856736 0.5065611385780234 0.8371360492064197 0.5099938998514232 0.8403399597282595 0.5225806911872224 0.8475106166104723 0.5249836240786021 0.8482734524490056 0.5307048928676016 0.8491888554552455 0.5382569676690812 0.8406450940636728 0.5395156468026611 0.8421707657407392 0.5422618558213809 0.8426284672438594 0.5442070872096407 0.8351526760262332 0.5445503633369807 0.8316436311689802 0.5466100201010206 0.8327116013429268 0.5555351994118599 0.8328641685106334 0.5599977890672795 0.8443067060886326 0.5762461924280384 0.8517824973062585 0.5841415433568579 0.8455272434302857 0.5891762598911774 0.8340847058522867 0.5883752822607176 0.8226421682742874 0.5852857971146578 0.8195908249201542 0.5794501029498781 0.8018930334661823 0.5702960728874789 0.7927390034037829 0.5717836027726186 0.7841952420122101 0.5670921623656391 0.7816016001611971 0.568236416123439 0.7693962267446647 0.5644603787226992 0.7518510024583992 0.5555351994118599 0.7437649425699465 0.5492418037439603 0.7402558977126933 0.5430628334518408 0.7407135992158131 0.5388290945479811 0.7428495395637065 0.538371393044861 0.7434598082345332 0.5312770197465017 0.7487996591042662 0.526471153963742 0.7516984352906926 0.5245259225754821 0.7542920771417055 0.5233816688176822 0.7642089430426382 0.5170882731497827 0.7646443176431628 0.5140769321627897 0.7703116297509045 0.5113670043607831 0.7863311823601034 0.5050736086928835 0.8058597798265553 0.5064467132022434
12 0.7624924214254795 0.5705856587939825 0.7747584798322492 0.5762551450924603 0.7729043082126212 0.582352517149314 0.7701943650762417 0.5940124040650515 0.763490821528356 0.6004306904406869 0.7596398497029749 0.6007516047594686 0.7567872779804703 0.6021422334741896 0.7577856780833468 0.6071698911351039 0.7563593922220946 0.6159415491818057 0.7592119639445991 0.6165833778193691 0.7669139075953616 0.6161554920609934 0.7749011084183745 0.6146578919066785 0.781462023380135 0.6184018922924658 0.7854556237916416 0.6212901211615016 0.7945838533036561 0.6234295499533802 0.7972937964400356 0.626317778822416 0.7975790536122861 0.6282432647351066 0.801287396851542 0.6299548077686095 0.8015726540237926 0.6373358371005902 0.800574253920916 0.6397961802112504 0.8011447682654168 0.6454656665097283 0.7927296816840282 0.6511351528082061 0.7904476243060246 0.6537024673584603 0.7774684229686286 0.6570185819858719 0.7570725351527208 0.6520978957645515 0.7545052206024665 0.6474981238620127 0.7500837344325846 0.6384055514965293 0.7430949337124483 0.636159151265057 0.713856073556776 0.627815378976731 0.7085788158701425 0.626531721701604 0.706439387078264 0.6226807498762227 0.700163729288754 0.6234295499533802 0.6820498988508497 0.616797320698557 0.6794825843005955 0.6121975487960183 0.6836188132982273 0.6134812060711453 0.6981669290830007 0.6126254345543939 0.7074377871811406 0.6143369775878967 0.7188480740711591 0.6163694349401813 0.7185628168989084 0.6110208629604851 0.7167086452792806 0.6072768625746979 0.7142839593151517 0.5911241751960156 0.7191333312434095 0.5886638320853553 0.7174217882099068 0.5796782311594658 0.71941858841566 0.5725111447066731 0.7305436181334279 0.5714414303107338 0.7338240756143083 0.5693020015188555 0.7493705915019582 0.5683392585625101 0.7517952774660871 0.5696229158376371
27 0.6083372042585459 0.49258931660717514 0.6113579772361475 0.49232790356103656 0.6136235569693487 0.4933299869045678 0.6148434845179955 0.4960312550480001 0.616179595642704 0.5033072514988579 0.6149596680940571 0.5047450232526202 0.6128102719369175 0.5077512732832142 0.6140301994855644 0.5122824327496166 0.6135654651813179 0.5143737371187254 0.6100799578994699 0.5171621429442038 0.6048516969766977 0.5186434835389893 0.598054957777094 0.5182513639697814 0.595731286255862 0.5179899509236428 0.592826696854322 0.5195148603594513 0.591083943213398 0.5223468350259528 0.5953827355276773 0.5216933024106064 0.6039803201562358 0.5210397697952598 0.6123455376326711 0.5216497335695833 0.610893242931901 0.5241331575079 0.6071753684979299 0.5256144981026855 0.5950922765875232 0.5278365089948636 0.5986939674454329 0.5309734655485269 0.6013080979068188 0.5348946612406058 0.6009595471786341 0.537116672132784 0.5981711413531556 0.5374652228609688 0.5946275422832769 0.534938230081629 0.5936399818867533 0.5351125054457213 0.5932333393705376 0.5409071613017937 0.5920134118218908 0.5462661287476351 0.5914905857296135 0.5468325236809355 0.5856233151385027 0.5477039005013975 0.5857975905025951 0.5517993715575689 0.5833577354053016 0.5555898607265786 0.5810921556721003 0.556635512911133 0.5808597885199771 0.5577683027777337 0.5835320107693939 0.5592060745314958 0.5885279045400427 0.5612102412185586 0.5896897403006587 0.5624737376082285 0.5845776629539484 0.5652621434337068 0.5869594262632111 0.5679198427361161 0.5857975905025951 0.5684426688283932 0.5827187257369626 0.5720588826333106 0.5803369624276998 0.5801191182225843 0.5768514551458518 0.5911856038424517 0.5777809237543446 0.598679444498425 0.5762705372655438 0.6021649517802731 0.5880050784477655 0.6122293540566094 0.6038697838998459 0.6111119440576918 0.6138824348563309 0.6090705297850103 0.6232146143885886 0.6077581920382866 0.6316719020896971 0.6083414532590526 0.636046361245443 0.6106015904895213 0.6381849857215853 0.6106015904895213 0.6404208204011889 0.612570097109607 0.6425594448773312 0.6160696644342036 0.6495585795265245 0.6128617277199901 0.6448212761760967 0.6109382794794221 0.639135430840011 0.6085885168660398 0.6401797697792921 0.6073701214368785 0.6423844853177744 0.6009300313113121 0.6503910838522625 0.5997986641270908 0.6527118370506649 0.6020613984955332 0.6589778706863513 0.604846302333616 0.6648957913422773 0.6006689465764917 0.6753391807350879 0.6063257824975975 0.6824174779902151 0.6095458275603808 0.681257101391014 0.6122437031535235 0.6768476703140495 0.6121566749085835 0.671509937957724 0.6101550252749613 0.671509937957724 0.6140712962972654 0.671509937957724 0.6176394543398089 0.664663716022437 0.6223389795665738 0.6610665485649133 0.6239054879754953 0.660718435585153 0.6271255330382786 0.6585137200466707 0.6306936910808222 0.6546844772693068 0.6323472277346839 0.6534080630101856 0.6359153857772276 0.6427325982975347 0.6387873178602506 0.6348420374229666 0.6356543010424074 0.6275316648479992 0.6312158605504629 0.6264873259087181 0.631389917040343 0.6286920414472004 0.6346099621031263 0.6262552505888779 0.6375689224310893 0.6185967650341501 0.6340877926334857 0.6133750703377447 0.6371337812063889 0.6102420535199016 0.6344359056132461 0.6030477186048543 0.6337396796537254 0.5973618732687684 0.6298234086314214 0.6021194173254933 0.6346099621031263 0.6036279069044549 0.6386132613703703 0.6029316809449341 0.6421814194129137 0.600843003066372 0.6517545263563237 0.6138392209774253 0.6538432042348858 0.6239344973904755 0.6554097126438074 0.627531664847999 0.6550615996640471 0.6302005310261618 0.6563670233381483 0.6310103061094583 0.6612518034674431 0.637118513041789 0.6642173502421177 0.6427986186558318 0.6631523304394846 0.6465853557318602 0.6635073370403624 0.6452656042789785 0.6677855577046692 0.6406696954165926 0.6681685501098681 0.6405675641085397 0.6723814665670552 0.6482274122125162 0.6693175273254647 0.6592575934822422 0.6700069136548223 0.6636492397285221 0.6700069136548223 0.6709005626002864 0.6674025652994705 0.6773348350076267 0.6553766037762274 0.6840755013391261 0.6520828690915175 0.6794795924767402 0.6461081875704159 0.6861181275001865 0.6444230209875411 0.679071067244528 0.6392909227578769 0.6799902490170053 0.6350780063006898 0.6755986027707253 0.6342354230092524 0.6720240069888698 0.6286437338933495 0.6759049966948845 0.626192582500077 0.6744751583821423 0.6225158554101684 0.6817264812539066 0.6181497419909018 0.6834627134908079 0.6176135526236234 0.6907140363625723 0.6209072873083333 0.6857096022679744 0.6251202037655204 0.6893863293578832 0.6263457794621566 0.6977610966182307 0.6233584387016058 0.7002122480115031 0.6238180295878444 0.7062379951866314 0.6231286432584865 0.7080763587315857 0.6271117642725542 0.7214555600865311 0.6305586959193437 0.7397370642280218 0.6364567789594056 0.7375923067589083 0.6382951425043598 0.7387157511474917 0.6413590817459505 0.7423924782374003 0.6412058847838709 0.7449457609387258 0.6379887485802008 0.7495416698011116 0.6386015364285189 0.7539333160473914 0.6476401571912112 0.7503587202655357 0.6481763465584894 0.75658873005677 0.6540744295985514 0.7625123459238451 0.6559127931435057 0.7654741538573827 0.6602789065627723 0.7670061234781781 0.6634960427664425 0.7627166085399513 0.6651046108682777 0.7627166085399513 0.6663301865649137 0.771602032340564 0.6667131789701126 0.7784448299801163 0.6680919516288284 0.7832450014586082 0.6700069136548223 0.7838577893069263 0.6731474513774528 0.7735425271935713 0.6749858149224072 0.7655762851654359 0.67406663314993 0.7548524978198686 0.6714622847945779 0.7499501950333237 0.6722282696049757 0.7381029632991735 0.6788923374554352 0.7167575199160923 0.679964716189992 0.7164405845153753 0.6835253547971868 0.7141607417643319 0.6862326680640508 0.7016216066335934 0.6889399813309148 0.7010516459458326 0.6848077663446488 0.7023815542172746 0.6830978842813661 0.6888924846069348 0.6819579629058445 0.6860426811681306 0.6845227860007683 0.6695138212230662 0.6859476877201705 0.6660940570965012 0.6825279235936054 0.6788231791231599 0.680818041530323 0.6852827335844495 0.6785381987792795 0.6820529563538047 0.6744059837930135 0.6746434674129137 0.6716986705261493 0.6767333232680369 0.6778257479195786 0.6706537425985879 0.6791081594670403 0.6624843060740159 0.6792506496389805 0.6505151316310382 0.6798206103267413 0.6482352888799948 0.6825279235936053 0.6246769137858801 0.6786806889512195 0.6026384338591277 0.6739785132771927 0.5747103601588465 0.6734085525894319 0.5648310415709921 0.6808180415303228 0.5541917753994563 0.6796781201548011 0.541082679580957 0.6729810820736111 0.5285435444502186 0.6679939260557037 0.5313933478890228 0.6635767307255575 0.5256937410114144 0.661296887974514 0.5275936099706172 0.6540298892055633 0.5224639637807696 0.6487577528437756 0.5179042782786829 0.6352211865094556 0.5163843831113206 0.6229670317225975 0.528163570658378 0.6228245415506574 0.5397527713095152 0.6176948953608099 0.5443124568116018 0.6155575427817067 0.5496320898973697 0.6102854064199189 0.5555216836708984 0.6097154457321581 0.5528618671280144 0.6072931128091745 0.548492168521848 0.6025909371351476 0.548492168521848 0.6018784862754466 0.5416526402687178 0.5930440956151535 0.5291135051379794 0.5931865857870937 0.5296834658257402 0.5852071361584419 0.5351930858074283 0.5834972540951594 0.5346231251196675 0.5773701767017304 0.5304434134094214 0.5715280796521818 0.5367129809747905 0.5665409236342743 0.533673190640066 0.5646885513990517 0.5283535575542982 0.5537168081596555 0.5334832037441457 0.5490146324856287 0.5369029678707108 0.5411776730289171 0.5465922995626451 0.5344806349477272 0.5562816312545794 0.5222264801608691 0.5612212905485067 0.5216565194731084 0.5619812381321878 0.5192341865501248 0.5612212905485067 0.5094023646862503 0.5642610808832311 0.5049851693561038 0.5726205043037235 0.5051276595280441 0.5768002160139697 0.5102573057178916 0.5847796656426214 0.5095448548581906 0.5851596394344619 0.5056976202158049 0.5923791414794326 0.49957054282237584 0.6016884993795263 0.4977181705871531 0.6047282897142507 0.49814564110297377
27 0.7063969136265523 0.5386192451545939 0.7025322302265973 0.5345865320415975 0.6984995171136008 0.5326961977698804 0.6949708931397288 0.5338303983329107 0.6959790714179781 0.5415177577045602 0.697659368548393 0.5478188719436172 0.7018601113744313 0.5522296519109571 0.707909181043926 0.5594129221434821 0.7065649433395937 0.5616813232695427 0.6959790714179781 0.5631935906869163 0.6941307445745213 0.5652099472434146 0.6954749822788535 0.5750396854563435 0.6842169915050714 0.5707549277737848 0.6791761001138261 0.5712590169129094 0.6895939423224003 0.5639497243956032 0.6892578828963173 0.5621854124086672 0.6813604863833658 0.5624374569782294 0.6635493368009646 0.571889128336815 0.6524593757402242 0.5783162648606532 0.642377592957733 0.5775601311519664 0.6460742466446464 0.5837352231062423 0.6522913460271826 0.587137824795333 0.6534675540184733 0.5896582704909558 0.6660697824965873 0.5973456298626054 0.6712787036008744 0.5968415407234808 0.6729590007312897 0.5944471173126392 0.6697664361835006 0.5918006493322352 0.6761515652790786 0.5918006493322352 0.6858972886354868 0.5935649613191711 0.6946348337136458 0.5938170058887334 0.6973233091223101 0.5901623596300803 0.6906021206006493 0.5856255573779593 0.6827047240876979 0.5890281590670501 0.6785039812616599 0.5829790893975554 0.6887537937571926 0.579954554562808 0.6927865068701891 0.5818448888345251 0.6993396656788085 0.5798285322780269 0.7030363193657219 0.5798285322780269 0.7107656861656317 0.5768039974432795 0.7126140130090886 0.5793244431389023 0.7154705181307943 0.5797025099932458 0.7189991421046663 0.5720151506215961 0.7305931923045312 0.5702508386346602 0.7336177271392785 0.568360504362943 0.7490764607390985 0.567352326084694 0.7522690252868872 0.569242660356411 0.7625188377824201 0.5696207272107544 0.7724325908518699 0.5728973066150641 0.7791537793735308 0.5722671951911584 0.7796578685126554 0.569242660356411 0.7673916994606241 0.56470585810429 0.7596623326607143 0.5601690558521689 0.7510928172955967 0.561933367839105 0.7448757179130604 0.5562623650239535 0.7512608470086383 0.5558842981696102 0.7423552722174375 0.5490790947914286 0.7401708859478978 0.545802515387119 0.7336177271392785 0.5435341142610585 0.7309292517306143 0.5446683148240888 0.7336177271392785 0.5469367159501493 0.7304251625914897 0.5528597633348629 0.7184950529655417 0.5529857856196441 0.7248801820611197 0.5396274234328431 0.7196712609568325 0.5384932228698128 0.7141262804264623 0.5358467548894089
27 0.7505887281564724 0.5234965709808572 0.743363450495687 0.519841924722204 0.7386586185305244 0.5205980584308909 0.7337857568523202 0.5194638578678606 0.7326095488610295 0.5217322589939212 0.7347939351305693 0.5250088383982309 0.7378184699653167 0.5256389498221365 0.7354660539827355 0.5285374623721028 0.7346259054175277 0.5363508440285335 0.7341218162784032 0.5389973120089373 0.7373143808261922 0.5402575348567488 0.7405069453739812 0.5382411783002505 0.7423552722174378 0.5376110668763449 0.7421872425043962 0.5311839303525067
27 0.7738328115403416 0.5848203338773116 0.775018338266223 0.5769365811502001 0.7769151810276334 0.576047436105789 0.7827637795419817 0.5769365811502001 0.7859251841443321 0.5800189506374918 0.7903511505876228 0.5775886208494349 0.7979385216332641 0.5726094086007328 0.8018112422711434 0.5716609872200277 0.8064743140596105 0.5734392773088498 0.8036290499174951 0.5769958574864942 0.8001515048549094 0.5804931613278443 0.8050516819885527 0.5817379643900198 0.8121648423438415 0.5812044773633731 0.8162746683268971 0.582804938443313 0.8222023019563042 0.5911036255244833 0.8214909859207754 0.5924669812592468 0.8226765126466568 0.5949565873835978 0.823229758452068 0.5964384957909495 0.8221232668412455 0.5982760622160658 0.8131922988396052 0.5953715217376564 0.8056839629090227 0.5982167858797717 0.8004676453151444 0.60663402563353 0.7976223811730292 0.6073453416690588 0.7979385216332641 0.6104869874926446 0.8011789613506735 0.6152290943961704 0.8014160666958496 0.6167702791398162 0.8060001033692579 0.6190227799189909 0.80394519037773 0.6225200837603412 0.806237208714434 0.6234685051410463 0.8137455446450166 0.624061268503987 0.8161165980967795 0.6279735066993957 0.8153262469461918 0.6288626517438068 0.8140616851052517 0.6308780471778052 0.8208587050003051 0.6321228502399807 0.8218071263810103 0.6337825876562148 0.8200683538497175 0.6359758120990954 0.8203054591948938 0.6375169968427412 0.8180924759732485 0.640540089993739 0.8169859843624259 0.6443930518528534 0.8127180881492526 0.6454600259061469 0.8096357186619609 0.6469419343134988 0.8060791384843164 0.6472975923312632 0.802285452961496 0.644689433534324 0.8012579964657321 0.6399473266307982 0.802285452961496 0.6375762731790353 0.8018902773862022 0.6299889021333941 0.7984127323236165 0.6279142303631017 0.7977804514031466 0.6254246242387507 0.7946980819158549 0.6226386364329293 0.7860832543744497 0.6205639646626367 0.7754925489565756 0.614162120342877 0.766087370264583 0.6151105417235821 0.7649808786537604 0.6132729752984659 0.7645857030784664 0.6041444195091789 0.7692487748669334 0.6020697477388863 0.7693278099819922 0.5969719828175962 0.7716198283186962 0.5953122454013622 0.7821314986215117 0.5927633629407172 0.7875849215605664 0.5944231003569511 0.788691413171389 0.5955493507465385 0.7951722926062075 0.5960235614368911 0.7945400116857374 0.5883176377186617 0.7951722926062075 0.584405399523253 0.787663956675625 0.5864800712935455 0.782684744426923 0.5902737568163662 0.7724101794692839 0.5912814545333653
