23 0.49959922051883815 0.7914131564653627 0.48440509191506176 0.7888346552057591 0.4643838852532246 0.786005571655717 0.4577101496992789 0.782958866294133 0.45335771346844483 0.7773006991940486 0.4562593376223342 0.7688134485439222 0.46554453491478043 0.7455279147089595 0.4701871335610035 0.7335587150741657 0.48527557916122854 0.7226776244970803 0.5070377603153993 0.7146256174700371 0.5302507535465146 0.7115789121084533 0.5476604984698512 0.7131022647892452 0.5627489440700763 0.7174547010200792 0.5760964151779675 0.7233304899317053 0.5862520997165805 0.7307296315241235 0.5935061601013042 0.740740234855042 0.5966979466705824 0.7531446781129192 0.594086484932082 0.7646786341246297 0.5853816124704138 0.7777359428171322 0.5697128420394109 0.7870936807134256 0.5511424474545186 0.7934047132481351 0.5328622152850152 0.7962337967981772 0.5171934448540122 0.794928065928927
20 0.7636518992056822 0.6430790332049224 0.7692123763530561 0.6483867613910519 0.7699706232367889 0.6569170388330456 0.775025602461674 0.6610873966935759 0.7894322932525969 0.6578648474377118 0.8035862350822753 0.6554005450655802 0.8066192226172064 0.6495241317166511 0.8226978688500677 0.6388229995448682 0.8221923709275791 0.630103160381941 0.820170379237625 0.6136112906607532 0.8181483875476709 0.5986359147070307 0.8158736468964726 0.5868830880091727 0.8120824124778087 0.5724763972182498 0.806521935330435 0.5495394289853333 0.8191593833926479 0.5436630156364042 0.8196648813151364 0.5398717812177403 0.823961613656289 0.5286876396826817 0.8302803376873955 0.5065089183334979 0.8232033667725561 0.5042341776822995 0.7994449644155956 0.5038550542404331 0.7670930973763304 0.5049924245660322 0.7360049751432863 0.5061297948916315 0.7054223508327309 0.5074567269381638 0.6910156600418079 0.5082149738218966 0.6713012410647557 0.5085940972637629 0.666751759762359 0.5063193566125647 0.6576527971575656 0.504802862845099 0.6333888968781167 0.5095419058684288 0.6389493740254905 0.5286876396826816 0.6412241146766888 0.545558632845736 0.6452680980565969 0.5684956010786527 0.649312081436505 0.5842292239161079 0.6523450689714363 0.6081140007536905 0.6533560648164132 0.6395812464286009 0.6513340731264592 0.6524714434520582 0.654114311700146 0.6575896099172545 0.6750924754834196 0.6524714434520582 0.692026655886785 0.6513340731264592 0.7243785229260503 0.6465950301031291 0.752180908662919 0.6439411660100643
32 0.6678418757559758 0.5011223112609812 0.6573497838462093 0.49010561475572645 0.642116024877702 0.4762753971289573 0.6355584674340982 0.4705703221530218 0.6359679586920753 0.4481578328180593 0.6415914202822138 0.42847080336508436 0.6462773521966312 0.41228957676336475 0.6497227915122827 0.38420729062075737 0.654968837467166 0.3525342881681502 0.6612640926130259 0.3334517960072626 0.6756907189889546 0.3129922167832181 0.7063800878250212 0.2927293642824818 0.7383809681498086 0.28112248760730274 0.7740540806430144 0.2756141393546754 0.819694680450498 0.2777781333110647 0.860613838898587 0.28741774275316256 0.8902539985436769 0.3005984332148066 0.9128119961496747 0.3181071115892293 0.9254025064413943 0.3320747089441058 0.9390422259240907 0.3548950088478476 0.9416652489015322 0.37338732083881077 0.9400914351150673 0.3926665397230065 0.93143545928951 0.4154868396267484 0.9075659501947917 0.4398809533169552 0.8653352802579818 0.46073398598761584 0.8275637493828227 0.4764721238522655 0.8168093551753123 0.47961975142519536 0.7756278944294792 0.4981120634161585 0.7571708890722946 0.5043448968935245 0.7166387140240182 0.505927066046104 0.6912218497272022 0.5071321759912117 0.6710636470090379 0.5036264016054439
16 0.5323932853482873 0.4246884691018636 0.5286218075722132 0.42290272257671346 0.525318153053633 0.41918611124331073 0.5256940252690769 0.39194763686843087 0.5259005036764881 0.3667056515624039 0.5271393741209557 0.3275263737561167 0.5318883774914148 0.3230354683949217 0.542212297861978 0.31792512781149296 0.5622407033808705 0.3186994218392852 0.5969290758259628 0.3202480098948697 0.6328563187155227 0.3222611743671295 0.6433867174934972 0.32551320928385685 0.6502005049380688 0.331088126283961 0.6522652890121815 0.3352693140340391 0.6522652890121815 0.3447157011731044 0.6508199401603025 0.3653119223123779 0.6506134617528914 0.37351943900697565 0.6485486776787788 0.3834304025627164 0.6483421992713674 0.3910184840350802 0.6448637501855932 0.41308150792322557 0.6409019621170257 0.4271792855127598 0.6357584895723728 0.4297960749577431 0.6196595987921687 0.4291314418521383 0.6145524149694822 0.42690681261009944 0.6007011379150988 0.42612277805985144 0.5794015326333583 0.42504473055326025 0.5680330316547605 0.42612277805985144 0.5492162024488058 0.42533874350960327
14 0.5603057261678939 0.3164068917670722 0.5527791798445889 0.3064000063144963 0.5449903769556693 0.2866074628340313 0.5415692195359854 0.26351465025116394 0.5730438677970785 0.2563302196698275 0.6054044819183461 0.2495536766771453 0.6166240377638654 0.24739569620103657 0.6361250727954996 0.24489556350467326 0.6414586892144081 0.24764570947067294 0.6470343418188373 0.2562636013772442 0.6658686747981077 0.2893903596040588 0.6592016542744723 0.3053912088607842 0.6410340233475654 0.3095164278097838 0.6146992922792044 0.3155167462810558 0.5941982041690249 0.31939195196041903 0.5735304405457544 0.31864191215151 0.5625298566817558 0.3183918988818737
26 0.45533137629918213 0.3234030804611044 0.4821317982105905 0.32505516126386247 0.5144391561311924 0.3264318952661608 0.5225159956113429 0.322026346458806 0.5283900606878159 0.31679475725007217 0.5302257060242138 0.2876079964013466 0.5338056638244905 0.24698608001232863 0.5352741800936086 0.23239269958796588 0.5286658568825764 0.2252336827760143 0.523158920873383 0.22165417437003854 0.48424323974174877 0.21779931916360307 0.44606181674467377 0.21477050435854664 0.4295410087170934 0.21394446395716762 0.41852713669870634 0.2164225851613047 0.41045029721855586 0.22440764237463529 0.40934891001671725 0.23404478039072393 0.40677900654576016 0.26681104964542524 0.4031077158729645 0.2998526657005863 0.4023734577384054 0.3155474333267878 0.40824752281487847 0.32022832893460224 0.4240340727078999 0.3210543693359813
31 0.32471319576706764 0.31854150890248367 0.33775245722007713 0.3173190781412641 0.3390563833653781 0.32343123194736223 0.3426421802649556 0.34567947180155945 0.3465539587008584 0.3657273362855614 0.3563334047906154 0.376729213136538 0.35372555250001353 0.3847972561605876 0.344598069482907 0.3872421176830268 0.34166423565597986 0.39775502222951564 0.35046573713676127 0.39873296683849135 0.3560074232542902 0.3992219391429792 0.3599192016901929 0.4053340929490773 0.35046573713676127 0.40875689908049234 0.33416666032049946 0.4055785791013213 0.3159116942862864 0.4024002591221503 0.2891812083076172 0.40362268988336986 0.26339308135078926 0.4031576650502334 0.24448615224392573 0.4021797204412578 0.22753511235501353 0.4058470127249166 0.20667229403019852 0.40755841579062413 0.19591490333146577 0.4058470127249166 0.1838535864874321 0.40438009581145307 0.1854834941690583 0.39728999739637927 0.1721182511797237 0.3950896220261839 0.16722852813484518 0.39435616356945213 0.16951039888912184 0.3865326066976465 0.15744908204508815 0.37308586832423063 0.15744908204508815 0.3635509083867175 0.16983638042544708 0.35328248999247264 0.16462067584424334 0.3471703361863745 0.17048834349809755 0.3447254746639352 0.17472610347032558 0.3371464039443735 0.17733395576092742 0.33250116705173893 0.18711340185068448 0.33176770859500715 0.1880913464596602 0.3263890132456408 0.1825496603421312 0.32125480404851836 0.18483153109640785 0.3175875117648595 0.21645174011995558 0.31856545637383515 0.2004786448400191 0.3139202194812006 0.20276051559429575 0.30511871800041923 0.21710370319260602 0.3019403980212482 0.228187075427664 0.30365180108695566 0.22492726006441166 0.30047348110778466 0.23144689079091635 0.2933833826927108 0.24057437380802288 0.2975396472808576 0.24579007838922665 0.30365180108695566 0.2519837275794061 0.30707460721837065 0.2624151367418136 0.3082970379795903 0.27252056436789585 0.30707460721837065 0.27871421355807535 0.3041407733914436 0.28751571503885665 0.30878601028407815 0.28490786274825475 0.3148981640901763 0.2884936596478323 0.31514265024242016 0.29077553040210896 0.3080525518273463 0.30805255182734637 0.3114753579587613 0.31066040411794826 0.3180764840693473 0.3210918132803558 0.3214992902007623
28 0.18120272491984757 0.5013330321531408 0.1777230790779824 0.49576559880615645 0.16612425960509847 0.49489568734569017 0.16055682625811418 0.49854931547964865 0.16566030682618313 0.505508607163379 0.1686759998891329 0.5049866602870993 0.17053181100479434 0.5112500228024566 0.1747073860150326 0.5145556863522285 0.19138052130258484 0.5134217439672072 0.1858130879556006 0.509942098125342 0.18511715878722756 0.504548647070451 0.17838984349295486 0.504548647070451
28 0.3045849993579321 0.524034663784896 0.2987855896214901 0.5182932481458185 0.2957698965585403 0.5144656377197667 0.2990175660109478 0.5128997970909275 0.302497211852813 0.5149875845960465 0.31038440909437404 0.5181192658537251 0.31038440909437404 0.5205550179430308 0.30783266881033955 0.5231647523244297
28 0.249970832937892 0.5016866773364791 0.2445485597052475 0.49498857510791827 0.23545827810934347 0.4960650558232228 0.2362556712317912 0.5012082414630105 0.24375116658279977 0.5003709786844404
28 0.18630118352791972 0.6722938019208441 0.18505598058944708 0.676613099613671 0.17696216148937516 0.6721770641453623 0.17447175561242992 0.6673908153506082 0.17805171406053868 0.6665736509222355
28 0.2630885660919487 0.6665154620073185 0.2545387983916532 0.6681643457780896 0.24501191438275258 0.6677979271623627 0.24501191438275258 0.6661490433915914 0.2540502402373506 0.6643169503129568 0.2623557288604948 0.661752020002868
28 0.1973774943382494 0.609170948646051 0.1949347035667364 0.5996440646371504 0.19175907556376953 0.5983615994821061 0.18516354048068442 0.6000104832528774 0.18589637771213835 0.6060563904123719 0.19444614541243382 0.6104534138010954
28 0.42044884792836434 0.6810414006588161 0.4197344063855803 0.6673777061530727 0.42080606869975634 0.662019394582193 0.427236042584812 0.6638948036320008 0.43366601646986774 0.6665739594174407 0.4325943541556917 0.6775584981377443 0.4243782764136761 0.6797018227660963
28 0.5072534953766163 0.6537140116473293 0.4940363268351129 0.6593402387967531 0.4943935476065049 0.6521065181760654 0.5047529499768725 0.6510348558618895
28 0.5708387926843893 0.6531781804902415 0.5619082733995897 0.6529102649116973 0.5547638579717501 0.6491594468120815 0.5486911048580863 0.6518386025975214 0.557264403371494 0.6566610830113132 0.5711960134557813 0.6612156478465611 0.5744110003983091 0.6585364920611212 0.5808409742833648 0.6537140116473293
28 0.5978038688950018 0.5016166983140301 0.592855569456062 0.5083254504379771 0.5900007813182123 0.5076117534035146 0.5841008858333228 0.509752844506902 0.580675140067903 0.5047569652656648 0.5861943971344125 0.49647807966590046 0.5957103575939119 0.49833369195550276
28 0.6071182773160549 0.5242818415161136 0.6006474242035954 0.5211415745644788 0.5995055089484556 0.5254237567712535 0.6038828507598252 0.5302768966055982 0.6059763620609151 0.5322752483020929 0.6025506162954953 0.5331316847434479 0.6021699778771153 0.5369856487295451 0.606166681270105 0.5378420851709 0.6090214694079549 0.5344163394054804
28 0.4311952785733666 0.49560388141982914 0.42831285377036243 0.4999275186243354 0.4175692704137106 0.49638999727519395 0.41311461389997706 0.493442062817576 0.4225480041643542 0.4910837152514817
28 0.37975544150558066 0.4646467767017524 0.38467667832854713 0.4675174981818163 0.3890511110600729 0.4728488380733633 0.37620121491121594 0.4736690442105243 0.3699129678596476 0.4689528589218482 0.37346719445401233 0.46608213744178434
28 0.2458296004364811 0.5423303958147253 0.23950169340496485 0.5472201421572606 0.23451606968316416 0.5465010618127701 0.2339408054075718 0.5354272245076167 0.24218626002439606 0.5352834084387185
