32 0.0963207127228345 0.5176650987433312 0.07282785596116755 0.5000454561720808 0.060141713309867395 0.4792542779380057 0.05450342768706733 0.4500056712697303 0.055443141957534 0.4292144930356551 0.0723579988259342 0.40067067207022977 0.10101928407516789 0.37811752957902944 0.15834185457363525 0.3569739584935293 0.22835056772340273 0.3573263513449543 0.2687582813534699 0.3671933511848544 0.29054979607162174 0.3786361784898336 0.3115152806597037 0.39291802933887965 0.33312870888043733 0.4175855289386299 0.35051342288407095 0.4443673856469303 0.3631995655353711 0.4605774568124804 0.37964456526853785 0.507093313200581 0.3669584226172378 0.5204842415547313 0.3528627085602376 0.5384562769774064 0.31997270909390385 0.5472660982630315 0.29413056665607024 0.5518472053315566 0.2664089956773032 0.5507900267772816 0.23116971053480279 0.5493804553715815 0.17854571138866882 0.5451517411544816 0.1348489978119683 0.5366943127202813
23 0.2451976152046936 0.2665938989146817 0.26216110470266135 0.2742274691887672 0.2731873728763404 0.2828152357471134 0.27954868143807826 0.2936294603020679 0.2803968559129767 0.3031714231446747 0.2803968559129767 0.3279805265354525 0.27954868143807826 0.3378405548061463 0.27488372182613713 0.3438837979397973 0.25622388337837265 0.3451560596521449 0.2175567528114363 0.3447829240461943 0.19677647817642582 0.3431925969057598 0.1768443780163137 0.3368312883440219 0.1581845395685492 0.3222002786520248 0.15097505653191287 0.3078873343881145 0.15436775443150647 0.28943953955907453 0.16369767365538868 0.27576272615133807 0.1895669951397895 0.2639943053121229 0.2141640549118427 0.2595413893189064
26 0.2787922740887228 0.3435238430985297 0.27555255592546474 0.3451437021801587 0.2701530256533679 0.3470875330781136 0.26291765508875814 0.34692554716995067 0.2616217678234549 0.36514896183827744 0.2692891008098324 0.3662828631954177 0.27548403448238007 0.3694898565195858 0.28595912321024797 0.3728915605910068 0.29751411799253513 0.3805048982746633 0.31187686851631274 0.3903050457185191 0.3285074217543709 0.40901441811133454 0.3359587735298646 0.41727569942764275 0.35615301674750666 0.41840960078478306 0.36630413365904874 0.4183286078307016 0.374295438461752 0.41614179807050244 0.379370996917523 0.4131450587694886 0.3826107150807811 0.40820448857051994 0.38358263052975855 0.39799937635625704 0.3843385647678521 0.3825297221266996 0.38552646142771335 0.36333439200939543 0.3880102453528779 0.3382265762441452 0.38995407625083284 0.31587252091766427 0.3877942641419941 0.313847697065628 0.38423057416241013 0.31198485912175455 0.37040777666584224 0.31166088730542874 0.3583128288563454 0.3109319507186957 0.357340913407368 0.31992216862173695 0.35582904493118084 0.32494373177478697 0.34859367436657107 0.3340149426319097 0.3428701722781485 0.3329620342288508 0.32634760964553217 0.3255106824533572 0.31878826726459664 0.31733039409113045 0.31652046455031596 0.3106889718564514 0.30798920672040303 0.30979804936155536 0.2900627662170415 0.30850216209625214 0.2839073017068512 0.30923109868298526 0.2832593580741996 0.3271305415349863 0.28196347080889633 0.3372546607951678 0.2813155271762447 0.3409803366829145
20 0.35773358256984217 0.3111409893142284 0.35620313619473376 0.3209497592637868 0.3542591221333641 0.32528257466806637 0.3483100307960242 0.33325481276029256 0.34307197923546456 0.33259180791005893 0.32699463241614185 0.32506800821052045 0.3196867474982679 0.3170957701182944 0.31716220543572965 0.30977127637106155 0.3127774744850052 0.3052868924441844 0.3128439098024405 0.29631812459043 0.31457122805575616 0.2931790558416159 0.3151691459126731 0.28839571298628025 0.31623211099163656 0.27613839691948255 0.3174943820229057 0.2629842040673095 0.3175608173403409 0.2505774085362826 0.31716220543572965 0.24106054931368764 0.31882308837161005 0.2235714519988666 0.3185573471018692 0.2061820076601983 0.3198860534505736 0.2038899892086833 0.3125781685326996 0.19855855498450706 0.30719690782044695 0.193725385641095 0.30699760186814135 0.18849360439307158 0.30174921179075914 0.18206598743121424 0.30287861218715784 0.1808203252293039 0.3128439098024405 0.17927570409893512 0.3361627062222019 0.1791760511227823 0.3495826403441159 0.17812969487317762 0.36027872645118597 0.17763142999241346 0.37243638954183084 0.17942518356316434 0.38552414707656874 0.1803220603485398 0.3989440811984826 0.18052136630084545 0.4117660974634798 0.18136841659814448 0.4321617399160916 0.18161754903852653 0.44252564943598555 0.1819663344550614 0.46305416252346787 0.18645071838193863 0.4680368113311092 0.18530470915618114 0.4813903101355879 0.1785283067777889 0.4916877843380466 0.17404392285091175 0.49474380894006664 0.17663490023088524 0.5053734597297016 0.18361060856158307 0.5124156033778346 0.1900880520115168 0.514076486313715 0.1926790293914903 0.5126813446475755 0.19432330349801194 0.5023174351276816 0.1994056052818061 0.49026769738062215 0.20366762225895196 0.4746229461493806 0.2067078233915736 0.47189999085842627 0.20954916804300416 0.46965059300937717 0.2132784328980068 0.4732022738236653 0.22109213068944078 0.4790033524870027 0.23050408484730453 0.48101597161509946 0.2441780559823141 0.48255503330129096 0.2593614914633962 0.4846860417898638 0.2745449269444783 0.48788255452272333 0.28662064171305823 0.4836205375455773 0.29070507464948964 0.4742677780679518 0.300827364970211 0.46988737173032974 0.304734213865928 0.4653885760322314 0.3050893819473569 0.46231045265984816 0.3058885101305717 0.4562725952755582 0.30917381488378826 0.45260252510079374 0.31308066377950533 0.4321211657383984 0.3123703276166477 0.40856168300362 0.3097065670059315 0.3777804492797889 0.30651005427307215 0.3672437961974006 0.30375750164199883 0.3594300984059665 0.3055333420491429
16 0.5710911502133212 0.2716763397882639 0.5566294601507844 0.2710008344297499 0.5401116688256008 0.27014543488871706 0.5180699517501036 0.2728334491662167 0.511977119387771 0.2634253991949679 0.5021210670369389 0.2401740756945957 0.49280261754160665 0.2179979579052234 0.49136900992694016 0.213025131491849 0.49351942134893995 0.2073803015090997 0.4996122537112725 0.20240747509572532 0.513769128906104 0.19877865582110077 0.5487133145135998 0.19313382583835143 0.5997855857860935 0.18547298514747734 0.6300705466459232 0.18117216230347785 0.6384929913820889 0.1810377615896029 0.6444066227925882 0.18238176872835277 0.6506786561067541 0.18627938943072725 0.6544418760952536 0.18963940727760187 0.6585634979874199 0.1997194608182256 0.6698531579529184 0.22740600787647228 0.6737955788932513 0.2423244871165954 0.6777379998335842 0.24998532780746957 0.678275602689084 0.25442055136534397 0.6714659665194183 0.2572429663567186 0.6383137904302555 0.262484594197843 0.5888543277242616 0.26933903060546716
14 0.8122527800685915 0.37542592279782355 0.8031708758899303 0.38424981833504535 0.7564813366998286 0.3832976377221232 0.727171555032332 0.3834524429069867 0.7215985683772446 0.38051114439457956 0.7209793476377904 0.3630181585049996 0.7201537199851848 0.32323322599507004 0.7306804725559055 0.3077527075087161 0.7502891293052872 0.30759790232385253 0.7686593445757605 0.3082171230633067 0.8062254027693126 0.31069400602112335 0.8089086926402806 0.31115842157571394 0.810147134119189 0.32183997933129815 0.8107663548586433 0.3326763422717459 0.811179168684946 0.3497049126067352 0.8122112032507028 0.3654950414628162
11 0.6530933873121307 0.39104970114957444 0.6495960306890892 0.39119542434220117 0.6460986740660479 0.39396416500210907 0.6482359475579067 0.39702435204727027 0.6410469367216546 0.39891875355141765 0.6288061885410096 0.3962957360841366 0.6247259391474612 0.3964414592767634 0.6200627969834059 0.39469278096524263 0.6119022981963093 0.3930898258463486 0.6052961801305644 0.39367271861685554 0.6002444427861712 0.39571284331362966 0.5871673174906249 0.39141249539538847 0.5772581403920075 0.38645790684607967 0.5657945825720383 0.3842720589566788 0.5605485476374761 0.3860207372681995 0.5525823464405484 0.3886437547354806 0.5481135018666622 0.39301545051428244 0.543061764522269 0.39505557521105655 0.5372328368171999 0.39447268244054967 0.5352898609155102 0.39432695924792294 0.5263521717677375 0.39767859267833766 0.5199403512921617 0.40103022610875244 0.511391257324727 0.40132167249400585 0.49856761637357505 0.3984072086414714 0.4826352139797196 0.39141249539538847 0.4595138007496123 0.3765487297474623 0.44533007666727753 0.359644839402762 0.44144412486389817 0.3449267969474626 0.4404726369130533 0.32889724575852264 0.4497989212411638 0.31738511354101123 0.4566051875688713 0.309646402841618 0.46326056135802135 0.3061523316023142 0.4687327575846558 0.30576410146461375 0.47659871190080194 0.30104474106255463 0.48894812770955826 0.28823314651844073 0.49678667906122387 0.2809676967986186 0.508766351881694 0.27564339776729857 0.5182317723818186 0.27364678563055356 0.5398247628977276 0.27087371321840764 0.5480330572376794 0.2710400975631364 0.5690344589723307 0.272648479562181 0.5858947392381775 0.27397955432001103 0.594029084980472 0.2743123230094685 0.6148825895198088 0.279359314799574 0.6364016314380608 0.28612561148520993 0.6573290845750549 0.29583136492772044 0.6760380797823322 0.3049270424395588 0.6900143647395474 0.31335718257248224 0.6945252291966381 0.3186814816038023 0.6948949721849241 0.3212327082229764 0.6920849254739497 0.32372847339390776 0.6914193880950347 0.3268343144955111 0.6910496451067486 0.332269536423317 0.6883874955910886 0.33343422683641827 0.6876480096145162 0.33576360766262087 0.6873522152238875 0.3368173751792362 0.6853556030871424 0.3385366800747667 0.6852816544894851 0.34042236931502584 0.6866866778449725 0.3431954417271717 0.6856513974777713 0.3462458213805321 0.6828413507667969 0.35007266130929343 0.6793657666769074 0.35301211806616806 0.678552332102678 0.3573935724773585 0.6804749956417657 0.36055487502720474 0.6821758133878818 0.36321702454286475 0.6855774488801142 0.36493632943839527 0.6863169348566863 0.3728118550888895 0.6872043180285731 0.3768605408106225 0.6834329395480546 0.3789680758438533 0.6775170517354767 0.3825176085314 0.6728582900830717 0.3827949157726146 0.6671642480634655 0.3826285314278859 0.6630970751923183 0.38490245080584545 0.6619138976298027 0.3857898339777321 0.6576988275633411 0.385845295425975 0.657033290184426 0.38651083280489007 0.65666354719614 0.38867382928636374 0.6553324724383099 0.39039313418189425
15 0.6694088570339872 0.5435055051441646 0.6452790028850877 0.5514839246611395 0.6354194925876879 0.5598515353740643 0.6369762573714879 0.5826192203371389 0.6465763068715876 0.5847597719148637 0.6673331706555872 0.5919598090399387 0.6777116025475871 0.5884570882763888 0.6971711623450867 0.5841759851209388 0.7015819958991866 0.5693867196748391 0.7036576822775866 0.5569326014044393 0.6984684663315867 0.5544028586307643 0.7075495942370865 0.5516785202591145 0.7067712118451865 0.5458406523198646 0.7091063590208865 0.5427271227522646 0.7168901829398864 0.5442838875360645 0.7181874869263863 0.5487595862894895 0.7223388596831863 0.5489541818874645 0.7290848404129862 0.5475920127016395 0.7324578307778862 0.5382514239988397 0.7301226836021862 0.5331919384514898 0.7342740563589859 0.5322189604616149 0.737128125129286 0.522099989366915 0.7181874869263865 0.5067269371268902 0.6917224856017868 0.5096458710965153 0.6704467002231875 0.512370209468165 0.6670737098582873 0.5279378573061648 0.6621439547095875 0.5366946592150397
15 0.5481366407013971 0.638887102413201 0.541607894366592 0.6256963700224724 0.539076339665341 0.6207998102713685 0.5402754971554072 0.6180017761278807 0.5480034009802786 0.6181017059187196 0.5545321473150836 0.6145042334485209 0.5594620169964671 0.6153036717752318 0.5638589277933767 0.6146041632393597 0.569055276916997 0.6099074630699336 0.5739967185783723 0.6069735495551938 0.5781271499330449 0.6049749537384167 0.5803922251920589 0.6038757260391893 0.5874539304113379 0.6031762175033173 0.5945156356306167 0.6071734091368715 0.6047750941567389 0.6162670201032071 0.6074398885791085 0.6187652648741784 0.6097049638381224 0.6221628777626994 0.6077063680213454 0.6256604204420593 0.6029097380610804 0.6321558568465847 0.5946488753517353 0.6425485550938254 0.591184642602655 0.6456463786098299 0.5878536495746933 0.646845536099896 0.5827905401721915 0.6463458871457018 0.5850556154312054 0.6489440617075121 0.5890528070647595 0.6494437106617064 0.5902519645548258 0.6532410427135829 0.589719005670352 0.6595366195364305 0.5925170398138397 0.6611354961898521 0.5955815533995646 0.6589370407913974 0.596514231447394 0.6548399193670044 0.6087722857902933 0.6497435000342229 0.6194314634797708 0.6531411129227439 0.6258269700934574 0.6533409725044216 0.6475450446357682 0.6507427979426113 0.6661986055923541 0.6507427979426113 0.668996639735842 0.6540404810402934 0.6739265094172253 0.656438796020426 0.6867175226445987 0.6538406214586158 0.6925800703738113 0.6509426575242891 0.6973767003340761 0.6454465190281522 0.7129657477049374 0.6351537505717503 0.7192280145975054 0.6358532591076222 0.7320190278248786 0.6390510124144656 0.7402798905342238 0.6413493976037592 0.7402798905342238 0.6460460977731853 0.7408128494186976 0.6493437808708674 0.7401466508131054 0.6528413235502274 0.7418787671876454 0.6577378833013312 0.7429446849565933 0.6668314942676667 0.7373486166696175 0.6755253860706469 0.7309531100559309 0.6771242627240686 0.7208268912509271 0.6766246137698744 0.71709617905961 0.6757252456523246 0.70750291913908 0.6756253158614858 0.7051046041589476 0.6766246137698743 0.6931130292582853 0.6763248243973579 0.6865842829234802 0.6673311432218612 0.682320611847689 0.6765246839790354 0.6773907421663057 0.6882164695071813 0.6575380237196535 0.6947119059117068 0.6495436404525452 0.6964107123559673 0.6311565589381963 0.689115837624731 0.6218297784599033 0.682920190592722 0.6163669498940461 0.69181394197738 0.6069069296946346 0.6982094485910667 0.586920971526864 0.6951116250750622 0.5814581429610066 0.6866175928537597 0.5845226565467315 0.679522577704201 0.5742631980206092 0.6808216649851062 0.5689336091758704 0.672727351927159 0.5561425959484972 0.6691298794569603 0.5517456851515877 0.6737266498355475 0.5524299429672311 0.6739319271802447 0.5550766781795494 0.674725947743936 0.5621383833988284 0.6769244031423909 0.5666685339168563 0.6810215245667838 0.5686671297336334 0.6831200501743997 0.566268814753501 0.685618294945371 0.5617386642354729 0.6866175928537595 0.5502800482192844 0.6832199799652385 0.5336250830794755 0.672727351927159 0.5322926858682909 0.6689300198752827 0.5296278914459215 0.6575380237196533 0.5370893158285559 0.6521418150143553 0.5421524252310578 0.6549398491578432 0.5488144112869814 0.659836408908947 0.5585409109286297 0.6657322665684393 0.5614721847932361 0.6669314240585055 0.5653361367056717 0.6657322665684393 0.5644034586578425 0.6623346536799183 0.5669350133590934 0.661235425980691 0.557474993159682 0.6508427277334502 0.5503307153581963 0.6513019324259646 0.5463219325465728 0.6519126454324229 0.5423678559085677 0.6547465010709567 0.5372389884757758 0.6519858818970089 0.5466030935819243 0.6465318393604769 0.5538241395696857 0.6415222387064674
27 0.566721551101162 0.6612330706344339 0.5641351385463724 0.6622676356563497 0.5651007325668271 0.6656041078520283 0.5614797549901218 0.6667679935016835 0.5587340828360065 0.6654580862218062 0.5491471136329197 0.6597421144757214 0.54262935399485 0.654931387123813 0.546422759075208 0.6521121974390922 0.5503541061584882 0.6515431866770384 0.5573201773060549 0.6510517682916283 0.5634585964360886 0.6577764409340813
27 0.5521639220395912 0.6736736514934053 0.5564198545974901 0.669622331077713 0.5685328934161256 0.6731416599236679 0.5740983436841472 0.6815716801825831 0.576662815866471 0.6814079904688177 0.5740437804462254 0.6833313446055606 0.5674961918956117 0.6848863968863312 0.5692967787470304 0.6830448876064712 0.5671688124680809 0.6806713867568738 0.5624218107688861 0.6764972990558574
27 0.5293950021363207 0.6569660176926145 0.5315916618962224 0.655208689884693 0.5281502282723763 0.6524079486908182 0.5241230187125565 0.652682531160806 0.5219263589526548 0.6561971867766487 0.5222192469206417 0.6606454227904499 0.525294570584504 0.6725623019879169 0.5294682241283174 0.6787129493156417 0.5375226432479572 0.682282521425482 0.5445519544796428 0.6848086801493691 0.5425017387037344 0.6865660079572905 0.5359849814160259 0.6937600686709686 0.537302977271967 0.6978788057207845 0.5470415022075314 0.7001852984686812 0.5544369233992006 0.7009541293846469 0.56205201056686 0.6975493067567992 0.5589766869029975 0.6914535759230719 0.550336491847384 0.6878840038132316 0.5504097138393808 0.6840398492334036 0.5465289482635542 0.6814587740155189 0.5329828797441603 0.6730016339398972 0.5290288921763371 0.6585585960185434
27 0.5918876915288075 0.652525883323112 0.5936774809891495 0.6479619201992398 0.5970525125429373 0.6421706728739902 0.6000695862046568 0.6407132728848545 0.606359417736716 0.6391024623705467 0.6068707861539566 0.6415186781420084 0.6084048914056782 0.6452388833774337 0.6112685545422255 0.6489590886128589 0.6115753755925699 0.6503014307081155 0.6086094387725746 0.6492659096632033 0.5961831862336284 0.6546352780442294 0.5952115862408712 0.6589691253803432 0.5925524704712203 0.6606182885259442 0.5902001757519136 0.659467709587153 0.590609270485706 0.6528710570047493
27 0.6680640057719015 0.6518267298102169 0.6688519498393662 0.653008645911414 0.6740298679969918 0.65587901358575 0.685849029008963 0.6537684491193265 0.6919274546722626 0.650307123394392 0.6966551190770509 0.6452417686749758 0.7109506757296259 0.6353643269721141 0.7157909035726235 0.63409798829226 0.714102451999485 0.632662804455092 0.7238954711236897 0.632747227033749 0.7244582883147359 0.6305522399886686 0.7240080345618989 0.6276818723143327 0.7130893810556016 0.6264155336344787 0.7124140004263463 0.624558236904026 0.7138773251230665 0.6233763208028289 0.7210813851684583 0.6243049691680551 0.7329005461804298 0.6189863467126681 0.734636206978632 0.6119596848669538 0.7192531898680298 0.6168848352586854 0.7025565302880417 0.6188300771514996 0.7038533582165845 0.62162636237242 0.7038533582165845 0.6252736909214465 0.7019081163237704 0.6283131313789685 0.7033670477433809 0.6322036151645968 0.7035291512344487 0.6336625465842075 0.695748183663192 0.635121478003818 0.6900745614758176 0.6319604599279951 0.6803483520117468 0.6408356260639594
27 0.741022257803619 0.6524520129722727 0.7421351823460024 0.6559299021672209 0.7435079855648853 0.667370057947995 0.7468564190985353 0.6694141598144674 0.7570574607940734 0.669180548172585 0.7653896093545514 0.6667860288432889 0.7667134086585525 0.6617633785428138 0.7597050594020758 0.6510756459266868 0.7562787553211316 0.6466370247309182 0.750126982084891 0.6465786218204476 0.7414054807879422 0.6469874421937419 0.7418727040717072 0.6494987673439795
27 0.7435472805369865 0.6760396833390078 0.7437109448529031 0.6794152598547893 0.7481298813826532 0.6811337351719147 0.7518941606487369 0.6818088504750708 0.7541036289136122 0.6781877774854144 0.7487845386463201 0.6743212080218828 0.7447747629063615 0.6745667044957578
27 0.7236417728255886 0.6775088937765749 0.7261785697222969 0.6794114914491063 0.7304338419361307 0.6776930161319812 0.7366530859409643 0.6768337784734186 0.7391898828376727 0.6772633973026998 0.7381260647842144 0.6807617220554188 0.7314976599895889 0.6842600468081378 0.7262604018802553 0.6860398962437317 0.7201229900333799 0.6857943997698567 0.7204503186652133 0.6821733267802003 0.7185681790321715 0.6807003479369501 0.7105486275522543 0.6814982114770438 0.7053932016008788 0.6772633973026998 0.7076845020237124 0.6762200372887309 0.7168497037150463 0.6760359149333248 0.7202866543492965 0.6772020231842312
27 0.6681357525130163 0.7095207264499809 0.6667911143706601 0.714451066305287 0.6757553686530351 0.714451066305287 0.6868112822679642 0.7106412582352776 0.6863630695538454 0.7079519819505652 0.6766517940812726 0.7060470779155604
21 0.7364965934698475 0.6104591650360833 0.7190781004207166 0.6157293540682663 0.7028596191167928 0.6173159446306067 0.695808105506391 0.6144071952663159 0.6989812866310717 0.6125561729435854 0.7113214354492747 0.6081930488971494 0.6979235595895115 0.6047554360120786 0.6933400757427504 0.5994668008042773 0.6989812866310717 0.5866418604253592 0.6993338623115919 0.5784444758532671 0.7030142503309073 0.5671540274670596 0.7045000357952975 0.5600222572379862 0.7106214719085855 0.5565455192513129 0.708890883040652 0.5529601236889333 0.7076291371794109 0.5479919993602963 0.7091011740175255 0.5437336070786075 0.7157253397890415 0.544364480009228 0.7163562127196621 0.5462570988010899 0.7181436860230871 0.5495691816868478 0.719510577372765 0.5540641513175194 0.7283427984014531 0.5490171678725547 0.7374904558954515 0.5462570988010897 0.7490564596234954 0.5471245490806931 0.7580989716290568 0.5535121375032264 0.7630408095855846 0.5573762342032774 0.7802846696892138 0.5542218695501745 0.794269019651303 0.5531178419215885 0.8067813327752777 0.5565087839236741 0.814246662454288 0.5637638226258107 0.8062556053330939 0.573463493934102 0.7871191264376033 0.5845826293362896 0.7639871189815156 0.5960172012037875 0.74695354985476 0.603666535487562
27 0.7437974806969269 0.6067109125392314 0.7433068401085992 0.6095627609588863 0.7479065956241717 0.6120466289372956 0.7534263022428589 0.6112186729444925 0.7573650781574179 0.6072597231658978 0.7619648336729905 0.6001301021167602 0.7586530097017782 0.5992101510136457 0.7477975866850268 0.6038099065292184
27 0.5926066646340702 0.6056603161888165 0.5878834102920801 0.6027972476321993 0.5854247299496743 0.6029913539750208 0.5862011553209604 0.6001282854184036 0.5882716229777232 0.5980416422330723 0.5876246018349848 0.5950815205050443 0.5887892398919139 0.5919272924341948 0.5937066005767254 0.5912964468200249 0.593900706919547 0.593625722933883 0.5943536217194638 0.6010502905468057 0.5941595153766424 0.6053691566745844
27 0.5913728640010969 0.5815653028652245 0.5791581195546738 0.5841303991989732 0.5768128886209605 0.5864023416660081 0.5796467093325306 0.5881612648662929 0.5814056325328155 0.5894071687998281 0.5856075046223851 0.5878681109995788 0.5952815822239522 0.5858160339325797 0.5953793001795237 0.5839105337989378 0.595477018135095 0.5821516105986527 0.5977245311132369 0.5831043606654738 0.5999720440913788 0.5849365723324372 0.601046941602664 0.5847899953990802 0.6037830443586627 0.586255764732651 0.6103301473819456 0.5882345533329715 0.6124799424045161 0.5909462266000773 0.6152160451605149 0.5932181690671122 0.6206882506725124 0.5938044768005405 0.6220563020505118 0.5921921305336126 0.6207044537894391 0.582570021627706 0.6202158640115821 0.5767069442934228 0.6182615049001545 0.5751678864931735 0.6209976076561533 0.5704774246257471 0.615329966233013 0.5643944818914284 0.6201181460560108 0.5620492509577152 0.6248086079234374 0.5567724813568603 0.6227565308564382 0.5521553079561123 0.6263720952125795 0.5521553079561123 0.6306716852577204 0.5521553079561123 0.6343849675694331 0.5529614810895763 0.6317465827690057 0.5547936927565398 0.6276424286350075 0.5581649622237526 0.6263720952125795 0.5610232124242156 0.6270561209015793 0.5619759624910365 0.6318443007245771 0.5599238854240375 0.6343849675694331 0.559850596957359 0.6378050960144316 0.5566259044235032 0.6437658913042861 0.551422423289327 0.6585213025955654 0.5463655190885077 0.6686839699749895 0.5435072688880448 0.6617459951294209 0.537570903087083 0.6545148664171385 0.534566075953263 0.6532445329947106 0.5314879603527642 0.6392708653480024 0.5247454214183388 0.6366324805475749 0.526137902285231 0.63487355734729 0.5290694409523726 0.6393685833035738 0.5319276911528356 0.6363393266808609 0.5333201720197279 0.6306716852577205 0.5329537296863351 0.628228736368436 0.5317078257528001 0.6225610949452954 0.5297290371524794 0.6169911714777264 0.5306817872193005 0.6117144018768716 0.5339797682198347 0.6137664789438707 0.5372777492203689 0.6179683510334404 0.5384503646872255 0.6220725051674385 0.5389633839539754 0.6244177361011517 0.537424326153726 0.6268606849904365 0.5382304992871899 0.6298899416131494 0.5402825763541891 0.6282287363684358 0.5418216341544383 0.6251994797457229 0.5440935766214731 0.6223656590341526 0.5436538458214019 0.6195318383225825 0.5424812303545452 0.6098577607210154 0.5445333074215444 0.6079034016095878 0.5462189421551507 0.6020403242753046 0.5491504808222922 0.5975452983190208 0.554134096556433 0.5909981952957382 0.5542073850231115 0.5839625024945984 0.5571389236902531 0.575754194226602 0.5577985198903599 0.5713430028889649 0.5591183215208451 0.5727249767095176 0.5625145138301393 0.5681540099760818 0.5657759173844801 0.5759862060456873 0.5713583811516242 0.5788340982881877 0.574135076088062 0.5863810127308134 0.5762709952699373
21 0.565309850567138 0.5558591184027487 0.5676681984099948 0.5574718121482317 0.5699571830810028 0.5592405730303742 0.5709976306587339 0.5587723716203953 0.5720380782364647 0.5622578710057939 0.569402277706213 0.5637144976146172 0.5644774925049533 0.5649110123290078 0.5601076126784834 0.5624139381424537 0.5531712954936105 0.5622578710057939 0.5458187992776453 0.5582001254526433 0.5440153568095784 0.5547666484461312 0.5444315358406707 0.5537782232472869 0.5382582135461339 0.5512811490607327 0.531599349048656 0.5459748664143048 0.5287554590028581 0.5421772327555869 0.533888333719664 0.5391079124012806 0.5427668197163013 0.5380674648235497 0.552824479634367 0.5385876886124152 0.5514372161973924 0.5411888075567426 0.5394373874675623 0.5422292551344735 0.5392292979520161 0.5458187992776452 0.5416570089667216 0.550656880514094 0.5450558043873093 0.552269574259577 0.5527551164625182 0.5532059770795348 0.5559458223675597 0.5536741784895137 0.559691433647391 0.5553909169927698
21 0.5168112167783312 0.512640953216927 0.514399498092218 0.5054811633675287 0.5096765489985798 0.5050289661138825 0.5064609240837622 0.5066870227105853 0.5049535999049415 0.5121887559632808 0.5049535999049415 0.5137714463510425 0.5099780138343438 0.5140729111868068 0.5144999863708061 0.5190470809769151 0.5126911973562212 0.5252271101100802 0.5084706896555231 0.5301259136912475 0.5067623889195264 0.5320100689147733 0.5128921739133973 0.5320854351237144 0.5188209823500921 0.5328390972131248 0.5253527204583152 0.5365320414512355 0.5314825054521862 0.5369088724959407 0.5346981303670036 0.5348739848545326 0.5344971538098275 0.531331773034304 0.5343966655312395 0.5269605329157239 0.5298746929947774 0.5242473493938465 0.5252522321797273 0.5222124617524386 0.5176151230070355 0.5168614609176251
12 0.586249313263887 0.5764679738068468 0.5909371441557404 0.5813361058868483 0.5791470858339778 0.583852887963575 0.5764058020696555 0.5863342224054184 0.5812266804138084 0.5898435382588828 0.5856248278036792 0.5883922627231558 0.5952415134038193 0.5863652162486165 0.5931673263135929 0.5884629736466863 0.5921302327684798 0.5909142856624083 0.5884720191588921 0.5917561487184171 0.5874034985366544 0.5950324215086608 0.5880634671562719 0.5980258506047829 0.5860207071431703 0.5999821861557917 0.5850778948294311 0.603140607406818 0.5803009791064857 0.603729865102905 0.5730727513678183 0.6071004191245226 0.5687986688788673 0.6096224420637751 0.5638960448474234 0.6144307848638452 0.5594333998957245 0.6150907534834625 0.5545936300185298 0.6143365036324713 0.5479939438223552 0.6178956201168367 0.5401686016183198 0.6176363467305584 0.5387229560705864 0.6180134716560541 0.5330975092652758 0.6169528078030976 0.527126364611594 0.6166699641089758 0.524423635978875 0.6180134716560542 0.5189553245591875 0.6153264565618974 0.5085161247750519 0.6114130705434518 0.5018992453600081 0.6080599221912337 0.49919743339237316 0.5951906178181703 0.5023204993240346 0.5806437054522747 0.5047860776911354 0.5702882763104505 0.506594168493676 0.563507935800923 0.5062654247113959 0.5596862893319164 0.49623873935185203 0.5448928191293108 0.4926225577467706 0.5372495261912977 0.4941019047670312 0.5324416483754509 0.5066147568332063 0.5325330250006127 0.5161838161470454 0.5330908069554349 0.5189107501483987 0.535879716729546 0.5217864260043711 0.5376274335213224 0.5223813934228481 0.5402304159771595 0.5337353549921184 0.5497498946727922 0.5384455137217283 0.5527247317651776 0.543353994924164 0.554435263093299 0.5455851227434529 0.5586372204862932 0.5530222154744161 0.5627276214883228 0.5598147601686957 0.5626904360246681 0.5645355832316171 0.5651294902147412 0.5693948221844524 0.5639416762484927 0.568099025130363 0.5654534394782637 0.5678470645920678 0.5659393633735471 0.5710505628646777 0.5680990251303629 0.575909801817513 0.5713925093095068 0.5783574184752373 0.5742540611372875
12 0.5140381501151102 0.5043345409123462 0.5158382399382316 0.5004530972312407 0.5144881725708905 0.4985123753906878 0.518763385900804 0.49479969013049996 0.522701082388882 0.48965255829251214 0.5279888462443012 0.48754307803104174 0.5272013069466857 0.4858554938218653 0.5308014865929284 0.48323973829764205 0.5411520030758766 0.48433666803360675 0.5538152704528717 0.4870837817296478 0.5565652721863538 0.4915932801330649 0.5628655865672788 0.49623413670829974 0.5889668890025392 0.4996093051266525 0.6183308542422075 0.5020563022299582 0.6353192019479159 0.5072034340679461 0.6355442131758061 0.5079628469620754 0.6332941008969043 0.509566051960793 0.6211434945908346 0.5112536361699692 0.60888038267082 0.5119286698536398 0.6053927086385223 0.5146288045883219 0.6023550570620049 0.5155569759033688 0.6070802928476986 0.5167382848497922 0.6069677872337536 0.5183414898485098 0.6042676524990714 0.5197759364263097 0.6055052142524674 0.5230667256342034 0.6060677423221928 0.532939093257885 0.605055191796687 0.5402800845678021 0.6055052142524674 0.544414665880284 0.5985298661878719 0.5506587274542365 0.5896419226862097 0.5531901037680009 0.5743411591896778 0.5574934435014006 0.5705159683155447 0.5575778227118595 0.565678226915906 0.555046446398095 0.5596029237628711 0.5544557919248833 0.5536401262237814 0.5520931740320364 0.5497024297357034 0.546692904562672 0.548014845526527 0.5428114608815665 0.5526275756982756 0.5408707390410138 0.5560027441166283 0.5331078516788027 0.560727979902322 0.5305764753650382 0.5641031483206747 0.524248034580627 0.5609529911302122 0.5175820769543804 0.5524025644703854 0.5230667256342035 0.537889340271469 0.5268637901048502 0.5310264978208187 0.5240792761597093 0.5256262283514543 0.5213791414250272 0.5182008578310785 0.5167382848497923 0.5148256894127259 0.5050095745960167
27 0.5139071837842162 0.4984115416433429 0.5153638357799755 0.5005418951871408 0.5133969959053173 0.5045114187311863 0.5095368681165555 0.5045114187311863 0.5057495729275817 0.5061501522264155 0.4989761411473016 0.5038013008832537 0.49904897374708956 0.4982842314493159 0.4933680309636288 0.498174982549634 0.4931495331642649 0.49500676445885783 0.4956986741568435 0.48582985688557506 0.5023264407375477 0.4840818744906642 0.5038559253330949 0.4808590319500469 0.5112120179116787 0.48145990089829754 0.5165287976961995 0.48386337669130014 0.5180582822917466 0.4873047170312812 0.5218455774807205 0.4855021101865292 0.5234478946760556 0.482279267645912 0.5215542470815687 0.4803127874516372 0.5232293968766918 0.4785648050567262 0.5300756612567598 0.47905642510529495 0.5377230842344953 0.48255238989511695 0.5411462164245293 0.48042203635131914 0.5527994323906027 0.48096828084972887 0.546899991807778 0.4761067048138827 0.5409277186251655 0.4716274999269231 0.5388884058311028 0.46529106374537077 0.5440595204160478 0.46294221240220923 0.5449335116135032 0.4608664833082524 0.5410005512249534 0.4596101209619101 0.5358294366400084 0.45999249211079685 0.5322606392503985 0.4575890163177943 0.5275265202641812 0.4558410339228833 0.5284005114616368 0.4532736847803578 0.5356837714404326 0.45114333123656003 0.5446421812143514 0.4499415933400586 0.5458803354107465 0.45256356693242517 0.5458803354107465 0.4537106803790855 0.5498132957992964 0.4537653048289265 0.55396475398721 0.4537106803790855 0.5618306747643096 0.45136182903592387 0.5662006307515869 0.4473742441975331 0.5694780977420452 0.44852135764419343 0.5696237629416211 0.44781123979626086 0.5693324325424691 0.4462817552007138 0.5739208863291105 0.4442060261067569 0.5772711859193567 0.4435505327086653 0.5786550053153278 0.44502539285437154 0.5833162917017571 0.4457355107023041 0.5859382652941236 0.4426219170613689 0.5940226838705871 0.4438236549578702 0.5980284768589247 0.44142017916486753 0.6040007500415373 0.4415840525143904 0.6082250408292389 0.44207567256295915 0.6105556840224535 0.4403276901680481 0.6188586003982807 0.44120168136550364 0.6242583785031487 0.4442161955937617 0.6241410469882379 0.44717956908866463 0.6194728939118729 0.4466100584450347 0.6163671528622454 0.4516245625420217 0.6198496318749952 0.453735951550919 0.627624804386582 0.45668743447735805 0.6245471608480633 0.46751473143579214 0.6177248989864395 0.4745401621995145 0.6266770890582601 0.4808004598898398 0.6293928554657454 0.4866673991204859 0.6356947968599174 0.4907334270991333 0.636068397423867 0.49905155126616224 0.6381146816014273 0.4995712853383802 0.6419677189397457 0.495930094157331 0.6439087933500567 0.4919220788517861 0.6518273888466644 0.4934792915528255 0.6523796889921185 0.4839596403029109 0.6567161164370191 0.4834050556997947 0.661577250643759 0.48527296752437676 0.6680236922389701 0.4849307294152553 0.6742802260065995 0.49330245269888123 0.6817403410904503 0.49202042425733195 0.6789792790677197 0.48301070232877263 0.6826868059935804 0.4794277288888086 0.6874309067415391 0.4785766264946308 0.6925984956870651 0.47781366344098286 0.6974126650001119 0.4784179400008398 0.6981800367213654 0.4737701435281284 0.6984941936493052 0.4701567983626964 0.6931844126902511 0.46829479526317586 0.6828177635148236 0.4681268706387903 0.6768795590551596 0.46721741411718837 0.674757352587218 0.459382631905462 0.6705652776019285 0.4603761756622262 0.661314649972516 0.4571295063520255 0.6589662105399072 0.4525589536698288 0.6540504449412368 0.4505320061178195 0.6430543286206754 0.45262680547128015 0.6365375332122529 0.45241450962481056 0.6311382763415625 0.4549639359695577 0.6251417843117093 0.4480707651951651 0.6251236724930194 0.4444276508027598 0.6302375942116277 0.44437783071594067 0.6337862293141707 0.44570856887939425 0.6383994549474765 0.44526498949157634 0.6410017873560079 0.4438455354505592 0.6465613156833253 0.4427809449197963 0.6492819359286082 0.43976460508263476 0.6551963277661799 0.4379015716537998 0.6625301736447686 0.4354175270820197 0.6651325060533001 0.43036072206089604 0.6768430018916919 0.43000585855064183 0.6834671207497718 0.432844766632676 0.6939947382206494 0.43098173320384103 0.7073612637735611 0.432844766632676 0.7120927772436185 0.4339093571634389 0.7198997744692128 0.4331996301429304 0.7449767958605163 0.4346190841839476 0.752547217412608 0.43390935716343904 0.7559775646783994 0.4352400953268926 0.7598810632911968 0.4372805605108548 0.7635479862304912 0.4365708334903463 0.7641394254142483 0.4380790034089269 0.7679246361902942 0.4475716023082294 0.7712366956193343 0.45333813434986164 0.7734841645176114 0.45768521235047677 0.776441360436397 0.467000379494652 0.7717098469663399 0.47613811488370006 0.7666234699860284 0.4787108753330437 0.7604725024749538 0.47489609259780996 0.7603542146382025 0.4764929783939543 0.766505182149277 0.4805739087618787 0.7654405916185141 0.48412254386442155 0.7641394254142483 0.48554199790543884 0.7676880605167912 0.48598557729325675 0.7691075145578083 0.48846962186503684 0.7720647104765943 0.49148596170219827 0.7763230725996457 0.49290541574321556 0.7708818321090799 0.49680891435601277 0.7661503186390226 0.49689763023357636 0.7661503186390226 0.4986719477848478 0.7602359268014511 0.5015108558668822 0.7562141403519024 0.5008011288463736 0.7536118079433709 0.5020431511322636 0.7560958525151511 0.5059466497450609 0.7502997485143308 0.5072773879085145 0.7514826268818452 0.5112696023988753 0.7549129741476368 0.5117131817866931 0.7647308645980055 0.5160602597873083 0.7679246361902942 0.5178345773385797 0.7728927253338543 0.5186330202366519 0.7737207401911143 0.517568429705889 0.7808180103962001 0.5170361344405076 0.7831837671312288 0.5178345773385797 0.7828289036209745 0.5220929394616313 0.7821191766004659 0.5245769840334114 0.7836569184782346 0.5285691985237722 0.7883884319482918 0.5287466302788992 0.7890981589688004 0.5314081066058065 0.7900444616628118 0.536731059259621 0.7919370670508347 0.5393925355865281 0.7932382332551003 0.5453364993832875 0.801873245337955 0.5445380564852154 0.8097985304003009 0.5459575105262326 0.8139386046866011 0.55482909828259 0.8129923019925895 0.5615715049774216 0.807077910155018 0.5552726776704078 0.7934748089286032 0.5519901902005556 0.7798717077021887 0.5533209283640091 0.763193122720237 0.556692131711425 0.7497083093305735 0.5463123740364869 0.7384709648391877 0.5454252152608511 0.7299766675385283 0.5478746542737452 0.733162700704592 0.5382773822366266 0.7306461960666752 0.5332557724134488 0.7347201401150847 0.5322372864013465 0.737488332865927 0.5217782185078336 0.7182676737657387 0.5061875480148819 0.6698926172499197 0.511750406326703 0.6689710425941898 0.5152063112856893 0.6667592634204386 0.5249519632700308 0.665469058902417 0.5260578528569064 0.6609533430893415 0.5237769555839754 0.6633494371942387 0.5205975230217079 0.6546866354303795 0.5205284049225283 0.6521062263943365 0.519076924839754 0.6466689359255311 0.5216342945094039 0.6383747640239639 0.5201828144266296 0.6302649070535424 0.5156901379799473 0.6258413487060398 0.5125107054176798 0.6289747025355209 0.5110592253349056 0.6336747332797423 0.5106445167398272 0.6366237721780774 0.5071194936816611 0.6243668292568725 0.5031797620284166 0.625657033774894 0.5003459199620478 0.6195746410470779 0.4957150073170061 0.613031460991397 0.4998620932677897 0.5888862050112789 0.49854884938337485 0.5635169324424993 0.49573762925190434 0.5580603523292251 0.49164519416694863 0.5541779346621822 0.48642539825569403 0.5414459143978757 0.48326632555853527 0.5291925415119266 0.4825483544909992 0.5265121161931253 0.48549203586789713 0.52746941094984 0.48721516642998375 0.5222042897879088 0.4891536883123312 0.5184708402367212 0.4947538626391126
27 0.5979236887396341 0.4328029115172703 0.5979236887396341 0.43571032046654085 0.6028696258027609 0.4368131307576434 0.6165043712200297 0.43260240055525156 0.6167717191693878 0.43029652449203704 0.6159696753213132 0.42859218131487853 0.6076818888912087 0.42949448064396234
27 0.6187768287895744 0.43761517460571797 0.6205145904604028 0.44042232807397924 0.6262625713716043 0.4398207951879233 0.6345503578017088 0.43781568556773665 0.6397636428141937 0.4369133862386527 0.6406993606369475 0.4359108314285594 0.6380258811433654 0.43300342247928897 0.624524809700776 0.4351087875804848
21 0.777225327416433 0.46643433233345877 0.7806620380478662 0.46960668060862787 0.7874032781326005 0.473076436534594 0.7921618005453542 0.472878164767396 0.7957306923549194 0.4753565618573719 0.7978455912050322 0.478429774248942 0.7957306923549194 0.4831882966616956 0.7942766993954671 0.48566669375167154 0.7858171039950159 0.48427879138128493 0.7786793203758855 0.48011508427012556 0.7739207979631318 0.481205578989715 0.7678404637690577 0.4788263177833381 0.7722024426474152 0.4762487848097632
