28 0.6136303413325439 0.3551719095212821 0.6200437019233941 0.34747587681226194 0.6295354755978523 0.35401750461492915 0.620300236347028 0.35613391360990965
28 0.6567281245030572 0.36036673159987076 0.6492886262176709 0.3563263144276352 0.651597436030377 0.3528630997085761 0.6605761408575671 0.35170869480222305
28 0.7408714154550111 0.3313142081233195 0.740358346607743 0.3284281958574369 0.7280446942733108 0.32400297704975034 0.7229140058006307 0.32592698522700536 0.7229140058006307 0.3328534146651236 0.7200921271406565 0.3353546252955551 0.7200921271406565 0.34112664982732027 0.7290708319678467 0.3355470261132807
28 0.7439498285386192 0.3322762122119471 0.7457455695040572 0.32573458440927994 0.7565200152966856 0.3284281958574369 0.7670379266656798 0.3313142081233195 0.774477424951066 0.3330458154828492 0.7747339593747 0.33958744328551627 0.772681683985628 0.3415114514627713 0.7578026874148556 0.3384330383791632 0.7511327924003713 0.33824063756143763
28 0.8903212652132813 0.4510504333327284 0.8706931396003966 0.4441597083835243 0.8736164774576348 0.44040113113850377 0.8802983925598934 0.436562501504542 0.8919478218261697 0.4391506635100238 0.8940798424583016 0.44948435948063653
28 0.899552820641563 0.6098291580045692 0.9074875948254949 0.600432714892018 0.9033113978865833 0.5991798558103445 0.8907828070698485 0.6051309364482936 0.89495900400876 0.6117084466270795
28 0.8851107327621697 0.5744988426817911 0.8882095887193242 0.5688337466351185 0.8849170542648476 0.563168650588446 0.8804624488264384 0.5604087320016055 0.8802687703291163 0.5621518384775047 0.881430841313049 0.5663643457942613 0.8820118768050156 0.5743535838087994
28 0.7868339699344297 0.5736182783996947 0.7774663395625329 0.571185826011938 0.776769554750637 0.5637956885808311 0.7832228520934238 0.5614947617121488 0.790398112063621 0.5634347072671259 0.8031717373176039 0.5639641625530062 0.8041401298042148 0.5674503755048047 0.7977487393925843 0.5705008118376284
28 0.8456598918263036 0.50981244182596 0.843469430218442 0.5051185955233993 0.8472245072604905 0.5037104416326311 0.8516054304762136 0.5091083648805759 0.8444081994789542 0.5173225959100568 0.8415918916974178 0.5161491343344167
28 0.636433399039654 0.6136186497814996 0.6307299960563456 0.6132768108118299 0.6229839933111138 0.6080147307279411 0.6265705015053912 0.6051006928200907 0.6346401449425154 0.6073422604415142 0.6427097883796397 0.6037557522472367 0.6519749345481896 0.6035315954850944 0.6498828047681944 0.6073422604415142
28 0.6420322448064301 0.5942430746856862 0.6453198773178511 0.5848284906757079 0.6420322448064302 0.5807936689571458 0.6294794661264591 0.5812419824814304 0.6205131956407657 0.5819144527678575 0.622904201103617 0.5870700582971312 0.6345603527350189 0.5893116259185546 0.6372502338807268 0.5937947611614014
28 0.6098798069380928 0.5763780160709 0.6083390848511476 0.5658732594451814 0.5946834907850767 0.5610964519311978 0.5920662957049446 0.5654711673510271 0.5958150067535426 0.5762255693713892 0.6003818855540342 0.580569673596247 0.6081789957012148 0.5830758875721266 0.6134141982286075 0.5798178094034832
28 0.6927689392372777 0.5815988629941463 0.7070898127495867 0.5732655960796562 0.6991886411565886 0.5671545336756968 0.6937565856864026 0.5610434712717374 0.6888183534407787 0.5630804920730572 0.6762258612144382 0.5669693499664858 0.6702999825196895 0.5704878404414928 0.6749913031530322 0.5758581680086086 0.6843739444197173 0.5767840865546632
28 0.6894649856232857 0.38881593179011376 0.682764302898558 0.3856419241836639 0.6718316100318974 0.39225444003043447 0.6679522674017919 0.40230546411752593 0.6792376277802803 0.39992495841268844 0.6944023307888745 0.3943704451014011
28 0.6139569048812608 0.514223078748157 0.6103209915047235 0.5074057411671498 0.6059059538332141 0.5009779657336286 0.6082433267181309 0.49825103070122573 0.6173331101594739 0.5027309953973161 0.6188913587494185 0.505263149355976 0.6188913587494185 0.511301362642011
22 0.5532376222847126 0.7404713347518177 0.5457288474906427 0.7368876013273752 0.5361722250254626 0.7350957346151539 0.5406092283128676 0.7263923820129362 0.5331004535187974 0.7174330484518301 0.5194481357113974 0.714361276945165 0.5003348907810372 0.7194808961229401 0.5013588146165923 0.7343277917384876 0.4836108014669721 0.730708845317269 0.470299791604757 0.7381675061218188 0.470641099549942 0.7542943065318103 0.47299963964765046 0.7658988646554782 0.48392149389357064 0.7730663315043634 0.4934781163587506 0.7797218364354707 0.499039358764548 0.7780714496695809 0.5018300704916149 0.7730722530781242 0.5122500533439258 0.7776739887643608 0.520782751973551 0.7794658554765822 0.5121718022399789 0.7832674224467394 0.5313150407459319 0.787154277221169 0.5504604573618613 0.7810679847141178 0.5512433885350687 0.772295317223533 0.557033632965981 0.7683803663780739 0.5583266259439011 0.7620591502721469 0.5635702693948427 0.7600576911064857 0.5755775772249468 0.7495857866417599 0.5825242770552603 0.7549034210888537 0.586911243529346 0.7590980285295272 0.5941717852987211 0.7605555430991925 0.6125945892283166 0.7513079499988193 0.6139534885806167 0.745818471708968 0.6013809726489968 0.740995219926188 0.5991560022369555 0.7352404999274453 0.5923901219467934 0.7307878758529246 0.5667495003482029 0.7330783898050564 0.5578298729356439 0.7355302018207677 0.5580935515706225 0.7397184091080602
29 0.20482800180972605 0.4781311775528604 0.19314479896253392 0.47304333115166375 0.1874916362945377 0.4739855249296631 0.18121034444120862 0.4678612653726672 0.1785143144716132 0.4553622529070935 0.1875593747404071 0.4553622529070935 0.19308691157133673 0.45781195672989183 0.2007500876323982 0.4588483698856911 0.2023832235142638 0.4601674411748903 0.20351385604786304 0.46271136437548854 0.20803638618226 0.4645957519314872 0.21230766464252376 0.4629940225088883 0.20489574025559543 0.45592756917389304 0.2025088493513304 0.44839001894989816 0.20338823021079647 0.44245419814850206 0.20966952206412556 0.4405698105925034 0.21230766464252376 0.4349166479245073 0.21720707228812045 0.43001724027891053 0.22449337083798224 0.4275675364561122 0.23052341101717816 0.4350108673023072 0.23592532201104122 0.4303941177901101 0.24082472965663793 0.4270964395671125 0.23806096124117315 0.4211606187657166 0.22989528183184527 0.42389298072191467 0.22989528183184527 0.41823981805391847 0.23466906364037537 0.4123982166303225 0.23592532201104122 0.4074988089847257 0.24497038227983514 0.4068392733401261 0.24647789232463407 0.4097600740519242 0.2508747966219645 0.41126758409672315 0.2550204492451617 0.4135288491639216 0.26230674779502344 0.4116444616079228 0.2662011487440875 0.411456022852323 0.26783428462595305 0.41579011423112006 0.27285931810861636 0.4178629405427187 0.2749949573387483 0.42087796063231664 0.27775872575421306 0.42247969005491565 0.27863810661367916 0.4270964395671125 0.2738643248051491 0.4290750465009111 0.2726080664344832 0.4335975766353081 0.26745740711475335 0.43510508668010706 0.2674574071147533 0.439627616814504 0.27172868557501717 0.43991027494790397 0.27800997742834627 0.44443280508230076 0.2825325075627432 0.4488611158388979 0.2885625477419391 0.4486726770832979 0.29622572380300066 0.44857845770549803 0.29610009796593406 0.4438674888155012 0.3048939065605948 0.4363299385915063 0.306024539094194 0.44367905005990127 0.30527078407179453 0.4487668964610979 0.30740642330192647 0.4513108196616961 0.30966768836912495 0.45498537539589373 0.3077833008131262 0.45828305361889143 0.310547069228591 0.4599790024192903 0.3099189400432581 0.46855296579908456 0.3062757907683272 0.47251017966668185 0.30690391995366006 0.47543098037848003 0.3113008242509905 0.47533676100068006 0.31054706922859093 0.4830627499802749 0.3053964099088611 0.4816494593132758 0.29886386638139883 0.4865488669588725 0.2914519419944705 0.48890435140387095 0.29723073049953325 0.4911656164710693 0.30426577737526184 0.48899857078167086 0.30841142999845905 0.488810132026071 0.3087883075096588 0.49182515211566896 0.3002457505891312 0.4999280186064634 0.28140187502914393 0.5030372580738613 0.2523823066667635 0.5033199162072612 0.2363021995222409 0.5014355286512624 0.22838777178704628 0.4980436310504647 0.2168301947769207 0.49191937149346887 0.21167953545719084 0.4922020296268686 0.20615199862626124 0.48711418322567207 0.2036394818849296 0.485700892558673 0.19547380247560178 0.4851355762918735 0.1861774905326747 0.4867373057144723 0.1875593747404071 0.4807072655352764 0.19673006084626757 0.4801419492684767
28 0.3344417307310711 0.4680256319772649 0.33018003391957074 0.46391613862331815 0.33261528924042805 0.45843681415138915 0.3283535924289278 0.45843681415138915 0.3228742679569988 0.4637639351657646 0.3210478264663558 0.4674168181470506 0.3253095232778561 0.47015648038301505
28 0.2625929897873463 0.40221252894015336 0.25872309072099936 0.397423528845549 0.25175727240157486 0.397133286415573 0.2494353329617666 0.4009064380052612 0.2556271714679218 0.4032283774450694 0.2589165856743167 0.40569543809986564
19 0.08877159179220945 0.6419191047993258 0.0703472991560905 0.6260072157044957 0.0541562541122284 0.6067454552212804 0.04801482323352209 0.5904148322029023 0.05248131841803577 0.5669657324842055 0.07146392295221891 0.5456103023832495 0.0977045821612368 0.5347232203709973 0.13120329604508943 0.5276047436706787 0.15911889094829992 0.528442211517775 0.20043397140505154 0.5376543578358344 0.22779125441019782 0.5477039720009902 0.2741311419495273 0.5640345950193684 0.3081881677314441 0.5749216770316204 0.3221459651830493 0.5841338233496799 0.3355454507365904 0.5979520428267692 0.3422451935133609 0.6113515283803101 0.34447844110561765 0.6218198764690143 0.3366620745327189 0.6368942977167478 0.3182377818965999 0.6540623885822224 0.2931137464837104 0.6628558009767336 0.24956541843470206 0.6607621313589928 0.20545877848762942 0.6590871956648001 0.17084344080764835 0.6557373242764148 0.12673680086057576 0.6511312511173851
28 0.6061440840015165 0.4822194077709674 0.6137159894230303 0.48701712370615063 0.6158047909186203 0.4841776591730829 0.6142381897969278 0.474386402162505 0.6121493883013378 0.47330936389134143 0.608755085871004 0.4738968393119762 0.6044469327863498 0.4692949485170045 0.5992249290473749 0.467238784544783 0.5957000765235667 0.47477805244292814 0.5928279744671305 0.47986950608842865 0.5936112750279768 0.46577009599319635 0.590216972597643 0.4632243691704461 0.5849949688586681 0.4685116479561583 0.5836894679239244 0.47957576837811133 0.5767703129697827 0.48437348431329463 0.5738982109133464 0.48926911281858365 0.5771619632502059 0.4910315390804877 0.5817312165218088 0.49054197622995876 0.5829061673630782 0.49612299272598825 0.5830367174565525 0.5014102715117004 0.5829061673630782 0.508264151419105 0.5911308232519638 0.5152159438966154 0.593350174841028 0.5105161405315379 0.592305774093233 0.5022914846426524 0.5967444772713618 0.5033685229138161 0.5980499782061055 0.5028789600632871 0.5968750273648362 0.49964784524979633 0.5941334754018742 0.4939689161836611 0.5945251256822974 0.49063988880006454 0.5981805282995799 0.49210857735165126 0.6030108817581318 0.4898565882392183 0.604838583066773 0.48907328767837216 0.6067968344688885 0.4871150362762565 0.6036636322255036 0.48427557174318886
28 0.633053817490892 0.4543970279131855 0.6322463224111586 0.4345629300172351 0.6286125945523585 0.41775693867028474 0.6332556912608254 0.4077641870585845 0.6393119043588255 0.4070071604213345 0.6522318256345591 0.4104894829526845 0.6542505633338923 0.4224505038212348 0.6574805436528258 0.4430416283544352 0.6611142715116258 0.46181588895823567 0.6481943502358923 0.46075605166608563
28 0.6924270308713483 0.4457372840128096 0.6893989243223482 0.44770555326965966 0.6861689440034148 0.44604009466770966 0.6807183522152147 0.4334734524893594 0.6762771292766813 0.415304813195359 0.6823333423746815 0.4081887628052088 0.694042021030815 0.4098542214071589 0.694647642340615 0.415304813195359 0.6960607587301485 0.42090681031100907 0.6948495161105483 0.42817426602860925 0.6950513898804818 0.4337762631442593
28 0.7144312717940822 0.4454344733579096 0.6942438948007483 0.45406457702255987 0.6958588849602151 0.4422549614814596 0.7013094767484153 0.42908269799330934 0.7079713111562154 0.4222694582580591 0.7146331455640155 0.42666021275410926 0.7134219029444153 0.4342304791266094
28 0.7235155914410824 0.4596665741382098 0.7241212127508824 0.4486139852343596 0.7118069127849487 0.4502794438363097 0.7146331455640155 0.4555786302970597
28 0.8198093796992844 0.4722332163165602 0.8183962633097511 0.46451154461661004 0.8068894584235509 0.4566384675892099 0.800429497785684 0.4602721954480099 0.7969976436968174 0.46360311265191 0.781251489642017 0.4613320327401599 0.7820589847217502 0.4533075503853098 0.7875095765099506 0.4466457159775097 0.7969976436968174 0.44528306803045964 0.8012369928654174 0.44770555326965966 0.8115325551320176 0.4411951241893096 0.8081007010431507 0.43710718034815943 0.8042650994144175 0.43256502052465934 0.8062838371137508 0.42923410332075934 0.7935657896079504 0.4242377275149092 0.7838758486511501 0.4249947541521592 0.7699465585257499 0.42030118900120905 0.7675240732865499 0.41697027179730894 0.7558153946304165 0.4192413517090591 0.738857997956016 0.43241361519720933 0.742491725814816 0.4357445324011094 0.7477404438330828 0.4354417217462094 0.7513741716918829 0.43877263895010943 0.7479423176030163 0.44573728401280954 0.7467310749834162 0.4504308491637597 0.7366373864867493 0.4498252278539596 0.7305811733887492 0.4528533344029597 0.7261399504502157 0.4593637634833099 0.7261399504502157 0.46587419256366003 0.7309849209286158 0.4699621364048101 0.741886104505016 0.47268743229891025 0.7479423176030163 0.47435289090086025 0.7546041520108164 0.47253602697146013 0.7533929093912161 0.4781380240871103 0.7620734814983497 0.4819231572733604 0.7913451781386837 0.4864653170968605 0.7951807797674172 0.47980348268906037 0.7935657896079504 0.47435289090086025 0.7963920223870172 0.4711733790244101 0.8018426141752173 0.47616975483026025 0.8117344289019509 0.4791978613792603 0.8155700305306843 0.47571553884791024
28 0.8861928299341638 0.4779113967720685 0.8834161765841622 0.4708966935720641 0.8883849246841649 0.47045827462206397 0.8853159920341632 0.4639915951095599 0.8790319870841594 0.45796333454705623 0.873332540734156 0.46048424350955774 0.8730402614341557 0.4632243619470595 0.868656071934153 0.46432040932206015 0.8715788649341547 0.46815657513456244 0.8709943063341545 0.4713351125220644 0.8759630544341575 0.4726503693720652 0.8815163611341609 0.4762673257095674
28 0.854186254250519 0.4831376829002936 0.860762538500523 0.4799591455127916 0.8614932367505235 0.4820416355252928 0.8600318402505226 0.485548987125295 0.8540401146005189 0.49157724768779865 0.8468792717505146 0.48982357188779757 0.8379647531005091 0.49157724768779865 0.8280272569005033 0.4908100145252982 0.8270042793505025 0.4836857065877938 0.831242329200505 0.4759037702252891 0.8313884688505052 0.4692178812377851 0.8398645685505103 0.4692178812377851 0.8486329475505155 0.47151958072528644 0.8500943440505165 0.47491732758778854
28 0.6315221451465601 0.5485216033304651 0.6349413229762655 0.5451879049465025 0.6277610495338845 0.5418542065625399 0.624854748378635 0.5399309190333306 0.6195550227425918 0.539033384853033 0.6164777626958571 0.5404437957077864 0.6234870772467529 0.5478805074873954
28 0.6670815945754947 0.5369818781552099 0.6626366633968779 0.536853658986596 0.6513533765588506 0.5324942072537218 0.6472503631632043 0.5273654405091639 0.6527210476907327 0.5251857146427267 0.6621237867224221 0.5282629746894615 0.6656765867130744 0.5327263012965127
28 0.6695110485525536 0.5409097964189261 0.6667647944180782 0.5316675950048259 0.6637484992709227 0.5213657849142703 0.6671115800126088 0.5140139716940024 0.6801230526814658 0.5100922895110994 0.6986066400241413 0.508177049375263 0.7009170884419755 0.5098186837774085 0.7012818960868966 0.5123723372918569 0.7159958044320528 0.5041641652811295 0.7248727904584692 0.50133690603299 0.7333849688399642 0.5033433480800568 0.7400731089968534 0.5074474340854206 0.7417755446731524 0.5085418570201842 0.7440859930909869 0.5080858474640326 0.7489500950232697 0.5089066646651054 0.7507741332478759 0.5100922895110994 0.7501661205063406 0.5131931544929297 0.7590431065327569 0.5119163277357054 0.7667040670761025 0.5140139716940024 0.7703521435253148 0.5095450780437174 0.7740002199745271 0.5079034436415719 0.7811747703246446 0.511186712445863 0.7883493206747619 0.509089068487566 0.7864036799018487 0.5071738283517295 0.7929702175104307 0.5027049347014445 0.7960102812181076 0.5021577232340626 0.7972263067011783 0.5000600792757657 0.8126698303361767 0.49969527163084443 0.827870148874561 0.50133690603299 0.8303021998407025 0.5080858474640325 0.8351663017729853 0.5063530111506568 0.8366255323526702 0.5089978665763356 0.8357743145145207 0.5129195487592387 0.8317614304203874 0.5151083946287661 0.8318830329686944 0.5205805093025844 0.8261677131982619 0.5217661341485784 0.8165611118820031 0.5234989704619541 0.8164395093336961 0.5260526239764027 0.8135210481743261 0.5313423348277605 0.8097513691768069 0.5340783921646697 0.8137642532709403 0.5371792571465 0.8124266252395625 0.5438369966663124 0.8103593819183423 0.5501299285412035 0.8106025870149565 0.5544164183690278 0.8031848315682248 0.5554196393925612 0.7932134226070446 0.55806449481824 0.7872548977399981 0.5566964661497855 0.7804451550348019 0.5543252164577975 0.7701089384287007 0.5472114673818337 0.770595348621929 0.5417393527080154 0.7731490021363776 0.5369056514128092 0.7664608619794886 0.5396417087497184 0.7558814402767731 0.5450226215123064 0.7550302224386235 0.550859543831046 0.7485852873783486 0.5525011782331913 0.7465180440571284 0.5511331495647368 0.7399515064485463 0.555966850859943 0.734600994323035 0.5586117062856218 0.7292504821975236 0.5579732929070097 0.7153877916905172 0.5602533406877673 0.7110100999514626 0.5607093502439189 0.708456446437014 0.5573348795283976 0.7042003572462664 0.5572436776171672 0.6931345253503228 0.5511331495647368 0.6926481151570943 0.5477586788492155 0.6986066400241411 0.5426513718203183 0.6973906145410704 0.5374528628801909 0.6847439495171347 0.5402801221283304 0.6759885660390254 0.5408273335957122
20 0.5229869509970524 0.33196787187754173 0.518780616598793 0.3319678718775419 0.48903471178103286 0.3283126547601053 0.48836248794334336 0.33335433354277655 0.48701804026796447 0.33801788641674735 0.48147219360702614 0.34016059989938263 0.47239717179821794 0.334236627329744 0.46752354897496917 0.3317157879384084 0.4598011049796136 0.3171215954300185 0.45408720235925293 0.2974590481776008 0.44669274014466853 0.2662006397250394 0.4446760686315999 0.2517058132248597 0.4471969080229355 0.23418597945507724 0.44047466964604065 0.23242139188114233 0.4317357597560772 0.23342972763767658 0.43072742399954295 0.22788388097673823 0.440642725605463 0.22044740477229824 0.44921357953600405 0.21969115295489758 0.45358303448098575 0.22221199234623318 0.4569441536694332 0.2199432368940311 0.47593447708416137 0.21969115295489755 0.505512325942499 0.21603593583746097 0.5325693354095012 0.21527968402006029 0.5577777293228572 0.20696091402865277 0.5947500403957795 0.1941046331328412 0.638276533886174 0.180492100419629 0.6453348841819139 0.17923168072396117 0.6485279474109389 0.19448275904154155 0.6554182417472562 0.21666614568529485 0.6574349132603247 0.22523699961583593 0.6508807308428521 0.2367068188464129 0.6621404801241512 0.2476724701987227 0.6660057671908658 0.2596464573075668 0.6708793900141145 0.269855856842476 0.6786099641475435 0.28611527091659067 0.6902058253476873 0.3072903218038097 0.6737363413242948 0.3091809513473114 0.6480237795326717 0.3091809513473114 0.605841733717656 0.3114497067995134 0.5759277729404736 0.3123320005864808 0.5463499240821359 0.31674346952131816 0.5376110141921725 0.3168695114908849 0.527023488748563 0.3152309658865168 0.5236623695601155 0.31611325967348425 0.5261832089514511 0.3220372322431229
28 0.7658336601158754 0.5691375143481406 0.7642127121241115 0.5619952122594302 0.7567158276622027 0.5575882599068216 0.7490163247013232 0.5601716457686955 0.7534739316786745 0.5691375143481406 0.754892261171468 0.5740003583234328 0.7589446311508782 0.5756719609399396
