30 0.18625267222469802 0.42909619578858627 0.19254323348444383 0.4376550085116293 0.19932887521606715 0.4406546252184572 0.20866902020990216 0.44450743502841406 0.23902449143986618 0.44520794590295176 0.26284186117414565 0.44906075571290877 0.3067405426451705 0.46237046232912377 0.3305579123794499 0.48093400050437096 0.37220477800432766 0.51732728084604 0.38808302449384724 0.5442969495157388 0.3913520752416895 0.5649620203145989 0.37967689399939564 0.5852768356761902 0.3614636112614173 0.5999875640414803 0.34605237202158945 0.6094444608477384 0.3119608427940914 0.6175003359049211 0.2563869800807727 0.6167998250303836 0.2246304871017335 0.6175003359049211 0.18446786362824266 0.6129470152204266 0.15084334165043642 0.6003378194787492 0.12235589941923947 0.5775712160562763 0.10507663118064454 0.5544543571965345 0.09853852968496002 0.534489797272212 0.10040655868372703 0.5099719166633949 0.1158177979235549 0.4879058241154596 0.13963516765783432 0.46654024244206177 0.14990932715105293 0.4598853891339544 0.14150319665660133 0.4486772151413523 0.13636611690999206 0.4374690411487501 0.14523925465413537 0.42696137803068573 0.162985530142422 0.42380907909526644 0.17466071138471587 0.4241593345325352
31 0.33479653648918917 0.4337514410445007 0.30469011871144447 0.4278974153654948 0.2856880864267313 0.4170163442073565 0.26231812332054444 0.4147955483696244 0.2649199125112137 0.4008573919910388 0.24968086153729352 0.38552541997459483 0.2589729657896839 0.3763262367647283 0.2552561240887278 0.3662907641721467 0.2459640198363374 0.3632243697688579 0.23927370477461637 0.3473348714972705 0.2563711765990146 0.3520738446659895 0.2574862291093014 0.3509587921557027 0.249860497500447 0.341812832018897 0.24074802921121005 0.33547646010291793 0.25671267742654164 0.33867524305451885 0.2714172719502368 0.34882348567435595 0.28111431670181225 0.34729195776242483 0.283682849563392 0.3421082283658178 0.29598168350563686 0.3363669727140673 0.3088695453494555 0.33786091061691337 0.3151256439851786 0.33842476075319083 0.32299354381308887 0.329498016789762 0.3393476472972958 0.3325644111930508 0.3415777523178695 0.32726791176918835 0.354586698271216 0.3300555430449055 0.3746576434563792 0.3381396737444851 0.3817196426881959 0.34343617316834757 0.37837448515733535 0.34873267259221 0.385436484389152 0.35096277761278377 0.3984454303424985 0.3568168032917896 0.3980737461724029 0.3701974334152318 0.40179058787335903 0.38329930041110216 0.3927490836815364 0.3925423975111878 0.39018898266146856 0.3996022887826266 0.397171585954359 0.40981341693608475 0.38759117387307607 0.4253426481807965 0.3584330559232122 0.4235509755069764 0.33860427895710465 0.4340341896291535
16 0.34594031574675665 0.713809312645707 0.3324142133538148 0.7224168323503064 0.3264709259387342 0.7239538894404134 0.30392742195049777 0.7213408923872315 0.26826769746001455 0.717037132534932 0.2240004532649319 0.7130407841006536 0.19940753982321938 0.7087370242483538 0.19202966579070557 0.7019739730518828 0.191824724845358 0.6839904050976305 0.19694824847904813 0.6558622603486719 0.19961248076856697 0.6335749325421198 0.20596565007434273 0.6315767583249806 0.2266646855544508 0.6332675211240983 0.27359616203905224 0.6372638695583767 0.3166337605620493 0.6417213351196871 0.33179939051777196 0.6435658036278156 0.34573537480140915 0.6464862120990188 0.35372807166996567 0.6498677376972544 0.35639230395948457 0.6535566747135113 0.3574170086862226 0.6630864286721748 0.35147372127114207 0.6884478706589411
14 0.6123048411380803 0.7521016820908827 0.6397790699919909 0.7530927012694171 0.6636072769800169 0.7521461954190527 0.6863347715240933 0.7532261472413222 0.692851028800722 0.7526277154506115 0.6925850591159616 0.7624021013655544 0.6944468469092842 0.7975100997539212 0.6713074843351333 0.7993053951260536 0.634204713311064 0.799704349653194 0.5985647755531766 0.8005022587074753 0.5952401544936721 0.7917252591103836 0.5932453818579695 0.7747696917069109 0.5920485182765479 0.7600083742027114 0.5915343071681818 0.7567148497595055 0.595116213564609 0.753244776593029
26 0.393194623840104 0.2894112319616636 0.4041640956769326 0.2912394772678017 0.4156210995953982 0.2956272660025332 0.42049642041176655 0.30458566800260994 0.42293408081995065 0.31427536812514195 0.4185462920852192 0.31921163045171486 0.44852951510588446 0.3177490342068044 0.46851833045299446 0.31445819265575575 0.49728272326956746 0.31171582469654857 0.5092272592696698 0.31080170204347957 0.5165402404942222 0.3073280359618171 0.5204404971473169 0.2989181075535818 0.5165402404942222 0.2863032149412288 0.509958557392125 0.26253602596143333 0.49996414971857 0.22798218967542294 0.49582012702465694 0.2111623328589523 0.4882633797592861 0.20732301771606226 0.4785127381265494 0.20293522898133076 0.4648618398407182 0.20439782522624128 0.4331722545343241 0.20732301771606226 0.39660734841156187 0.2107966837977247 0.38368774824818586 0.21225928004263517 0.3792999595134543 0.2155501215936838 0.37418087265626765 0.22194898016516718 0.37418087265626765 0.22743371608358148 0.3771060651460886 0.23748906526734115
23 0.6247146704952311 0.7470561320806799 0.6156429461420829 0.7418138651389018 0.6067199385816094 0.7366831357916294 0.5986892317771833 0.7266447522860966 0.5940790112042719 0.7149333048629752 0.5955661791310175 0.6996526544156642 0.604489186691491 0.6876065942090248 0.619360865958947 0.6781258986760217 0.6410735176894328 0.6721028685727021 0.6556477633715394 0.6696490414935719 0.6913397936134338 0.6752259212188679 0.7006510357826676 0.6813751077963112 0.7161858229256821 0.6931880188529783 0.7394815401656358 0.7178111965756532 0.7416391494910544 0.7250931280489411 0.7284777326060005 0.7325368802216354 0.7122956626653605 0.7396569909955173 0.6943875052643855 0.7466152810699924 0.6762967687187148 0.7513319623887879 0.6662200005443113 0.7511427055459375 0.6436444708070923 0.7513114369859349
20 0.4409545217257609 0.7969325821573578 0.438453304521881 0.7835332042794299 0.4405972049823495 0.782193266491637 0.44345573892964085 0.77415363976488 0.4413118384691724 0.7669179757107989 0.43521179347510464 0.7618886261389913 0.4001947526207858 0.7586727754482887 0.3723240466346953 0.7530450367395588 0.3194411686098058 0.7436654722250091 0.3215850690702743 0.7404496215343063 0.3380216392671994 0.7305340819046396 0.35660210992459296 0.7141868408935674 0.3894752503184434 0.6769365703929273 0.4109142549231283 0.6450460510434585 0.4184179065347679 0.6126195565788723 0.42627887488981914 0.6075277929852597 0.43556911021851596 0.6085997432154939 0.44736056275109265 0.606723830312584 0.46415444969142927 0.6107436436759625 0.4852361375527028 0.6201232081905121 0.5238263458411356 0.636738436759143 0.5466946174194662 0.645314038601017 0.587786042911779 0.6608573169394135 0.606723830312584 0.6659490805330261 0.594575061036596 0.6780085206231614 0.5817116582737849 0.6860481473499184 0.5617019206427457 0.6959636869795851 0.5531263188008717 0.7007874630156392 0.539548282551238 0.7200825671598555 0.5309726807093639 0.7305340819046395 0.5084617258744448 0.7551889372000272 0.503459291466685 0.7632285639267841 0.4927397891643425 0.7830596431861178 0.47951906965812013 0.7857395187617032 0.4713007845596577 0.7932431703733429
11 0.5083249700029708 0.3122196184749119 0.5092294628321575 0.3152722817734173 0.5157870358437617 0.31645942861172494 0.5189527607459155 0.3176465754500326 0.5607855540958041 0.31985127672117536 0.6057840723478466 0.32154720077590054 0.6270396538337358 0.32036005393759287 0.6234216825169886 0.31578105898983483 0.6107587829083737 0.28983342095253906 0.6100804132864837 0.28033624624607784 0.6080453044208134 0.2638857829152433 0.6053318259332531 0.2613418968331554 0.6089497972500002 0.25489738542519963 0.6125677685667473 0.2411604005819254 0.6096281668718903 0.2265754537112886 0.6051057027259563 0.2199613498978602 0.6073669347989233 0.21690868659935486 0.5847546140692538 0.2085986587312013 0.5689259895584852 0.20588518024364094 0.5533234882550132 0.21283846886801436 0.5540018578769033 0.2165695017884098 0.5463136688288156 0.2243707524401458 0.5454091759996288 0.22657545371128854 0.5393038494026181 0.22538830687298086 0.5203094999896957 0.23064567144262907 0.5105862020759379 0.2369205904451124 0.5080988467956742 0.23997325374361775 0.509681709246751 0.25252309174858434 0.5080988467956742 0.2535406461814194 0.5212139928188825 0.2991610032535277 0.5173698982948386 0.30814940074357133
33 0.5595466538678132 0.47720460847980994 0.5662565459632041 0.4815806250637605 0.5615887949403234 0.4857378408185135 0.5586714505510232 0.48989505657326654 0.5513780895777721 0.49164546320684677 0.5435012597266611 0.48770704828129124 0.5435012597266611 0.481799425892958 0.5519615584556322 0.47654820599221737
33 0.5895953010776072 0.5084931270550566 0.5682986870357144 0.4699841811162916 0.5516698240167022 0.4509485089761065 0.549044214066332 0.43650765424906957 0.5440847286045213 0.43235043849431654 0.550211151822052 0.4262240152767857 0.5677152181578543 0.4246924094724031 0.5831771434211465 0.4216291978636377 0.5846358156157966 0.41725318127968714 0.5904705043943973 0.41528397381690935 0.5925126454669076 0.41353356718332906 0.5863862222493768 0.4019371232358601 0.5855110189325866 0.39449789504314414 0.5998060064401586 0.39362269172635395 0.6176018072148908 0.378744235340922 0.626353840382792 0.37655622704894676 0.6348141391117632 0.378744235340922 0.649984329936125 0.36758539305184806 0.6654462551994171 0.36167777066351475 0.6984122467985113 0.36058376651752716 0.7197088608404042 0.3632093764678975 0.717958454206824 0.36999220217302087 0.7360459894204863 0.3719614096357986 0.7547169935120087 0.3780878328533294 0.747423632538758 0.38596466270444046 0.7398385371265769 0.39034067928839106 0.7450897570273175 0.3920910859219713 0.7407137404433669 0.3993115132854898 0.7517996491227084 0.4036875298694403 0.7693037154585107 0.4045627331862304 0.7617186200463297 0.41331476635413156 0.7590930100959593 0.42316080366802034 0.7593847445348894 0.44088367083302027 0.7675533088249304 0.45291771643888423 0.7739714664813914 0.4677961728243162 0.7690119810195807 0.4737037952126495 0.7806813585767821 0.47020298194548893 0.7999358315461648 0.46692096950752604 0.8092713335919259 0.46692096950752604 0.8098548024697859 0.4717345877498717 0.817148163443037 0.4811430234053654 0.7984771593515145 0.4866130441353036 0.7844739062828726 0.49011385740246405 0.7672615743860004 0.4995222930579578 0.7605516822906095 0.5089307287134515 0.757050869023449 0.5113375378346243 0.7439228192715974 0.5117751394930193 0.7372129271762066 0.5176827618813526 0.726710487374725 0.5192143676857355 0.7281691595693752 0.526872396707649 0.7223344707907745 0.528185201682834 0.717083250890034 0.5406568489470932 0.7159163131343136 0.5588173177704882 0.7112485621114331 0.5649437409880189 0.7051221388939023 0.569100956742772 0.696370105726001 0.569538558401167 0.6928692924588407 0.5664753467924016 0.6847007281687997 0.5680069525967844 0.6794495082680589 0.5745709774727102 0.6715726784169479 0.5785093923982656 0.6613619730543967 0.5741333758143151 0.6508595332529151 0.5712889650347471 0.6380232179399935 0.5535660978697474 0.6143927283866605 0.5303732099748094
33 0.7727424960030845 0.38486577020089535 0.7781217950503277 0.37692289895145037 0.7799709290978175 0.37351881127311687 0.7710614650508212 0.37061903288046233 0.7626563102895038 0.36708886788070905 0.7555959802899972 0.3720058834160797 0.762320104099051 0.37906621341558633
