20 0.5968819394666774 0.37265451570224356 0.5977493949339243 0.35840906281115836 0.5993434587489881 0.3403161556632658 0.6021017045784711 0.3048694187462594 0.5996381133158751 0.275306323595107 0.5996381133158751 0.25793800519380494 0.6139269426389321 0.2601552373301414 0.6410264465274885 0.2642201629134248 0.666155077405968 0.277154017042054 0.699167200324755 0.27382816883754935 0.7104997201326968 0.2756758622844964 0.7558297993644638 0.2756758622844964 0.8150372040656935 0.27752355573144344 0.8208686086969992 0.2845447908298421 0.8234837869966395 0.28729399045341747 0.8323310759346476 0.28938940099136673 0.837918837369179 0.2942786922465817 0.8451363625554488 0.3065019203846192 0.8334951929001749 0.31296276954329616 0.8083502664447838 0.3269321731296246 0.8120879951518992 0.34452041594782756 0.8153475226553758 0.36617299150663674 0.8166682874638219 0.37209347396960074 0.791803580632086 0.3719920220751999 0.7321004822872175 0.37303935530484233 0.6528483427466527 0.3727687547492552
30 0.1767063675974751 0.6077573781900908 0.1582396889053008 0.600390352116085 0.1393801021558462 0.5880137483117555 0.12523541209375524 0.5774052307651872 0.11423398648990672 0.5635552217460565 0.10873327368798241 0.5491158506410052 0.10480419311517936 0.532024350149312 0.10637582534430058 0.512575401313937 0.11737725094814913 0.49194772830672095 0.13623683769760375 0.4719094173854254 0.1574538727907402 0.4583540894092549 0.18770779320132366 0.4489242960345276 0.20526775620566112 0.44553589498996365 0.22382076549575194 0.44520276199262443 0.2530492045439351 0.44521572535838433 0.2839702672349983 0.45304983063597076 0.3048181935565508 0.4613562661545948 0.3122168965822421 0.4641049145542806 0.3236088063461436 0.4581952621537241 0.3433804773303232 0.44782605933437863 0.36386414267474665 0.4411769774420409 0.37707537311364364 0.44250213317390175 0.39050564491826334 0.44926012977479407 0.40270959397964906 0.46113843673748556 0.4049456219976213 0.46782503548128845 0.4008450986304883 0.4818571749889837 0.38893643658636934 0.4932014861814924 0.37454405807840424 0.5066460815261877 0.3806256493259533 0.5149328496576188 0.3924128910443624 0.5358552037077949 0.39791360384628677 0.548821169598045 0.39477033938804434 0.5641445838319769 0.3837689137841957 0.5871297051828747 0.3605873384046578 0.601569076287926 0.3405490274833622 0.610704188619693 0.31579581987470295 0.6139456800922556 0.274540473860271 0.6157137663500168 0.2254269667002329 0.6165978094788975 0.1928155979459676 0.613356318006335
26 0.43122135612527274 0.8082610445532158 0.42318262725551237 0.7877622859353268 0.4159477712727281 0.7633446469934296 0.41434002549877597 0.747970578030013 0.41876132637714414 0.7425444360429247 0.4328291018992248 0.7377211987210682 0.4878943946570835 0.7322950567339801 0.5361832156130181 0.7280073832676751 0.5550742284569551 0.7271030262698271 0.5611032751092754 0.7280073832676751 0.5715536226399639 0.7343378822526115 0.575572987074844 0.7515206652117243 0.5816020337271643 0.7762397564862376 0.5884349532664607 0.7952312534410467 0.5868272074925086 0.7994515860976708 0.5807981608401883 0.8015617524259828 0.5542703555699791 0.8048777280847591 0.5032244272470004 0.8100024177392313 0.45941335490680635 0.8151271073937035 0.4473552616021658 0.8157300120589355 0.4369049140714773 0.8133183933980075
13 0.3858009863349471 0.2825962975906851 0.3848363576934364 0.285038013839509 0.3876096650377796 0.28874580518031573 0.38845371509910154 0.2927248983265473 0.39170933676420006 0.2930866340671138 0.3959295870708093 0.2948048788348047 0.3999086802170409 0.2940814073536717 0.4001498373774185 0.289650144531732 0.3971353728726977 0.2861232210612086 0.3970147942925088 0.2832293351366765 0.3947238012689209 0.28196326004469374
13 0.47891024467821564 0.2322019173885871 0.479864090808695 0.23476537886425056 0.4774794754824964 0.23619614805996966 0.4785128087905158 0.2381634557040835 0.4773999883049565 0.24174037869338139 0.48057947540655455 0.24317114788910055 0.48455383428355225 0.24019037873135235 0.4886871675156298 0.23619614805996966 0.4865410137220511 0.23369230196746116 0.481692295892114 0.23261922507067184
13 0.42969347171732253 0.2612902689619349 0.4307971432389976 0.26276840046417826 0.4298511390775618 0.2635961541054345 0.4256729540312207 0.26377352988570374 0.4250422845902635 0.2623545236435501 0.41920859226140983 0.2625910246839091 0.4179472533794955 0.2668480434103699 0.4175530849788973 0.2713415631771896 0.41553232791064637 0.27676534248004203 0.41316731750705704 0.28202749062802834 0.4112753091841856 0.2840377494710793 0.41182714494502304 0.2870531377356557 0.41466515742933024 0.2880582671571812 0.4206565171184232 0.2883538934576298 0.42507120320512326 0.28811739241727086 0.427593880968952 0.2900685260002321 0.427120878888234 0.29373429212579555 0.427120878888234 0.29763655929171795 0.4281457167297894 0.3007110728163841 0.43035305977313953 0.30313520848006315 0.4327969038568485 0.30260308113925555 0.4327969038568485 0.3045542147222167 0.43602908474175395 0.3092842355293953 0.4391824319465398 0.31159012067289504 0.44004960242785585 0.31318650269531784 0.4399707687477363 0.3154332625787276 0.43870942986582195 0.3170887698612402 0.44399128643383806 0.3174435214217786 0.45557983741142577 0.31821214980294515 0.4583390162156134 0.31702964460115046 0.45999452349812586 0.3146055089374714 0.46267486862219376 0.31537413731863795 0.4633843717432706 0.316911394080971 0.4632267043830314 0.3196902813051885 0.4632267043830314 0.32105016228725236 0.4663012179076975 0.3234151726908417 0.4692968977522441 0.32436117685227733 0.4722137439166708 0.32447942737245683 0.474184585919662 0.3237107989912903 0.4759977605624137 0.3254254315338926 0.4785204383262423 0.3276130661572128 0.481043116090071 0.32938682395990476 0.48522130113641215 0.32885469661909716 0.48679797473880504 0.3258984336146105 0.48798047994059973 0.32495242945317476 0.4923951660272998 0.32483417893299527 0.4923951660272998 0.32666706199577705 0.49539084587184634 0.3273765651168538 0.4977558562754357 0.32849994505855873 0.5030377128434518 0.3282634440181999 0.506979396849434 0.3256028073141618 0.5093444072530234 0.32004503286572683 0.5132860912590056 0.31082149229172845 0.520302288789654 0.2976365592917179 0.5219577960721666 0.2921970353634625 0.5197504530288165 0.2803719833455157 0.5173066089451075 0.2730404510943888 0.51234008709757 0.2671870503455052 0.5080830683711092 0.26346215895985203 0.5024858770826144 0.2619840274576087 0.5041413843651269 0.2607423969957243 0.50343188124405 0.2598555180943783 0.5006727024398625 0.2593825160136604 0.4988595277971106 0.2602693949150064 0.4915279955459838 0.25902776445312203 0.4913703281857444 0.2567218793096224 0.4862461389779675 0.2541794931257639 0.48143728449066925 0.25459336994639203 0.47355391647870476 0.25181448272217455 0.4707947376745172 0.25134148064145667 0.463069037022792 0.2487399691975084 0.45810251517525447 0.24743921347553427 0.45542217005118657 0.24548807989257304 0.4517169870855632 0.24466032625131684 0.4481694714801792 0.24400994839032975 0.44572562739647026 0.24235444110781723 0.4443066211543167 0.2446012009912271 0.43863059618570227 0.24915384601813653 0.43705392258330933 0.24803046607643162 0.43397940905864324 0.2516962322019951 0.43224506809601104 0.2529378626638795 0.43295457121708786 0.25459336994639203 0.4315355649749343 0.2566627540495327
14 0.21718267428079255 0.43943762857256835 0.21869209152688301 0.44412564456070686 0.22825025464813734 0.4445550776692572 0.24421034904370914 0.4442991219960735 0.25397666471078106 0.4445165329089105 0.26611303820730914 0.4475105148120845 0.2841894621390233 0.45262599077566124 0.29338558212630017 0.45595341452704846 0.2987314277752953 0.45613208418818196 0.2960852787375618 0.4441279181063427 0.2901692075163546 0.42574583966902024 0.2868825012823506 0.4196184801899128 0.28406532451034716 0.419829768447813 0.2730783350995338 0.42271737463911646 0.2587107335623161 0.4260979867655207 0.2411503316834947 0.4317323403095275
11 0.31520348973439827 0.46118839837059994 0.305716406812417 0.4585746102186255 0.305716406812417 0.4527661921031267 0.30397388137776743 0.44521524855297834 0.30668447649833347 0.4396972513432546 0.3041674953149507 0.4366478318326177 0.30649086256115016 0.4314202555286688 0.31249289461383223 0.42851604647091945 0.3169460151690479 0.4301133614526816 0.3184949266665143 0.4289516778295819 0.31791408485496436 0.4234336806198581 0.3272075538397623 0.40963868759554856 0.3256586423422961 0.4071701098964616 0.33185428833216135 0.4042659008387123 0.3368882506989269 0.40484674265026205 0.34114775731695934 0.4023781649511751 0.34211582700287585 0.3996191663463132 0.3500539984273907 0.39439159004236435 0.36960900608290315 0.39134217053172754 0.38722787436658274 0.3894544346441904 0.39961916634631334 0.3895996450970778 0.42091669943647536 0.39410116913658944 0.42962932660972347 0.39729579910011364 0.4453120555215701 0.40557279491469944 0.4524757711973519 0.41123600257731063 0.46099478443341674 0.41733484159858436 0.4677712722348319 0.4241597328842953 0.4745477600362471 0.4347600959450806 0.4776455830311798 0.44274667085389136 0.4760966715337134 0.45116887712136455 0.4702882534182147 0.463076134258137 0.4640926074283494 0.4669968164860986 0.4522821572601686 0.47062707780828533 0.4447312137100202 0.47106270916694776 0.43892279559452146 0.4739669182246971 0.4278868011750739 0.4748381809420219 0.42207838305957507 0.4733860764131472 0.4048467426502622 0.4751286018477968 0.4065892680849118 0.4690297628265232 0.40562119839899535 0.46627076422166136 0.40387867296434576 0.46060755655905006 0.3911001531102485 0.4481194576107278 0.3787088611305179 0.4410041454192417 0.36283251828148805 0.4396972513432546 0.34230944094005905 0.44623172172319064
16 0.21758283024304334 0.4388140917727852 0.21063570723929395 0.44056465999643557 0.19259832058413803 0.43108920974496523 0.16501262362547248 0.4150393496962871 0.14210813584767132 0.40137189074858454 0.1414393916789764 0.3963563094833726 0.13792848479332803 0.3946008560405484 0.1324113454015949 0.3946008560405484 0.12555671767247192 0.39046300149674856 0.1285660664315991 0.3878298213325123 0.1469565310707095 0.38344118772545194 0.17002820489068438 0.38080800756121563 0.18925459974066347 0.3788017750551308 0.19962013435543477 0.37804943786534906 0.1897561578671846 0.360369513905477 0.17587971636676497 0.34043257837625956 0.17170006531242174 0.33102836350398734 0.17303755364981155 0.32551122411225414 0.17855469304154464 0.3196179161256301 0.19025771599370583 0.3157308406450908 0.21115597126542218 0.30958675359520627 0.23138548236844364 0.30457117232999437 0.25428997014624477 0.2991794224698915 0.2679992256044907 0.29529234698935225 0.2748538533336137 0.29441462026794013 0.28187566710491035 0.29554312605261285 0.28705843441229606 0.30319188748206105 0.29692241090054616 0.3209972009735634 0.3104644803166184 0.34268958994560494 0.3245081078592118 0.36701515908188287 0.3343720843474619 0.3833157981938216 0.3352080145583305 0.3865759260162093 0.33353615413659327 0.3920930654079424 0.3266815264074702 0.3979863733945665 0.3270158984918177 0.40312734419140867 0.32434092181703805 0.40651286154542676 0.31748629408791507 0.409146041709663 0.2975911550692411 0.4144124020381355 0.2756897835444823 0.4204310995563898 0.2649567011773135 0.42370003688120306 0.23957759843495652 0.43142966136247357 0.22096856148999097 0.4374126419033456
33 0.5431196495178662 0.5388920698283955 0.5341671278225167 0.5372756423000685 0.5293592920972365 0.5336697655061083 0.5335039780673058 0.5303125698703524 0.5389749635477971 0.524965924968963 0.5456064610999077 0.5224791133869215 0.552569533529624 0.5272040553928005 0.5490879973147659 0.5309342727658627
33 0.6280407826547149 0.5015249590576535 0.6237185046619843 0.4988350307323904 0.6219712007925827 0.5048356400733619 0.6210515671771082 0.5077324859621067 0.6159016189304507 0.5084222111737127 0.6064064060439223 0.5076377557419549 0.6000609340971478 0.5039132395992829 0.5976698866969139 0.49929208068152325 0.5927958285348988 0.49949899824500504 0.5876458802882413 0.49867132799107794 0.5823120053184888 0.4950847568907272 0.5768861669871889 0.4879805872111862 0.5777138372411161 0.4789451869391488 0.570632658401962 0.4739791654155861 0.561344358885669 0.4645989025377456 0.5588613481238877 0.45921904588721946 0.550032865415332 0.45508069461758394 0.5458945141456963 0.45080439830562724 0.5399168956451118 0.4488041951919701 0.5366981779909509 0.44432098131653164 0.5367901413524983 0.43576838869261825 0.5375258482448779 0.4288711365765591 0.5397329689220168 0.4272157960687049 0.5470900378458133 0.4277675762379897 0.5526998029002081 0.4296988068304862 0.5604247252701945 0.4319749000287858 0.5713683652943418 0.43632016886190306 0.583967345826343 0.44273461332983804 0.5888414039883582 0.44680399207831295 0.596658289719892 0.4539771342790145 0.6030037616666664 0.46266767194524905 0.6071421129363018 0.46749574842649044 0.6095331603365357 0.4683234186804175 0.6161545223679525 0.4727376600346954 0.6195571667452083 0.47811751668522157 0.6198330568298508 0.4831525107299448 0.6179937895989016 0.4870839444360986 0.6173500460680695 0.48963592771904046 0.6189134232143763 0.49156715831153697 0.625718711968888 0.4913602407480553 0.6306847334924506 0.4912912682268946 0.6345471946774436 0.4932914713405518 0.6392373261163639 0.49453297672144236 0.6453988713400434 0.4953606469753694 0.6421801536858824 0.4908084605787705 0.6452149446169486 0.48729086199958016 0.6518363066483651 0.48529065888592304 0.6602969359107311 0.48501476880128075 0.6695852354270242 0.48453196115315655 0.6656308108804836 0.4815661427432511 0.6548710975794313 0.4812212801374482 0.648341698909562 0.48080744501048467 0.6396971429241012 0.4745999181060314 0.6328918541695894 0.46715088582068753 0.6311445503001878 0.46377123228381856 0.6324320373618522 0.4582534305909711 0.6329838175311369 0.4527356288981238 0.6193732400221135 0.4474247447687582 0.6103608305904628 0.4421138606393927 0.6154188154755729 0.4383893444967208 0.6225919576762744 0.4352855810444942 0.6335355977004216 0.4316990099441434 0.6279258326460267 0.42949188926700443 0.6225919576762743 0.43094031221137685 0.6188214598528288 0.42894010909771974 0.6143152551370035 0.429560861788165 0.6060385525977325 0.4253535379973689 0.6052108823438053 0.42162902185469714 0.614407218498551 0.417076835458098 0.6233276645686541 0.4127315666249807 0.6326159640849471 0.41114519863828713 0.6467783217632552 0.412179786455696 0.6476059920171824 0.4141799895693531 0.6546871708563364 0.41673197285229496 0.6575380350643075 0.41838731336014917 0.6574460717027601 0.4197667637833609 0.6493532958865841 0.42356025244719353 0.6509166730328908 0.4271468235475443 0.6549630609409789 0.42900908161888035 0.6583657053182347 0.43445791079056706 0.6640674337341769 0.43521660852333355 0.6698611255116667 0.43521660852333355 0.6726200263580903 0.4377685918062754 0.6758387440122513 0.44107927282198384 0.6788735349433174 0.4385272895390419 0.6851270435285443 0.43473380087520946 0.6859547137824713 0.4310782572536981 0.692943929260078 0.4279744938014714 0.6948751598525746 0.4282503838861138 0.6996572546530422 0.4252155929550478 0.7076580671076708 0.42287052723558766 0.7118883817388537 0.42500867539156595 0.7192454506626502 0.42831935640727437 0.7244873622708553 0.43100928473253736 0.727246263117279 0.43073339464789506 0.7228320217630011 0.4259742906878142 0.7209007911705047 0.4217669668970182 0.7209927545320519 0.41666300033113435 0.7219123881475266 0.4119728688922141 0.7279819700096586 0.4056963694666003 0.7346033320410753 0.4035582213106219 0.7460987522345073 0.40293746862017665 0.7535477845198513 0.4040410289587461 0.7635717909285239 0.40673095728400915 0.7688137025367286 0.40955883065159343 0.7760788080989777 0.4159732751195285 0.7769064783529049 0.41790450571202503 0.7778261119683795 0.42369819748951476 0.7754350645681456 0.4271468235475443 0.7701931529599406 0.4314920923806616 0.7647673146286407 0.43411304818476404 0.7688137025367286 0.4350786634810124 0.7759868447374303 0.4365270864253848 0.7805850128148031 0.4390790697083267 0.7840796205536065 0.4425276957663563 0.7884938619078842 0.4479075524168824 0.7892295688002641 0.45108028839026965 0.78720637484622 0.4568739801677594 0.7852751442537235 0.46156411160667965 0.7820564265995624 0.4641160948896216 0.7765386249067151 0.46715088582068753 0.7817805365149201 0.46942697901898717 0.7863787045922928 0.4715651271749655 0.7911607993927603 0.475013753232995 0.7960348575547757 0.473841220373265 0.8040356700094045 0.47377224785210426 0.8087258014483245 0.4736343028097831 0.8124043359102228 0.47728984643129435 0.8101052518715364 0.48308353820878414 0.8133239695256972 0.48363531837806895 0.8124962992717701 0.49239482856546407 0.8107489954023684 0.49398119655215766 0.8063347540480906 0.4939122240309971 0.8061508273249958 0.49929208068152314 0.8048633402633313 0.502188926570268 0.8041276333709517 0.502878651781874 0.799345538570484 0.5024648166549104 0.7920804330082349 0.5010853662316986 0.7887697519925267 0.4990851631180415 0.789229568800264 0.49777468521599016 0.7851831808921759 0.49798160277947195 0.7849992541690809 0.49936105320268376 0.7907009825850231 0.5023268716125893 0.7941036269622791 0.5071549480938308 0.7991616118473892 0.5091551512074879 0.8018285493322653 0.5143970628156928 0.8021044394169078 0.5193630843392554 0.8010008790783383 0.5255706112437086 0.7970464545317977 0.5279846494843293 0.7895054588849064 0.5316401931058408 0.7901492024157385 0.5343301214311039 0.789229568800264 0.5371579947986881 0.7824242800457523 0.5355716268119944 0.7749752477604084 0.5361234069812792 0.7629280473976917 0.5372959398410092 0.7553870517508002 0.5372959398410092 0.7556629418354427 0.5392271704335059 0.7557549051969901 0.5417791537164477 0.7541915280506833 0.5461933950707255 0.7506969203118801 0.5522629769328576 0.7512487004811648 0.5550908503004419 0.7495933599733106 0.556608245765975 0.7489496164424785 0.5620570749376617 0.7452710819805801 0.5661264536861366 0.7482139095500987 0.5677128216728303 0.7501451401425954 0.5721270630271081 0.7539156379660409 0.5761274692544224 0.7586057694049613 0.5825419137223574 0.7573182823432968 0.5850938970052993 0.7560307952816325 0.5950259400524246 0.7541915280506835 0.6015783295626806 0.7523522608197343 0.6086824992422216 0.7533638577967562 0.6158556414429233 0.7532718944352088 0.6233046737282673 0.7531799310736615 0.6266153547439756 0.7469264224884342 0.6317882938310199 0.7438916315573683 0.636823287875743 0.740397023818565 0.6399270513279697 0.7360747458258347 0.6399960238491302 0.7325801380870313 0.6407547215818967 0.7231998752091908 0.6400649963702908 0.7166704765393213 0.6369612329180642 0.7116124916542116 0.6324090465214652 0.7137276489698029 0.6276499425613844 0.7163945864546792 0.6208906354876464 0.7156588795622995 0.6181317346412227 0.7136356856082555 0.6185455697681863 0.7091294808924302 0.6185455697681863 0.707658067107671 0.6195801575855951 0.7065545067691015 0.6229598111224642 0.703243825753393 0.6270291898709391 0.703243825753393 0.6288224754211145 0.7023241921379184 0.6324780190426258 0.7003009981838744 0.6335126068600347 0.7013125951608964 0.6358576725794949 0.7014965218839913 0.6384786283835973 0.697358170614356 0.641582391835824 0.6907368085829391 0.6433067048648387 0.6861386405055662 0.6399960238491302 0.6814485090666461 0.6390993810740425 0.6748271470352293 0.6388924635105608 0.6706887957655937 0.6364094527487795 0.6707807591271411 0.6442723201610869 0.6688495285346447 0.6482037538672407 0.6633317268417973 0.6504798470655402 0.6522041600945552 0.6517213524464309 0.6359266451006554 0.650134984459737 0.633627561061969 0.6482037538672407 0.6364784252699401 0.6438584850341234 0.6401569597318384 0.6424100620897509 0.6421801536858824 0.6385476009047577 0.6339034511466114 0.6397201337644879 0.6233276645686542 0.6406857490607362 0.6162464857295 0.6402719139337727 0.6074180030209442 0.6365473977911006 0.600520750904885 0.6302019258443262 0.5985895203123884 0.627374052476742 0.6002448608202426 0.6226149485166611 0.5887494406268108 0.6144072184985508 0.5785415074950432 0.6071651037766886 0.5733720240346316 0.599738722759996 0.5724122812895152 0.5937746071296292 0.5780393447730221 0.589110662868473 0.5791361936245838 0.5856144571541201 0.575434328750563 0.5803701485825907 0.5755714348570082 0.5763597949690682 0.5784506630923577 0.5712183159773727 0.5802330424761455 0.5684419173218571 0.5721437821958778 0.5621693129519886 0.565836901299398 0.551269377489594 0.5632318852769389 0.5424260336238776 0.5545942005708905 0.5391354870691925 0.5532231395064383 0.5376958729515178 0.5580218532320209 0.5345081559766666 0.5695387661734188 0.5333770305984935 0.5796846180503646 0.5334798601783274 0.5987423668462494 0.5330685418589918 0.597234199675352 0.5313204390018152 0.5958631386108999 0.5275157445479607 0.6020329134009346 0.527104426228625 0.6120416591714352 0.5315260981614832 0.6271233308804087 0.5311147798421475 0.6448100186118413 0.5310119502623136 0.663730661301281 0.5297779953043067 0.6635935551948358 0.5278242332874624 0.6604401147465958 0.5258704712706181 0.6559156132339037 0.5262817895899538 0.6493345201245336 0.5230940726151024 0.6453584430376221 0.5204205035394209 0.6404226232055943 0.5190837190015799 0.6424792148022727 0.5159988316065627 0.6389144560346971 0.5102403751358637 0.634389954522005 0.5079781243795177
33 0.781779520752205 0.6148240830135426 0.7765199313769332 0.619535798495557 0.7636631573484911 0.6194262237169055 0.761179462365724 0.617125153365224 0.758987966792694 0.6100027927528768 0.7579652688586134 0.6044144790416506 0.7598645650219059 0.5921421038326831 0.7679000487896823 0.5804176025169729 0.7790036263597006 0.5715420454462018 0.7806107231132559 0.5680356525293538 0.7937596965514353 0.5648579839484605 0.8015029809094742 0.5702271481023838 0.8012107814997368 0.5755963122563071 0.8031100776630297 0.5778973826079885 0.7994575850413131 0.5823899485326999 0.7950745938952533 0.5850197432203358 0.7877696086518202 0.592580402947289 0.7857242127836589 0.6015655347967116 0.7842632157349724 0.6061676755000744 0.783971016325235 0.6104410918674827
