26 0.43308871835745577 0.32032123695919024 0.445362781628094 0.3215909676423598 0.46652495968091856 0.3168294775804742 0.4957287653938164 0.3098459588230421 0.4965752525159294 0.305401901431949 0.5147747256413585 0.2844513451596527 0.5321277116446747 0.2822293164641061 0.5329741987667876 0.2774678264022206 0.5283185195951662 0.2673099809368648 0.5287417631562227 0.24921631870169983 0.5249325711067142 0.22509143572147983 0.5248220157100486 0.2174413794927721 0.5222825543437096 0.20887069738137815 0.49773442780243315 0.19998258259919185 0.4600657508684055 0.21109272607692472 0.42832248378916865 0.20664866868583157 0.3872678583666891 0.20093488061156897 0.3733008208518249 0.20283947663632315 0.36356621894752555 0.20855326471058577 0.3559478348485088 0.23743963775269125 0.33817160528413615 0.2990215758864107 0.3779565000234463 0.301878469923542 0.3855748841224631 0.30156103725274963 0.3936165117825364 0.29965644122799545 0.4033511136868357 0.3002913065695802 0.4207040996901518 0.30346563327750387 0.43340140652184656 0.31235374805969013
11 0.5344438164803644 0.28515014622417006 0.5338152026741889 0.2806712728551691 0.5331865888680133 0.2761923994861681 0.5294438279829601 0.26673313800565085 0.5309641394160435 0.24552709258921074 0.5368420939039367 0.23750258746674607 0.5490467489638927 0.22871523582357764 0.5651568936430348 0.22786090996938071 0.5666214522502295 0.22590816515978776 0.5754088038933979 0.2273727237669825 0.5744324314886016 0.23323095819576145 0.5771988199688581 0.23579393575835222 0.5811043095880442 0.23591598230895175 0.5833825118659026 0.24030965813053598 0.5866370865485576 0.23847895987154255 0.5872880014850885 0.23384119094875921 0.5946107945210621 0.22847114272237853 0.6084427369223459 0.22810500307057985 0.6159282586924523 0.22480974620439173 0.6265056264110808 0.226396351362186 0.6279701850182756 0.22908137547537635 0.6330147757763909 0.22749477031758208 0.644568515899816 0.22053811693340708 0.6562849847573737 0.221392442787604 0.6662114375394714 0.2239554203501948 0.6671878099442679 0.2271286306657834 0.6663741662736041 0.2327427719933632 0.6660487088053386 0.23969942537753816 0.6653977938688077 0.2450694736039189 0.6658237544142558 0.24804394791910384 0.6693770010511134 0.24804394791910384 0.6723835943592238 0.2521438478847089 0.669650327715487 0.2541937978675114 0.6764834943248288 0.25603875285203365 0.6797634142973128 0.26259859279700165 0.6860499275779071 0.2662885027660462 0.6887831942216439 0.27346332770585496 0.6844099675916653 0.2785882026628613 0.6885098675572704 0.2835080826215873 0.6671903877361242 0.2804331576473835 0.6461442345793516 0.2814581326387848 0.6231847947719634 0.2896579325699948 0.600498681628949 0.2865830075957911 0.5616862952878882 0.2865830075957911
20 0.4273467614035022 0.7633140557409361 0.4321960863555986 0.7678602978835266 0.4273467614035022 0.7810444000970388 0.4255282645464659 0.7969562475961054 0.4606858704491653 0.7960469991675871 0.4637166985442257 0.7883183875251837 0.4843263295906357 0.783317521168334 0.4916003170187804 0.7655871768122314 0.527970254159504 0.7360366028853934 0.5376689040636969 0.7146692648152182 0.5497922164439383 0.6964842962448565 0.560156847708501 0.6885406882238361 0.579966082121622 0.6806329696476306 0.6023313467815974 0.6782366912912046 0.6064848959327356 0.6734441345783528 0.5726174951619158 0.6626608819744362 0.5399613896479758 0.6453177613855022 0.4901187998343164 0.6220738613281708 0.4798946788468992 0.6182398159578892 0.4709485729829089 0.6115302365598967 0.4520978499123583 0.6076961911896152 0.42941308147152624 0.6076961911896152 0.4249400285395311 0.6134472592450374 0.41599392267554103 0.6400459490013652 0.41247938108611637 0.6493914345914262 0.3936286580155658 0.6709579397992598 0.3546491967510373 0.7097776491733597 0.31119668255451377 0.7375744781079004 0.3252548489122125 0.7406896399712543 0.36615133286188173 0.750754009068243 0.39714319960499045 0.7574635884662357
16 0.25890176172796525 0.7202267155405364 0.2109199680486512 0.7184773793126448 0.19792489892717033 0.7149787068568614 0.19326000231945922 0.7037329739632721 0.19359320922001003 0.6712453011595698 0.19192717471725607 0.6415065852854118 0.19759169202661953 0.6387576283558678 0.2219157957668273 0.6390075335312809 0.2788941757610127 0.6407568697591725 0.33220727984913945 0.6430060163378905 0.3448691420700695 0.6462547836182605 0.35086686627998376 0.6535020337052404 0.35086686627998376 0.6702456804579177 0.34953403867778055 0.6992346808058365 0.3492008317772299 0.7117299395764912 0.3308744522469363 0.7224758621192542 0.29022321037973964 0.7209764310667757
30 0.18625267222469802 0.42909619578858627 0.18718668672408156 0.43820283715757546 0.19932887521606715 0.4406546252184572 0.20866902020990216 0.44450743502841406 0.23902449143986618 0.44520794590295176 0.26284186117414565 0.44906075571290877 0.3067405426451705 0.46237046232912377 0.3305579123794499 0.48093400050437096 0.37220477800432766 0.51732728084604 0.38808302449384724 0.5442969495157388 0.3913520752416895 0.5649620203145989 0.37967689399939564 0.5852768356761902 0.3614636112614173 0.5999875640414803 0.34605237202158945 0.6094444608477384 0.3119608427940914 0.6175003359049211 0.2563869800807727 0.6167998250303836 0.2246304871017335 0.6175003359049211 0.18446786362824266 0.6129470152204266 0.15084334165043642 0.6003378194787492 0.12235589941923947 0.5775712160562763 0.10507663118064454 0.5544543571965345 0.09853852968496002 0.534489797272212 0.10040655868372703 0.5099719166633949 0.1158177979235549 0.4879058241154596 0.13963516765783432 0.46654024244206177 0.14990932715105293 0.4598853891339544 0.14150319665660133 0.4486772151413523 0.13636611690999206 0.4374690411487501 0.14523925465413537 0.42696137803068573 0.162985530142422 0.42380907909526644 0.17466071138471587 0.4241593345325352
31 0.33479653648918917 0.4337514410445007 0.30469011871144447 0.4278974153654948 0.27346864842341284 0.4223221528140606 0.26231812332054444 0.4147955483696244 0.2649199125112137 0.4008573919910388 0.24968086153729352 0.38552541997459483 0.2589729657896839 0.3763262367647283 0.2552561240887278 0.3662907641721467 0.2459640198363374 0.3632243697688579 0.23927370477461637 0.3473348714972705 0.2563711765990146 0.3520738446659895 0.2574862291093014 0.3509587921557027 0.2533977032382497 0.3403657933079776 0.24782244068681547 0.3345117676289717 0.2583204982164519 0.3367458581066265 0.2791348117418063 0.3476176200819232 0.27950649591190196 0.3523565932506423 0.2914003893549616 0.34789638320949495 0.2943738627157265 0.34287864691320413 0.3088695453494555 0.33786091061691337 0.321878491302802 0.342042357530489 0.32299354381308887 0.329498016789762 0.3393476472972958 0.3325644111930508 0.3415777523178695 0.32726791176918835 0.354586698271216 0.3300555430449055 0.3746576434563792 0.3381396737444851 0.3817196426881959 0.34343617316834757 0.37837448515733535 0.34873267259221 0.385436484389152 0.35096277761278377 0.3984454303424985 0.3568168032917896 0.3980737461724029 0.3701974334152318 0.40179058787335903 0.38329930041110216 0.3943569044714468 0.39640116740697257 0.38729490523963006 0.4022551930859785 0.39138343111068186 0.42790140082257594 0.37279922260590115 0.4393306890530162 0.3616486975030327 0.43319790024643845 0.33860427895710465 0.4340341896291535
21 0.528015494792455 0.7392183459563523 0.5273639130357849 0.7458970589622228 0.5330109549269274 0.7493178631847419 0.5581883715475436 0.7546945696633568 0.5849032235710253 0.7603959100342217 0.5922878168132886 0.7612103872300596 0.602495931001123 0.7626764461825677 0.6107492999189466 0.7625135507434002 0.621174608025671 0.7613732826692273 0.6385501215368787 0.7571380012508704 0.6563600228858665 0.7476900657791512 0.667002524911481 0.7353100124024159 0.6691744641003821 0.7261878678090319 0.6696088519381622 0.7175544095331506 0.6661337492359207 0.7082693695005989 0.6587491559936577 0.6989843294680476 0.646151908698032 0.6900250803138311 0.6294279769434948 0.6830205764296253 0.6111836877567267 0.679436876767939 0.5977176647855409 0.679436876767939 0.5801249573554433 0.6817174129162847 0.5620978620875653 0.6893734985571608 0.5512999567316496 0.6968836039324953 0.5414644397930064 0.7113643828447829 0.5364689796585342 0.7209752137556698 0.5301703560107215 0.7354729078415834
14 0.5872635973796563 0.7628574641685271 0.5949033183992514 0.8014380553174818 0.6053442704593646 0.8016290483429718 0.6443068476592991 0.7985731599351338 0.6919040670079885 0.7947219790633713 0.6893574933347901 0.7746677113869341 0.6863016049269521 0.7490746459712913 0.6514135456041349 0.7517485483281493 0.6391899919727829 0.7582423111948051 0.6259478088721515 0.7611072065771531 0.6068485063231639 0.7637811089340114
33 0.6363233595117528 0.5965906613578044 0.6054565133920587 0.5960459523086333 0.5676564712535566 0.586056242809189 0.527108260838484 0.5778973380546922 0.49687547662679493 0.5669481631611962 0.5015471245813532 0.5553420377740904 0.5240294303626649 0.5393562424295862 0.5216936063853858 0.5351955559700577 0.5082626185160307 0.534538605476448 0.5080417150582142 0.5281881968622467 0.5153411649872115 0.5242464939005882 0.5115454510241328 0.5102315500369133 0.5077497370610543 0.4990633916455474 0.5159251209815313 0.4778219923521652 0.5200128129417698 0.4659968834671895 0.5255603948878078 0.4624931475012708 0.5165090769758511 0.45023007162055534 0.5217646809247292 0.4335873257824413 0.5261443508821276 0.4145357614677583 0.5296480868480463 0.3921994446850265 0.5264363288792875 0.3696441444044247 0.5319839108253255 0.3670163424299857 0.5462908326861602 0.36876821041294505 0.5506705026435585 0.37358584736608336 0.5541742386094773 0.3696441444044247 0.5801602803567079 0.37008211140016456 0.5857078623027459 0.37621364934052237 0.5848319283112662 0.3884767252212378 0.5859998402999057 0.3908855436978069 0.5979709381834613 0.3952652136552054 0.5968030261948216 0.40490048756148184 0.5956351142061821 0.4119079594933194 0.607022256095418 0.4191344149230266 0.6102340140641768 0.42701782084634377 0.6157815960102148 0.4320544412973518 0.6321323638511688 0.43709106174836004 0.6327163198454886 0.4447554841738072 0.642351593751765 0.45351482408860405 0.645271373723364 0.4585514445396122 0.650526977672242 0.4697196029309781 0.658994339589879 0.475413173875596 0.6677536795046758 0.48154471181595376 0.6849803813371095 0.48899015074353097 0.686148293325749 0.49577863917749854 0.688776095300188 0.49950135864128725 0.6984113692064643 0.5016911936199864 0.7060027971326217 0.5043189955944254 0.7004552151865837 0.5093556160454336 0.7089225771042206 0.5128593520113524 0.7120493887771495 0.5282091547693721 0.7121343350729795 0.5286261638579866 0.7144701590502585 0.5422031407259216 0.7100904890928601 0.5448309427003606 0.7004552151865837 0.5448309427003606 0.6966595012235051 0.5516194311343282 0.6806007113797109 0.557313002078946 0.6886933246486207 0.5643614071841289 0.6896520292916678 0.5651964080022632 0.69024080255089 0.5665260897469284 0.6935651862077156 0.5740338564321351 0.706793949977345 0.5772229334123136 0.7152981552578211 0.5850184549194167 0.7105735967686677 0.5913966088797737 0.6973448329990383 0.5956487115200116 0.677501687344594 0.5935226601998927 0.6680525703662873 0.5878531900129087 0.6642729235749646 0.5967117371800712
34 0.7105904034753919 0.5123545044926046 0.7113747195940182 0.5019623159208065 0.7035315584077556 0.5025505530097764 0.6896753069786916 0.49902113047595814 0.6875837973290218 0.49549170794214 0.6873223586228129 0.4878446257855339 0.6695445266006178 0.4811779387772107 0.6515052558722136 0.46882495990884704 0.6434006559797423 0.4537268746252916 0.6452307269232036 0.4478445037355946 0.6415705850362811 0.43490328777826126 0.6350346173810621 0.4372562361341401 0.629805843256887 0.43549152486723103 0.6162110305340319 0.43156994427409967 0.6109822564098568 0.4258836524140593 0.6078449919353518 0.4188248073464229 0.6091521854663955 0.41078556713050385 0.6117665725284831 0.40451103818149375 0.6078449919353518 0.4043149591518372 0.600263269455298 0.38490313521583724 0.5890214050883216 0.3735305514957565 0.5942501792124966 0.36529523225018073 0.6115051338222742 0.36392267904258474 0.6198711724209545 0.3617658097163626 0.6352960560872709 0.34862851472937273 0.6420934624486985 0.3470598824921202 0.644707849510786 0.3503932259962818 0.6525510106970487 0.352550095322504 0.6674530169509475 0.3503932259962818 0.6784334426117152 0.34882459375902924 0.6831393393234728 0.3515697001742211 0.693596887571823 0.3541187275597565 0.6969955907525367 0.3576481500935747 0.6933354488656142 0.3682364176950293 0.7027472422891293 0.3656873903094939 0.717910687249237 0.3625501258349889 0.7325512547969272 0.36235404680533223 0.7372571515086848 0.36411875807224137 0.7474532610508262 0.36745210157640296 0.7532049125874187 0.37000112896193826 0.7534663512936275 0.364706995161211 0.7435316804576948 0.36098149359773624 0.7354270805652235 0.36078541456807967 0.7205250743113247 0.3560795178563222 0.7200021968989071 0.352550095322504 0.7278453580851696 0.3454912502548677 0.7453617514011561 0.3423539857803626 0.7652310930730212 0.3407853535431101 0.781440292857964 0.3441186970472717 0.8005253184112031 0.3513736211445646 0.8201332213768596 0.36019717747911 0.8253619955010346 0.362942283894302 0.8232704858513646 0.36705994351708987 0.8222247310265296 0.37411878858472614 0.8172573956085633 0.3890207948386252 0.814381569840267 0.41019733004153414 0.8094142344223008 0.4300013120368472 0.8196103439644421 0.43215818136306944 0.8099371118347183 0.44176605381624123 0.8044468990043344 0.4449033182907462 0.8149044472526845 0.4476484247059381 0.8122900601905969 0.45568766492185714 0.8156887633713109 0.4584327713370492 0.8151658859588933 0.4715700663240391 0.811244305365762 0.4813740178068672 0.8070612860664219 0.5088250819587863 0.8060155312415869 0.5168643221747056 0.7945122281684017 0.5452957814749074 0.7877148218069742 0.548236966919756 0.7960808604056543 0.5498055991570084 0.7934664733435668 0.5533350216908266 0.7861461895697217 0.5615703409364023 0.7809174154455465 0.5705899763006044 0.7683683575475264 0.5827468761393114 0.7440545578701123 0.5882370889696953 0.7273224806727521 0.5864723777027862 0.7236623387858294 0.5829429551689679 0.714773422774732 0.5821586390503417 0.7082374551195132 0.5760801891309881 0.6956883972214929 0.5731390036861397 0.6912439392159443 0.5662762376481598 0.6900209294640162 0.5634567940560891 0.6995023235409037 0.55643931488734 0.7068628794690138 0.5555972173870902 0.7257009124375667 0.5587784746102564 0.736180347996232 0.5496089684964243 0.7475330698514527 0.5493282693296744 0.7447884557765642 0.5267787696007608 0.7578877502248957 0.5234103795997612 0.748281600962786 0.5172349979312622 0.7475330698514527 0.5136794751524293 0.7425428624425645 0.5143344398748458 0.7371783894780095 0.5239717779332611 0.7350575513292321 0.5274337343231773 0.7291940576237885 0.5276208671010106 0.7192136428060121 0.5294921948793437 0.7132253939153463 0.5285565309901773
