20 0.564105710546792 0.1877527804845653 0.5771794051259881 0.18993172958109794 0.6042952161050614 0.19465278595691882 0.6241478634290257 0.19864752596722865 0.6415794562012871 0.20010015869825046 0.653684728959802 0.20409489870856035 0.6817689617595565 0.21317385327744648 0.6827373835802376 0.20954227144989201 0.6938742345180713 0.20917911326713662 0.6962952890697742 0.21716859328775637 0.6948426563387525 0.2324212369634851 0.6962952890697742 0.24876335518748013 0.6972637108904555 0.2622002079494316 0.6924216017870494 0.27018968797005144 0.6996847654421585 0.28943707165609006 0.7209900454971446 0.34645290634869497 0.69290581269739 0.34608974816593974 0.6469057762150336 0.343184482703896 0.6067162706567644 0.3406423754246079 0.5394109541194217 0.33955290087634155 0.5152004086023921 0.33955290087634155 0.5374741104780594 0.31485814444897126 0.5360214777470376 0.29815286804222074 0.5418320086711247 0.26764758069076333 0.5495793832365742 0.23351071151175148 0.5520004377882772 0.22479491512562075 0.5582951796227049 0.21535280237397916
24 0.5147094220753543 0.3246257925425842 0.4957397709009289 0.3306044966194608 0.46694171803281553 0.3420150458690906 0.44520733850971117 0.33671729086033386 0.4109756907608217 0.33182705546763536 0.3979350630469591 0.319193947369831 0.3783741214761651 0.3041157215756773 0.3700278113808528 0.29300660394585143 0.35970398110737806 0.2714080642947663 0.34177311800081694 0.23880649501010973 0.3254723333584885 0.2204681122874904 0.3086281892280827 0.19194173916341584 0.290153966633444 0.1581176110305846 0.2820035743122798 0.14018674792402347 0.2814602148242022 0.11125285518389072 0.2917840450976768 0.0904693547649221 0.3021078753711514 0.07661368781894305 0.3211254574538678 0.06072042279267295 0.5352090957564463 0.07376105050653561 0.5493364424464641 0.08354152129193258 0.5618337106722491 0.09943478631820268 0.5710708219695685 0.11736564942476382 0.5737876194099565 0.13937170869190704 0.5638972891437953 0.17060613071625563 0.5618337106722491 0.1850139056904263 0.5572562848119531 0.21375532652829993 0.5495533901622847 0.2262123514695606 0.5382397636455841 0.27423508530108753 0.5353511781519585 0.29409411056976403 0.5310182999115199 0.30275986705064106
29 0.19526545545449445 0.4079261119695423 0.20270128522246608 0.4028803703412758 0.20394059018379468 0.4006230648759987 0.19827519607486394 0.40035749952714256 0.18889188708194737 0.3998263688294303 0.18588214646157794 0.39624123661987265 0.17632179390275732 0.39863132475957774 0.16941709483249798 0.39863132475957774 0.169594138398402 0.40195089162027936 0.17455135824371645 0.40460654510884064 0.1766758810345655 0.40659828522526165 0.1750824889414287 0.4096522867371071 0.17756109886408591 0.4129718535978087 0.17968562165493496 0.41668976848179456 0.18605919002748203 0.4176192472027909 0.1911934534387005 0.4160258551096542 0.1927868455318373 0.41270628824895256 0.1920786712682209 0.40859002534168254
29 0.2647671449325423 0.36326198056340153 0.25549730816184774 0.36338838742845647 0.2504410335596508 0.3598489952069186 0.2544860532414084 0.3597225883418636 0.26139629519774427 0.35921696088164395 0.2657783998529817 0.359090554016589 0.26729528223364074 0.3609866569924128
29 0.27808200138499434 0.3777987700447178 0.2731942692695372 0.38032690734581626 0.2713403019153983 0.37539703960867427 0.26207046514470383 0.3735009366328504 0.25600293562206744 0.37274249544252086 0.253474798320969 0.3746385984183448 0.2521264584270497 0.3805797210759263 0.25195791594030986 0.389301794764716 0.2544860532414084 0.39220915266097917 0.2543175107546685 0.39334681444647357 0.24909269366573164 0.3944844762319679 0.24487913149723414 0.39865590277878044 0.24454204652375433 0.40560828035680124 0.24909269366573164 0.4080100107928448 0.2524635434005296 0.41192862360954746 0.253474798320969 0.41420394718053616 0.24791289625855228 0.41420394718053616 0.2455533014441937 0.41256065793482205 0.23982285689503713 0.41091736868910805 0.23139573255804216 0.41218143733965734 0.2310717493204022 0.40842058099246137 0.2184310628149097 0.41132793888872465 0.20713871620333646 0.41512014484037235 0.20343078149505872 0.4186595370619102 0.20022847424700058 0.4240950322592721 0.19854304937960157 0.42776083134586484 0.1983745068928617 0.4345868020588308 0.20005993176026066 0.43534524324916035 0.2027566115480991 0.43736775309003917 0.20663308874311676 0.44115995904168687 0.21118373588509406 0.4460898267788289 0.21135227837183396 0.45114610138102584 0.21388041567293248 0.45367423868212436 0.21977940270882892 0.4613850574504748 0.21472312810663197 0.462775532966079 0.21640855297403092 0.4646716359419029 0.2277008995856042 0.4661885183225619 0.24388097831263458 0.46682055264783656 0.2652858741286018 0.46682055264783656 0.2794434430147533 0.46644133205267174 0.28096032539541244 0.464418822211793 0.29090433211306654 0.46492444967201263 0.3005112538572408 0.4630283466961888 0.31129797300859435 0.4631547535612437 0.31871384242514994 0.4607530231252001 0.3182082149649303 0.4516517288412455 0.3227588621069074 0.44887077781003726 0.3241072020008267 0.44444653753311486 0.3291634766030237 0.4426768414223459 0.3345568361787004 0.4387582286056433 0.3325343263378217 0.43521883638410536 0.33034327401020297 0.43281710594806183 0.32983764654998327 0.4315530372975126 0.340455823214597 0.4221989292834481 0.3414670781350363 0.41499373797531747 0.3347253786654404 0.41006387023817537 0.3387703983471979 0.40500759563597843 0.33219724136434187 0.39792881119290263 0.3311859864439025 0.3928725365907056 0.32360157454060695 0.3883218894487283 0.3177025875047106 0.3823807667911469 0.3178711299914504 0.3765660509986204 0.32141052221298827 0.3739115068324669 0.321916149673208 0.365442246873787 0.3205678097792888 0.3607651928667548 0.3124777704157736 0.358742683025876 0.3059046134329175 0.3597539379463154 0.30371356110529885 0.3597539379463154 0.29798311655614224 0.3610180065968646 0.2905672471395867 0.36000675167642526 0.28483680259043015 0.36139722719202944 0.28298283523629125 0.36721194298455584 0.2806232404219326 0.373658693102357 0.2789378155545337 0.3759340166733457
31 0.47491530495623313 0.8179133770296878 0.46045155451321224 0.8134943415174092 0.44743253364241653 0.8139381717743681 0.4388518153412103 0.8099436994617377 0.4284957760121684 0.8101656145902173 0.43086287071594936 0.8061711422775869 0.4385559285032377 0.8019547548364768 0.441514796882964 0.801510924579518 0.4382600416652651 0.7950753858536133 0.4441777784247176 0.7901932530270649 0.4530543835638966 0.7848672899435576 0.45956389399929437 0.7937438950827365 0.4587392192269032 0.7966419582934628 0.4522946069516849 0.7998935581232322 0.4430378002290986 0.8049027794826064 0.4437408488409406 0.8084180225418163 0.4484278395865539 0.810087762994941 0.4579189958464209 0.8047270173296458 0.4603796659878679 0.8037603254883631 0.46623840441988457 0.8044633741002051 0.46295751089795517 0.8068361631651719 0.4642464333529988 0.8115817412951054 0.46764450164356847 0.8126363142128683 0.4716284437773398 0.8105271683773423 0.47432346345606746 0.8116696223715856 0.47772153174663706 0.8114059791421449 0.4820569981863294 0.8145696978954338 0.48803291138698646 0.8165909626544796 0.4894390086106705 0.8143939357424732 0.48967335814795104 0.8094725954595794 0.49131380490891563 0.8044633741002051 0.4893218338420301 0.8031451579530013 0.4855722412455395 0.8035845633354025 0.47444063822470783 0.8040239687178038 0.4717456185459801 0.8029693958000409 0.46975364747909454 0.8005087256585939 0.46717580256900715 0.7980480555171467 0.4690505988672525 0.7969934825993839 0.4712769194714188 0.8000693202761927 0.47444063822470783 0.7985753419760283 0.48041655142536477 0.7984874608995481 0.4834630954100134 0.7989268662819494 0.4918996787521174 0.79910262843491 0.4903764067597931 0.7961146718345815 0.48686116370058313 0.7938297638460949 0.4903764067597931 0.7933903584636937 0.4942431741249241 0.7952358610697788 0.4948290479681257 0.7974328879817851 0.5003362620942214 0.8024421093411594 0.5049060780711944 0.802266347188199 0.5094758940481673 0.800860249964515 0.5113506903464127 0.799454152740831 0.5138113604878597 0.7992783905878704 0.5173266035470696 0.8070998063946128 0.5271692841128576 0.808945309000698 0.5312704010152692 0.8026178714941201 0.5368947899100052 0.8038482065648435 0.5454485480207495 0.8047270173296461 0.5494324901545208 0.7989268662819495 0.5563458015043005 0.7914569747811285 0.5636106371600011 0.7940055259990555 0.5646652100777642 0.7954116232227395 0.5690006765174564 0.7955873853757001 0.5719300457334648 0.7905781640163257 0.5734533177257891 0.7878538506454382 0.5774372598595605 0.7858325858863923 0.5831788235229367 0.787853850645438 0.5854051441271031 0.786096229115833 0.5861081927389451 0.7830203914390242 0.5760311626358765 0.7740565216380388 0.5751776233954037 0.7623441774705024 0.5729904978291716 0.760709026595594 0.5705026150706188 0.7446155350012063 0.5717465564498951 0.7443822959925919 0.5737679611912192 0.7455484910356635 0.5761003512773625 0.7405338523504557 0.5658378348983325 0.7368020282126266 0.560551084036408 0.7357524526738621 0.5619505180880939 0.731904009031726 0.5580632012778552 0.7280555653895897 0.5549533478296644 0.728988521424047 0.5547978551572548 0.7207085366182387 0.5574412305882172 0.7159271369416451 0.562261503432913 0.7124285518124305 0.565993327570742 0.7078803911444512 0.5635054448121893 0.7068308156056868 0.5602400986915889 0.7077637716401441 0.5582186939502648 0.7042651865109293 0.555108840502074 0.7001835038601789 0.5473342068815966 0.6977344942697286 0.5364497198129287 0.694352528644821 0.5313184616234136 0.6933029531060565 0.5201229892099264 0.6930697140974422 0.51203737024463 0.6938860506275922 0.5097049801584869 0.6941192896362065 0.5013083758483716 0.6916702800457563 0.4885579767107889 0.6950522456706639 0.48467065990055036 0.697384635756807 0.47845095300416857 0.6985508307998785 0.46212422240116635 0.6986674503041858 0.4545050814530987 0.6947023871577425 0.4464194624878023 0.694469148149128 0.43786736550527733 0.6929530945931348 0.42713837110901876 0.6919035190543706 0.4213851422298657 0.6917868995500634 0.4151654353334839 0.695985201705121 0.4100341771439689 0.7020494159290933 0.40661333835095886 0.7058978595712297 0.40381447024758715 0.7158105174373381 0.40381447024758715 0.7196589610794742 0.40661333835095886 0.7226910681914603 0.4044364409372253 0.7273558483637467 0.40117109481662483 0.734936116143712 0.3975947633512053 0.7344696381264835 0.39806124136843396 0.731904009031726 0.39619532929951945 0.7291051409283543 0.39308547585132847 0.7287552824154326 0.3888871736962709 0.7372685062298552 0.38671027628253724 0.7386679402815411 0.38297845214470816 0.7401839938375342 0.37302692111049734 0.7417000473935272 0.3671181995589346 0.7434493399581347 0.36727369223134415 0.7460149690528922 0.3710055163691732 0.7505631297208712 0.37442635516218314 0.7500966517036427 0.3812680327482031 0.7474144031045779 0.39044210042036626 0.7475310226088852 0.39448490990301444 0.7458983495485849 0.3943294172306049 0.7471811640959636 0.39277449050650953 0.7517293247639428 0.39184153447205217 0.7552279098931575 0.39370744654096673 0.7568605829534579 0.3971282853339767 0.7576769194836079 0.3901311150755472 0.7621084606472798 0.38966463705831855 0.7692222504100166 0.38919815904108984 0.779018288771818 0.39261899783409987 0.7862486980388617 0.3972837780063862 0.7895140441594621 0.4016375728338535 0.7933624878015985 0.4095676991267403 0.7937123463145199 0.41112262585083575 0.7937123463145199 0.4119000892128834 0.7962779754092775 0.4151654353334839 0.7962779754092775 0.4156319133507125 0.7977940289652704 0.4150099426610743 0.8011759945901781 0.41889725947131295 0.8021089506246352 0.4165648693851697 0.8059573942667714 0.41687585472998884 0.810155696421829 0.41905275214372245 0.8168030081673373 0.42962625386757153 0.8175027251931801 0.4352239900743151 0.8156368131242657 0.4397332775741919 0.8183190617233304 0.44673044783262145 0.8224007443740808 0.4543495887806891 0.8235669394171523 0.4610357736942995 0.8215844078439308 0.4660115392114049 0.8235669394171523 0.4703653340388721 0.8235669394171523 0.47860644567657795 0.8224007443740808 0.47705151895248255 0.8186689202362518
28 0.5787557888736915 0.5951149454497127 0.5724810971775305 0.5894677229231678 0.563070916050951 0.5903031108708817 0.5582442301308272 0.5911384988185955 0.5556452454046068 0.5875184843785026 0.5541601112753379 0.5852907831845994 0.547105724161311 0.5858477084830752 0.5404226205796012 0.58918926027393 0.5341108005302087 0.5972646771018294 0.5344820840625257 0.6006062288926843 0.5422790382411873 0.6028339300865876 0.5459918735643593 0.6100739589667731 0.5519324100814347 0.6075677951236319 0.5549026783399723 0.6047831686312529 0.5686401690357091 0.6006062288926843
28 0.6096475600648591 0.6265409607852923 0.6018506058861978 0.6248701848898648 0.5933110846429019 0.6248701848898648 0.581058728076434 0.6223640210467236 0.5788310268825306 0.6134532162711105 0.5754894750916758 0.6050993367939733 0.5844002798672888 0.6031500982493079 0.6048208741447354 0.6023147103015942 0.6259840354868164 0.6034285608985458 0.6263553190191337 0.6064916500401628 0.6207860660343755 0.6162378427634896 0.6193009319051066 0.6176301560096791 0.6278404531484024 0.6201363198528203 0.6311820049392574 0.6223640210467236 0.6319245720038918 0.6248701848898648 0.6230137672282787 0.6254271101883405 0.6274691696160852 0.6287686619791955 0.6274691696160852 0.6321102137700504 0.6204147825020583 0.6371225414563326 0.6059347247416871 0.6379579294040464 0.5977664870307084 0.6440841076872803 0.5851428469319233 0.6357302282101431 0.5988803376276601 0.6287686619791955
28 0.6504887486197523 0.6201363198528203 0.644548212102677 0.6234778716436752 0.6408353767795049 0.6268194234345301 0.6400928097148705 0.6287686619791955 0.6449194956349942 0.6301609752253851 0.6542015839429244 0.6315532884715744 0.6579144192660965 0.6298825125761471 0.6601421204599999 0.6251486475391026 0.6590282698630482 0.6229209463451993 0.670909342897199 0.6257055728375784 0.6831616994636669 0.6298825125761469 0.6957853395624519 0.6346163776131915 0.702839726676479 0.6335025270162399 0.7091515467258716 0.6340594523147156 0.7121218149844093 0.6374010041055705 0.7176910679691673 0.6407425558964255 0.7332849763264901 0.6410210185456634 0.7403393634405172 0.6385148547025222 0.7425670646344205 0.6365656161578568 0.7343988269234418 0.6335025270162399 0.7384829457789311 0.6298825125761471 0.7381116622466137 0.6265409607852922 0.7087802631935545 0.620971707800534 0.6861319677222045 0.6142886042188243 0.6716519099618332 0.6112255150772072 0.6790775806081776 0.6017577850031185 0.6683103581709784 0.5931254428767433 0.6612559710569514 0.5917331296305537 0.6471471968288973 0.5984162332122636 0.6564292851368277 0.6087193512340661 0.644548212102677 0.6078839632863524 0.6315532884715745 0.6128962909726348 0.6289543037453542 0.6145670668680622 0.6334097061331606 0.6190224692558687 0.641206660311822 0.6184655439573928
28 0.7588321393770859 0.627826173012544 0.759117742094253 0.6239705363307884 0.7562617149225822 0.6199006976111574 0.7482648388419038 0.6256841526337908 0.7431239899328962 0.6258983546716662 0.7419815790642279 0.6288971832019206 0.745408811670233 0.6316818096942997 0.7542624959024126 0.631896011732175 0.7602601529629215 0.6316818096942997 0.7676858236092656 0.6293255872776713 0.7668290154577643 0.6267551628231675
28 0.8245350444613737 0.619686495573282 0.8188229901180322 0.6162592629672771 0.8228214281583712 0.6126178283233967 0.8225358254412041 0.6079053834901399 0.8279622770673788 0.6089763936795164 0.8268198661987105 0.614117242588524
28 0.7450667151793641 0.5567108039453983 0.7576949645891837 0.543339716335001 0.7604806078413499 0.5418076125463097 0.7643805083943824 0.5390219692941436 0.7640090892940935 0.5337292471150279 0.7623377033427939 0.5308043217002535 0.7565807072883175 0.5320578611637282 0.7545379022367288 0.5323364254889449 0.7526808067352847 0.536514890367194 0.7517522589845627 0.5399969444324018 0.746923810680808 0.538325558481102 0.7443238769787864 0.5393005336193601 0.7443238769787864 0.541946894708918 0.7424667814773422 0.5445932557984758 0.7380097522738766 0.5472396168880336 0.7348526899214217 0.5486324385141167 0.7329955944199775 0.5494681314897665 0.7402382668756095 0.553368032042799
28 0.7901941358644554 0.5526716212297575 0.7849942684604116 0.5561536752949652 0.777380176904491 0.5560143931323569 0.7796086915062239 0.5508609531158496 0.7820229156581013 0.5422254590341345 0.7885227499131554 0.5358184795541525 0.7900084263143107 0.5355399152289358 0.7913083931653216 0.5372113011802356 0.7900084263143107 0.5409719195706598 0.7885227499131554 0.5455682309367339
28 0.8431213576556114 0.5241187778950548 0.8345787183489685 0.5170153876020311 0.834764427899113 0.5145083086750817 0.8288217222944919 0.5121405119107405 0.8241789835408817 0.511444101097699 0.8217647593890044 0.5121405119107405 0.8232504357901597 0.5174332340898561 0.8234361453403041 0.519661748691589 0.828450303194203 0.5203581595046305 0.8386643284521456 0.5237009314072298
28 0.8428526831880948 0.5137253616071652 0.8380176416458736 0.5136429461263319 0.8326331635647635 0.511829805547999 0.8264794743292092 0.5101814959313326 0.8249410520203206 0.5071321231404998 0.8258201504825426 0.5049069051580003 0.8306551920247639 0.5036706729455006 0.8365891066447627 0.5009509620780012 0.8392264020314287 0.5003740537121678 0.8454899785747608 0.5010333775588344 0.8477976120380937 0.501198208520501 0.8547205124280924 0.5054838135238334 0.8537315266580927 0.5080386934296663 0.8509843439636487 0.5106759888163325 0.8448306547280944 0.5134781151646652
28 0.8447207674203164 0.4989729905380015 0.8360396701058739 0.49691260351716854 0.8308749666403193 0.49361598428383585 0.8254904885592093 0.492626998513836 0.8271387981758757 0.4902369495696698 0.8275783474069867 0.4875172387021704 0.8301057554858751 0.48586892908550394 0.8325232762569857 0.4843854504305043 0.8365891066447627 0.4842206194688377 0.8427427958803172 0.48718757677883706 0.8501052455014266 0.49130835082050295 0.8495558089625379 0.49312149139883593 0.8465888516525385 0.49501704745800224
28 0.7898430571290959 0.4351200998281454 0.7853578608932691 0.4294014746274663 0.7817697039046076 0.4226736802737261 0.781993963716399 0.4209917316852911 0.7898430571290959 0.41661866535536 0.7976921505417927 0.4098908710016198 0.8102507000021077 0.4021539074948186 0.8133903373671865 0.4040040509420972 0.8147358962379346 0.4098908710016198 0.8151844158615172 0.4146003270492379 0.8109234794374818 0.4191415882380125 0.8037471654601588 0.42502840829753524 0.7945525131767142 0.4314198129335884
28 0.7009872388139929 0.6023437124931589 0.696686703606545 0.6034956415665824 0.6951507981753138 0.6053387280840601 0.6914646251403584 0.6046475706400058 0.6914646251403584 0.6016525550491048 0.6931541211147131 0.5988879252728883 0.6974546563221609 0.5978511891068071 0.7002192860983772 0.5991183110875731
28 0.6980690184946533 0.592552315369059 0.6923861683990973 0.5901332643148696 0.6919253967697279 0.584719197669779 0.6900823102522503 0.5835672685963555 0.6888535859072651 0.5875990203533379 0.6816348303804777 0.588635756519419 0.680713287121739 0.5801114813760849 0.6819420114667242 0.5787291664879768 0.6905430818816197 0.5789595523026614 0.6917718062266047 0.5793051310246885 0.6968402941496682 0.5778076232292378 0.6999121050121311 0.5780380090439227 0.703444687503963 0.5811482175421662 0.7017551915296086 0.5852951622064908 0.7029839158745936 0.5888661423341036
28 0.6279600241548335 0.5534394516681049 0.6314045306164424 0.5514522364017921 0.631934454687459 0.5379391725908653 0.6435927842498274 0.5381378941174966 0.6473022527469445 0.5407212739637032 0.6470372907114361 0.5437020968631723 0.6539263036346538 0.549862464188742 0.6589605823093128 0.5516509579284233 0.6658495952325303 0.5532407301414736 0.6684992155876139 0.5570164391474678 0.666379519303547 0.5611895912067246 0.6626700508064299 0.5647665786860877 0.6544562277056705 0.5657601863192441 0.6462424046049109 0.5615870342599872 0.6446526323918608 0.5631768064730375 0.6417380500012687 0.5633755279996687 0.6414730879657603 0.5659589078458752 0.6329943028294925 0.5719205536448135 0.6295497963678838 0.5733116043312325 0.611797339988823 0.5574138822007304 0.6062331372431473 0.5566189960942053 0.5958996178583209 0.5572151606740992 0.5948397697162875 0.5528432870882111 0.598019314142388 0.5482726919756917 0.592985035467729 0.5456893121294851 0.5908653391836619 0.5423110461767534 0.5797369336923105 0.5363494003778151 0.5754975411241766 0.529791589998983 0.5937799215742541 0.5280030962593015 0.5871558706865448 0.5242273872533073 0.6165666566279737 0.5214452858804693 0.630344682474409 0.5206503997739442 0.6242505556577164 0.5260158809929888 0.6186863529120407 0.533368577478346 0.6128571881308565 0.5343621851115024 0.6128571881308565 0.5373430080109715 0.6139170362728901 0.5423110461767534 0.6173615427344988 0.5444969829696974 0.6218658973381411 0.5486701350289542
28 0.5429072107566473 0.5442982614430661 0.5341634635848711 0.5377404510642341 0.5376079700464799 0.533368577478346 0.548471413502323 0.533368577478346 0.5519159199639317 0.5361506788511838 0.5468816412892727 0.5409199954903345
28 0.5444969829696974 0.5127015387086933 0.5378729320819882 0.5130989817619558 0.5357532357979213 0.5069386144363862 0.5447619450052058 0.5005795255841854 0.5471466033247812 0.5019705762706044
28 0.5659589078458752 0.5107143234423805 0.561454553242233 0.5109130449690118 0.5540356162479987 0.506739892909755 0.5556253884610489 0.49541276589177213 0.5558903504965573 0.48587413261347095 0.5606596671357079 0.4860728541401022 0.5717880726270594 0.48289330971400174 0.5768223513017184 0.4820984236074766 0.5784121235147687 0.48368819582052686 0.5762924272307016 0.4878613478797837 0.5683435661654506 0.49402171520535326 0.5659589078458752 0.5027654623771295
28 0.6372268595258924 0.4940463209390962 0.6255612554310005 0.49084049096922217 0.6358640902859328 0.4837852888403012 0.6421353810671959 0.4834493268341621 0.6468388491531434 0.47975374476663196 0.6549019373004817 0.4747143146745455 0.6448230771163087 0.4721945996285023 0.638775761005805 0.47253056163464136 0.6286969008216321 0.4676591125456244 0.6295927995046696 0.47135469461315455 0.6295927995046696 0.4732024856469196 0.6280249768093539 0.47521825768375414 0.6257852301017599 0.4757222006929628 0.6295927995046696 0.47857787774514515 0.6273530527970756 0.4826094218188143 0.617946116625181 0.4802576877758406 0.6125707245269554 0.4758901816960323 0.6170502179421433 0.4683310365579026 0.615706369917587 0.465979302514929 0.6130186738684742 0.47051478959780674 0.6103309778193614 0.47370642865612816 0.6009240416474666 0.4787458587482148 0.5924130041586095 0.4701788275916677 0.59218902948785 0.4584201573767992 0.587037612060384 0.45825217637372967 0.5816622199621584 0.4548925563123387 0.5895013334387373 0.44968514521718267 0.5957726242200005 0.4392703230268707 0.5984603202691133 0.4300313678580455 0.5975644215860757 0.42432001375368084 0.5957726242200005 0.4218002987076375 0.588157485414181 0.4223042417168463 0.5868136373896246 0.42465597575981995 0.5805423466083615 0.4253278997720981 0.5794224732545645 0.4191126026585248 0.5843499160112712 0.4155850015940642 0.5917194676610328 0.41633453175933094 0.6029398136843013 0.4199525076738725 0.6092111044655645 0.41978452667080296 0.6114508511731584 0.41978452667080296 0.620185863332775 0.41440913457257744 0.6101449269435599 0.41372107765558924 0.6057612624726204 0.4132623220714212 0.602295109170017 0.4115802182628049 0.5943433457111035 0.41471504808795345 0.5916927578914656 0.4147150480879535 0.5906733010377587 0.4134152405994772 0.5910810837792415 0.4094393588700204 0.5959744766770344 0.40569285493264773 0.5982172817551895 0.40164051393916295 0.6013775980016809 0.4000348693945746 0.6076982304946634 0.4000348693945746 0.607800176180034 0.3979704692658182 0.6070865563824392 0.39544731355289364 0.6154461025828356 0.3939945875363614 0.6157519396389476 0.39544731355289364 0.6229900833002664 0.39475918017664147 0.6286691571901988 0.3888595075312451 0.6397226808331034 0.38678697184820054 0.648530957486043 0.3862688379274393 0.6526760288521323 0.38756417272934224 0.6607934602773902 0.3856211705264879 0.6675292012472852 0.38510303660572676 0.6721924065341355 0.3857507040066782 0.6801371266524732 0.3853621035661073 0.6867001563154477 0.38549163704629763 0.691363361602298 0.38303050092268215 0.6979263912652727 0.3856211705264879 0.7077709357597345 0.39157971061524116 0.712434141046585 0.3913206436548606 0.7224513968479672 0.38704603880858107 0.7184790367887984 0.3818646996009696 0.7113978732050625 0.37707196083392897 0.7132976975811869 0.37551755907164547 0.7122614297396646 0.3726678225074591 0.7084617809874162 0.3734450233886008 0.6977536799583524 0.37033621986403387 0.6965447008099097 0.3676160167800379 0.7032804417798046 0.36580254805737383 0.7107070279773812 0.36696834937908646 0.7170973463334352 0.3676160167800379 0.722796819461808 0.36696834937908646 0.7279781586694196 0.3683932176611796 0.7405860840746077 0.3717610881461271 0.7400679501538465 0.3743517577499329 0.7378227031638815 0.3769424273537386 0.7376499918569611 0.38160563264058905 0.7350593222531555 0.38367816832363366 0.7343684770254738 0.38691650532839084 0.7397225275400058 0.3849735031255366 0.7417950632230503 0.3849735031255366 0.7440403102130153 0.38821184013029375 0.7445584441337765 0.39339317933790524 0.7433494649853338 0.39572478198133043 0.7468036911237416 0.39417038021904705 0.7500852059552288 0.3945589806596178 0.7585480599943275 0.3918387775756218 0.7656292235780634 0.3928750454171441 0.7706378514787545 0.393263645857715 0.7723649645479582 0.3965019828624722 0.7723649645479582 0.3994812529068488 0.7744375002310029 0.39999938682760994 0.7806551072801369 0.39468851413980816 0.7925721874576434 0.3914501771350509 0.8060436693974331 0.38199423308116 0.8196878626441436 0.3748698916706941 0.8298778297524464 0.3818646996009696 0.8217603983271883 0.38911857449162573 0.8115704312188855 0.3962429159020916 0.8006896188829014 0.40246052295122536 0.7846274673393056 0.40997346480226216 0.7730558097756398 0.4165796722919668 0.7718468306271972 0.4181340740542503 0.774955634151764 0.42072474365805607 0.7761646133002067 0.424740281543955 0.7735739436964009 0.42694235070718994 0.7735739436964011 0.43056928815251794 0.7715014080133564 0.4321236899148014 0.771328696706436 0.43471435951860715 0.7666654914195857 0.4374345626026032 0.760102461756611 0.4373050291224129 0.7545756999351589 0.44339310269135646 0.7511214737967511 0.44468843749325926 0.7426586197576522 0.4489630423395388 0.7393771049261649 0.451294644982964 0.7428313310645726 0.4569941181113367 0.7369591466292795 0.45997338815571337 0.7322959413424291 0.459843854675523 0.7257329116794545 0.45012884366125144 0.7300506943524642 0.44766770753763596 0.7250420664517732 0.4398956987262187 0.7229695307687285 0.43380762515727517 0.716924635026515 0.4352324934393683 0.7160610784919131 0.43860036392431584 0.7136431201950277 0.4375640960827935 0.7072528018389735 0.4325122903553723 0.7063892453043715 0.43043975467232765 0.7013806174036804 0.42966255379118595 0.7010351947898397 0.43458482603841697 0.694472165126865 0.43704596216203234 0.688599980691572 0.4479267744980165 0.6858365997808459 0.4471495736168748 0.6796189927317121 0.44196823440926325 0.6761647665933043 0.4411910335281216 0.6658020881780813 0.4466314396961137 0.654921275842097 0.44935164278010975 0.6599299037427884 0.4518127789037252 0.6651112429503996 0.4545329819877213 0.6785827248901897 0.45777131899247847 0.684109486711642 0.4633412586406609 0.6835913527908809 0.4669681960859889 0.675992055286384 0.4678749304473209 0.676510189207145 0.4722790687737907 0.6699471595441705 0.47564693925873824 0.6616570168119921 0.47370393705588393 0.6602753263566289 0.4759060062191188 0.6713288499995336 0.47927387670406624 0.6723651178410559 0.4804396780257789 0.6578573680597437 0.48471428287205837 0.6492218027137242 0.4892479546787185
28 0.596855085518146 0.38285346588952246 0.5859384517472376 0.3848113404245223 0.578106953607238 0.38125156854270437 0.5894982236290556 0.37680185369043184
28 0.6271196835679298 0.38429181319882033 0.6199589665518027 0.38811086227408803 0.6155034092973236 0.38297901507919696 0.6231415074478592 0.37892127543672494 0.6264831753887186 0.3801147282727461 0.6326891301360287 0.3765343697646826 0.6401681012417613 0.37808585845151016 0.6444645314514377 0.37999538298914404 0.6390542119281417 0.38142752639236943 0.6331665112704371 0.38142752639236943
