22 0.2514693886389037 0.6192128513936109 0.2429243123259312 0.6076159621117198 0.2425174039300754 0.5984605232049636 0.23804141157566122 0.5935776224546936 0.22379961772070714 0.5801496453914512 0.23519305280467045 0.56855275610956 0.22542725130413047 0.5694683000002356 0.22217198413728384 0.5429175271706427 0.24373812911764284 0.5383398077172645 0.2400759535549404 0.5337620882638864 0.24862102986791285 0.5236911054664546 0.2644904573062902 0.5212496550913196 0.2681526328689927 0.5273532810291571 0.2730355336192627 0.5255221932478058 0.2734424420151185 0.517892660825509 0.28646351068250514 0.5175874795286172 0.3104711060379992 0.520334111200644 0.33325797620592573 0.5264377371384814 0.34058232733133065 0.5282688249198327 0.3479066784567357 0.5374242638265889 0.3552310295821406 0.5398657142017239 0.36092774712412223 0.5575662294214525 0.35807938835313136 0.5624491301717225 0.3605208387282664 0.5670268496251006 0.36377610589511306 0.6009019735800986 0.3617415639158339 0.6042589678459092 0.3466859532691682 0.6048693304396929 0.3409892357271865 0.6103625937837467 0.3202369075385391 0.6152454945340167 0.30843656405872 0.6182973075029353 0.29378786180791006 0.6173817636122597 0.2754769839943977 0.6164662197215841
16 0.21769599178286964 0.7165656851021186 0.2067094650947622 0.7116827843518486 0.20019893076106893 0.7049687958202274 0.1985712971776456 0.6784180229906345 0.19531603001079895 0.6387444543946909 0.21647526659530214 0.6375237292071233 0.28076679314052344 0.6369133666133396 0.33529251818520484 0.6372185479102315 0.3479066784567356 0.6396599982853665 0.3560448463738522 0.6427118112542852 0.3560448463738522 0.6640745020367163 0.35889320514484313 0.701001438960633 0.3560448463738522 0.7067998836015785 0.3413961441230423 0.7159553225083348 0.2840220603073701 0.7150397786176592 0.23112396884611208 0.7159553225083348
20 0.3393072123292217 0.7184893852680119 0.31930145923577513 0.7316413155424074 0.3081871519616381 0.7373837076340447 0.32177130529669445 0.7407179998162858 0.3613384787124969 0.7505862179133822 0.4161690612649059 0.7604038560055364 0.4255544762963994 0.762256240551226 0.4285182915695025 0.7674429172791565 0.4282713069634106 0.7750376939164834 0.42678939932685905 0.7804096090989829 0.42604844550858323 0.787819147281741 0.42431955326593973 0.7985629776467398 0.437903706600996 0.7967105931010504 0.45716850587616664 0.7935615393733784 0.46309613642237296 0.7881896241908788 0.4796441050305324 0.7839291397357929 0.48927650466811784 0.7718886401888112 0.4991558889117951 0.7555876561867437 0.517926718974782 0.7405833413666588 0.5302759492793786 0.7268756957285567 0.5455889948570785 0.7014980274526106 0.5623839480713299 0.6877903818145082 0.5890582855292585 0.6796398898134746 0.6006665620155792 0.6781579821769229 0.6065941925617856 0.6742679746309751 0.5851065318317875 0.6677846287210617 0.5418842257656995 0.6488903063550289 0.5315108723098383 0.6422217219905468 0.517926718974782 0.6414807681722711 0.5157038575199546 0.6355531376260647 0.48186696648535987 0.6209192997151177 0.4727285360599584 0.6129540461686529 0.45272278296651186 0.6068411771678776 0.4309881376304218 0.6077673694407223 0.42481352247812354 0.6103607078046875 0.41271127677961883 0.6379612375354611 0.4097474615065157 0.6492607832641668 0.397398231201919 0.6625979519931312 0.3852959855034144 0.677787505267785 0.36183244792468083 0.7005718351797658 0.35639878659065827 0.7079813733625236
23 0.5277602633647881 0.741787471838596 0.5296289137661807 0.7473934230427745 0.5381713156011192 0.7501963986448636 0.5549891692136542 0.7548012871340102 0.5883579263813823 0.7616085135962267 0.5931630274135351 0.760207025795182 0.6051757799939173 0.7636106390262902 0.6179893827463249 0.763010001397271 0.6454852386525328 0.7546010745910037 0.6561632409462058 0.7479940606717936 0.6681759935265881 0.7333785450323286 0.6708454941000062 0.7217662175379591 0.6668412432398789 0.7085521896995389 0.654294590544813 0.6939366740600741 0.6345402863015179 0.6847268970817811 0.6169215825169575 0.6799217960496281 0.5998367788470808 0.6791209458776026 0.585688425807964 0.6821241340226982 0.5651332713926435 0.6883307228558955 0.5480484677227667 0.7005436879792842 0.5387052157158028 0.7165606914197937
14 0.5929521664000936 0.7609044152589622 0.5874223343593352 0.7626405253182699 0.5879367373398708 0.7691027127612492 0.5902774201646698 0.78491464792485 0.5928494350673481 0.7954277588395474 0.5947784462443568 0.8005396384586205 0.6006940805205169 0.8002502867820693 0.6217846027224789 0.7988035283993128 0.6530345837900203 0.7976461216931076 0.6868565797602401 0.7952348577218467 0.692900814781534 0.7937880993390901 0.6918720088204627 0.7830820873066918 0.6891713931726505 0.7641777777720061 0.687113781250508 0.7493243917090392 0.6534203860254221 0.7515427545625992 0.6460901435527888 0.7552078757989158 0.618826785584399 0.7637919755366046 0.6055809088356057 0.7640813272131558
18 0.40208414315292146 0.42839681642788174 0.3838179548213015 0.4504930119903252 0.3614271433180255 0.46816996844027997 0.31900244783813403 0.47965999013275057 0.29543317257152774 0.4787761423102529 0.26868973803931245 0.4750682045925344 0.24865585406269713 0.46667165027880586 0.20740962234613602 0.45208816120759315 0.1685203181562355 0.43838851995887823 0.14848643417962007 0.4286661939114032 0.12963101396633497 0.41010538963895066 0.11607868068803634 0.39110266145524925 0.10841866622638927 0.3769610962952854 0.10665097058139379 0.3601679876678283 0.10841866622638927 0.34072333557287815 0.1337556371379911 0.3053694226729685 0.1655741587479097 0.29034400969050705 0.19503575283116764 0.28194745537677857 0.23097889761274237 0.2748766727967966 0.2692789699209777 0.2775282162642898 0.29697286835924014 0.283715151021774 0.3335052450224801 0.30139210747172884 0.34818560736228543 0.31672059386785123 0.37769763614736696 0.3066951944067152 0.4071592302306249 0.3027178792054754 0.42130079539058873 0.31023058569670614 0.42161406426439413 0.31064175109357567 0.4354423605505525 0.3287913899691587 0.4342638967872222 0.34381680295162026 0.4201223316272584 0.35972606375657956 0.38712534625400946 0.3778449441177832 0.39773152012398233 0.39905729185772887 0.40362383894063397 0.4127569331064438
26 0.36990483133382457 0.30745596812688514 0.3661376065502279 0.30682809732961897 0.36808734607132004 0.29574886552869045 0.3729439873912523 0.25635637890148233 0.3777165795516522 0.2226073343386542 0.3772620469649475 0.21715294329819718 0.38476183464557595 0.20846000757746874 0.3993068774201282 0.20607371149726872 0.41862451235508025 0.20760775897739728 0.46771403171919396 0.21152810253772578 0.4890770632943175 0.21391439861792574 0.4958950520948888 0.2166415941381543 0.5018039757220506 0.22243688461863992 0.5018039757220506 0.23368656613958266 0.4995313127885268 0.24442489850048252 0.4986222476151173 0.25294738450119664 0.5049857038289839 0.2570381777815395 0.5049857038289839 0.2650493146222108 0.5013494431353458 0.2716968537027678 0.4952132532148317 0.2797079905434392 0.4940769217480698 0.29010542346431045 0.4920315251078983 0.3051049988255674 0.4915769925211936 0.31192298762613874 0.48475900372062225 0.3195932250267815 0.47635015086658433 0.3214681719469386 0.4608960429186226 0.3207863730668815 0.43112415848946106 0.3190818758667387 0.42453343598224214 0.3098775909859674 0.4083975291542233 0.30135510498525314 0.38385276947216646 0.303059602185396
11 0.5432984978692403 0.326954502852648 0.5104363565200073 0.3285047021227755 0.5121492301996047 0.3211638149245012 0.5229158647570737 0.31730984914540716 0.5133727113993171 0.31896154876501887 0.5133727113993171 0.30868430668743485 0.5192454211579365 0.3068490848878663 0.5131280151593746 0.3068490848878663 0.5106810527599498 0.2974894537100665 0.5114151414797773 0.28133950187386303 0.5172878512383966 0.26629068311740073 0.5258522196363834 0.25399469706029126 0.5375976391536224 0.24555267678227577 0.5566839458691356 0.23252260200533886 0.5723445052254541 0.22609932570684882 0.5931436856205646 0.2253652369870214 0.5999951803389539 0.22444762608723715 0.6200602720142371 0.22518171480706456 0.6384124900099228 0.22738398096654686 0.6550518343260113 0.23288964636525258 0.6667972538432503 0.23802826740404462 0.6824578131995688 0.2510583421809815 0.6849047755989937 0.2527100418005932 0.6814790282397988 0.2624367173383067 0.6758510147211219 0.26372137259800466 0.6760957109610644 0.2745491812154593 0.6694889124826174 0.277485536094769 0.6628821140041705 0.27620088083507105 0.6545624418461263 0.28207359059369047 0.6543177456061838 0.28390881239325905 0.6489344283274492 0.28427585675317274 0.6433064148087724 0.28647812291265506 0.6384124900099228 0.2903320886917491 0.6286246404122238 0.2918002661314039 0.6242201080932591 0.29492014319067056 0.621039056974007 0.29712240935015277 0.621039056974007 0.30079285294929 0.6156557396952724 0.30354568564864287 0.6127193848159627 0.3094183954072623 0.6112512073763079 0.31694280478549347 0.5992610916191264 0.3226319923641561 0.5858027984222903 0.3233660810839835 0.5796853924237284 0.3239166476238541 0.5718551127455691 0.3209802927445444 0.5659824029869497 0.31584167170575234 0.5525241097901135 0.3138229277262269 0.5449385263518965 0.31859450440510517 0.5454279188317815 0.32153085928441494
33 0.8031676270745529 0.4275183208029994 0.7931859610478831 0.4328656418887155 0.7621714987507301 0.44195608773443273 0.7532592969412031 0.443025551951576 0.7464860235659628 0.4382129629744316 0.7350784052497685 0.44249081984300437 0.7332959648878632 0.4550570243944372 0.7243837630783364 0.46601903262015504 0.7133326328345233 0.46521693445729767 0.7129761447621421 0.4705642555430137 0.6944387649983264 0.47457474635730074 0.6908738842745157 0.47778313900873043 0.6951517411430885 0.4815262637687317 0.6912303723468969 0.48954724539730576 0.7133326328345233 0.4970334949173083 0.7161845374135719 0.5093323334144553 0.7101242401830935 0.5283153232687473 0.7069158475316639 0.54916987550304 0.7133326328345233 0.54916987550304 0.7215318584992878 0.554517196588756 0.7218883465716689 0.559864517674472 0.7190364419926203 0.5756391148773344 0.7243837630783364 0.5767085790944777 0.7336524529602442 0.5849969267773376 0.7382867979011981 0.5815211680716221 0.7450600712764384 0.585799024940195 0.7350784052497685 0.6023757203059147 0.7378669218595185 0.6055627402941831 0.7381972416180871 0.6103212462159004 0.7299916217524541 0.6167659462603743 0.7095665368611435 0.617815784242158 0.7040639429526153 0.6216260762144926 0.6972906695773751 0.6275081294087802 0.6537991247468844 0.6272407633544945 0.61244650835068 0.6261712991373513 0.5646771066516165 0.6208239780516353 0.5611122259278059 0.6136050945859185 0.5721633561716191 0.6042472826859153 0.5611122259278059 0.6026430863602006 0.5504175837563737 0.5935526405144833 0.5361580608611309 0.5946221047316265 0.526532882906842 0.5748370167144771 0.5358015727887498 0.5697570616830467 0.5333061562820823 0.5612013479459012 0.5290282994135094 0.5368710370058929 0.5297412755582717 0.5128080921201706 0.5336626443544633 0.5087976013058836 0.5247504425449366 0.495964030700165 0.521185561821126 0.44703604276586306 0.526532882906842 0.4440950161687192 0.5261763948344609 0.4422234537887186 0.521185561821126 0.4371434987572883 0.5154817526630288 0.4197647052287111 0.511560383866837 0.4154868483601382 0.5129863361563612 0.3812639934115555 0.521898537965888 0.3809966273572696 0.5268893709792231 0.3855418502801282 0.5343756204992256 0.3807292613029838 0.5771541891849541 0.3745798420544103 0.5985434735278183 0.3732430117829814 0.622071686304969 0.3668262264801221 0.6327663284764012 0.361478905394406 0.6498777559506926 0.3644199319915499 0.6808922182478458 0.36415256593726403 0.7022815025907101 0.36201363750297766 0.7101242401830936 0.3644199319915499 0.711906680544999 0.36949988702298014 0.7201059062097638 0.36388519988297824 0.7357913813945306 0.3644199319915499 0.7439906070592953 0.362815735665835 0.7550417373031085 0.36736095858869366 0.7625279868231111 0.37351037783726715 0.782491318876451 0.3812639934115555 0.7988897702059803 0.3927607337458451 0.8031676270745529 0.4039901080258488
34 0.8075348352498475 0.4368585930403942 0.7977463945029765 0.4321868372293875 0.7603723480149231 0.4435325299132608 0.7543658048293431 0.4438662267569041 0.7463570805819032 0.4395281677895408 0.7359012461477454 0.4435325299132608 0.7343439942107434 0.45537876786259907 0.7252229471511589 0.4662239152810074 0.7138210194613989 0.46589456032752175 0.7137331914738028 0.47076901363911294 0.6946315538986396 0.4748639719359551 0.6914697463451751 0.4775646825545394 0.6960368017001792 0.48145107100567286 0.6920845422583487 0.4895532028614257 0.7135145712318305 0.4967331408474181 0.7168520347604875 0.5090510161077904 0.7108797316039435 0.5278901194471832 0.7075422680752862 0.5486394815167942 0.7136023992194267 0.5486394815167942 0.7219460580410693 0.5543043867167515 0.7223851979790504 0.5597058079539201 0.7195747023759709 0.575251361758454 0.7250200376069373 0.5765029105817004 0.7337927253425263 0.5846202089735063 0.738106407758777 0.5810480089398057 0.7456619894702802 0.5859324239409646 0.7353777254184695 0.6024219616131179 0.7383995741988665 0.6045558952742399 0.743779274886891 0.6056452614291394 0.7450871740090892 0.6077580215496133 0.7511236314961574 0.6103235159816173 0.7580655576062857 0.6097198702329105 0.7713586592225316 0.6089276490080047 0.7863491953154177 0.6034948372696435 0.793693551924684 0.5968547340338684 0.8000318322861059 0.5893091621750332 0.8017421619074417 0.580933577411726 0.7964099577938648 0.5779908043867803 0.8040561372774845 0.5776135257938385 0.809991987139768 0.5771607914823084 0.8141168997559314 0.5738407398644209 0.8171351284994656 0.5652387879453487 0.8192478886199394 0.5539204301570958 0.8201533572429995 0.5475066940770859 0.8095895566406303 0.546676681172614 0.8077786193945099 0.5463748582982605 0.8133120387576557 0.5432057181175497 0.8182418123720949 0.5386783750022487 0.818040597122526 0.5293973216158812 0.8155254065029142 0.5262281814351705 0.8175375589986035 0.5207953696968091 0.8136138616320092 0.5130234306822088 0.8103944176389062 0.5079678975367892 0.8087846956423548 0.5012523385824258 0.808181049893648 0.49551770396971095 0.8059676821483894 0.4933294881306488 0.8108974557628286 0.49325403241206045 0.8141168997559316 0.48948124648264274 0.8139156845063628 0.4833693332769862 0.8091871261414926 0.4802001930962754 0.8117023167611044 0.47748378722709467 0.8116017091363199 0.4716736968957916 0.8149217607542073 0.4657126951273117 0.8136138616320092 0.460204427670362 0.8112998862619665 0.45552617311788424 0.8082816575184323 0.4491124370378742 0.8078792270192945 0.44300052383221766 0.8063701126475273 0.4410386751489204
