22 0.2469422474663462 0.41560302848369823 0.23730037830570086 0.4064593397968125 0.2255055568068385 0.39949054473202333 0.21119797365104598 0.39242363312849465 0.1940178621497548 0.38823509650796256 0.17738870332476778 0.384080570220385 0.17781056358952108 0.36340767652881767 0.18266324059662284 0.35246877308448965 0.19047251648377755 0.35561033902747974 0.19232176421662975 0.3517269187884901 0.19417101194948191 0.3456244012700778 0.18529462283179135 0.33868972227188204 0.1823358264592278 0.33286459191339757 0.18529462283179135 0.32676207439498517 0.1938011624029115 0.3264846872350574 0.20341725061374297 0.32703946155491315 0.2141428874642858 0.33120026895383053 0.21710168383684939 0.32925855883433575 0.21969063066284245 0.323988202795707 0.23485446207223057 0.31677613663758336 0.2448403998296325 0.3137248778783772 0.2441007007364916 0.3098414576393876 0.2492785943884778 0.30623542456032576 0.292181141790649 0.3148344265180885 0.2881127967783742 0.3198273953967895 0.29550978770978303 0.32010478255671726 0.29994798226862834 0.3242655899556348 0.31474196413144595 0.3250977514354183 0.33249474236682713 0.32703946155491315 0.333234441459968 0.3323098175935419 0.33249474236682713 0.33480630203289236 0.3458093260433631 0.3428505296707995 0.35579526380076504 0.3517269187884901 0.3539460160679128 0.3630997923455312 0.35135706924191973 0.36726059974444863 0.35727466198704677 0.3755822145422837 0.3517269187884902 0.37946563478127326 0.35246661788163103 0.3822395063805516 0.36097315745275127 0.38334905502026295 0.36319225473217387 0.3925028312978814 0.36097315745275127 0.4002696717758606 0.35727466198704677 0.40692696361412856 0.36060330790618084 0.4135842554523965 0.3535761665213424 0.424402354689582 0.34026158284480645 0.42689883912893245 0.32361835324913657 0.42995009788813854 0.31400226503830514 0.4274536134487881 0.30401632728090316 0.4291179364083551 0.28994208841224395 0.42874649882727733 0.2722032035147397 0.4258256670558538 0.2636663462195295 0.42735653676517865
19 0.2458677587323871 0.5606051134849147 0.23202387568497707 0.5570823396737433 0.21348296088933855 0.547255654832055 0.18713963333731115 0.5345345735582576 0.15895744284794064 0.5228537972370054 0.11965070348118705 0.5063523830688872 0.09913209110734712 0.493744561007853 0.0847937836653867 0.4811367389468188 0.07366923478800359 0.4672310528500899 0.06773614205339928 0.4503588203860589 0.06600565667247302 0.4333011787740714 0.07193874940707733 0.4173559920498224 0.08306329828446044 0.40586062487652647 0.09443505935911871 0.3971463949225764 0.10753730581470324 0.39158412048388486 0.11989791567846224 0.3876905283768008 0.13794440607955036 0.384909391157455 0.15475483549426258 0.38398234541767307 0.16835150634439747 0.3841677545656294 0.18615078454821046 0.38880298326453905 0.20716382131660072 0.3954777125909689 0.22323261413948747 0.4004837595857913 0.24127910454057555 0.4127207633509128 0.25907838274438855 0.4258848128558161 0.27934978292095325 0.44442572765145466 0.3060487002266727 0.46871432603374097 0.328545010178714 0.49133424208441995 0.33620858829424466 0.49837978970676255 0.34140004443702343 0.5061669739209307 0.34313052981794967 0.5137687489871424 0.34164725663429857 0.5282306625277405 0.333983678518768 0.5406530754408183 0.32137585645773387 0.5512213968743324 0.30209330507026977 0.5595648085323695 0.277619297540027 0.5619751274558026 0.2573478973634622 0.5614189000119334
29 0.421668258100242 0.7470343822550991 0.4181736035088876 0.7365691978349791 0.41156616982964755 0.7258321181062137 0.4141357273715743 0.7217024720566887 0.4089966122877208 0.7104147728546535 0.40826245299002745 0.7024307904922383 0.41046493088310754 0.7010542418090633 0.4115661698296475 0.6905924718169331 0.4218443999973544 0.690317162080298 0.4277176743789012 0.6905924718169331 0.4475399754166216 0.6837097284010579 0.4512107719050884 0.6826084894545178 0.45818528523317525 0.680406011561438 0.46846351540088216 0.6806813212980728 0.4739697101335822 0.6737985778821977 0.48277962170590244 0.6704948610425777 0.48938705538514266 0.6740738876188327 0.504804400636703 0.6823331797178828 0.5132472325601765 0.6779282239317227 0.5275633388651967 0.6779282239317229 0.5371074097352103 0.6817825602446128 0.5514235160402307 0.6850862770842329 0.5568598273004056 0.6904768194805952 0.5583281458957924 0.6965336336865653 0.5678722167658059 0.6957077044766602 0.572277172551966 0.7053435452588854 0.5645684999261859 0.7061694744687904 0.571175933605426 0.7111250497282205 0.5796187655288996 0.7185584126173657 0.5752138097427394 0.7254411560332409 0.5715430132542726 0.7314979702392111 0.5781504469335128 0.7403078818115313 0.5777833672846662 0.7441622181244213 0.5719100929031193 0.7507696518036614 0.5759479690404327 0.7604054925858867 0.5752138097427394 0.7689400944215719 0.5656697388727259 0.7752722183641769 0.5590623051934858 0.7810537228335122 0.5451132785373121 0.7884870857226574 0.5410754023999986 0.7865599175662122 0.5274934553926717 0.7854586786196723 0.509139472950338 0.7992241654514225 0.49996248172917107 0.8006007141345975 0.4962916852407043 0.7939932804553574 0.4805072603402973 0.7906895636157373 0.47867186209606394 0.7868352273028472 0.4841780568287641 0.7813290325701472 0.47243150806567047 0.7719685015245568 0.46582407438643036 0.7623326607423319 0.4529762866767967 0.7562758465363616 0.4489384105394832 0.7579277049561717 0.4452676140510165 0.7648104483720466 0.43168566704368955 0.7637092094255068 0.41773664038751596 0.7609561120591567 0.4192049589829026 0.7573770854829017 0.42764779090637617 0.7579277049561717 0.44012849896716305 0.7598548731126168 0.43498938388330965 0.7518708907502014 0.43574402974894083 0.7469281195957326 0.4289490727459561 0.7474616669290541
20 0.4775685730388183 0.311446782734589 0.45769794834961497 0.3109415973611347 0.4304179381830817 0.30791048512040875 0.42536608444853846 0.28745047749550867 0.41930385996708663 0.2672430625573359 0.41324163548563475 0.24804601836607168 0.4118944744897566 0.2402156450775297 0.41425200623254343 0.22910156686153463 0.4017907670206701 0.2243023058137186 0.4007803962737615 0.22253415700662849 0.4095369427469698 0.21520896909154077 0.41930385996708663 0.21520896909154077 0.4351330016686553 0.21520896909154077 0.44557349938671137 0.21344082028445066 0.4886826512548134 0.2010637786348198 0.5226984664007377 0.193485998033005 0.5476209448244842 0.19272821997282352 0.5870254039539212 0.18666599549137167 0.6190204776060283 0.18616081011791735 0.6257562825854193 0.19752748102063958 0.6324920875648102 0.21293563491099637 0.6358599900545057 0.22783860342789886 0.6196940581039674 0.2508245379200705 0.6297977655730538 0.27103195285824333 0.6412486340380184 0.2874504774955088 0.6530362927519525 0.30917344855404455 0.6567409854906177 0.3182667852762224 0.6217147995977846 0.3195297487098581 0.5732170037461698 0.31776159990276803 0.5115843881847427 0.3139727096018607
28 0.40327241147356824 0.5359590972541487 0.3986742917487571 0.5312564748083192 0.39700224821246216 0.5271808686886001 0.38487993257432374 0.5262403441994342 0.386133965226545 0.5303159503191532 0.39156810671950354 0.532196999297485
28 0.4806915688534093 0.5332415814913971 0.46284183300461235 0.5315170593554296 0.4560711832435222 0.532114469628467 0.4512919010592233 0.5285300079902427 0.4293868577145198 0.5207636744407569 0.4273954901377286 0.5112051100721591 0.4293868577145198 0.5079193535704536 0.42620066959165387 0.5040361867957107 0.42168599229127357 0.4978071518614345 0.4254315557811651 0.4967079104024446 0.4278743145789205 0.5031812212164963 0.43113132630926104 0.5024483935771697 0.43389978628005044 0.502814807396833 0.4358539933182548 0.5056239800142518 0.44090236150028256 0.507578187052456 0.4412280626733166 0.509165980270997 0.44513647674972523 0.5112423252490892 0.4480677873070317 0.5092881182108848 0.443833672057589 0.5059903938339151 0.4399252579811804 0.5036697729760474 0.4340626368665675 0.5000056347794144 0.4342254874530845 0.49707432422210795 0.4358539933182548 0.49402087572491366 0.42754861340588646 0.4930437722058115 0.42054603818565434 0.4869368752114231 0.42064306497347703 0.479879965819045 0.4235743755307834 0.4759715517426364 0.41917740969482375 0.4759715517426364 0.4183631567622386 0.4643684474532983 0.42780849078022615 0.46729975801060486 0.43529961776000936 0.4690096891690337 0.4414879400476563 0.4686432753493703 0.43350826130832204 0.46449058539318605 0.4214573179060621 0.4558187916611544 0.41982881204089195 0.45178823964485815 0.42455147904988555 0.4473912738088984 0.43774237655776477 0.4416507906341733 0.43269400837573696 0.4393301697763057 0.4310655025105666 0.4348110660004581 0.4221087202521302 0.4313912036836006 0.4195031108678579 0.4357881695195603 0.4172232026566195 0.4376202386178768 0.4125005356476258 0.4350553418802336 0.41592039796448327 0.43175761750326397 0.4188517085217897 0.42736065166730425 0.4234115249442664 0.4244293411099978 0.4175489038296536 0.41636823707740495 0.41282623682065983 0.4098949262633532 0.4077778686386321 0.3995132013728928 0.4053351098408766 0.38766582120377924 0.39996104048581477 0.3739863719363491 0.40044959224536586 0.35749775005150025 0.4040323051487404 0.34332974902451907 0.40680076511952984 0.3314823688554055 0.40924352391728525 0.33038312739641557 0.4159203979644833 0.33380298971327316 0.4274827896071922 0.33954347288799824 0.43090265192404964 0.3405205764071004 0.4346482154139412 0.33856636936889617 0.44132508946113924 0.3356350588115896 0.45744729752632485 0.336490024390804 0.4698239421016189 0.3356350588115896 0.47340665500499335 0.33954347288799824 0.47536086204319766 0.34137554198631476 0.4763379655622998 0.34565036988238673 0.4825262878499469 0.3462610595818257 0.4888774607241108 0.3477267148604788 0.4942515300791726 0.3495587839587953 0.49929989826120036 0.3463831975217133 0.509396634625256 0.3449175422430601 0.5124907957690794 0.3479709907402542 0.5160735086724539 0.34980305983857085 0.5211218768544819 0.35151299099699956 0.5250302909308904 0.35346719803520393 0.5317071649780885 0.35261223245598955 0.5339870731893267 0.3500473357183464 0.542455303688212 0.3516351289368874 0.5457123154185527 0.3537114739149795 0.5465265683511378 0.35554354301329605 0.5510863847736145 0.358719129450378 0.5528777412253018 0.3604290606088068 0.5497835800814782 0.36274968146667436 0.5517377871196826 0.3638489229256643 0.554994798850023 0.36055119854869455 0.5556462011960912 0.35639850859251043 0.5624859258298064 0.3544443015543061 0.5693256504635215 0.35456643949419386 0.5748625704051002 0.35126871511722413 0.5810508926927472 0.35261223245598955 0.586587812634326 0.3557878188930716 0.5885420196725303 0.35590995683295934 0.5874020655669112 0.3510244392374486 0.5934275372680411 0.3446732663632845 0.6010815148343414 0.3450396801829479 0.6144352629287375 0.3522458186363262 0.6315345745130251 0.36018478472903126 0.6354429885894338 0.35847485357060244 0.6452140237804552 0.35859699151049024 0.6484710355107957 0.36103975030824564 0.649773840202932 0.36250540558689875 0.6528680013467555 0.36372678498577654 0.6533565531063066 0.3658031299638685 0.6518908978276534 0.3712993372588182 0.6492852884433808 0.3758184410346656 0.655962162490579 0.37410850987623684 0.6670360023737367 0.3728871304773593 0.6728986234883496 0.3694672681605017 0.6769698881512752 0.367146647302634 0.675341382286105 0.36323823322622545 0.6784355434299285 0.36140616412790894 0.6748528305265541 0.35945195708970457 0.6743642787670029 0.35468857743408155 0.682832509265888 0.3554214050734082 0.6895093833130863 0.3566427844722859 0.6966748091198354 0.36006264678914346 0.7002575220232097 0.36128402618802113 0.707422947829959 0.35969623296948017 0.7114942124928845 0.3610397503082456 0.7215909488569403 0.36177257794757217 0.7238708570681787 0.36006264678914346 0.7277792711445872 0.3610397503082456 0.7302220299423426 0.36226112970712326 0.7211023970973891 0.3717878890183693 0.7074229478299592 0.37435278575601244 0.6971633608793865 0.3731314063571347 0.6934177973894948 0.3763069927942167 0.6898350844861203 0.379360441291411 0.6803897504681328 0.3787497515919721 0.6725729223153155 0.376184854854329 0.6688273588254241 0.3764291307341045 0.6623133353647429 0.3770398204335434 0.6569392660096811 0.3788718895318599 0.6533565531063066 0.380459682750401 0.6543336566254088 0.3824138897886052 0.6588934730478855 0.38009326893073764 0.6642675424029473 0.3853452003459117 0.6610105306726068 0.39035285588131025 0.6553107601445108 0.39438340789760656 0.6416313108770807 0.400490304891995 0.6359315403489848 0.4045208569082914 0.6338144827242634 0.40659720188638354 0.6432598167422509 0.4043987189684037 0.649122437856864 0.40513154660773026 0.6535194036928236 0.4098949262633533 0.6585677718748515 0.4116048574217821 0.6575906683557491 0.4157575473779662 0.6636161400568793 0.4208873408532525 0.6606848294995727 0.42381865141055897 0.6649189447490155 0.42650568608808986 0.6639418412299133 0.4280934793066308 0.6709444164501455 0.42870416900606967 0.675178531699588 0.4316354795633761 0.6745271293535198 0.44006299741563226 0.6724100717287985 0.4425057562133876 0.6655703470950836 0.4442156873718164 0.6551479095579937 0.4464141702897963 0.6577535189422662 0.4486126532077761 0.6650817953355324 0.44910120496732714 0.675015681113071 0.45044472230609256 0.6735500258344177 0.45203251552463364 0.6614990824321577 0.4531317569836235 0.663616140056879 0.45691803312014445 0.6632904388838452 0.4607043092566653 0.6645932435759812 0.4662005165516149 0.668664508238907 0.46705548213082926 0.6702930141040772 0.47206313766622787 0.675992784632173 0.4789028622999429 0.6810411528142007 0.48659755251287234 0.6860895209962286 0.48989527688984214 0.6966748091198354 0.49001741482972994 0.6932549468029778 0.48488762135444363 0.7010717749557951 0.48281127637635135 0.7044916372726526 0.48146775903758593 0.7103542583872654 0.4848876213544435 0.713448419531089 0.4880632077915255 0.7163797300883954 0.49392582890613845 0.7176825347805316 0.4986892085617614 0.7274535699715533 0.5003991397201902 0.732827639326615 0.5028418985179456 0.7342932946052683 0.507361002293793 0.732827639326615 0.5107808646106505 0.7263136158659341 0.5154221063263859 0.7168682818479466 0.520063348042121 0.7100285572142314 0.5214068653808864 0.6976519126389376 0.520551899801672 0.6854381186501606 0.5178648651241412 0.6737128764209346 0.5115136922499771 0.6681759564793559 0.5050403814359253 0.6611733812591238 0.49673500152355715 0.6566135648366472 0.4914830701083831 0.650099541375966 0.49099451834883195 0.6520537484141703 0.4930708633269241 0.6533565531063066 0.49734569122299604 0.6556364613175449 0.5029640364578334 0.6489595872703469 0.5058953470151398 0.6447254720209041 0.5058953470151398 0.6417941614635978 0.5077274161134563 0.6385371497332571 0.5088266575724462 0.6323488274456103 0.5074831402336809 0.6261605051579633 0.5087045196325585 0.6222520910815545 0.509437347271885 0.6090611935736755 0.5091930713921095 0.6188322287646971 0.5116358301898649 0.6230663440141397 0.512124381949416 0.6233920451871738 0.5142007269275081 0.6170408723130099 0.5188419686432433 0.6051527794972671 0.5260481070966216 0.5971731007579328 0.5254374173971829 0.5869135138073601 0.523238934479203 0.5841450538365708 0.5255595553370705 0.5805623409331961 0.5287351417741526 0.5843079044230877 0.5322771420308979 0.5841450538365707 0.5339870731893267 0.5831679503174686 0.5356970043477555 0.5760025245107194 0.53545272846798 0.5685113975309363 0.5360634181674188 0.5633001787623915 0.5347199008286533 0.5525520400522677 0.5294679694134793 0.5453866142455186 0.5271473485556116 0.5277987509016798 0.5183534168836923 0.5250302909308904 0.5145671407471715 0.5115136922499772 0.5120022440095282 0.5036968640971601 0.5163992098454879 0.5019055076454728 0.5192083824629067 0.5025569099915409 0.5223839688999886 0.49555433477130884 0.5248267276977441 0.4986484959151323 0.5297122452932548 0.4981599441555812 0.5320328661511223 0.49506578301175774 0.5323992799707857 0.48904031131062775 0.532765693790449 0.48317769019601475 0.5287351417741526 0.47633796556229974 0.5289794176539282
28 0.6554685126257948 0.5457950384820137 0.6483992752121253 0.5394327248097115 0.6402696521864059 0.5402280140187492 0.6240104061349668 0.5444695564669507 0.6240104061349668 0.5479158097061144 0.6349677241261541 0.551627159348291 0.6416834996691398 0.5510969665422656
28 0.730946331688138 0.5317833844432654 0.7221583787788817 0.527975271515921 0.7219630909364537 0.5262176809340698 0.7299698924759984 0.5250459538795023 0.7368049669609756 0.5225560338885463 0.7414918751792456 0.5221166362430835 0.7440306171308086 0.5244600903522185 0.7481316618217949 0.5260712150522489 0.7590677809977584 0.5295863962159514 0.7666840068524472 0.5320763162069073 0.7676604460645868 0.5331015773796539 0.7659028554827355 0.5347127020796842 0.7571149025734791 0.535298565606968 0.7516468429854976 0.5364702926615355 0.7467646469247995 0.5341268385524005 0.7414918751792456 0.5322227820887283
28 0.8005914663949469 0.40886627281257676 0.8064064066513531 0.4050116420301403 0.8111240728369108 0.4020631006641667 0.8064064066513531 0.39982220922602674 0.8016887404657952 0.3962839595868583 0.79555577442457 0.4008836841177772 0.7947694967269772 0.4041860504476677 0.7991726518334977 0.407724300086836
28 0.7987288106703138 0.43322716457609106 0.8034978622990951 0.4290542444009074 0.8017094679383022 0.42547745567932127 0.798132679216716 0.42428519277212595 0.7935623380724673 0.42547745567932127 0.7913765227426092 0.4283090800839103 0.7907803912890116 0.4302465073081027 0.7945558904951301 0.42965037585450505 0.7969404163095207 0.43203490166889563
28 0.7681072271726137 0.3944719034756823 0.771724909138964 0.3888580570709024 0.7690626093336299 0.386974735038082 0.7644574388118802 0.38942507117680314 0.7645559996573127 0.39415745605464153
28 0.74948866570467 0.4332593406374345 0.7437438489782161 0.42895072809259394 0.7508753456041591 0.4222649500057723 0.7542429967886322 0.4212249400811557 0.7637516589565563 0.427316426782482 0.7738546125099756 0.4347450691011726 0.7883157028903599 0.4435108670372275 0.7902966741753441 0.4473737610429467 0.7891080914043536 0.4534652477442731 0.7877214115048646 0.45807100598186123 0.7790051378509344 0.4504937908167968 0.7706850584540008 0.4457394597328348 0.7635535618280578 0.4421737114198633 0.7540448996601338 0.4369736617967799
28 0.7362341841841082 0.48553694028865946 0.7360124521607305 0.4929061381541736 0.7357834712680716 0.49496696618810426 0.7424239171551816 0.4965125872135524 0.7497513057202686 0.4965125872135524 0.7531860191101533 0.49462349484911594 0.754559904466107 0.4820867909760373 0.7547888853587659 0.4686914087554876 0.7554758280367428 0.4571851188993744 0.7431108598331586 0.4604480966197646 0.7344095859121177 0.463711074340155 0.7346385668047766 0.4764195138827278 0.7261662737763949 0.4772781922301989 0.7195258278892848 0.4807129056200835 0.7279981209176666 0.4838041476709796 0.7312457268663498 0.48512172598794373 0.7341534859106851 0.48371328020084386
28 0.701682193695202 0.4730717165224988 0.7132298279960391 0.4626951866436806 0.7207466842862064 0.4560770849099461 0.7241238226194702 0.45452469067610723 0.725431101974282 0.456730724587352 0.726193681597922 0.4606525626517872 0.728590360415077 0.46122449736951737 0.7310959791784662 0.4661267949500613 0.730660219393529 0.4694766982967666 0.7289171802537802 0.4711925024499568 0.7224897234259556 0.47339853636120177 0.7117046687487587 0.4738070611595803 0.7027715931575453 0.4744607008369862
28 0.8186069377237163 0.5013780863386689 0.8100145082792284 0.49957367615532644 0.8027968675458584 0.5000892219219957 0.8113892969903465 0.49055162523861395 0.8151699659459212 0.48152957432190147 0.8217002123237321 0.48101402855523223 0.8206691207903936 0.4882316692886022 0.8227313038570706 0.48977830658861005
