26 0.5529577713230897 0.8095952022964967 0.5399318721384219 0.809781165263159 0.5315015509830624 0.8088513504298475 0.5245589335610018 0.8027145725299901 0.5220794273388373 0.7963918316634707 0.5187127016768182 0.7678410893487986 0.5154893435880044 0.7431080147827075 0.5154893435880044 0.7362273850162011 0.5251417594971247 0.7332845069971241 0.5490662132327568 0.7323873399820378 0.5885415618965498 0.731789228638647 0.6539350687739441 0.729695838936779 0.6619098866858215 0.729695838936779 0.669087222806511 0.7323873399820378 0.6730746317624497 0.736275063714078 0.6766632998227948 0.7521250143139342 0.6790557451963579 0.7679749649137907 0.681448190569921 0.7706664659590491 0.6778595225095763 0.775750412377871 0.6798532269875457 0.7886098062607733 0.6798532269875457 0.7981795877550261 0.6754670771360131 0.8017682558153709 0.666694777432948 0.8074503135775835 0.6371879511590017 0.807151257905888 0.5857503756273926 0.8080484249209744 0.5829591893582357 0.8137304826831868 0.5749843714463583 0.8173191507435316 0.5701994806992319 0.8179172620869224
14 0.18691182768538442 0.7369771473500493 0.1878929921351765 0.7207879339284805 0.1932893966090327 0.7145330105610561 0.1908364854845526 0.6847301403986228 0.1932893966090327 0.6781072803625265 0.1947611432837208 0.6703806103204141 0.1824965876613202 0.6630218769469739 0.1972140544082009 0.6648615602903339 0.20113871220736906 0.666701243633694 0.21242210337997758 0.666701243633694 0.2521592635965554 0.6711164836577582 0.2649144014438519 0.6707485469890861 0.2933681704878212 0.6659653702963498 0.30906680168449396 0.6700126736517421 0.3365394062786711 0.6755317236818225 0.3409546463027354 0.688409507085343 0.3419358107525274 0.70791015052496 0.3360488240537752 0.7134292005550401 0.3355582418288791 0.7193161872537924 0.31789728173262227 0.7211558705971526 0.29778341051188545 0.7218917439344965 0.2747260459417724 0.7189482505851202 0.2501969346969713 0.7222596806031685 0.2237054945525861 0.7285146039705929 0.21193152115508154 0.7307222239826249
19 0.1742769626279493 0.41599163409057494 0.18084365093272223 0.4103278654277084 0.18708200482225648 0.40786535731341855 0.19200702105083617 0.40417159514198375 0.2179454398546892 0.40023158215912 0.25833057292904266 0.40121658540483596 0.30272433085003136 0.4068063404806821 0.30797768149384974 0.4117313567092618 0.3155293730443386 0.4154251188806966 0.3303044217300776 0.42453639890356903 0.3306327561453163 0.4449752162521747 0.3273494119929299 0.4907778671779657 0.32669274316245256 0.5072766715437076 0.31717104512053185 0.5360880164808989 0.31060435681575893 0.5410130327094785 0.3112610256462362 0.5582505895095075 0.3230810645948275 0.5858306803895538 0.32242439576435017 0.6052844944924435 0.3220960613491115 0.6259695626524782 0.3220960613491115 0.6377896016010695 0.3211110581033957 0.6520721486639505 0.32012605485767964 0.6587209205725331 0.31388770096814533 0.6621684319325388 0.3083060159090884 0.6633996859896838 0.30502267175670195 0.6675859497839763 0.29648597696049717 0.6646309400468285 0.2905759574862015 0.6646309400468285 0.26923422049568957 0.6688172038411215 0.2541308373947119 0.6695559562754084 0.21341736990511978 0.6658621941039736 0.20192566537176718 0.6658621941039736 0.19864232121938075 0.6633996859896838 0.1848522757793576 0.6597059238182491 0.18715061668602812 0.6547809075896693 0.1756589121526755 0.6404983605267883 0.1723755680002891 0.5907556966181334 0.1746739089069596 0.5498780619209219 0.1756589121526755 0.502844156937986 0.17762891864410738 0.46319777629791953
16 0.19805765877337364 0.3954714312634154 0.1886497779910103 0.38878688439173614 0.18122250368914453 0.3679905163465119 0.17924189720864697 0.3542500588880601 0.1718146229067812 0.34125232885979506 0.17330007776715434 0.3330823271277426 0.17131947128665678 0.3230555068202239 0.1747855326275275 0.3156282325183581 0.18419341340989084 0.3137714139428916 0.19112553609163224 0.3093150493617721 0.25202918536693175 0.30411595735046604 0.30203949899949484 0.3030018662051862 0.31986495732397274 0.30411595735046604 0.3272922316258386 0.3063441396410258 0.3347195059277044 0.31451414137307815 0.3357623604274151 0.3228736200844889 0.3381037228893482 0.32461978856978996 0.34262275905476086 0.34638937625124894 0.34918244831976947 0.37360262452132614 0.3469229302370631 0.3790776106448069 0.3403181850722292 0.38468295358075144 0.32623964932613597 0.38663830576770886 0.2747921606737459 0.390940080579015 0.24211605301614678 0.3936775736407554 0.2078756636089817 0.39641506670249577
11 0.5506546475361501 0.4299596418261879 0.5252451726498422 0.4291764730796921 0.4820838728429633 0.42787119183553246 0.439966798031412 0.4268269668402047 0.4256957230952665 0.4218668981123981 0.4096842731669081 0.4095972544172974 0.3971535732229755 0.3941949357362136 0.39367282323854963 0.3764431108156423 0.3971535732229755 0.35529755466025603 0.3988638168763367 0.348285193548416 0.408988123170023 0.344072135960483 0.41598463631161303 0.3447360758346322 0.42395191480140343 0.3439393479856532 0.4175780920095711 0.34168195241354593 0.42917073465004163 0.33343060479772724 0.4417413296005998 0.32944696555283204 0.4569676840477548 0.3285174497290232 0.47980721571848717 0.3293141775780022 0.4801613169847001 0.3356880003698345 0.4842334815461486 0.337679819992282 0.4879515448413839 0.33927327569024013 0.5019385448567938 0.33781260796711193 0.5051254562527099 0.3390076997405805 0.5129156841093938 0.3436552788596249 0.5256633296930584 0.3436552788596249 0.527433836024123 0.33874212379092083 0.5380568740105101 0.3379453959419418 0.5463782537665134 0.3403355794888789 0.5492110638962165 0.34206182316166683 0.5582406461846458 0.3424601870861564 0.5670931778399685 0.3469749782303708 0.581788380387804 0.35175534532424513 0.5909950133093396 0.3585275320405669 0.5959524310363203 0.3629095352099515 0.6071066209220267 0.37207190547321056 0.6106476335841559 0.37605554471810576 0.6092312285193042 0.37937524408885165 0.608345975353772 0.384155611182726 0.6078148234544526 0.38840482637728085 0.5998475449646623 0.39743440866570995 0.5954212791370009 0.4030115036085632 0.5849752917837201 0.413103389695631 0.5732899499986942 0.4202739403364423 0.561073456314349 0.4274444909772537
20 0.8322241637650702 0.3556310166008583 0.8437263507804929 0.35560979153489924 0.8506814571399682 0.35381105713158667 0.8545187572003684 0.3543506774525805 0.8537992634390433 0.359567007222187 0.8516407821550683 0.3737770090083565 0.8504416258861931 0.39032536551883223 0.849722132124868 0.41730638156852107 0.8468441570795678 0.4329553708773407 0.8120686252821911 0.4316962567950219 0.8079914939680161 0.4271994207867404 0.804154193907616 0.4246811926221028 0.7715371433942143 0.42683967390607785 0.726688698938287 0.42791891454806547 0.6940716484248852 0.4295377755110469 0.6758444731379842 0.4286384083093905 0.6549791540595584 0.42216296445746515 0.6463452289236578 0.41676676124752743 0.6437070851321327 0.4120900517989146 0.6393901225641825 0.4122699252392459 0.6338740037273572 0.4165868878071961 0.6254799098452318 0.4210837238154776 0.609651047096081 0.4120900517989146 0.6086487118333764 0.39132273386208 0.6085840872989043 0.3871741007403388 0.6090207395588497 0.3837354641932687 0.609784881013754 0.37972372155502043 0.6113131639235632 0.3757938512155118 0.6073832935840545 0.37047215179742715 0.6057458476092593 0.3540976920494746 0.6054183584143001 0.34451863309692227 0.6174262955627988 0.3421443364334692 0.6174262955627988 0.3212669002548296 0.622447796552171 0.31471711635564864 0.6283426020614338 0.3103778845224412 0.6277967867365021 0.3071029925728507 0.6186270892776486 0.30112631476484797 0.6179721108877305 0.29875201810139485 0.6192820676675668 0.29858827350391537 0.627469297541543 0.3035006114283011 0.6521401502284584 0.3045649513119181 0.6784484488901686 0.30521992970183615 0.7070491719165927 0.3077579709627688 0.7138172819457463 0.3053836742993157 0.7248427515093677 0.30612052498797354 0.7448195924018699 0.3077579709627688 0.7658880639442357 0.308003587858988 0.7901222643712054 0.30808546015772786 0.8206879225673837 0.30702112027411094 0.8427388616946263 0.3063661418841928 0.8442671446044353 0.3066936310791519 0.8430663508895855 0.3114422244060581 0.838263176030186 0.3258517489842564 0.8355340994055271 0.33444834035193144 0.8336783273007592 0.3414074857448114 0.8321500443909503 0.34803914194273206 0.8308400876111142 0.35188713998350096
33 0.4080206269431633 0.5417524342999392 0.40054142760949935 0.5402363803809532 0.3904344014829265 0.5350817970564011 0.37891239169863333 0.5308368460832404 0.3748695812480042 0.5293207921642545 0.3774974080409131 0.5265918951100798 0.38255092110419964 0.5241662088397023 0.3944772119335556 0.524621025015398 0.4043820975375971 0.525379051974891 0.40680778380797455 0.5328077161779222
33 0.4144891236641699 0.5655829018365225 0.40377567597000263 0.5663409287960155 0.39609433611380723 0.5584574484172885 0.39649861715887014 0.5560317621469111 0.4072120648530374 0.5548189190117223 0.411861296871261 0.5567897891064041
33 0.6973986125562636 0.5013320813528721 0.6922408990777733 0.49902333111634145 0.6864316290722795 0.50145317001287 0.6788348913727877 0.5035478587167741 0.6751482392539166 0.5053911847762096 0.673807638483418 0.5062290602577711 0.6658757505913016 0.5079885987690506 0.6609161798557881 0.5085066297597335 0.6548834763885446 0.5036469519666762 0.6482921892669267 0.4987034866254628 0.6356681986780653 0.49510062205474786 0.6345510313693165 0.48521369137232107 0.6422594857996833 0.48085673886820074 0.652760858501922 0.47918098790507757 0.6570060942751674 0.47507539804542565 0.6621450638954118 0.47474024785280106 0.6643793985129095 0.47205904631180395 0.6709706856345273 0.4726455591488971 0.6863875944952607 0.4822811271868555 0.6901859633450066 0.4779241746827351 0.6973358341209989 0.47189147121549163 0.7023630870103684 0.4702995078005246 0.6983412846988728 0.46493710471853045 0.7045974216278661 0.464769529622218 0.7075020566306128 0.46577498020009195 0.7113004254803588 0.4632613537554071 0.7186737297181008 0.46585876774824814 0.7342023553097091 0.46661285568165356 0.7398999085843279 0.4708022330894616 0.7405702089695773 0.47298070934152164 0.7349843724258334 0.47432131011202033 0.7309625701143376 0.4775052369419543 0.727834501649841 0.4814432517052939 0.722248665106097 0.48504611627600874 0.7184502962563513 0.4849623287278525 0.7123058760582327 0.48806246800963043 0.7042622714352414 0.4859677793057265 0.6999053189311211 0.48462717853522785 0.6900742466141316 0.48437581589075945 0.6921968645007545 0.48655429214281953 0.7056028722057399 0.4943465341213424 0.7146519274066052 0.4989548492699313 0.7083957904776119 0.5012171130701476 0.7003521858546207 0.501468475714616
33 0.4107991408340862 0.5763121066573347 0.4091078360456567 0.5710972502263438 0.4158730551993745 0.5656005096639481 0.4224503515988223 0.5647548572697334 0.4350411761349083 0.561231305627172 0.44067885876300644 0.5595400008387427 0.4551489108417917 0.5598218849701475 0.46849142639495733 0.5627816683498991 0.4671759671150678 0.5671508723866752 0.45759190664730093 0.5770168169858468 0.44725615516245426 0.5912519656217948 0.4414305497800861 0.5916747918189021 0.4367324809233377 0.5912519656217947 0.4342894851178285 0.5871646457164236 0.42057112405612296 0.5823726154825402
33 0.47450495453159547 0.5708153660949389 0.4750687227944052 0.5675736985837825 0.4840890149993623 0.5616541318242794 0.4840890149993623 0.5582715222474205 0.48953877487319053 0.5524928975536199 0.4931093072043194 0.5451639101370923 0.5019416766550064 0.542908837085853 0.5115257371227733 0.5431907212172579 0.5229890251332396 0.5430497791515554 0.530881780812577 0.5453048522027947 0.5367073861949452 0.5505197086337855 0.5329489311095463 0.558412464313123 0.5229890251332396 0.5664461620581629 0.509646509580074 0.5709563081606414 0.5026933676720863 0.5729294970804757 0.48559239703352186 0.5743389177375002
33 0.5352040041607856 0.5978762427098101 0.5301300897954973 0.5980171847755126 0.5259957892015587 0.5949164593300585 0.5218614886076199 0.5943526910672488 0.5068276682660249 0.5877284139792334 0.4979952988153378 0.5832182678767549 0.49047838864454024 0.5874465298478285 0.4797667916511537 0.5964668220527856 0.4733774180059758 0.607460303177577 0.47957886889688384 0.6111247968858409 0.49198177067869975 0.6156349429883194 0.506639745511755 0.6187356684337734 0.5229890251332396 0.6192994366965832 0.5276870939899881 0.6215545097478224 0.543472605348663 0.6246552351932765 0.5489223652224912 0.6149302326598071 0.5543721250963194 0.6025273308779912 0.5600098077244177 0.5994266054325372 0.5641441083183563 0.6022454467465863 0.5688421771751048 0.6013997943523716 0.5705334819635343 0.5998494316296445 0.5833122292538899 0.59844001097262 0.5960909765442459 0.6016816784837765 0.5959030537899759 0.6047824039292304 0.6026682729436937 0.610842912754436 0.6107489513773011 0.6114066810172458 0.6130040244285404 0.6147892905941047 0.6146953292169698 0.6209907414850127 0.6137557154456201 0.622963930404847 0.6276619992615956 0.6328298750040188 0.6237156214219269 0.6360715425151753 0.6334876046439636 0.6421320513403808 0.6410045148147612 0.6498838649540155 0.6473938884599391 0.648756328428396 0.6552866441392766 0.6503066911511229 0.6601726357502948 0.6528436483337672 0.6654344728698531 0.6514342276767426 0.6787769884230189 0.6434005299317027 0.6838509027883073 0.6452327767858347 0.6883610488907856 0.6452327767858347 0.6962538045701233 0.6421320513403806 0.7043344830037305 0.6426958196031904 0.7142943889800374 0.6400179203548438 0.7206837626252153 0.6412863989461658 0.7360934284753502 0.6376219052379021 0.7428586476290682 0.6383266155664145 0.7524427080968349 0.6345211797924482 0.7599596182676325 0.6359306004494727 0.764469764370111 0.631984222609804 0.7650335326329207 0.62888349716435 0.7608992320389821 0.6252190034560862 0.7646576871243809 0.6215545097478223 0.7635301505987613 0.6157758850540218 0.7655973008957305 0.6142255223312948 0.7605233865304422 0.6052052301263378 0.7546977811480741 0.6052052301263378 0.7396639608064791 0.5978762427098101 0.7385364242808595 0.593788922804439 0.7407914973320986 0.5904063132275801 0.7424828021205281 0.5830773258110524 0.7360934284753501 0.5781443535114666 0.7422948793662582 0.5730704391461783 0.7496238667827858 0.5701106557664267 0.7545098583938042 0.5661642779267579 0.7595837727590926 0.5629226104156015 0.7625905368274115 0.5547479706048593 0.758080390724933 0.5491102879767611 0.7595837727590926 0.5422041267573408 0.7539460901309945 0.5360026758664328 0.7526306308511047 0.5344523131437058 0.743234493137608 0.5288146305156076 0.7251939087276937 0.5192305700478408 0.7129789297001478 0.5099283937114788 0.7013277189354116 0.512465350894123 0.6846025938053869 0.5178211493908162 0.6793407566858288 0.5150023080767672 0.6566021034191662 0.5197943383106506 0.6304808405756446 0.5207809327705678 0.6235276986676569 0.5216265851647826 0.6208967801078777 0.5244454264788316 0.622963930404847 0.5303649932383346 0.6212726256164176 0.5362845599978378 0.6310446088384545 0.5368483282606475 0.6242793896847367 0.542908837085853 0.6083059555717918 0.5513653610280004 0.5883861436191783 0.5599628270358501 0.567902563403755 0.5661642779267579 0.5620769580213869 0.5648957993354359 0.5451639101370924 0.5639092048755188 0.5261837119558286 0.5710972502263438 0.5181030335222212 0.5794128321027887 0.5199822610649206 0.5868827615850187 0.525056175430209 0.5905472552932824
33 0.5341676041742474 0.49469993892270275 0.5441411527026762 0.49309704719491954 0.5548270975545642 0.49024746190108276 0.5602888027010848 0.4900693628202179 0.5592311139154738 0.48425140087139273 0.5537694087689533 0.4781960321219896 0.531447657300565 0.47107206888739755 0.5247986249482791 0.47107206888739755 0.5110256293614012 0.47142826704912705 0.5036642006856562 0.47499024866642314 0.5024768734798908 0.4744559514238287 0.4879914815695535 0.4746340505046935 0.48229231098188 0.4773055367176655 0.478730329364584 0.4814018155775559 0.47421848598267574 0.47605884315161195 0.468281849953849 0.47908652752631353 0.46614466098347135 0.48193611282015036 0.4592581631900325 0.47908652752631353 0.44121078966239935 0.48157991465842076 0.4357490845158788 0.48692288708436476 0.4321871028985828 0.49440304848068645 0.4321871028985828 0.5015270117152785 0.4352741536335727 0.5066918850603577 0.4407358587800932 0.5109662630011128 0.4533215271612058 0.5139939473758145 0.4621077484838693 0.5129253528906257 0.47041903892422665 0.5106100648393832 0.47493088230613495 0.5043765970091152 0.4770680712765126 0.49921172366403593 0.47730147799416545 0.4971469060489631 0.47723745264176015 0.49349746096185704 0.47890211180429965 0.4926811377186886 0.48146312590051443 0.49316132786172884 0.4824235061865949 0.4956102975912342 0.48371153742256195 0.4985814255187088 0.4882573374433431 0.5027590797631591 0.4932513149309619 0.5047758783639283 0.5041356248398746 0.5054961635784887 0.5086814248606558 0.5012224713054303 0.5116906164237082 0.49574830367477124 0.5128430727670048 0.49166668745892905 0.5146998079867605 0.48878554660068746 0.5175169234925967 0.4883533754719511 0.520334038998433 0.4894578128009438 0.5228310277422423 0.49075432618715253 0.5271207263534021 0.491714706473233
33 0.7720032512250838 0.6350304917798344 0.7696171261024196 0.6306253377072234 0.7666803567206789 0.628698082800456 0.7677816452388317 0.6212643853029249 0.7701677703614959 0.6200254357200031 0.7771425976431301 0.6208514021086177 0.7767755014704126 0.6263578446993815 0.7800793670248709 0.6326902536787598 0.7778767899885652 0.6354434749741417
