32 0.43252756340697146 0.12325001196448439 0.5335996477286652 0.12099160718607196 0.6136779590842146 0.1195700987004705 0.691724546895383 0.11832090281863553 0.703477079700619 0.13487151000692366 0.7101181053200334 0.15385027322457978 0.7092833939775934 0.18138021342081362 0.6996313896402261 0.2097647261760978 0.673586421823757 0.25561660336389747 0.6666308011430835 0.26393996368732814 0.6492602039970918 0.28120189385875055 0.6328861809664459 0.3026843298449051 0.6112752872449303 0.3489346923164119 0.5597113205032038 0.36524302880108683 0.502697765102722 0.3574602071247822 0.46727664886806347 0.32593808794688056 0.4608897369031475 0.3027134693567341 0.4578232809777601 0.26920075288514933 0.4415672736727204 0.2358632379041108 0.42937526819394056 0.1990967213821655 0.4176912629434433 0.16918820794203382 0.41997726397071455 0.14442319681326238
31 0.16696426298201753 0.4133550611361315 0.16494320005196048 0.4003348053645171 0.16648232517528302 0.3903461439879882 0.17000651923262688 0.38493186970111476 0.16668563672609968 0.3744917699794454 0.1644579355321964 0.36919198114491614 0.17107837683420335 0.3604071553554285 0.17740819388161388 0.3547144184193172 0.1862950026598697 0.3478538398922003 0.19543644169668617 0.3447212577932838 0.2043079257632338 0.3436029079468277 0.20484385456402202 0.3359699309650599 0.2213149802577538 0.32952029753754325 0.2364149528096635 0.3308856152867059 0.23834874177258136 0.3383787425980763 0.25050300812225135 0.34198292608865577 0.2535599842889876 0.33905302131942705 0.25581435376655787 0.3333197911377754 0.29034372227205835 0.3452936850550054 0.31743769475130623 0.34505379907375544 0.3323530056389947 0.3529300130817232 0.34235821025174235 0.35821659043058174 0.33726592057170984 0.3882874755000061 0.33685776555930075 0.3994701978702043 0.33095379972060146 0.40302746484977087 0.334221654631013 0.4100731702918124 0.33385942913168554 0.4342187886727813 0.3115068836141393 0.4424771496390353 0.28811602107815515 0.4424771496390353 0.2742084603228805 0.44342103843643843 0.26534465690032616 0.43853417084778246 0.2537698302445211 0.4410687097761603 0.24015463489243874 0.4428741508215909 0.22161481120786303 0.4401550088334941 0.19797210970751164 0.436308027713539 0.18484492707238723 0.43885854259426954 0.1799258648989076 0.4358744971340562 0.18055424772400294 0.4313322299155445 0.17618446878344507 0.43236141690482555 0.17147032965084827 0.42910644322611113 0.16717357353217344 0.42237384789985205
14 0.3760214841141747 0.771583996666798 0.3956724466094071 0.7560418717842051 0.4006745097900117 0.7351403934938218 0.4305909491908295 0.7247728359175127 0.4374598024376018 0.7251121166303386 0.4589672500275173 0.721817842087517 0.4701753565180366 0.7245441382608866 0.4751735661692142 0.7248849252825579 0.49471202207836273 0.7353357272804745 0.49804416184581446 0.7482856341039799 0.5006189971206635 0.761121945253595 0.5041025977866358 0.7721407256209638 0.5086464247422516 0.7854314194661403 0.5059472909555386 0.7895308280742008 0.5024579265567828 0.7909351628348509 0.4837364170413163 0.7929174403129592 0.4622402825092729 0.7947399666114291 0.4386732058250973 0.798539331777803 0.4236959982127241 0.8000260398863841 0.41466562303467547 0.7988697113574879 0.40849853754722765 0.7808640242646715 0.40321246427227236 0.7636842861210665 0.39704537878482454 0.7656665635991751 0.39352132993485434 0.7689703593960221 0.38360994254431324 0.7777254182576666 0.37546057957875717 0.7754127611998736
20 0.40875000883464524 0.32786238255031314 0.3921606676284955 0.2922305697930415 0.3735763468332497 0.24261988292437642 0.37286249718280545 0.22982930008841465 0.37311411520580795 0.21591482341637477 0.37669547839987727 0.21359574397103484 0.3753907923546789 0.20856338351098425 0.36678818450239253 0.20228532117207557 0.367781554511523 0.20079489882686363 0.3762938185710613 0.19967995300375427 0.3898621052983832 0.19911460772344922 0.40124439027519215 0.19775777905071698 0.4086315686045119 0.1964009503779848 0.42611958260861577 0.19244353341584927 0.42875786058337284 0.19826658980299158 0.4304915861096417 0.20465499147043897 0.432752967230862 0.21081725502576437 0.4364465563955218 0.22133267723943884 0.43863255814603475 0.22879523493946588 0.44089393926725523 0.2358055164152489 0.4449644252854517 0.24366381581148946 0.4572512627107488 0.2689912843691571 0.46034181690974996 0.3029120011874619 0.46682444279058155 0.32637383032012274 0.47519155293909676 0.3338363880201498 0.4589096088663103 0.32744798635270234 0.4333560021965207 0.3327622319875701 0.41111908783785434 0.32942669483377
11 0.23177577559279708 0.6416235269795287 0.2369911793151035 0.622229314400533 0.2506636021411968 0.6055185753908634 0.2670956790156862 0.590947242451286 0.29194300029948594 0.5697303680066216 0.3171948498786847 0.555731041397766 0.3406270149472995 0.5436901228039959 0.36731333374795666 0.5316168916914576 0.3706105409780374 0.534651821073691 0.3751067326554201 0.5364502977446441 0.3827254754347862 0.547500044078486 0.3894959228603885 0.5496882474927309 0.3969877097734388 0.5553816504275155 0.39521312838257094 0.5616310363940032 0.39913323407114376 0.5636295395766405 0.40196016957333236 0.5677008951584697 0.40769389714363785 0.5705048191887879 0.4087099644387808 0.5732076973352559 0.4112478623830161 0.5759557158168126 0.4151063165360037 0.5787361847002039 0.42307574840890827 0.5788897429515418 0.42875440248546987 0.5865952264835544 0.43775091635226615 0.5873479833028423 0.4468016725423221 0.5937190533237174 0.44669511014112695 0.6003100252601891 0.4486183900275377 0.6051452953138593 0.4510593820265718 0.6087640147696348 0.45486469183961054 0.6097952640543309 0.45928875123262897 0.6115329190759097 0.46240306732731284 0.6158753708764013 0.4664814880663599 0.6190910977474386 0.4758756287980661 0.6200967952467752 0.479637352828237 0.6287855421202094 0.4829271883393126 0.6371908884450527 0.4591320019077029 0.6560071907591789 0.44619983536878466 0.6632815344373205 0.4227134374035124 0.6756310936775722 0.3916362590283796 0.689308956330768 0.3727400852424949 0.6966878341107933 0.36212074790827864 0.6979762095961947 0.3432245741223939 0.6999673353463602 0.3297942357291204 0.6989132099492137 0.316363897335847 0.6968049591549209 0.2963745564714402 0.6927055826104622 0.2698262131358996 0.685326704830437 0.25327254023256257 0.6766594515650105 0.24280936962384955 0.6688120736084758 0.2340640329956715 0.656396818930973
20 0.6546958379796536 0.27662008162936036 0.6657913383498468 0.30517454413047496 0.6644349659973777 0.30751428643848444 0.6293567715457419 0.3157634836548463 0.6290854970752481 0.3119995503767441 0.633154614132656 0.30264058114470616 0.6427140725974148 0.2907772559460977 0.6482763104001837 0.2836741279412105 0.6538385482029525 0.2773978190691673
26 0.17409901564160113 0.5408259606232393 0.17409901564160107 0.4828736814401008 0.17878202810084465 0.4765077113783164 0.18697729990452083 0.4727759358248569 0.22297795818495542 0.47167835477972164 0.2835644318764185 0.4740930330790192 0.32488398936001933 0.47459404391646054 0.3330792611636955 0.48030146535116364 0.3386403384590471 0.48600888678586673 0.33834765018034446 0.4993993755365162 0.336539031121779 0.5414283865504226 0.3363260760860458 0.5439990342635985 0.3148545472032697 0.5561032523724264 0.31476634615314547 0.5557736929550274 0.27588890880689226 0.5545930105607936 0.22896902635674052 0.5526575654097248 0.19049472274761606 0.5516018680545964 0.1822837433188395 0.5498423724627157 0.1761841586003198 0.545619583042202
16 0.5320165759518152 0.8029242215449102 0.4967446403816802 0.722448515915155 0.4984000376692601 0.7164683499086264 0.5092157618696704 0.7122857065654989 0.5889499818504675 0.6977409576944384 0.6019626500290861 0.6963467432467292 0.6072015164386599 0.6955862626388878 0.6129473699201279 0.7023038413414865 0.6168342708046504 0.7072469652924552 0.6090604690356054 0.705599257308799 0.5980757491445637 0.7048387767009576 0.5823591499158425 0.7058527508447461 0.5639386196370186 0.7096551538839528 0.5510949471490314 0.7164994793545251 0.5371187875453178 0.7271253291051962 0.5325054211795763 0.7391871508217921 0.531998434107682 0.7561712177302486 0.5358853349922045 0.7671981865439483 0.5460250764300891 0.7756902199981767 0.5614036842775475 0.786210201739982 0.5798242145563713 0.791913806298792 0.6011176715759292 0.7930545272105541 0.6241010855018011 0.7915335659948713 0.6401556761117851 0.785322974364167 0.6468044836483565 0.782410939187777 0.6472534951183043 0.788745137099453 0.6438735813056762 0.7939417545863691 0.6352548010834742 0.798504638233417 0.6139613440639163 0.8014198138968088 0.5723884041685893 0.8088978732072489 0.5494049902427174 0.8129537697824027 0.5399412315673583 0.8100385941190109
23 0.6866348341360342 0.7401685348154229 0.6870601266935665 0.7455910149239606 0.6800427994942821 0.7527678268323199 0.6536746609272744 0.7758931096481432 0.6485711502368858 0.7803586815022332 0.6431639256244855 0.7833019122884203 0.6376352035373227 0.7853905055376263 0.6245043341265388 0.7899760471912693 0.6008949312977109 0.7922415541833685 0.58089849415769 0.7913250061387791 0.5641102784764562 0.7860131097708887 0.5471909048602129 0.7756844223888796 0.5368294279944514 0.7667328933244719 0.5328291109766574 0.7555680741067764 0.5334193216842008 0.7393372796493335 0.5405018501747213 0.726746117888408 0.5529618540006369 0.7167125358601709 0.5648316471190092 0.7106136918822227 0.5780785985549829 0.7077118225701343 0.5903418654783841 0.7062854800269046 0.6048348172969491 0.7063838484781617 0.6098188188273153 0.7066297696063047 0.6243117706458804 0.7099742969490506 0.6354601951216998 0.7138598507737112 0.6523139897704382 0.7223195375818328 0.6698891530617298 0.7303365663592971 0.6802506299274913 0.7354025415990445 0.6849067366203336 0.7379109371061036
15 0.5690360187213027 0.45682531441482177 0.5612791695056446 0.44797620457240506 0.5550064678871216 0.43265633715793556 0.5577407224387855 0.42469483125750246 0.5688385791484799 0.4138382323023666 0.5825098519067993 0.41395886117964587 0.6141950370054923 0.41021936598398795 0.6328995094586642 0.4266643389368415 0.6304869319130785 0.43233389616896795 0.6501092292838426 0.4255786790413278 0.6573469619206 0.43040383413249933 0.6509134217990379 0.43185138065985085 0.651395937308155 0.43643527799646376 0.6557385768902094 0.43691779350558085 0.6749264102500474 0.43773671805852 0.6762859918480106 0.4340949816354042 0.667934276317665 0.42972489792766516 0.6646411754614556 0.41617763843367434 0.6856175772586026 0.4042327429658545 0.7112554016773379 0.40714613210434714 0.7048459455726541 0.41442960495057873 0.697853811640272 0.4157406300629004 0.6887251923396615 0.423461111279906 0.6904732258227572 0.4295792284707404 0.6949404225017792 0.4291422200999666 0.7048459455726541 0.4187996886583177 0.7049608789461592 0.41456952269587616 0.7114254292162792 0.4072085682868461 0.721509814051878 0.40723505211509936 0.7248767503569232 0.40766618420294054 0.7253694727430273 0.4110536506074067 0.729968215013333 0.41074569911609154 0.7311179005809093 0.40939071255430515 0.7342384756929023 0.41117683120393267 0.7419577930752012 0.4130861304500864 0.7480347025038192 0.4137636237309795 0.7495949900598159 0.4189372087850734 0.7523049631833889 0.4219551333999615 0.7631448556776808 0.42675917666447716 0.7586282338050591 0.43963154900144863 0.7545222139208576 0.4400626810892898 0.7321854657508018 0.45767750639251403 0.7250409911522911 0.4579972542625672 0.7042645305382318 0.45231915044363113 0.6955141819628576 0.44893699501738915 0.6813552730660046 0.43904391783826574 0.6767020406816533 0.4392727653325782 0.6754052382138832 0.44951369070305625 0.6734981757612801 0.45792383611903553 0.6709045708257401 0.46621955778785873 0.6684078379645348 0.47020745483232895 0.6932087021638066 0.4718017961022822 0.7045828404109818 0.47171613800315415 0.7274346285814827 0.47857530494956313 0.7280937647108446 0.4899068275170086 0.7291762366211743 0.5042883879039318 0.7058650648667628 0.5139720572425379 0.6908789085137463 0.5178377841745322 0.6815517939221937 0.5120674468604052 0.6679812217932786 0.5185080585054282 0.6596469329763852 0.5159020758473796 0.6474238151313694 0.512692898123466 0.6303320252652691 0.5011249285863023 0.6326164972668226 0.48651090678625464 0.644095119114465 0.47535450593312484 0.6339801899157467 0.47492590476404073 0.6215631890018352 0.4671974179251334 0.6171334742436047 0.4619176926696978 0.6111524482669674 0.4576560385263959 0.6134582293483598 0.45492374773835825 0.6117873899490587 0.4541782627326245 0.6073419301602879 0.4578824105526358 0.5975489851767434 0.45954989081079456 0.5851991670856773 0.45962581182364937
15 0.5663867083867745 0.5593058830873423 0.5686569038821745 0.5342900750322617 0.6037576188495127 0.5213237661450733 0.638750647703663 0.5350973242128115 0.6394071523619291 0.546817323977603 0.6372386578372743 0.5609778421075237 0.6017764367037194 0.5716828142978402
12 0.7776584683688905 0.5245529756299481 0.767960434138459 0.5242434638991896 0.7561989883696382 0.5160414030340907 0.7557863060619602 0.5112439712073348 0.7473263187545625 0.5089226332266464 0.7473263187545625 0.5013395958230644 0.7396916960625208 0.49793496678472154 0.7310530587041102 0.500583526906897 0.727754197360015 0.4785043689848245 0.7199685095876756 0.4749800044395457 0.7056364158770602 0.4712707346679845 0.6934871803158968 0.4715120410804979 0.6691403546292152 0.4698323268454375 0.6718134482506016 0.4663103453848271 0.6756424742488037 0.4504885209771615 0.6782433220966391 0.4494048343738967 0.6856123909988395 0.45097617994863065 0.6876352726582671 0.45666553461577064 0.6930537056745911 0.4578575898793618 0.69666599435214 0.45682808760626037 0.6952210788811203 0.452655894183691 0.7110429032887859 0.45650298162528097 0.719929133435557 0.457857589879362 0.7298960577571026 0.4591560900992501 0.7426780023084304 0.460182065581631 0.7530068659034949 0.4589054851185411 0.7551256199365942 0.45572735406889203 0.7493925207882076 0.4521753252486959 0.7435347890496387 0.45189490192078563 0.7405557184273677 0.4517247163174414 0.7546729527982758 0.44033460483702774 0.7590210774785865 0.4401412578793824 0.7594910180006412 0.4386559101578882 0.7639218857800139 0.43981397787295146 0.7685877238204138 0.4417021317562068 0.7703356148437702 0.44278467331594 0.7768572384151411 0.44192151725502327 0.7780560662775254 0.44213730627025244 0.7791589879109191 0.44282063815181144 0.7819097840717216 0.4435491829698948 0.7824578196659544 0.44550155977434935 0.7833483775065829 0.44683739653529186 0.7847869709414441 0.4468887748722512 0.7876641578111666 0.44781358493751916 0.7887602289996323 0.45053663679636374 0.7902630706901783 0.45139341792116083 0.7919156586791598 0.45319411521104164 0.7926328195045671 0.4554157547245313 0.7961562618206978 0.4601630475796717 0.8004138429652543 0.4619840904103603 0.8022223354814983 0.4634106168348113 0.8017234409942585 0.46479037190108374 0.8032201244559777 0.46563225634830085 0.8059521159135314 0.4674752348680554 0.8076403781829288 0.468644031823792 0.8075105118545136 0.4721504226910017 0.8110307666508138 0.47390171065869713 0.8114881552864647 0.47733212542607967 0.8092281173220716 0.47807874511074533 0.8114074396448793 0.48013699397117476 0.8108155249399193 0.4819530959068479 0.8119186387082539 0.4826795366811172 0.8110038614369519 0.48534315285343765 0.8114612500726028 0.48627138273167053 0.8096316955299989 0.48804712684655094 0.8071564158547113 0.4885884864193423 0.8070779749979713 0.4901769137683275 0.8071564158547113 0.493706752321628 0.8061366847170912 0.49470687324506313 0.8034696955879308 0.49611880866638347 0.8040187815851109 0.49811905051325367 0.8019008784531306 0.500413445572899 0.7964100184813298 0.5071789694667249 0.7894287822314687 0.5141798159307709 0.7806434062765877 0.5218277994629218
27 0.6400423447797866 0.42834479124018154 0.6441305794850138 0.42505960263776676 0.6410936051325593 0.42203722912354524 0.6460578901317637 0.41914626315342024 0.65043814160165 0.4201537209914941 0.6558112500713773 0.42514720766716446 0.6577385607181273 0.4265050856228293 0.6598410814236728 0.42532241772596 0.6638709127759681 0.4261108629905395 0.6652141898933999 0.4287828163871702 0.6648637697758091 0.43035970691632924 0.6683095675987861 0.43053491697512464 0.6757267934211271 0.43417052569513026 0.6749675498330134 0.4373681092681473 0.6561032668360363 0.43671107154766436 0.6516646120132183 0.4362730464006757 0.6512557885426955 0.4321118075042837 0.6579721741298544 0.4304473119457269 0.6502629315428546 0.42527861521126115
27 0.6763184439010657 0.446533698875829 0.6770383692519336 0.44020864043606084 0.6796095312193189 0.4404400450131255 0.6875287100788661 0.445299541131484 0.6890714072592975 0.44861634006941115 0.6936994988005912 0.4517017344302737 0.6957564283744996 0.4560984213945028 0.6930824199284187 0.4572554442798263 0.6879400959936478 0.45625269111254596 0.6861917058558258 0.4508532509810365
27 0.6910254903545103 0.4292554904549988 0.6891742537379929 0.4237017806054462 0.6981218973844941 0.4162196992803546 0.70449837906361 0.41513981125405275 0.7043955325849147 0.4183023404739369 0.6949336565449363 0.42863841158282634
27 0.7258904466322569 0.41043458485373746 0.7254790607174751 0.4067321116207024 0.7242449029731302 0.4065007070436377 0.7248619818453027 0.4037238521188614 0.7320612353539819 0.3998671091677833 0.7364836339378849 0.4004070531809342 0.7360722480231032 0.40495800986320646 0.7386434099904886 0.40495800986320646 0.7405974930857017 0.40302963838766737 0.7522191451782838 0.40302963838766737 0.7545846141882784 0.40704065105678855 0.7477967465943809 0.4131343049194921 0.7410088790004832 0.4124400911882981 0.7349409367574536 0.4107431242898237 0.7310327705670278 0.4089690225323277 0.7296957663439874 0.4103574499947158
27 0.7563701327871716 0.4181406989633144 0.7615679735365162 0.4139570710431103 0.7600466542928056 0.41024885538656586 0.7619483033474438 0.4094881957647105 0.7694281229623542 0.41005869048110194 0.7732314210716305 0.4117701746302763 0.7719636550352051 0.4162390499086762 0.7762740595590517 0.41909152349063356 0.7751330701262689 0.4225144917889823 0.7671461440967883 0.42298990405264186 0.7587788882563801 0.4208030076398079
27 0.7879877906489411 0.5506241210739334 0.7939037273952434 0.5454938946767494 0.7935339813485995 0.5413342516520054 0.7826264729726045 0.5356494061848555 0.7859541873923996 0.5342628585099408 0.7916852511153801 0.5346788228124153 0.7977860608850045 0.5271914653678762 0.7983406799549703 0.52469567955303 0.7929793622786336 0.5220612389706921 0.7789290125061654 0.5309351440901457 0.773197948783185 0.5317670726950945 0.777080282272946 0.5371746086272615 0.7839205841358582 0.5490989186315273
27 0.7356327834226332 0.4562050137714781 0.7399877408782257 0.45268754813426865 0.7488093213651952 0.452771297316107 0.7542809345786321 0.4557025186804482 0.7524942853660813 0.4572100039535379 0.7444543639096026 0.45804749577192105
17 0.7589876457133097 0.5820372990151014 0.7654155265655753 0.5892494463890096 0.7824101111420351 0.5919947458322036 0.7892072982915097 0.5892165301446732 0.8053201155082932 0.5930597771061311 0.7961112321637351 0.564430700384697 0.7833968038878619 0.5499314988443643 0.7719218079136454 0.5314702287105979 0.761159702310296 0.5213301573325161 0.7502556590001801 0.5131158788797098 0.7396673734900968 0.5088049340648901 0.7272639533211424 0.5086914881487107 0.7147092719306152 0.5115276360531973 0.7080565159322666 0.5139300200960341 0.6945915294614567 0.5184889032028482 0.6932639982430107 0.5233717257422684 0.6826572329147109 0.5275573028819711 0.6790512634295611 0.5341913526326113 0.6722069844619718 0.5387782972264722 0.675230093100162 0.5419311415892932 0.6639511768442632 0.5449641822858804 0.6710161833913699 0.5506341832997497 0.6643299052299345 0.5543624017155053 0.6563400940432405 0.5479215428892916 0.6493894625330082 0.5501257289196474 0.6487984935557438 0.558492072342693 0.6682298045746993 0.5625178227953667 0.6820368480709298 0.5573263186294494 0.677581122295051 0.5494391204535629 0.6837929219752595 0.546549674323724 0.6956484440622691 0.5546713315287681 0.7061113893928319 0.5515178753139008 0.7145318405529245 0.544225686300307 0.7200501455293853 0.5425505430833282 0.7305342139947639 0.5487923467315302 0.7259450904007769 0.5492654863666707 0.7184454411724398 0.54893461948895 0.7164602399061153 0.5510852541941349 0.7213129541126864 0.5557173904822255 0.7162396619876347 0.5631618952309425 0.7111585666075575 0.5648363689359233 0.6934297311523756 0.568531338556351 0.7002736519252072 0.5741781675739422 0.7110952103673269 0.5708409525193466 0.7196382594799204 0.5717808343426327 0.7294691241793384 0.5712968972135657 0.7310840455048219 0.5749783154538831 0.7377121532933816 0.5754289431111599 0.7472390265009001 0.581905823609161 0.7527961915188044 0.5803347807450746 0.7546033842965236 0.5775486918794241
27 0.5689035578932624 0.6341770570369752 0.5703149779581539 0.6318246902621563 0.5819092036269753 0.6322476183624873 0.5900591822778737 0.6358942828304579 0.590451246660569 0.6394228329926864 0.5765965481765454 0.638288851177815
12 0.5883177450177594 0.4922699910915202 0.596874999129761 0.48776617313783505 0.5946230901529184 0.48472609601909766 0.5875671086921453 0.48236159159341296 0.5830632907384602 0.48314975973530794 0.5754068002171955 0.48078525530962324 0.5751065456869499 0.4785333463327807 0.5770582001335467 0.47718220094667524 0.5767579456033011 0.4748176965209906 0.578559472784775 0.4717776194022532 0.5803523076335345 0.46897483248924343 0.5709029822635104 0.46445891522751503 0.5629462372120002 0.4673863968974103 0.5636968735376143 0.4772947963955174 0.5706027277332649 0.47740739184435954 0.5703024732030191 0.48022227806541273 0.5688012005517907 0.4826993779399394 0.573154891240353 0.48506388236562403 0.5799106181708805 0.4861898368540453
27 0.6824545305616175 0.5565934527287085 0.6786332160018829 0.5497743827815957 0.683640455769811 0.5473037052645259 0.6960267857220545 0.5549133920171011 0.7060412652579109 0.5522450602986656 0.7148216822203388 0.5458396203433792 0.7204355293597163 0.5429742191993219 0.7290902103662568 0.5484711111899625 0.7187981572773978 0.5482956784668569 0.7160692038068671 0.5505763038672291 0.7205134994588743 0.555780807986027 0.715991233707709 0.5625057290384065 0.6929900544560924 0.5683534864752582 0.7005613409348321 0.5747760784681523 0.7113991847177972 0.5712674240060412 0.7188843142369673 0.5722030651959376 0.7290204271275103 0.5715598118778838 0.7292363792971901 0.574887407494574 0.7187797479232279 0.5777857129297483 0.7090050707693067 0.5834118352450867 0.6984389190582313 0.5810838167424432 0.6956119285898543 0.5792886040744379 0.6904385541395357 0.5783573966733806 0.6895073467384782 0.5800646102419859 0.6832992973980958 0.5820046256608553 0.678953662859828 0.5792110034576832 0.6778155204807577 0.5689677220460522 0.6799883377498918 0.5667949047769183 0.679781402771879 0.5651652918250679 0.6719178736073946 0.5677261121779756 0.6694346538712417 0.5732357559675652 0.6673653040911143 0.5751757713864346 0.6638474094648974 0.5754861738534537 0.6752288332555988 0.5840222416964795 0.6775187470435549 0.5865495187775545 0.6901506144967696 0.581915545662924 0.6953681249665756 0.583666157728451 0.6985260918298793 0.5821215000235742 0.7086865069552911 0.5850048610726777 0.7118444738185948 0.5903596744495838 0.7158262581244995 0.5937579214003128 0.7199453453375042 0.6036437307115243 0.7150024406818984 0.6054973199573764 0.7034689964854851 0.6047764796951006 0.6964003448120092 0.6148767437212892 0.6873383529433987 0.6203345342785206 0.6882994732930997 0.6259982791964022 0.6929677721345051 0.6332066818191606 0.6940661953913064 0.6373257690321653 0.6992837058611124 0.6394882898189929 0.700806103100676 0.6421802022685745 0.703368319641882 0.6413761700719735 0.7074651921351974 0.6414570293974994 0.7091901910797516 0.6432359345590707 0.7125323765348248 0.6433167938845966 0.7202948717853177 0.6449339803951158 0.7225589329000448 0.6449339803951158 0.7287042416400183 0.6465511669056354 0.7393776726094461 0.6467937448822133 0.7427198580645196 0.6488960873458884 0.7460620435195926 0.6468746042077391 0.7555495377146396 0.6469554635332652 0.7615870340205784 0.6484109313927325 0.76255734592689 0.6467128855566873 0.7663307811181018 0.6457425736503757 0.7698885914412444 0.6450956990461679 0.7716135903857985 0.6433976532101227 0.7788370234661182 0.6430742159080186 0.7823948337892608 0.6441253871398565 0.7854135819422302 0.6442062464653823 0.7850901446401264 0.6393546869338242 0.7904807663418575 0.6408101547932916 0.7905885787758921 0.6422656226527592 0.796087012911658 0.6421847633272332 0.7984588864604195 0.6454191363482719 0.804927632502497 0.6483300720672066 0.8064370065789817 0.6526964756456088 0.7947932637032424 0.6581949097813748 0.7953323258734156 0.6628038913363548 0.8008307600091811 0.6614292828024133 0.8034182584260122 0.6643402185213482 0.8029870086898737 0.6678980288444908 0.7983510740263849 0.6692726373784322 0.7969495123839347 0.6691109187273802 0.7942542015330694 0.6706472459123737 0.7896182668695805 0.6705663865868476 0.7875698306229226 0.6695152153550101 0.7793760856362912 0.669757793331588 0.7712901530836944 0.6690300594018543 0.7524229771276354 0.6665234203105492 0.732801114133334 0.6661191236829196 0.7153354998197251 0.6651488117766078 0.7005651963569816 0.6634507659405625 0.6878433291408961 0.662237876057673 0.6608902206322403 0.6621570167321471 0.6600277211599633 0.6616718607789912 0.6600277211599633 0.6578714724792708 0.6559308486666476 0.6536667875519205 0.6577636600452362 0.6517261637392973 0.658410534649444 0.6509984298095636 0.6538824124199898 0.6505132738564078 0.6534511626838513 0.6518070230648232 0.6437480436207352 0.6520496010414011 0.639543358693385 0.6488960873458884 0.6339371121235844 0.6501898365543038 0.632643362915169 0.6525347569945569 0.6192746210948757 0.6535859282263945 0.6126980626187637 0.6496238212756221 0.6170105599801486 0.6454191363482719 0.6323199256130652 0.6444488244419602 0.6425621068463543 0.6459851516269537 0.6411605452039042 0.6417804666996034 0.6435324187526661 0.637414063121201 0.6551761616284053 0.6393546869338242 0.6661730298999369 0.632481644264117 0.6660652174659023 0.6310261764046496 0.6617527201045174 0.6310261764046496 0.6546370994582322 0.627791803383611 0.6395433586933851 0.6267406321517733 0.6372792975786579 0.627630084732559 0.6384652343530387 0.6300558644983381 0.635554298634104 0.6319964883109612 0.6268214914772993 0.6290855525920264 0.6184121216225987 0.6267406321517733 0.6164714978099756 0.6196250115054882 0.6131293123549022 0.6180078249949689 0.6084933776914134 0.6188164182502285 0.6031027559896822 0.6142074366952484 0.6043965051980977 0.6117816569294693 0.5989090723311112 0.6115605314270106 0.5962687678241408 0.6120555885220677 0.59604874244856 0.6148609120607237 0.5931884125660087 0.6193164259162361 0.5769065347730249 0.6115605314270106 0.5694256720032754 0.6135407598072384 0.5608446823556217 0.611395512395325 0.5575443017219088 0.6047947511278992 0.5568842255951661 0.6009993133991293 0.5588169337019698 0.5967966985330049 0.5616811693604189 0.5944532329942738 0.5586867411720403 0.5931838558274611 0.5573542206282117 0.5879169170291629 0.5512351717215249 0.5840111411312778 0.5504540165419478 0.5805935872206283 0.5555315252091986 0.5753207897584833 0.5451161228148382 0.567509237962713 0.5460274705243446 0.5542295999099034 0.5529276746106085 0.553155511537985 0.5486313211229348 0.5449533821524262 0.551495556781384 0.5390947183055984 0.5464180481141332 0.535677164394949 0.5453765078746972 0.5275726794068373 0.5435538124556841 0.5242527698936349 0.5485011285930053 0.5238621923038465 0.5495426688324413 0.5195658388161727 0.5442047751053316 0.5191752612263842 0.5448557377549791 0.5146836189438163 0.5473293958236397 0.5134142417770037 0.5483709360630759 0.5082390887123057 0.5435538124556841 0.5070673559429402 0.5448557377549791 0.4994510929420642 0.5456368929345562 0.4918348299411881 0.5585259533975772 0.4798245690551913 0.568030008082431 0.4786528362858257 0.568030008082431 0.483437411760735 0.5753207897584833 0.48646438808159603 0.5797473357760865 0.487245543261173 0.5879494651616454 0.4929089183131065 0.5965421721369928 0.48939372000500986 0.6070877670612825 0.48997958638969263 0.606049698162833 0.4998458769048457 0.6023424835154584 0.5008569354450388 0.5990846282192807 0.49925609275639976 0.5950403940585082 0.5032160720388227 0.6051509794604392 0.5075130708346434 0.6075101160542231 0.5119785793871628 0.60941989329681 0.5135794220758019 0.6023424835154584 0.5166125976963812 0.6026795030288561 0.5209095964922019 0.5899116483866738 0.5256797188356769 0.5679210877050439 0.5333333799518571 0.5658742582347894 0.5597675627476673 0.6010770398628746 0.5720586971932127 0.6055722741353535 0.5754903269280067 0.6084620675962327 0.5771158357497512 0.610789956773052 0.5774168559019262 0.6089436998397125 0.5890362337758779 0.6164089996136506 0.5945750045758965 0.6292525261064471 0.5937923521802417 0.6330253120137059 0.5935515360585017 0.6357545613934252 0.5903005184150126 0.629011709984707 0.5882535813802232 0.629091982025287 0.5856648080715189 0.6124756696252316 0.5785607324801909 0.6113787341048346 0.5771517060619221 0.6079807824553407 0.5756445500883564 0.6023926265254732 0.571897184878518 0.637900736586675 0.5611877092221971 0.6393249383971936 0.5524188017396324 0.6454393126622473 0.5522510292750425 0.6465015697812442 0.5479737567295281 0.6436577101153651 0.5474091669429197 0.6411484221748835 0.5455899331860706 0.6397264923419439 0.5400694997170111 0.6391992813720042 0.5347292601166217 0.6280747715025359 0.5298361486326827 0.6390776212875805 0.5286330138085715 0.6407425526215104 0.5262188633743734 0.6408535480437724 0.5210575762391911 0.650066168091517 0.518809918938386 0.6578358476498558 0.518643425804993 0.6611657103177154 0.5173947273045457 0.6679364310756963 0.5189764120717789 0.6815888680139204 0.5128161661362388 0.6905025218918024 0.5182931242523342 0.693388402870614 0.5177103982854587 0.6938323845596619 0.5182098776856376 0.6925109479348621 0.5230056680605313 0.6822888606444155 0.5272837534555548 0.6781820300207221 0.5287821916560916 0.6760794099998878 0.5331552953518537 0.6772380741387336 0.5348418251761102 0.6717422581226516 0.538734155926141 0.674659080712125 0.5418890864821021 0.6633128422247752 0.5448008727664264 0.6707558783105683 0.5506337830805624 0.6643754016049107 0.5541710829611934 0.6563403076326043 0.54776081408578 0.649084239391685 0.5499643440117035 0.6485723081967736 0.5585614494045105 0.6683595617740045 0.5627348015369411 0.6823886923513188 0.5576864186821829
27 0.5495304372841109 0.45596055112796213 0.5457142536918601 0.4517774268056872 0.5537869497523905 0.4510068512726367 0.5599515540167956 0.4482547957974558 0.5628870798569885 0.45023627573958597 0.5624467509809596 0.4517774268056872 0.5642080664850754 0.45276816677675236 0.5628870798569885 0.4541992356238464 0.5564289230085642 0.4571714555370418
27 0.5774179327659434 0.47852740602444505 0.5802066823141268 0.47797699492940887 0.5844631947824064 0.47852740602444505 0.5893068124187247 0.47676609052032926 0.5975262847712648 0.4765459260823149 0.6016360209475349 0.4732434595120978 0.6079474015039495 0.473353541731105 0.6089748355480171 0.47214263732202544 0.6038376653276795 0.47115189735096036 0.602369902407583 0.46850992409478676 0.5969391796032262 0.4695006640658519 0.5957649692671491 0.46575786861960594 0.5810873400661846 0.4632259775824395 0.5750695120937891 0.46553770418159146 0.5812901345288133 0.4683594566830076 0.5803347858825968 0.4711603652139609 0.5792057374825226 0.47545943412193575
17 0.6036242693388139 0.5193119034952626 0.6033250361260576 0.5167927774844483 0.610144627076502 0.513765714154404 0.6080569971937129 0.5115737027774755 0.6058301919854046 0.5072940615177577 0.5958095685480167 0.50301442025804 0.5991780611956384 0.499775030620618 0.6022821080551943 0.5011528473388903 0.606589764921517 0.5001551179911758 0.6076330097318556 0.48912493498666476 0.6135243639755026 0.48537157220240573 0.6285378151125387 0.47957523980139816 0.6348092567267437 0.47544178964658135 0.6434879183544817 0.47548930056790106 0.6324653846083034 0.48641681247144 0.6302096483242401 0.5012213560197881 0.6473512548088365 0.5128578411048368 0.6610293505388595 0.5167136491252827 0.6581050680034752 0.5182701220876647 0.6498038788707717 0.5185177427862254 0.6407008703332049 0.5209585753863243 0.6405593727911701 0.5261939844416088 0.6390028998287882 0.5284225707286557 0.627022774603182 0.5295191766794248
12 0.7807395238757409 0.5928160112119606 0.7836052089264096 0.5928160112119606 0.787699044713079 0.5912808227919596 0.7926116476570825 0.5935836054219612 0.8020274699664224 0.5980356518399642 0.8036650042810901 0.6027947359419675 0.8030509289130897 0.6169184694059773 0.7919975722890821 0.6298140521339863 0.7848333596624104 0.6362618434979908 0.7776691470357388 0.6399462957059934 0.767843941147732 0.6427096348619952 0.7604750367317269 0.6456264928599971 0.7469653786357174 0.6460870493859975 0.7438950017957154 0.6471616812799982 0.7416433921130471 0.6454729740179971 0.7314088026463734 0.6454729740179971 0.7187179117076979 0.6430166725459955 0.7131912333956941 0.6416350029679944 0.7090523582511582 0.6412482030344444 0.7049585224644888 0.6401735711404437 0.7014787620458196 0.6410946841924443 0.7002506113098188 0.6397130146144433 0.69738492625915 0.6380243073524422 0.6945192412084815 0.6357215247224406 0.6932910904724807 0.6286596579904357 0.6894019464751446 0.6222118666264312 0.6951333165764819 0.6185274144184286 0.705981981411156 0.6074740577944211 0.7110992761444929 0.6067064635844205 0.7133508858271612 0.6102373969504229 0.7186728723498316 0.6125401795804245 0.7225620163471675 0.6024079360084176 0.7151319466331664 0.5898093986137463 0.7100449317503227 0.5834506300101915 0.7185232898883956 0.5783636151273478 0.7299085136738078 0.5755475890314878 0.737417916596101 0.5762743054433227 0.7460173941361464 0.5836323091131502 0.7473497075578436 0.5894460404078289 0.7622043966127573 0.5998135584181673 0.7648690234561516 0.6007219539329608 0.7649901428581242 0.5970883718737866 0.7775865606632612 0.5993593606607704 0.7775865606632612 0.5963616554619519
