13 0.4752007736857064 0.31291692780951547 0.47302716319851 0.3169924474730084 0.47655928024020405 0.31821510337205633 0.4828084103908932 0.31780755140570704 0.4814499038363955 0.3147509116580872
13 0.44779983858790606 0.3078941391711802 0.44496603082663666 0.31249907678324296 0.44496603082663666 0.3171040143953057 0.44044881975662664 0.3220855317227804 0.4331958436019023 0.32235079518885407 0.4199340622687572 0.3142702066340363 0.410860152071699 0.30701353529265174 0.4016502768475736 0.3012407110878654 0.39131111495414034 0.2917804946898288 0.376905925501021 0.28203928051046534 0.3716396144761762 0.27862133107510734 0.3686061660490293 0.2811240750933043 0.36574028751002574 0.276800090222095 0.3658664493044956 0.2738490796657409 0.3561246685850455 0.26131706125618304 0.35092935435605155 0.25440965483808886 0.3474604668265162 0.25483609852410166 0.3445532868931954 0.2443142146885667 0.3459701907738302 0.24041772901682126 0.34715094400769236 0.23970927707650397 0.34809554659478215 0.23528145244952053 0.3679322009236678 0.23085362782253716 0.3766697748542485 0.22465467334476039 0.3894219097799608 0.22004973573269762 0.408550112168529 0.21402789424000018 0.41516233027815763 0.21314232931460353 0.42791446520386983 0.20588069692635075 0.4306469657350149 0.20686791841714794 0.44441147429141736 0.19907285106199943 0.45607484619147853 0.19216702639389407 0.4606206311113014 0.19110800676257367 0.46690866608453235 0.19110800676257367 0.4692616843415884 0.1905979338575071 0.4696789425351898 0.19297465483133217 0.47337358185993106 0.19342463338854024 0.47096095528950327 0.19026960209947621 0.47098050070430264 0.1887495901084991 0.47219889996306136 0.18805808333577004 0.47827894792697 0.19011457014709213 0.49442057162267683 0.19703105748333474 0.5053996272276465 0.204215880636587 0.5157328560323241 0.21293454244053361 0.5274653762376351 0.2243979681457227 0.5411353768438228 0.23481192530043668 0.5491005740474284 0.24425714225471218 0.5578192358513752 0.2519263355081838 0.5637393148540548 0.25846533186114373 0.5719197876577576 0.265650155014396 0.572996165658245 0.2692022024160039 0.5782483132246099 0.2771718205468139 0.5793335330795063 0.2854278794283329 0.5739904696285558 0.28710400195169605 0.5711663230574167 0.2914024986760531 0.5677130716014486 0.2973273824927226 0.5586759173245605 0.30044998392593664 0.5443689317724889 0.30010126630757944 0.5313447579665934 0.30230673597677715 0.516344277208335 0.3021294221447031 0.5015246664258926 0.30189718418080363 0.49129907542126383 0.30076698728029205 0.48602482321887647 0.2998789754298901 0.47666033461463747 0.3023815542810229 0.4663182639555509 0.30291090142685756 0.45666968850265177 0.3068857634060524 0.4496432468024079 0.3067408851829962
23 0.4531904696340161 0.46260042166148446 0.4598765418662051 0.4587893604891367 0.47057425743770764 0.45176898464533827 0.4802022014520599 0.43933289029346656 0.4812719730092101 0.4258938851067666 0.4753882294448838 0.41105080475130706 0.4625509707590808 0.3994170390672981 0.44850172533524124 0.3919375542509219 0.4313853804208374 0.38672241790981443 0.4095091593702333 0.38404053798037957 0.39560212912727993 0.3866481061509334 0.38779218946696475 0.3883270752455397 0.38190844590263834 0.3909346434160936 0.38003634567762545 0.39334162941968154 0.3677400457015824 0.3967966528597186 0.3550109787577314 0.40297185078322806 0.347207112028601 0.4076212578282819 0.35358948060304934 0.413334850959885 0.35279204588399293 0.41584420996142657 0.33458732517534473 0.41535909039633334 0.3316618452644602 0.41855405324617867 0.33281316669305405 0.42230753671692833 0.34065715573331096 0.43043394073944774 0.34721248844347513 0.4359605261679185 0.35398024704439307 0.4432078322121084 0.3592793525390696 0.4483978384760121 0.36607467605577254 0.45400865605861085 0.37247935478560895 0.458389170535461 0.3822467085255576 0.4632398495887464 0.39497812438896474 0.4658195369594135 0.40617549234146394 0.46487137273762935 0.4210752158266444 0.4641263865633702 0.43416891222271203 0.46358457843663636 0.44654019778313464 0.463923208515845
26 0.6060923899447138 0.31362186904814765 0.5997660206540801 0.30964237868791034 0.5942559570783669 0.30505065904148265 0.5913988870761453 0.29464276117624666 0.590786657789955 0.2854593218833913 0.5924338726035338 0.2704522871745894 0.5973317068930566 0.2572893575214968 0.5999847004665482 0.24412642786840416 0.5926379490322639 0.2419836253667379 0.5859034268841701 0.24228974000983305 0.5848830447405196 0.226677893211979 0.5836585861681387 0.20739267069698283 0.5956990954632156 0.20586209748150694 0.6183515790522588 0.2023417790859124 0.6452896676446345 0.19943368997650823 0.6691666098060584 0.19560725693781852 0.6781459726701836 0.1954541996162709 0.680798966243675 0.19805617408257992 0.6838601126746268 0.20739267069698283 0.6950843162547835 0.2390755362573337 0.7061044434062098 0.2695339432453039 0.6973291569708147 0.2716767457469701 0.6818193483873256 0.27626846539339783 0.6656973105176462 0.2816254716475634 0.6507997312203476 0.28652330593708625 0.6375347633528899 0.2923394841558946 0.6256983304865431 0.29769649041006024 0.6156985854787673 0.3051962991658921
11 0.6339802531661158 0.4174087251985404 0.6197872070603454 0.4107128123179954 0.6104014830226585 0.4045319696590309 0.5965657766393195 0.3955739301737314 0.5887824932909939 0.3854442158159839 0.5853486918137913 0.37668802204911744 0.5823727305335492 0.3693053488731321 0.5832884109274697 0.35797380399836365 0.5867222124046724 0.3483591598621965 0.5915295344727559 0.331190152476184 0.5945054957529982 0.32586776018652003 0.6048069001846056 0.3157380458287726 0.6189999462903761 0.30509326124944475 0.6352532732824681 0.29547861711327766 0.6469281983049566 0.29015622482361375 0.6819529733724226 0.2774511593579644 0.7069052641067608 0.2712703166989998 0.7204115499170909 0.2671497549263567 0.7400986783863853 0.26646299463091627 0.7602436470526402 0.26766482514793716 0.7854248578854588 0.2724721472160207 0.8041963059608325 0.2801982005397264 0.821136393248365 0.28895439430659287 0.8314377976799726 0.29942748881206055 0.845401923687263 0.3155663557549125 0.8534141271340687 0.33016001203302325 0.8552454879219101 0.34114817676007125 0.85501656782343 0.35591352311204216 0.8483778849675051 0.36913365879927196 0.8321245579754133 0.38527252574212384 0.8101482285213168 0.4027849132758567 0.7867983784763397 0.41548997874150606 0.7698582911888073 0.4190954702925687 0.7453638406514291 0.41875209014484854 0.7176645087353287 0.4190954702925687 0.6853867748496251 0.4201256107357295 0.6563139223426436 0.41961054051414914 0.6412051958429523 0.41978223058800923
16 0.24231104469195336 0.5414483483278201 0.24702050073957146 0.5382526460097935 0.2580092315173471 0.5402709843159156 0.2723618594719928 0.5424575174808811 0.3024126742520322 0.5480079478227167 0.33190452145118166 0.5540338650305029 0.3476027082765754 0.5582387365015904 0.3516393848888195 0.5612662439607735 0.3538819830067329 0.5671530640202962 0.3502938260180714 0.5794312887158719 0.34379029147612256 0.5962507746002224 0.33302582051013835 0.6270304337685837 0.3276435850271462 0.6414951916291252 0.32472820747385883 0.6502413242889873 0.31732763368474465 0.6556235597719794 0.30678742253055175 0.6586510672311624 0.28974367683440994 0.6561281443485101 0.2590200826189965 0.6502413242889873 0.22470833141492164 0.6436817247940906 0.21708349781401612 0.6406542173349075 0.212374041766398 0.6359447612872894 0.20990718383669324 0.6312353052396713 0.21147700251923263 0.6233301468740267 0.21685923800222479 0.6090335838723288 0.2291935276507485 0.5735444686563492 0.2363698416280713 0.5582387365015904
14 0.5465293595709335 0.798630878014319 0.5413313901184926 0.7816446564108067 0.5428165242477614 0.7501783770469231 0.5561827314111809 0.7504568396961611 0.6029644564831494 0.751013764994637 0.6196722154374239 0.750735302345399 0.6211573495666927 0.7524060782408264 0.623385050760596 0.7498999143976852 0.641206660311822 0.7496214517484474 0.641206660311822 0.7643799721580564 0.6419492273764564 0.7777461793214759 0.6415779438441394 0.7964031768204157 0.6137316789203485 0.7983524153650811 0.5780884598178965 0.8000231912605087 0.5498709113617885 0.8003016539097465
28 0.569106610943637 0.6818244185812987 0.5649417858675122 0.6796619132533109 0.5649417858675122 0.674616067488006 0.5604565896316853 0.674616067488006 0.5460398874450993 0.6601993653014198 0.5489232278824165 0.6517896223592445 0.5578936203540701 0.6505882305103624 0.5521269394794357 0.6407368173495286 0.5527676817988395 0.6313659609282477 0.5635328699156646 0.6199181940232013 0.5712217777485106 0.6175154103254369 0.5619310141171551 0.6127098429299082 0.5632124987559628 0.6035792648784036 0.56609583919328 0.6006959244410864 0.5641736122350683 0.5956500786757812 0.5689791796305972 0.5922861814989112 0.5830755106574813 0.5906042329104761 0.5846773664559909 0.5891625626918175 0.5830755106574813 0.5793111495309837 0.5824347683380775 0.5836361601869595 0.580512541379866 0.5850778304056181 0.5705810354291067 0.5778694793123251 0.5757069739843373 0.5764278090936665 0.5789106855813565 0.5730639119167964 0.5779495721022507 0.571141684958585 0.5683384373111933 0.5692194580003734 0.5638532410753665 0.5663361175630562 0.5625717564365589 0.5632124987559626 0.569619921950001 0.5634527771257389 0.5673773238320875 0.557926374620881 0.5619310141171551 0.5593680448395396 0.5590476736798379 0.5584069313604338 0.5526402504857996 0.5499971884182586 0.5526402504857996 0.5480749614600472 0.5510383946872901 0.5456721777622828 0.5507180235275881 0.5415874454760835 0.5468735696111652 0.541347167106307 0.5423883733753383 0.5365415997107783 0.5417476310559346 0.5317360323152497 0.5449513426529538 0.5307749188361439 0.5468735696111652 0.534138816013014 0.5491161677290786 0.5247679595917332 0.5497569100484824 0.5173193301286636 0.5430291156947422 0.5105915357749234 0.5343790943827905 0.5062665251189477 0.5327772385842809 0.500980400983866 0.5327772385842809 0.4944928849999023 0.5395050329380211 0.49545399847900806 0.5459124561320593 0.4956942768487845 0.5452717138126555 0.49257065804169087 0.5555235909231168 0.49377204989057305 0.5617067397231534 0.49641489322495963 0.5630191386477402 0.4926964296052971 0.5624358502368128 0.48996226517907454 0.5547072787920238 0.4849314026348251 0.549020216785481 0.4852595023659718 0.5402708906215689 0.48438456974958055 0.5375002706696634 0.4818691384774559 0.5360420496423448 0.48000990666762455 0.5322506749713162 0.4762914430479619 0.5326881412795118 0.4744322112381306 0.5360420496423448 0.47607270989386413 0.5383752032860546 0.47694764251025534 0.5405625348270326 0.4712605805037126 0.5526657693537776 0.4698388150020768 0.5536865240729008 0.46568288507421857 0.5587902976685161 0.4613082219922625 0.5644773596750589 0.4568241923332576 0.5723517532225797 0.45562115998571967 0.5811010793864918 0.45518369367752404 0.5838716993383972 0.45562115998571967 0.5882463624203532 0.45146523005786143 0.5993288422279751 0.44676246724475877 0.6055991926454454 0.44555943489722083 0.6185773597885816 0.44632500093656313 0.6293681953907397 0.44971536482507907 0.6352010795000146 0.44916853193983447 0.6372425889382607 0.44862169905459004 0.6411797857120212 0.45091839717261695 0.6445336940748541 0.44807486616934555 0.6478876024376871 0.44632500093656313 0.6493458234650056 0.44741866670705216 0.6550328854715485 0.4476373998611499 0.6601366590671638 0.44785613301524774 0.6671361199982936 0.4481842327463944 0.6685943410256122 0.44916853193983447 0.669906739950199 0.45266826240539937 0.6728231820048365 0.45387129475293725 0.670927494669322 0.4481842327463944 0.669906739950199 0.4450126020119763 0.674135580929423 0.4446845022808297 0.6849264165315813 0.44195033785460713 0.68871779120261 0.4408566720841181 0.6944048532091527 0.4422784375857538 0.7008210257293548 0.4440283028185362 0.700529381523891 0.44741866670705216 0.701695958345746 0.4534338284447416 0.7047582225031153 0.45463686079227955 0.7075288424550209 0.4560586262939153 0.7092787076878032 0.4587927907201378 0.7102994624069262 0.4584646909889911 0.711611861331513 0.45704292548735537 0.7089870634823394 0.45179332978900816 0.7060706214277022 0.44873106563163895 0.7066539098386295 0.44216907100870484 0.7133617265642955 0.4416222381234604 0.7159865244134691 0.44271590389394944 0.7190487885708383 0.4429346370480472 0.7237150958582581 0.4422784375857538 0.7374223735150536 0.44599690120541635 0.7388805945423723 0.44391893624148726 0.742526147110669 0.44129413839231374 0.7496714301445304 0.44009110604477575 0.7525878721991678 0.4384506073890423 0.7560876026647327 0.43440404403823296 0.7587124005139061 0.4353883432316731 0.7604622657466886 0.43943490658248247 0.7603164436439568 0.4447938688578785 0.7606080878494204 0.44632500093656313 0.7671700824723545 0.4464343675136121 0.7740237213007523 0.44719993355295434 0.7813148264373457 0.4453407017431231 0.781169004334614 0.44238780416280266 0.7871477105466202 0.4422784375857538 0.7910849073203807 0.44424703597263404 0.7967719693269237 0.4429346370480472 0.8001258776897566 0.4445751357037807 0.8036256081553214 0.44796549959229665 0.8049380070799081 0.45069966401851913 0.8053754733881039 0.4564960926021109 0.8043547186689807 0.4614175885693114 0.8021673871280028 0.4655735184971696 0.8042088965662488 0.46601098480536524 0.8113541796001104 0.46251125433980034 0.8157288426820664 0.4646985858807785 0.8208326162776818 0.46622971795946305 0.8260822119760288 0.4678702166151965 0.8306026971607168 0.476182076470913 0.8303110529552531 0.47880687432008656 0.8269571445924203 0.4808848392840157 0.8252072793596378 0.4819785050545047 0.8272487887978839 0.48602506840531406 0.8301652308525214 0.49193086356595467 0.8304568750579849 0.4975085589954486 0.8323525623934992 0.49903969107413315 0.834831538139941 0.49925842422823097 0.8376021580918465 0.5028675212708447 0.8378938022973103 0.5072421843528008 0.834685716037209 0.5124917800511481 0.8349773602426729 0.5161008770937617 0.8313318076743762 0.5189444080970331 0.8300194087497894 0.5208036399068645 0.8361439370645278 0.5225535051396468 0.8390603791191651 0.5255064027199672 0.8396436675300927 0.5297716992248743 0.8435808643038532 0.5355681278084661 0.8428517537901938 0.5383022922346886 0.8441641527147806 0.5427863218936935 0.8448932632284399 0.5481452841690896 0.8440183306120488 0.5493483165166275 0.8412477106601431 0.5491295833625297 0.8441641527147806 0.5517543812117034 0.8443099748175125 0.555363478254317 0.8431433979956576 0.5577695429493928 0.8406644222492158 0.5628004054936423 0.8322067402907675 0.5711122653493587 0.8307485192634487 0.5722059311198477 0.8252072793596379 0.5758150281624614 0.8214159046886093 0.5790960254739285 0.8292902982361302 0.5856580200968625 0.8303110529552532 0.5878453516378405 0.8246239909487104 0.5936417802214322 0.8155830205793346 0.6010787074607574 0.8133956890383566 0.6028285726935398 0.8152913763738708 0.6044690713492734 0.8157288426820665 0.6090624675853272 0.8171870637093851 0.6112497991263053 0.8161663089902621 0.6128902977820387 0.8170412416066533 0.6169368611328481 0.8154371984766029 0.6243737883721733 0.812958222730161 0.6285297183000316 0.817332885812117 0.6280922519918359 0.8177703521203125 0.6322481819196942 0.8182078184285083 0.6393570094278727 0.8179161742230445 0.6428567398934376 0.8222908373050005 0.6416537075458997 0.8266655003869565 0.6439504056639265 0.8269571445924203 0.6506217668639096 0.8247698130514423 0.6528090984048874 0.8176245300175807 0.6544495970606209 0.8125207564219654 0.6551057965229145 0.8110625353946466 0.6590429932966748 0.8069795165181542 0.6705264838868094 0.7983760124569741 0.6889000688310244 0.7884601094712074 0.7044301227719686 0.7835021579783238 0.7133981820899784 0.7770859854581215 0.714819947591614 0.7716905676570426 0.7144918478604674 0.7770859854581215 0.7039926564637731 0.7864186000329612 0.6869314704441443 0.7888975757794029 0.6791664434736725 0.7900641526012577 0.6738074811982764 0.7846687348001786 0.6717295162343473 0.7833563358755921 0.6743543140835209 0.7782525622799765 0.6728231820048363 0.7781067401772447 0.678510244011379 0.7711072792461151 0.6768697453556456 0.764545284623181 0.6812444084376016 0.7582749342057106 0.6864940041359489 0.7553584921510733 0.6896656348703669 0.7566708910756601 0.6921810661424918 0.7546293816374139 0.7003835594211594 0.7506921848636536 0.7015865917686972 0.7412137481860822 0.6999460931129637 0.7375681956177854 0.7035551901555777 0.729402157864801 0.7041020230408219 0.7283814031456779 0.7016959583457463 0.733776820946757 0.6995086268047682 0.7253191389883087 0.6988524273424747 0.718465500159911 0.6945871308375675 0.7121951497424406 0.6977587615719857 0.7098619960987308 0.7027896241162351 0.7044665782976516 0.7009303923064037 0.6970296510583264 0.6990711604965724 0.696300540544667 0.7012584920375504 0.6958630742364714 0.7053050553883596 0.6935299205927614 0.7093516187391693 0.6894469017162692 0.7082579529686802 0.6834681955042626 0.7107733842408048 0.674135580929423 0.7101171847785114 0.6706358504638584 0.7093516187391693 0.668740163128344 0.7121951497424406 0.6614490579917507 0.7128513492047339 0.6598450148617002 0.7166791794014454 0.6451169824857815 0.7185384112112767 0.6325762816508409 0.7179915783260323 0.6293681953907398 0.7156948802080052 0.6330137479590365 0.7136169152440762 0.6254309986169795 0.7124138828965382 0.6222229123568783 0.7096797184703157 0.6159525619394081 0.7109921173949025 0.6115778988574521 0.7090235190080224 0.6055991926454455 0.7078204866604844 0.6029743947962719 0.7091328855850711 0.5969956885842653 0.7062893545817999 0.5911628044749906 0.7044301227719686 0.5860590308793753 0.7043207561949196 0.5790595699482456 0.7006022925752569 0.572060109017116 0.6939309313752742 0.5701644216816018 0.6882438693687313 0.5701644216816018 0.6837598397097263
20 0.14667839123887555 0.301700597865799 0.13842665571740226 0.27799888837759623 0.14425141020314808 0.27417639324632553 0.148134579860312 0.270717945270414 0.16269646607467655 0.2752685347124029 0.19173150182246704 0.2755836966068497 0.236145254776279 0.2764938144952475 0.28468487549082766 0.2783140502720431 0.31599293085171154 0.2770398852282862 0.3354087791375309 0.276675838072927 0.3361368734482493 0.2839567811801093 0.3349233829303855 0.3007029503266287 0.3317683075839398 0.31180638856508164 0.3290986284446396 0.33656159512950146 0.3312829113767943 0.35931454233944604 0.33443798672324 0.3898945033896118 0.33783576017325845 0.4031822245602194 0.34390321276257696 0.4068226961138105 0.348359741023345 0.4101723861413637 0.353108403445014 0.41341374841233447 0.35257484586954563 0.41557465659298176 0.3341137537583376 0.41493438750241957 0.330538918002699 0.41441416886633786 0.31986776649333015 0.41257339523097175 0.3113205289057693 0.403318844487533 0.2994293750182673 0.3888027816301836 0.28412267692903603 0.36185793292765245 0.2667919526461875 0.3407005341224961 0.2493347267262378 0.32732298599905646 0.22922096642716536 0.31840462058343 0.20556516028926253 0.3094862551678035 0.1840598819820781 0.3044578150930354 0.16217509876359043 0.30256029053651917
32 0.33566165546920923 0.525615853793556 0.321317068957473 0.5290312315344456 0.30424018025302507 0.5336419914846465 0.2946771225785343 0.5363742936773582 0.28352022195829496 0.5396189025312033 0.273230219271166 0.5382635319641969 0.26776561488574263 0.5358727675455742 0.24886719138615365 0.5321158520305956 0.2342949130250248 0.5300666253860619 0.2103872688387978 0.5235774076783718 0.19490422308009842 0.5165758833095482 0.17577810773111677 0.5141851188909254 0.1532366146412456 0.5088912833925465 0.11452900024449705 0.4991574568310112 0.08105829838377923 0.4899359369306094 0.05464604385423319 0.47695750151522903 0.03711377145100005 0.46346675943871524 0.020036882746552173 0.44690217739540083 0.007741522879349702 0.42521452874075194 0.003643069590282213 0.4069422578269928 0.004738117757260138 0.3885256560953313 0.008313234172858239 0.37393146078836687 0.01618892970503973 0.36014899360704933 0.027564934362635213 0.34521798749395527 0.04572278795072031 0.33028698138086116 0.0632243335777903 0.3207705159461419 0.08947665201839525 0.31059774255040745 0.11660404774035373 0.30469097090127134 0.1461379059860343 0.30222981604746463 0.1628142264882477 0.30339909891481326 0.18677345001115472 0.3057284937160888 0.19571196793044202 0.30806705945078605 0.20891187229962221 0.3117308124351451 0.23053061331371238 0.32061736222699466 0.2454974340157749 0.3278669160045562 0.2556831869935674 0.33386923472361246 0.2654531949518582 0.34158650164811355 0.27397596785164385 0.3507848602045894 0.2818751232221767 0.3608406928637876 0.29361992002310083 0.3797051231236789 0.2975694977083672 0.3885916729155285 0.31991579250658553 0.41338046970331954 0.3229299438979731 0.42125364101013363 0.3393518721682917 0.4423786848135655 0.3505769876948386 0.45531874854555704 0.35265571279234736 0.46638795968979074 0.36139872627088354 0.4903113306462118 0.36029014122097286 0.4936370857959439 0.35253004587159803 0.5037331282147733 0.34239441112955754 0.5182239185100344
