27 0.8027260746337285 0.4591900537763401 0.7940807975721503 0.4566801346294303 0.7988217559607577 0.45019617683324675 0.803562714349365 0.44371221903706315 0.8094191923588212 0.4439213789659723 0.8127657512213675 0.44768625768633696 0.8094191923588212 0.452078616193429
27 0.7965300772711271 0.5788460026718579 0.7937816987109066 0.5759414662388979 0.799403382129539 0.5729432350822938 0.8101470437740368 0.5669467727690859 0.8145194642107509 0.569851309202046 0.8123957171414898 0.5750045190024591 0.804025655162637 0.5779090554354192
27 0.7936737995240242 0.36139041461525245 0.7898813454895357 0.3609690308336426 0.7866507364971937 0.3591781497618009 0.7886171941447063 0.35422689032788557 0.7917073418765115 0.34927563089397023 0.7974662535585124 0.3498023606209824 0.8053320841485625 0.3513825498020193 0.8060343904512455 0.35243600925604374 0.802663320198367 0.35538569572731254 0.7992922499454883 0.35559638761811746 0.7964830247347563 0.3572819227445567
27 0.769178045279451 0.5869651820072771 0.7665930073185051 0.5848325256894967 0.7674977706048363 0.58240905260111 0.7768039072642413 0.5827968082952518 0.7848175249431736 0.5834753807600002 0.7885658299865451 0.585704976001316 0.788048822394356 0.5881284490897027 0.7841712654529372 0.5900672275604122 0.7765454034681468 0.5880315101661673
27 0.6036012853973475 0.5868582815444529 0.5937900984262244 0.5870715682177381 0.5898087471915658 0.5840855547917442 0.5902353205381364 0.5787533879596122 0.5920838050399423 0.5751275145137623 0.5979136407764066 0.5768338079000446 0.5986245963540242 0.5810995413657503 0.604312240974965 0.5857918481780264
27 0.6176782058341761 0.5773670245832578 0.6134124723684704 0.5744876544939065 0.6206642192601701 0.571075067721342 0.6262096727655874 0.5703285643648435 0.6291956861915814 0.5738477944740507 0.6283425394984402 0.5760873045435461
12 0.6852189857078489 0.5705418510381288 0.6887737635959368 0.5701152776915582 0.6883471902493662 0.5659561875624952 0.6849346034768017 0.5647831108594262 0.6795313410869079 0.5575313639677266 0.675407798736726 0.5555051405715165 0.6724217853107319 0.5551852105615884 0.6721374030796848 0.5577446506410119 0.6759765631988199 0.5595575873639368 0.6805266788955726 0.564249894176213 0.6818063989352843 0.5676624809487775 0.6810954433576667 0.5692621309984172
12 0.674128078697014 0.573101291117552 0.6745546520435846 0.5641432508395703 0.6709998741554967 0.5596642307005794 0.6661653762276969 0.5578512939776545 0.6626105983396087 0.5583845106608677 0.6601933493757088 0.5617970974334322 0.6596245849136148 0.5655296142159247 0.6664497584587437 0.5683023409686332 0.6687248163071202 0.5718215710778405
27 0.6431256974444676 0.5253233939746913 0.6391903769211076 0.5262088410924473 0.6360421205024197 0.5248068831560002 0.6382065467902677 0.5186825405915213 0.6459788048239035 0.5155834756793755 0.6522753176612794 0.5155834756793755 0.6545381269622115 0.5170592208756354 0.6542429779229595 0.5203796475672203 0.6483399971379196 0.5206747966064723
27 0.6086337181383619 0.44290766113536334 0.6098397294688871 0.44089764225115474 0.6094377256920455 0.43748061014800016 0.6001916388246858 0.43657610165010624 0.5976456149046883 0.43979213186484 0.6004596413425803 0.4432091639679946
29 0.5335282480008458 0.7295009404438378 0.5354329501952162 0.7236281086778626 0.5246396377604509 0.7204536050205789 0.5199836990631012 0.721405956117764 0.5170208289829695 0.722993207946406 0.5185022640230353 0.727120062700875 0.5250629049147554 0.7272787878837391
29 0.5411470567783271 0.7525160919591459 0.5290839428806483 0.7515637408619608 0.5235814698746897 0.7526748171420103 0.5276025078405825 0.7542620689706523 0.540300522469718 0.7552144200678375
29 0.5949921208970886 0.713314995228886 0.595225103863926 0.7183398534375611 0.5890620426853034 0.7188034290878427 0.5884333745501004 0.7136169169724171
18 0.24641024611746906 0.4797831761427652 0.2101908468325694 0.46276030844957844 0.18000601261414995 0.4477048927697929 0.15524132504711088 0.4355073600875199 0.1315855040875511 0.4138844612416722 0.11901834920278499 0.3914299124402152 0.11458288277286754 0.3714703135055866 0.11827910479779874 0.34818411474852 0.12825890426511302 0.33487771545876766 0.14452228117481036 0.315195333176009 0.17446167957675318 0.29717625080446936 0.2117935220285584 0.28691923468528524 0.2306836306979587 0.28398559097910875 0.2333852769073535 0.27432201030704273 0.23836832324429488 0.2643456906423217 0.24647326187247928 0.2599814929194532 0.2581111224667953 0.2587345792843479 0.2701646209394798 0.26013735712384134 0.2788930163852168 0.2640339622335454 0.2894917822836118 0.28024383948991416 0.2909465148579013 0.28569908664349986 0.2913621527362697 0.2895956917532038 0.3030000133305858 0.29349229686290784 0.3179629769518492 0.29894754401649354 0.33147120799882324 0.3064290258271252 0.34310906859313933 0.3145339644553097 0.35682511857929744 0.3252885945580928 0.368878617051982 0.34009569397496814 0.3742819094707716 0.34975927464703416 0.3761522799234294 0.36191668258931065 0.38072429658548224 0.37251544848770574 0.38695886476100866 0.38950464676601526 0.39693417384185103 0.4153781046944501 0.4002592768687984 0.4209892160524239 0.4002592768687984 0.4281589694542794 0.4012983715647195 0.435640451264911 0.39631071702429843 0.45060341488617456 0.3815555723422191 0.4666574279381552 0.36493005720748195 0.47819137906287923 0.3478889041943763 0.4811527989462542 0.32045680422205985 0.4861404534866754 0.2932325231889276 0.49175156484464916 0.2649691474598744 0.4866080460998398
20 0.40050112676349897 0.35303376350545557 0.3756010385981588 0.3485405145132138 0.3726055392699976 0.34334519536593416 0.3686336360718393 0.32070564682125974 0.36582535545168815 0.29149952837168797 0.36339151224755717 0.27184156403063003 0.36226819999949667 0.25288566984460986 0.3667614489917385 0.242073789457028 0.3671358864077587 0.2364572282167257 0.3588982632553154 0.22859404248030252 0.3592727006713355 0.22718990217022697 0.3635787309555672 0.2273303162012345 0.36732310511576877 0.2281728003872799 0.40401797188574373 0.22789197232526476 0.4384662141595976 0.2235391373640305 0.474224987389522 0.21960754449581887 0.5047416367951644 0.21792257612372817 0.5345094113687664 0.21511429550357708 0.5668982478545096 0.2124464289144335 0.6032186772084642 0.20823400798420674 0.6043419894565247 0.2065490396121161 0.6316759208259958 0.20711069573614632 0.6344842014461469 0.2172205059686904 0.6399135439784391 0.2349126738756426 0.6414112936425198 0.2656633466662975 0.6324247956580361 0.27043742372055446 0.6348586388621671 0.28504048294534035 0.6356075136942073 0.3054005174414361 0.61726008030922 0.305119689379421 0.5940449605159706 0.30371554906934545 0.5672726852705297 0.30203058069725475 0.535819942324837 0.3003456123251641 0.5122303851155675 0.29936271410811116 0.508860448371386 0.3020305806972548 0.5045544180871543 0.3132637031778593 0.503992761963124 0.3294113167437283 0.5026822310070534 0.3508946634878845 0.4665490203611089 0.3510350775188921 0.4496993366402021 0.3517371476739298 0.4427722444438293 0.34766514077471067 0.4362195896634767 0.34808638286773336 0.4287308413430736 0.34387396193750663 0.4262969981389427 0.3461205864336276 0.42049321819063024 0.3472438986816881
