13 0.4143140385001406 0.2758985216974679 0.40129696471577037 0.2771582385153102 0.40003724789792805 0.27337908806178335 0.40465620956334974 0.2645610703368874 0.4059484456612559 0.25023621207329977 0.413592516303519 0.2501474953118448 0.41683347213582506 0.25101911454508297 0.41683347213582506 0.24503545966033216 0.4196516773273016 0.24403945337660324 0.41786392749305307 0.24128527219326631 0.4207292851044576 0.23698723577615952 0.42706323350861497 0.23427268646009206 0.4300793994153567 0.2286173753849515 0.4385246639542333 0.23110571225801332 0.45835409749994244 0.23672076343277115 0.4666485537434819 0.23762561320479367 0.47509381828235847 0.2384173567553133 0.4779591758937631 0.24056637496386674 0.4764510929403922 0.24260228695091737 0.485197974069943 0.24373334916594547 0.4912303058834262 0.24542994248848765 0.5008820367849994 0.2499541913486001 0.5060095188264604 0.2576454144107913 0.5100813428005615 0.26725944323853024 0.510835384277247 0.27472445385771577 0.50344577780573 0.29440493639920495 0.4966594045155612 0.30797768297954237 0.4946988966761792 0.3121626131751464 0.48957141463471837 0.3132936753901745 0.4823326164585384 0.30933495763757607 0.4800704920284822 0.3092218514160733 0.4787132173704485 0.3121626131751464 0.47268088555696514 0.3136329940546829 0.4678550201061785 0.3094480638590789 0.45910813897662783 0.3104660198526042 0.45307580716314455 0.3056024523279833 0.457600056023257 0.30220926568289896 0.4511152993237625 0.3016437345753849 0.44447973432893095 0.30469760255596084 0.43980467717348143 0.30605487721399455 0.43271668729263857 0.30367964656243557 0.43090698774859354 0.29949471636683145 0.42502546423044735 0.29236902441215434 0.4232157646864024 0.2890889439885729 0.42050121537033486 0.29033311242510373 0.41823909094027867 0.2888627315455672 0.41748504946359327 0.2854695449004829 0.42035040707499777 0.28501712001447166 0.4211044485516833 0.2837729515779407 0.4173342411682562 0.28230257069840414 0.41703262457758195 0.2800404462683479 0.41627858310089666 0.27698657828777207
20 0.5582312752549565 0.3577118879934095 0.5454689302072779 0.3571991152013153 0.5393156567021472 0.3585665093135666 0.5523059007685343 0.37907742099733566 0.558003376236248 0.3811285121657126 0.5614218615168761 0.38164128495780686 0.563017154647836 0.38557254303052924 0.5750958026393889 0.3898456496313144 0.5831993364218666 0.3912596114246162 0.5920873981514999 0.39313977832896163 0.605533440255304 0.39570364228943283 0.6280954431074499 0.39758380919377834 0.6513411430157215 0.39809658198587256 0.6734473478304502 0.39826750624990387 0.7026184222251441 0.399976748890218 0.7151528682541141 0.40493355254712887 0.7386264671810943 0.4064718709234116 0.7721276229312504 0.40766834077163144 0.7897124410539927 0.40801018929969424 0.7928966086576569 0.388695747464145 0.7971836776726797 0.35451089465786323 0.8045990646344165 0.3064667344839629 0.7914990395214768 0.2940037051907445 0.784045140610208 0.2833274403290633 0.779166817878194 0.2829388905645963 0.7650929283752145 0.28752640043180616 0.7440767876553335 0.2969691221962463 0.7105948878799433 0.2931490838705874 0.6634197910072744 0.2885341287417394 0.6321976254442039 0.2876795074215823 0.6105472186668921 0.27400556629906964 0.5895805089457058 0.2615280950247768 0.5875294177773289 0.26169901928880823 0.5870736197399118 0.28562841625320545 0.5868457207212032 0.31365999555435653 0.5854783266089519 0.3553655159780203 0.5770460629167359 0.3589549255226799 0.5661990321026937 0.3586565275393944
26 0.6803665788598168 0.7228251588567417 0.6450273163169217 0.723597133038504 0.6086587548650101 0.7233398083112499 0.5678298981406943 0.723854457765758 0.5555853249963144 0.723541743052807 0.552442894239836 0.7260326757074437 0.5516296771534949 0.7447231445842657 0.5527128253269266 0.789241863120505 0.5593953205056513 0.7984387552948935 0.5740056915947924 0.8013092006692395 0.5921899723207481 0.8015665253964938 0.6326757294087252 0.8015665253964938 0.6642408959518937 0.8005372264874773 0.7033957420190492 0.8006736677619544 0.6999232581311277 0.7673423366716995 0.6954866564346353 0.7380108536466665 0.6958504998332409 0.728323523158792 0.7014900725116279 0.7272319929629751 0.6896651620569455 0.7230023134541849
33 0.7793486195446778 0.4307375723262309 0.783706741199884 0.4294124677689047 0.7884182240703774 0.42932412746508286 0.7906561784338618 0.4299425095918351 0.7903028172185748 0.43232769779502234 0.7883004369986151 0.43409450387145737 0.7883004369986151 0.43957160270840595 0.7853557602045568 0.4456670836721067 0.782293296338736 0.44619712549503726 0.7744015625306596 0.44328189546891944 0.7676876994402067 0.4406316863542669 0.7669809770096326 0.4363030114670011 0.7705145891625026 0.43153263506062667 0.7722813952389376 0.42932412746508286 0.7764039427506194 0.42950080807272634
33 0.8308363206200527 0.48884255811319277 0.8389791059023709 0.49107895688791403 0.834620995469581 0.5005406440117344 0.8337034985363619 0.5122387299102761 0.8280838298203959 0.5152492667224006 0.8244138420875201 0.5108624845104476 0.823152283804344 0.4983042452370132
11 0.1740103396647102 0.39268495082946314 0.1786617373979045 0.3826844457030954 0.18083238967339516 0.3794284672898594 0.17866173739790447 0.37105595137010966 0.17835164421569152 0.3675674030702139 0.1740103396647102 0.3647765644302973 0.1740103396647102 0.36012516669710304 0.17028922147815473 0.35500862919058934 0.1712195010247936 0.35082237123071436 0.17245987375364544 0.34756639281747836 0.17742136466905267 0.34570583372420066 0.18114248285560813 0.3431475649709438 0.18114248285560813 0.3389613070110689 0.17556080557577494 0.3373333178044509 0.1671882896560252 0.3391938768977286 0.16191670555840498 0.3373333178044509 0.15943596010070135 0.33407733939121487 0.16191670555840498 0.32919337177136077 0.16807050475942106 0.32350471234366424 0.1745824615858931 0.31955102427044907 0.168690691123847 0.3139693469906159 0.16900078430605994 0.31001565891740074 0.17179162294597652 0.3039688418642481 0.17427236840368013 0.3018757128843107 0.17334208885704128 0.29675917537779695 0.17427236840368013 0.29606146571781783 0.17179162294597652 0.29396833673788036 0.17055125021712475 0.28675867025142915 0.18078432523015217 0.28582839070479027 0.19380823888309626 0.28699124013808885 0.22047625255341027 0.28908436911802626 0.23287997984192849 0.2907123583246443 0.2486947321347891 0.29164263787128314 0.2573773412367519 0.29327062707790114 0.26326911169879796 0.29559632594449836 0.2753627458051032 0.2972243151511163 0.28931693900468614 0.3009454333376718 0.3057518776619726 0.30815509982412304 0.30668215720861147 0.3128064975573173 0.30513169129754675 0.3158299060838936 0.3128840208528706 0.3193184543837893 0.3190858844971296 0.3225744327970254 0.31815560495049083 0.3249001316636225 0.3271483072346664 0.3293189595101571 0.33397035724335145 0.3353657765633098 0.3401722208876105 0.34280801293642055 0.3438933390741659 0.3511805288561704 0.3448236186208049 0.363739302735795 0.34234287316310114 0.3781586357086974 0.3342804504255643 0.3930431084549192 0.3215666299548332 0.40443903290124517 0.3057518776619726 0.3979270760747732 0.28063432990272336 0.38885685049504426 0.25954799351224245 0.38513573230848885 0.23691119121069681 0.38281003344189174 0.2161349480024289 0.38350774310187086 0.1981495434340776 0.385833441968468 0.1841953502344947 0.38955456015502343
30 0.24140305768208903 0.560635991670183 0.22818502282341552 0.5755062808861905 0.21566267400993547 0.5838545134285107 0.20418385426424535 0.5908983346360932 0.19340072056374857 0.5955942154411483 0.17948699965988177 0.5963768622419908 0.1683560229367883 0.5924636282377782 0.15165955785214816 0.5859415715640907 0.14400701135502142 0.5760280454200856 0.14783328460358477 0.5622012852718679 0.15652936016850152 0.5483745251236503 0.16313837759783825 0.5405480571152252 0.1464419125131981 0.5324607068398527 0.130788976496348 0.5204601225602676 0.1175709416376745 0.5042854220095224 0.11096192420833777 0.49019777959435723 0.10678780793717772 0.4727186677088746 0.10783133700496773 0.45132632181917937 0.11722309861507783 0.43254279859895933 0.12626701720259123 0.421585743387164 0.138093679970878 0.4103678059084215 0.1624426915526449 0.3983672216288363 0.1826175868632518 0.39158428268820133 0.21287992982916207 0.3858448728153563 0.23757678443352567 0.38427957921367123 0.2640128541508726 0.38793193095093625 0.28731833666484946 0.3931495762898864 0.3095802901110364 0.4012369265652589 0.32418969706009654 0.4103678059084215 0.3381034179639633 0.4213248611202166 0.35514772607120015 0.44010838434043686 0.3673222318620837 0.4539351444886544 0.3881928132178839 0.4753274903783497 0.3975845748279939 0.4907195441282523 0.39828026087318724 0.5011548348061523 0.3979324178505906 0.50976394961542 0.39167124344385057 0.5243733565644801 0.3847143829919171 0.5353304117762753 0.3794967376529671 0.5428959975177527 0.3582783132745702 0.5522877591278629 0.32592891217307984 0.5614186384710255 0.3061018598850697 0.5645492256743955 0.28314422039368947 0.5640274611405004 0.26401285415087267 0.5627230498057632
14 0.2799992091477266 0.7045632273662902 0.2749267597066446 0.7125523352359945 0.2586949214951822 0.7117914678198319 0.23840512373085418 0.7072262633228583 0.21050665180490313 0.6931502161238556 0.21202838663722773 0.6870632767945573 0.20644869225203755 0.6844002408379892 0.20594144730792935 0.6733676633036358 0.20847767202847034 0.6646176880177692 0.23079644956923118 0.643313400365225 0.24449206306015253 0.6216286790045994 0.2523406150665739 0.6104634307812131 0.2597985337498352 0.6006083239497608 0.2564247133931218 0.5979447815628818 0.25606957440820455 0.5958139476533785 0.2645929100462174 0.5936831137438753 0.27595735756356793 0.5960803018920664 0.29831674733045055 0.6087526125212006 0.31500827962155914 0.6151451142497103 0.3293914085107058 0.6220703244555957 0.3476810662339418 0.6329908482417997 0.3508773170981966 0.6368529847027743 0.3464380797867316 0.6409814754024368 0.3508773170981966 0.6428459550732523 0.3538959984699928 0.6443109033860356 0.35460627643982723 0.6495048110404498 0.3400455780582219 0.6586940322751823 0.32051293388777574 0.6714790357322016 0.30098028971732965 0.6865280502180682
16 0.3470743361696962 0.42456272262393496 0.34035259433511167 0.42144974157818704 0.3339669921899876 0.41522377948669104 0.3330393391673431 0.4100920564664446 0.3375077782598025 0.39836240384873867 0.3475607781603618 0.375558341849053 0.3560787401803627 0.35618346922159216 0.36250212137577315 0.34644366838724694 0.36599308941675707 0.34476800372757466 0.36752911535479 0.34633893934601745 0.3814929875187258 0.34780514592323064 0.38959203337380865 0.34822406208814877 0.41538267300799736 0.3534924070514439 0.43452625637783654 0.35656575059018686 0.4676487784105007 0.36348195902598457 0.49909618426491614 0.36909969509410506 0.5073768147730822 0.37206378442373267 0.5139636799500324 0.37813311019392254 0.5171630144645512 0.37855655152672646 0.5162220337249868 0.38194408218915804 0.5128345030625552 0.3904129088452369 0.5081295993647337 0.401281236387205 0.5028601072231734 0.40297500171842066 0.5000371650044805 0.40890318037767576 0.4955204574545718 0.41708971281188545 0.4972142227857875 0.42640542213357224 0.4919447306442273 0.4389675150067559 0.48366410013606126 0.4460248705534882 0.474254292740418 0.4478597829956387 0.4590104047594761 0.4458837234425536 0.436803259305758 0.44150816300357965 0.3809090033756373 0.43289818923656603 0.3500448351179276 0.42598198080076827
33 0.7245255705643785 0.49504098145923675 0.7259743434812811 0.491889900364974 0.7256845888979006 0.4810241034882058 0.7243806932726884 0.47559120504982166 0.7162733301165606 0.46777255554487157 0.7080153244902168 0.46103576148127523 0.7085948336569777 0.45560286304289105 0.7007714599057047 0.4509305703858807 0.6906300494873876 0.4451716980411936 0.6833861849028754 0.44375914444721365 0.6742589155263901 0.4435418285096783 0.6635379959413121 0.44419377632228446 0.6513683034393317 0.448431437104224 0.6489053894805977 0.450821912417113 0.6504990396891902 0.45592883694919417 0.6464424755218636 0.45658078476180025 0.6334035192697417 0.4520171500735575 0.619205544684098 0.4469102255414765 0.6083397478073298 0.44582364585379963 0.5941417732216859 0.4426725647595369 0.5795091667609714 0.43854356194636496 0.5742935842601227 0.43886953585266797 0.5758872344687154 0.4432158546033753 0.5793642894692811 0.44712754147901196 0.5819720807197055 0.4563634688242648 0.5851593811368908 0.46570805413828553 0.5841452400950592 0.468967793201316 0.5755974798853348 0.4682071874199422 0.5686433698842032 0.4697283989826898 0.5674843515506813 0.46994571492022513 0.56675996509223 0.471358268514205 0.5658907013420886 0.47689982492135685 0.568498492592513 0.4813548016408317 0.5712511611346276 0.48830891164196344 0.5735691978016715 0.4938504680491152 0.5711062838429373 0.4941764419554182 0.5664702105088495 0.4889608594545695 0.5612546280080009 0.47939895820301354 0.5618341371747617 0.4765738510150538 0.563717541966735 0.47233619023311413 0.5657458240503983 0.46777255554487157 0.5629931555082837 0.46679463382596237 0.5551697817570106 0.46940242507638674 0.5421308255048888 0.47516129742107394 0.5409718071713667 0.48211540742220566 0.5373498748791107 0.4895041492984079 0.5377845067541815 0.49341583617404444 0.5399576661295351 0.5048249228946512 0.5395230342544644 0.5067807663324694 0.5473464080057375 0.5049335808634188 0.5541556407151789 0.5028690794568329 0.5498093219644716 0.5074327141450755 0.5492298127977107 0.5129742705522272 0.5514029721730643 0.5187331428969144 0.555459536340391 0.5221015399287124 0.5628482782165936 0.5274257803983289 0.570961406551247 0.5287296760235412 0.5800886759277324 0.5284037021172381 0.5874774178039347 0.5242746993040661 0.5963149325970396 0.5267738325857229 0.6012407605145078 0.5298162557112179 0.6110924163494443 0.5298162557112179 0.6183362809339565 0.5303595455550564 0.6222479678095931 0.528077728210935 0.6238416180181857 0.5256872528980461 0.6302162188525564 0.5254699369605107 0.6365908196869271 0.5281863861797028 0.6478912484387661 0.5312288093051979 0.654990235731588 0.534597206336996 0.6612199592742684 0.5353578121183699 0.6655662780249757 0.5343798903994607 0.6662906644834269 0.5281863861797028 0.6739691609430097 0.5282950441484704 0.6754179338599122 0.5299249136799857 0.6861388534449901 0.5269911485232582 0.6899056630289364 0.5249266471166723 0.6945417363630242 0.5243833572728338 0.6965700184466875 0.5205803283659649 0.6981636686552803 0.5161253516464899 0.6964251411549973 0.5124309807083889 0.7041036376145802 0.5079760039889138 0.7119270113658532 0.5040643171132773 0.7203298942838873 0.4998266563313377 0.7239518265761434 0.5006959200814791 0.727284004285019 0.5005872621127115 0.7282981453268507 0.49884873461242857 0.727284004285019 0.4961322853932365
34 0.647297203282582 0.6797911785803444 0.6381156826686445 0.6781772394099257 0.6335249223616759 0.6816203096401522 0.6292210845738928 0.6820506934189305 0.624056479228553 0.68086713802729 0.6249172467861096 0.6759177245713396 0.6295080070930783 0.6701075435578323 0.6335249223616759 0.6638669787655469 0.6427064429756133 0.666879665216995 0.6508837347724012 0.6707531192259998 0.6510271960319939 0.6760253205160341
34 0.6705379273366107 0.6828038650317926 0.6663775508084203 0.685493763649157 0.6619302517610444 0.6831266528658763 0.6589175653095962 0.6801139664144281 0.6637952481357504 0.6759177245713396 0.6705379273366107 0.6754873407925612 0.6749852263839865 0.6755949367372558 0.6768502227586928 0.67968358263565 0.6728333074900952 0.6821582893636251
34 0.6840192913307607 0.6587209199718774 0.6752992114234903 0.6588730143888648 0.6677958868521182 0.6588730143888648 0.6521808600414247 0.6508120102885393 0.6540059930452722 0.6471617442808447 0.6588730143888648 0.6349941909218629 0.665970753848271 0.6366672295087229 0.6755020039794732 0.6381881736785957 0.68665559455854 0.638948645763532 0.6947672967978612 0.6404695899334046 0.6980119776935897 0.6429031006052012 0.6967952223576915 0.6480743107827683 0.6888863126743533 0.6559832204661066
34 0.665759555695344 0.6141235612097616 0.6620010107651523 0.6139751975940961 0.6536926482878868 0.6170908335230707 0.6285697427018694 0.6166457426760743 0.6277784700849869 0.6216901056087 0.6181817319394038 0.6306937301938572 0.5991911891342253 0.6397439107494501 0.5881133724978712 0.6412275469061047 0.5825744641796942 0.6412275469061047 0.5794093737121644 0.6473104551483886 0.5734748290855461 0.6562122720883159 0.5647708302998393 0.6582893627076323 0.5558690133599119 0.6575475446293049 0.5455824693404402 0.6530966361593413 0.5432086514897929 0.6476071823797193 0.5436042877982341 0.6431562739097556 0.546175923803102 0.6384086382084609 0.5505279231959554 0.6352930022794864 0.554286468126147 0.6314355482721845 0.5511213776586174 0.6292100940372026 0.5495388324248524 0.626391185339559 0.5493410142706319 0.6182311864779588 0.5503301050417349 0.6125933690826715 0.5562646496683531 0.6075490061500459 0.5631882850660744 0.6085875514597041 0.573079192777105 0.6125933690826715 0.5811897371001499 0.6139286416236606 0.5881133724978712 0.614077005239326 0.5983999165173428 0.6170442775526351 0.6033453703728582 0.6106646420790205 0.613038459929668 0.6060653699933913 0.6195664590189481 0.6060653699933913 0.6255010036455663 0.6048784610680678 0.6274791851877725 0.6044333702210714 0.6306442756553021 0.5946413715871511 0.6389526381325678 0.5875199180352092 0.6442937282965242 0.586481372725551 0.6583388172461874 0.5876682816508747 0.6698122701909827 0.5866297363412165 0.6603169987883937 0.5808435553302637 0.6522064544653484 0.5677875571517036 0.6553715449328782 0.5625948306034125 0.6640755437185851 0.5556217406671361 0.6793075415935721 0.5532479228164888 0.6878137222250582 0.5539897408948161 0.6931548123890147 0.5576988312864525 0.6986937207071918 0.5532479228164888 0.7066064468760161 0.5496871960405179 0.7107606281146491 0.5409337427162558 0.7319271706162541 0.5320319257763285 0.7362791700091076 0.5327737438546558 0.7398398967850784 0.5360377433992958 0.7481482592623441 0.537076288708954 0.7536871675805211 0.5398951974065975 0.7639737115999929 0.538708288481274 0.7671388020675226 0.5421206516415794 0.7720842559230379 0.5421206516415794 0.7774253460869943 0.5415271971789176 0.7801948002460829 0.5424173788729104 0.7879097082606866 0.5557701042828016 0.8005700701308055 0.5735737381626564 0.8033395242898941 0.5790631919422783 0.8076915236827474 0.5885584633448676 0.8134282501551452 0.5953831896654785 0.820549703707087 0.602653006833086 0.8239126123288374 0.6057686427620605 0.8310340658807793 0.6177860956309625 0.8215387944781901 0.6241657311045772 0.8138238864635864 0.6286166395745408 0.8027460698272322 0.628023185111879 0.7902835261113339 0.6284682759588754 0.7853380722558186 0.6309904574251882 0.780590436554524 0.6381119109771302 0.7703038925350524 0.650722818308694 0.7562588035853891 0.6571024537823085 0.7428071690983877 0.660218089711283 0.7376638970886519 0.6562122720883159 0.7354878973922251 0.649387545767705 0.7319271706162541 0.641672637753101 0.745180986949035 0.6348479114324901 0.733509715850019 0.6342544569698282 0.7115519007315314 0.632919184428839 0.7056173561049132 0.6341060933541628 0.6963199028565444 0.6355897295108175 0.6899897219214849 0.6330675480445046 0.6767359055887041 0.6253526400299009 0.6698122701909827 0.619566459018948 0.6690209975741004 0.6133351871609989
