19 0.30316070315624705 0.6013245168910156 0.2794438803770629 0.5977669934741381 0.23716822779184124 0.5896002142905172 0.19669151691536702 0.5798763169510517 0.17329091843990535 0.5770302982175497 0.1489416470532763 0.5767931299897578 0.12680594579270446 0.5798763169510517 0.11131095491030414 0.585568354418056 0.08348321618272812 0.6000356163133583 0.07462893567849938 0.6099966818806156 0.06767200099660536 0.6216179250424158 0.06450975795938081 0.6339506728875915 0.06514220656682573 0.6467577571883509 0.07178291694499729 0.6612250190836533 0.0856967863087853 0.6756922809789555 0.10245667440607542 0.685416178318421 0.12206258123686763 0.6937170662911353 0.13787379642299036 0.6977489261635967 0.16317174072078677 0.7008321131248907 0.1989050870414242 0.699171935530348 0.2242030313392206 0.696088748569054 0.2665770880380296 0.6918197204688006 0.30167798575122207 0.6906338793298417 0.3184378738485122 0.6832816642682945 0.32950572447879806 0.6754551127511637 0.3383600049830268 0.6657312154116982 0.3450007153611983 0.6533984675665225 0.34563316396864335 0.6377453645322609 0.3431033695388636 0.6242267755481261 0.33298419181974515 0.6128427006141177 0.3200189953671245 0.6047789808691951
20 0.3067502097212848 0.6013144522070665 0.29950166024499414 0.5996598920005218 0.2961400141110623 0.591781033874119 0.3010774318702747 0.5831930785163398 0.30097238042858937 0.5783869750592341 0.2937238309522987 0.572792985789488 0.2695619993646633 0.5721626771393757 0.2475011966107353 0.569956596863983 0.21861205014725807 0.5675929394260621 0.1927513553824098 0.5658014934233471 0.15694057184414123 0.5634978290783174 0.15188961091122638 0.5467214231225643 0.16704249370997104 0.5371155777769316 0.1859835972084019 0.5203391718211786 0.19464238737911313 0.5138450791931451 0.19536395322667238 0.49990983876215667 0.19879139100257887 0.48854517666309827 0.20312078608793457 0.47663934017837023 0.2029403946260447 0.47149818351451045 0.20853252994462906 0.46283939334379925 0.21069722748730682 0.4552629519444269 0.20997566163974757 0.4502570888769844 0.21250114210620502 0.4451159322131247 0.20402274339738363 0.43726890362091764 0.20312078608793452 0.4333453893248141 0.19933256538824837 0.4318571597642232 0.19969334831202798 0.4242807183648508 0.21701092865345045 0.4181925065260694 0.23974025285156753 0.41021018433744494 0.2769008940008699 0.41643368977264367 0.32704972040623914 0.42346895678634655 0.38657890282987895 0.43253362774630977 0.40497883194264034 0.4357806740603266 0.4022729600142931 0.4578335302763568 0.3927122125341328 0.4670334948327375 0.3840534223634215 0.47799227614254386 0.37846128704483717 0.48232167122789954 0.376657372425939 0.49206281016994974 0.36962210541223617 0.5020745363048346 0.3638495786317619 0.5172274191035792 0.35555157138483034 0.5403626240909484 0.3474339555997885 0.5620095995177264 0.3375124251958486 0.583115400558835 0.33300263864860313 0.5859565660835997 0.3319202898772642 0.5923153651152158
23 0.28418590186363857 0.38798545432185966 0.2807096217185176 0.38374873789499353 0.28092688922758763 0.37902316957271964 0.2948320098080715 0.3645205633422932 0.30612992027971464 0.3506697596390769 0.3191659708239182 0.3392632154128987 0.3352437664951027 0.3322563382453893 0.3543633072932679 0.32818257245032567 0.3745691856367836 0.3280196218185231 0.3865188986356368 0.32997502940015366 0.401727624270541 0.3340487951952173 0.4156327448510248 0.34154452425813436 0.42432344521382725 0.35001795711186673 0.4312760055040691 0.3619133532334525 0.4332314130856997 0.3712015392461975 0.43279687806755957 0.3773936632546942 0.427147922831738 0.3889631581126749 0.41519820983288475 0.400369702338853 0.39759954159820976 0.4090060858243879 0.380218140872605 0.4129169009876491 0.36196767011072006 0.4135687035148592 0.34306539682162485 0.41079854277421596 0.32090411089647863 0.40281396181589124 0.30591265277064456 0.39727364033460477
14 0.2836558207936672 0.38996925156013845 0.27806223491132476 0.4043770916240912 0.2741060649024238 0.41370234950221485 0.24047861982676566 0.409039720563153 0.21645901620129548 0.4052248423402843 0.19752591687298376 0.40204577715456025 0.18452707255802345 0.38657432658403684 0.18141865326531556 0.3825475106821198 0.18028831897705813 0.3800042585335406 0.19724333330091942 0.3785206947802028 0.20119950330982037 0.36114180509824495 0.20882925975555794 0.32532433733908805 0.21702418334542423 0.3147274533866747 0.21193767904826585 0.3041305694342614 0.21306801333652323 0.2924739970866068 0.20882925975555794 0.28590392903611056 0.21561126548510245 0.2801816117018074 0.2190022683498747 0.2801816117018074 0.22861010980006274 0.29459337387708945 0.2433044555474092 0.30010375353234436 0.24782579270043884 0.3062499462247441 0.2622375548757209 0.3111245128428542 0.27014989489352287 0.3098528867685646 0.2851268242129336 0.31345582731238514 0.2904959120821564 0.3062499462247441 0.30151667139266625 0.30052762889044093 0.30434250711330973 0.30010375353234436 0.30066892067647316 0.305402195508551 0.31055934569872556 0.3119722635590472 0.3088638442663394 0.32532433733908805 0.3054728414015671 0.34800166899725243 0.2916262463704138 0.36410893260492067 0.27947515277164653 0.3783087571011545 0.27941837458314506 0.3836331137455874
31 0.4230130339708315 0.303159091177628 0.41045840780556164 0.29550861585816673 0.40535809092592073 0.27108594464604024 0.40771208333190884 0.26608371078331555 0.40143477024927393 0.24519202818017122 0.41045840780556164 0.23342206615023073 0.40614275506125014 0.22488884367852394 0.40810441539957354 0.20958789303960132 0.428505682918137 0.2069396515828647 0.4406679770157422 0.20841089683660727 0.45047627870735923 0.1995834253141519 0.45910758419598224 0.19928917626340337 0.4536149352486767 0.20811664778585875 0.46970055002292876 0.2066454025321162 0.4826475082558631 0.2037029120246311 0.4846091685941866 0.20958789303960132 0.49480980235346833 0.20782239873511024 0.5054027681804147 0.2092936439888528 0.5203113867516727 0.20958789303960132 0.527373363969637 0.20752814968436173 0.544635974946883 0.2069396515828647 0.5505209559618532 0.21311888164858345 0.5450283070145476 0.21782686646055965 0.553267280435506 0.21988660981579922 0.570529891412752 0.21606137215606855 0.5717068876157461 0.2275370851352605 0.5717068876157461 0.23930704716520096 0.5681758990067639 0.24401503197717717 0.5756302082923929 0.25637349210861465 0.5720992196834107 0.26873195224005214 0.5677835669390993 0.27844217091475304 0.569352895209758 0.28697539338645983 0.5666065707361052 0.29727411016265776 0.5595445935181409 0.30963257029409524 0.5442436428792183 0.30698432883735866 0.5065797643834088 0.30874982314184973 0.49088648167682153 0.31198656270008335 0.4673465576169405 0.3058073326343646 0.43831398460975407 0.3040418383298735
16 0.7843370325233023 0.3479383433655251 0.8143230476611436 0.3479383433655249 0.8158178663948177 0.3263767102193119 0.8158178663948177 0.302214425294192 0.8158178663948177 0.29366469370530346 0.8135875016324989 0.2892039641806659 0.806400770731694 0.2838139160050623 0.7957445835339488 0.2823270061635164 0.753863289663741 0.28028250513139086 0.7097516310312144 0.27879559528984504 0.6963694424573018 0.2774945491784924 0.6951303509226803 0.2761935030671398 0.6614270611809746 0.2743348657652075 0.6554794218147911 0.27693695798791274 0.6534968753593966 0.2810259600521638 0.6539925119732453 0.3064892910886363 0.6530012387455482 0.3341829868874276 0.6648965174779149 0.3328819407760749 0.6770396145172061 0.33399712315723434 0.6978563522988478 0.336970942840326 0.7161949070112463 0.339387171332838 0.7444461940006174 0.3432903096668959
33 0.651297219759 0.3593764015457635 0.6665931353391027 0.367919333119757 0.6802618258574921 0.3730450920641532 0.6805872708698348 0.36913975191604176 0.6744038156353253 0.3618172391383331 0.6630132402033339 0.35498289387913834 0.6402320893393513 0.35595922891616616 0.6197290535617669 0.3579118989902218 0.5823028771423667 0.3584000665087357 0.5718886367474033 0.36401399297164566 0.5354387953650311 0.37158058950861134 0.5386932454884572 0.38402886123071617 0.5338115703033179 0.38744603386031357 0.5373914654390868 0.4086813209156688 0.5354387953650311 0.42747577037845447 0.5412968055871981 0.41283074482303705 0.5523619360068467 0.3989179705453905 0.5657051815128937 0.38915462017511226 0.5806756520806537 0.38402886123071617 0.5923916725249877 0.37475367837895185 0.6190781635370817 0.3720687570271253 0.6346995241295269 0.36108498786056215 0.6415338693887217 0.356935563953194
33 0.548049400784954 0.4505786195883425 0.5665997664884828 0.459121551162336 0.5981679326857159 0.4769396655880938 0.6316887689570047 0.4962222825693934 0.6707421704381177 0.5203865747358322 0.7156535821413977 0.5482121232911252 0.7192334772771665 0.5662743214761401 0.7153281371290552 0.5792107607167587 0.7130500220426569 0.5926353674758914 0.6990558865119246 0.6233899211422679 0.6648841602159508 0.6355941091051158 0.6499136896481906 0.6407198680495118 0.6242035336731244 0.6436488731605954 0.6137892932781611 0.6407198680495118 0.601422382809142 0.6302242664014627 0.5884045823154376 0.6304683501607197 0.5858010222166967 0.6321769364755184 0.5786412319451593 0.6343736903088311 0.5604163112539732 0.6326651039940323 0.5513038509083801 0.6360822766236297 0.5321025951801661 0.6292479313644349 0.5327534852048513 0.6189964134756428 0.5369842703653053 0.5933676187536623 0.5389369404393609 0.5684710753094526 0.5460967307108983 0.5347875165319925 0.5441440606368426 0.5181898209025195 0.5412150555257592 0.49134060738425434 0.5451203956738705 0.4774278331066077
34 0.7579671903518763 0.5689816722271877 0.7711634147391581 0.5757066711937832 0.7828369978509842 0.5823047833874241 0.7853747333100769 0.5829392172521973 0.7923112102315968 0.5812896892037871 0.8031388815237254 0.5811628024308324 0.8131206409961566 0.5811628024308324 0.8198577356508651 0.5780961375813053 0.8322080482184492 0.5753046285763034 0.8388061604120902 0.5777154772624413 0.8476036433369447 0.5769541566247136 0.8553860320781621 0.5768272698517589 0.8587696793569521 0.569594723793345 0.854709302622404 0.5654074602858421 0.8564011262617991 0.5621084041890215 0.8481111904287632 0.5577942539085641 0.8457426373336101 0.55576406554129 0.8496338317042188 0.55576406554129 0.8459118196975495 0.5477701988451481 0.8437124489663358 0.5335588802742294 0.8415130782351222 0.5209970897517207 0.8391445251399692 0.5100848272776224 0.8301778598511753 0.48369237850305874 0.8190118238311674 0.4614871932359981 0.8186734591032885 0.4448650259789414 0.8086916996308574 0.43623672541802627 0.798540757794487 0.41872635075028697 0.7904200043253903 0.4032461644498218 0.7860212628629629 0.39601361839140786 0.7819608861284147 0.3889079591059484 0.7763778681184109 0.38725843105753827 0.7743869851564472 0.3852511708433616 0.777392962302048 0.3835787146418539 0.7831451626759913 0.38434003527958166 0.784107822468703 0.3823298205300627 0.7823772639535329 0.37787981291962547 0.7757846600862185 0.3750985581631023 0.770510576992367 0.3742332789055173 0.7666374222203198 0.3725645260516033 0.7541938824207641 0.36922702034377536 0.738317424365716 0.3635322730057111 0.727386056821545 0.35986704977031253 0.7240181335626633 0.3596237202596366 0.7212206800626996 0.3603813639158768 0.7177238631877448 0.3602065230721291 0.71422704631279 0.36160524982211095 0.7079888566158254 0.3595893353078401 0.7032487270742201 0.36040525924532957 0.7024716566575635 0.3615125845890652 0.7020054144075697 0.36535908315151533 0.6967213355743047 0.36798169580773143 0.6967213355743047 0.3717699140889323 0.6932245186993501 0.37404284505765284 0.689339166616067 0.37439252674514834 0.6811022201995072 0.37392628449515436 0.6766729188245645 0.37246927746392333 0.6641620851163933 0.36757373383898667 0.6510295950748969 0.3595893353078401 0.6414716289500206 0.35719984377662106 0.6195582432003046 0.3724692774639232 0.5926716067839864 0.3751501704013885 0.5812486716591344 0.3843001745575199 0.5657849703676682 0.38942883930745337 0.5526524803261716 0.3991033659948281 0.5420843226596419 0.4127409518071513 0.5361008804513862 0.4277772643694565 0.5367225367847115 0.44351294030675265 0.5466690381179158 0.4490495670254308 0.5547505704511445 0.4523132627753885 0.5699811506176138 0.46000625990028887 0.5941480405756339 0.4733524443063659 0.6211900910752834 0.4895543624936559 0.6507187669082342 0.5072715679934263 0.6909710144910458 0.5318658466806075 0.7161480959907196 0.547193560649159 0.7254196922457742 0.5522360670875777 0.7355964002571443 0.5565462022453344 0.7438574926428445 0.5619338711925302
11 0.572323296326066 0.807333621338005 0.5517400642650264 0.805886362833713 0.5192571511686984 0.8000973288165457 0.4840275664353831 0.7858613678304708 0.4618362693695748 0.7716299925382676 0.4492933623323788 0.7472678077160215 0.44479078031902636 0.7327952226731029 0.4505798143361938 0.7171165888766082 0.4570120743552686 0.6915483553007856 0.4656956253810198 0.6804527067678816 0.4920678914592266 0.6679097997306854 0.5235859655526934 0.6652564924728172 0.5425611326089643 0.6662213314756784 0.5789034017167373 0.672975204495707 0.6078485718025741 0.6749048825014294 0.6467637449179771 0.6843120627793263 0.670563106988554 0.696613760065807 0.6860005310343337 0.7093978768537184 0.6933976300562698 0.7207347351373375 0.6946840820600848 0.7429260322031461 0.6895382740448249 0.7532980514839042 0.6686334289828316 0.7832080605726023 0.6503014879284683 0.794786128606937 0.6284318038636137 0.8029872601312575 0.5994866337777769 0.8061229868905565 0.5763304977091074 0.8080526648962789
26 0.6994920996100386 0.726410590122593 0.6948840137911322 0.7307303214554615 0.6939934222963662 0.7173714490339723 0.6920561799688071 0.7065103827443845 0.6909527041271734 0.6854749489550335 0.6898193754708687 0.666963914235388 0.6925897344085027 0.6617694912273244 0.6992637809400755 0.6563861801098764 0.7235673843475012 0.6570472884927209 0.7503894958800488 0.6567639563286446 0.794841164288449 0.6570472884927209 0.8409298629781784 0.6581806171490256 0.8457150284159098 0.66158060311794 0.8483594619472877 0.665547253415007 0.8491150143848243 0.6783916448531282 0.8501224176348731 0.698697116611923 0.8503742684473852 0.7235359029959372 0.827581769915033 0.7237247911053213 0.7955967167259856 0.7240081232693973 0.7376710298481833 0.7253303400350865
