24 0.10361198788950872 0.6834274168076204 0.08028213631173857 0.675193351544878 0.056266112628739845 0.6618129954929216 0.031563916840512594 0.6432863486517512 0.013723442104570695 0.6165256365478382 0.007547893157513882 0.6000575060223535 0.008920237367970952 0.5722675357605979 0.019898991051627506 0.550653114445899 0.04254267052416915 0.5264655477365932 0.07479275946991028 0.5089681590532655 0.1166492578888509 0.4976463193169947 0.1646813052548483 0.4961024320802305 0.1962452220953609 0.5027926101062087 0.23741554840907297 0.5120559335267939 0.2689794652495856 0.5357288711571783 0.2988003922666183 0.5510398616546966 0.3303446481174302 0.5665400563400095 0.3322481807980826 0.5700072051511978 0.3238182503551933 0.5736783038924561 0.33741491235985355 0.5863231995567901 0.35373090676544583 0.5791849520043435 0.36352050340880127 0.5901982482281184 0.3648801696092673 0.603862893542802 0.36139927608387024 0.6359158819579613 0.32659182135194004 0.6618175230768393 0.2751964389743241 0.6679360209789362 0.2523540468064948 0.6765019180418722 0.2159149926340053 0.6832322657341792 0.19144100102561676 0.6877191641957168 0.15337034741256797 0.6901665633565557 0.12345769100231535 0.687719164195717
20 0.19343176634442794 0.4988588999252515 0.1915895590459096 0.4858550837004161 0.19083100309946086 0.4767524123430312 0.190397542558633 0.46293585760414335 0.18823023985449377 0.45204516151584373 0.18324544363497344 0.4452181579978051 0.17847737768586713 0.44489306259218425 0.17338421633113993 0.43757841596571423 0.1685077852468266 0.4350589265721524 0.17175873930303545 0.4293697569737869 0.18216179228290386 0.42319294426699 0.1978747368879134 0.4114895096646381 0.22095651068699637 0.40929511567669713 0.2518405742209807 0.40831982945983447 0.28554213127034606 0.4066130785803248 0.31111630317918915 0.405231423106436 0.3363653796824114 0.403768493781142 0.3629148378081172 0.4024681121586584 0.366274156999533 0.403768493781142 0.37190914403029507 0.42449332588947347 0.36735780835160264 0.4372533205600934 0.36248137726728935 0.45237025692146465 0.360639169968771 0.45342681698973253 0.36193955159125457 0.46366732226679047 0.3612893607800127 0.47585839997757373 0.36161445618563365 0.4903251455277032 0.3640023618661042 0.5066991788809756 0.36527719977254774 0.532708250113996 0.36764528534643787 0.5510239119745524 0.36720126930133345 0.5584611807300509 0.36527719977254774 0.5612362810119534 0.3664612425594928 0.5680075256997954 0.35876496444434997 0.5745567623650852 0.3492926221487896 0.579995958917614 0.3373623853679739 0.5857174659932003 0.3245365957874226 0.5738671596813054 0.3326738502949231 0.5703865762103237 0.330639536668048 0.5661908043548938 0.26922869405675515 0.535580741500507 0.23756968823851093 0.5116457702343045 0.19338693915481675 0.5010609821444697
23 0.27899871842903895 0.3141019960479764 0.2849381016270371 0.3169574687393217 0.28767935541072853 0.321526225045474 0.287374771656985 0.3386590611935454 0.28798393916447196 0.35522080280334783 0.287374771656985 0.3642440965079988 0.28432893411955007 0.37246785785907316 0.2780849671678085 0.38137693265607026 0.27092724895483644 0.3881158482076451 0.2569163962826358 0.39531163938983505 0.24077345733423072 0.39976617678833365 0.22721948029264533 0.40125102258783313 0.21351321137418813 0.4006799280495641 0.20011152620947445 0.39828133098883406 0.1853392141529151 0.3940552314056431 0.1731558640031754 0.3866310024081455 0.16325689200651186 0.3781788032417637 0.15746980068538555 0.36972660407538166 0.1547285469016941 0.36127440490899976 0.1547285469016941 0.351565797758426 0.15853584382348776 0.34060078262366017 0.16386605951399885 0.3332907725338164 0.17620170154061032 0.3239248221062041 0.19036484608968268 0.3178712200005522 0.20635549316121607 0.3139877771403226 0.22386905900146684 0.31375933932501504 0.23925053856551312 0.3135309015097074 0.25615493689827706 0.3134166826020536
23 0.36685005505030993 0.40378166334482174 0.36912848656481884 0.4117561736456029 0.37422783328776726 0.4128140168487677 0.39180430497112156 0.41387186005193255 0.40816473131344977 0.41524414351924527 0.41380656173032887 0.41280296689655716 0.43170852363004164 0.41141963347703386 0.43669937361420386 0.4057235546907617 0.4413647333820079 0.3957147305377404 0.44711506053767314 0.38546178872245046 0.4467895703213148 0.37268629773038275 0.4431006812025861 0.36861767002590257 0.4424497007698694 0.36528139530822884 0.44494512576195044 0.3600735518464942 0.44375166163530294 0.35665590457473084 0.43550590948755646 0.350471590463921 0.43225100732397237 0.3491696295984874 0.42270329431079223 0.349251002152577 0.41879741171449125 0.35136668855890674 0.3982915280839113 0.3517735513293547 0.3762666901103253 0.350471590463921 0.3481660347647157 0.349657864923025 0.3218013272396842 0.3496578649230251 0.29749805775158944 0.35030884535574186 0.2978413904603024 0.3417022999550872 0.29466731195392165 0.34093437773580154 0.2884215445703983 0.3435453132813728 0.2885239341996364 0.35268358769087205 0.2879196374175019 0.36407192416332934 0.28505272779883545 0.37244227635354293 0.2754281026504552 0.3849594085278991 0.28044519448312144 0.3890293962901131 0.29099132629464447 0.3963246573733268 0.30041117218454855 0.4052325551170404 0.3128003173223571 0.40454142511968344 0.3306161128097844 0.40369671067846924 0.35385855864683013 0.4025448273495407 0.3631760149074962 0.4020072817960407
16 0.7067888316628607 0.7261348753139254 0.700053313175701 0.7234761180163624 0.6943812976075664 0.7192221063402616 0.6927860432290285 0.7132399024207444 0.6914541478528968 0.6886181400688294 0.6919858993124095 0.6629611321473461 0.716978217909502 0.6622964428229552 0.735057767532931 0.6607011884444175 0.7497695579127798 0.6612329399039301 0.7630633444005952 0.6640246350663713 0.7894736668897212 0.6649552001205182 0.8029447038640407 0.6638916972014932 0.823328509812024 0.6568459903629511 0.8353815428943099 0.6561813010385603 0.8426488128409823 0.6537884194707536 0.8474345759765959 0.655915425308804 0.8504478342471671 0.6588400583361234 0.8509795857066798 0.6721338448239387 0.851156836193184 0.6904792701771236 0.8497388323011503 0.7235807985317835 0.8178337447303938 0.7233149228020272 0.789296416403217 0.7238466742615399 0.7563278259134353 0.7243784257210525
11 0.5775441301934005 0.8103043723187576 0.5508772220590876 0.8090222016049187 0.5293940414029292 0.805416903409973 0.4852303834818021 0.7896034646059565 0.45417335952436433 0.7690887331845297 0.44448584746424613 0.7526342090235937 0.44049687191007986 0.7378892458144432 0.443915993813651 0.7195114655827483 0.45303365222317393 0.6938680513059652 0.4630060911085898 0.6799778685727073 0.48693994443358757 0.6682246370291816 0.5137230660115615 0.6645918200066372 0.5433554558425112 0.666515076077396 0.5977764794743515 0.6769861369070825 0.6123077475645289 0.6769861369070825 0.6328224789859557 0.680618953929627 0.6559015518350608 0.6908763196403401 0.6710026735758332 0.6989967341613217 0.6855339416660106 0.7128869168945794 0.6940817464249384 0.7289140508175691 0.6935118927743431 0.7391714165282823 0.692942039123748 0.7460096603354246 0.6792655515094633 0.7675928673517176 0.6618850151663103 0.7876802085351977 0.6362416008895267 0.8007156107925627 0.6134474548657193 0.806699074123812
31 0.39987976986431695 0.30367581838154895 0.39166306226436526 0.2985403761315791 0.3880111922199423 0.2923778454316153 0.3875547084643894 0.2749173417817179 0.39029361099770665 0.27012426234841275 0.3857287734421779 0.2512943074318567 0.3907500947532595 0.2488977677152041 0.38664174095328363 0.23383380378195934 0.392576029775471 0.22527473336534296 0.41220483126424456 0.21740038858205588 0.4213345063753021 0.21740038858205588 0.4167696688197733 0.20986840661543346 0.4240734089086192 0.20302115028214035 0.4327466002641238 0.2026787874654757 0.43046418148635945 0.20986840661543346 0.4354855027974411 0.21774275139872054 0.4491800154640273 0.21603093731539727 0.45009298297513306 0.2126073091487507 0.4601356255972962 0.2115802206987568 0.4692653007083537 0.20986840661543346 0.48113387835272836 0.2129496719654154 0.489807069708233 0.21397676041540933 0.49939322857484325 0.2136343975987447 0.5194785138191698 0.2119225835154214 0.5249563188858043 0.21842747703204984 0.5235868676191456 0.22356291928201966 0.5327165427302031 0.2263018218153369 0.5473240229078951 0.23588798068194725 0.5486934741745536 0.25300612151518004 0.5496064416856595 0.26909717389841875 0.5445851203745777 0.27628679304837656 0.5445851203745777 0.3002521902149024 0.5336295102413089 0.3081265349981894 0.5048710336414779 0.30881126063151876 0.47976442708606987 0.3098383490815127 0.4564837555528733 0.31052307471484203 0.4386808890863112 0.30881126063151876 0.428638246464148 0.3047029068315429 0.4112918637531388 0.3081265349981894
26 0.8271641153480086 0.3525993374183029 0.8270112764501245 0.33672319690060626 0.8270112764501245 0.32021659592913826 0.8260942430628208 0.3068622972265269 0.8255593069202269 0.2966603007927724 0.8219675928199538 0.29115810046894974 0.8144784868236395 0.286114416838779 0.8031684083802263 0.2851973834514752 0.7781028291272563 0.28514006886476867 0.7463887578163341 0.2843949792375844 0.7195655312376984 0.28405109171734544 0.6792160621963322 0.2825609124629768 0.6734081840767416 0.2847961813445298 0.6662247558761953 0.2888655170006903 0.6627094612248642 0.29230439220307947 0.6624037834290961 0.30353805119755073 0.6627094612248642 0.3172935520071074 0.6644671085505297 0.3381560615682684 0.6650020446931236 0.34761296837483857 0.6688230171402226 0.34847268717543595 0.6826549373987214 0.34847268717543595 0.7028296719194045 0.3485873163488489 0.7286594456617942 0.3493897205627397 0.7577752557086892 0.34990555184309796 0.7939216550582465 0.351911562377825
33 0.6625159042995757 0.6081227657207469 0.6602670587126909 0.614775600581948 0.6518963556948415 0.6141196872857733 0.6453996906660628 0.6166496385710187 0.6427950302512667 0.6223680161703955 0.6391718901390633 0.6249916693550945 0.6345492630993554 0.6235861408632916 0.6313009305849662 0.6254601788523623 0.6240546503605594 0.6265846016458048 0.6145595245492675 0.6302389757244926 0.6070633725929845 0.6308948890206675 0.600816579296082 0.6296767643277715 0.5998170923685776 0.6276153225397936 0.5993173489048255 0.622274314270942 0.5943199142673035 0.6209624876785925 0.5879481851044628 0.6221806123714885 0.5699574204093837 0.620868785779139 0.5655846651015519 0.6195569591867894 0.5578386414133928 0.6193695553878823 0.5537157578374372 0.6176829211977186 0.5412221712436321 0.6180577287955328 0.538348646327057 0.618619940192254 0.5360998007401722 0.6192758534884288 0.525730123867314 0.6123419129288671 0.5173594208494647 0.6127167205266811 0.5073645515744206 0.6079379236545508 0.5072396157084827 0.5910715817529141 0.5053655777194119 0.5596814454359791 0.50549051358535 0.5338197211868027 0.5036164755962793 0.5135801109048386 0.5046159625237836 0.5086139102338011 0.5001182713500139 0.5027106905682283 0.49761955403125285 0.493246798723421 0.4971198105675006 0.4722575732458287 0.49362160632123525 0.4512683477682362 0.49349667045529716 0.43337128497261057 0.49149769660028836 0.4221270570381861 0.49099795313653616 0.4019811486556755 0.49649513123781036 0.38858177703381963 0.5109876916866242 0.37855567379229105 0.5139861524691374 0.3808045193791761 0.517984100179155 0.38249115356933977 0.5231064706826148 0.38267855736824685 0.5254802521354378 0.38548961435185297 0.5336010834214111 0.3886754789332732 0.5390982615226854 0.39158023781633283 0.5448453113558356 0.39720235178354507 0.5472190928086585 0.3951409099955673 0.5522165274461805 0.39738975558245215 0.5588381283408973 0.39917009167206935 0.5660844085653042 0.4062914360305382 0.5697075486775076 0.40647883982944527 0.5728309453259588 0.4061040322316311 0.5787029310250471 0.40816547401960895 0.5805769690141179 0.4073221569245271 0.5803270972822417 0.39935749547097643 0.5863240188472681 0.3929857663081359 0.5916962610826043 0.3874573542403772 0.5981929261113829 0.3877384599387377 0.5998170923685776 0.38942509412890153 0.603690104212657 0.38951879602835504 0.6049394628720376 0.3880195656370984 0.6056890780676659 0.384458893457864 0.6086875388501791 0.38202264407207204 0.6161836908064621 0.38427148965895697 0.623305035164931 0.3870825466425631 0.6268032394111963 0.3840840858600499 0.6401713770665678 0.3867077390447489 0.6436695813128331 0.38783216183819136 0.6440443889106473 0.39289206440868235 0.6456594665844619 0.39626059060268903 0.6480322997328294 0.41535111184182766 0.6486794360460206 0.42813205402735266 0.6492671251795572 0.4553367954049053 0.6492934342351098 0.45655466895634866 0.6527448279054624 0.4973242566873905 0.6540391005318448 0.510428767029511 0.6551176610538298 0.545050559785237 0.660079039454962 0.5701270919213937 0.6628832968121237 0.5940711355094658
34 0.6608014116869644 0.6153772727033092 0.6529210231573824 0.6155276378669946 0.6509700639248406 0.6165031174832655 0.6564977817503762 0.6216243854686881 0.6621880795119569 0.6241850194613996 0.6686912769537636 0.6241850194613996 0.6790963928606542 0.631501116583432 0.6797467126048348 0.639183018561566 0.6815350919013315 0.6432068719786838 0.6886886090873189 0.6445481564510565 0.6945414867849448 0.6456455710193613 0.6990937249942093 0.646986855491734 0.7055969224360159 0.6473526603478355 0.7062472421801966 0.6456455710193613 0.7107994803894612 0.6462552457795308 0.7311219723951068 0.6463771807315646 0.7472173860635781 0.644060416642921 0.765751498772727 0.6433288069307177 0.7759940347435724 0.64308493702665 0.8018442445747538 0.6356469049525837 0.820866097092038 0.6325985311517368 0.8215164168362186 0.6207708408044511 0.8203783572839025 0.598578679534286 0.8190777177955411 0.5793129571129341 0.8168015986909088 0.5591936900273449 0.8107861410572377 0.5313925209636216 0.8176144983711348 0.5120048635902356 0.8148506394583669 0.49347075088108683 0.8078597022084248 0.48200886538990273 0.8067216426561086 0.4710347197068542 0.8098106614409669 0.4456722496838085 0.8065590627200635 0.43152779524787904 0.8098106614409669 0.41104272330618824 0.8115990407374636 0.38324155424246503 0.7930649280283147 0.3821441396741602 0.7717669564063983 0.3776325464489069 0.7433154675984943 0.3716577337992471 0.7316097122032424 0.3694629046626374 0.7199039568079906 0.3701945143748406 0.7054343424999707 0.3740964328399245 0.6807221922211057 0.38080285520178764 0.6514578037329761 0.39177700088483625 0.6473933053318468 0.3960447242060219 0.6492558565553246 0.41525878091858376 0.6498580549117426 0.4313890940369252 0.6504602532681608 0.4562942974916445 0.6529550750304642 0.48855492372832754 0.655105783446243 0.5104276283167986 0.65562195346603 0.5314615566231159 0.6563101801590794 0.5452045833999428 0.6612998236836861 0.5701097868546622 0.6643108154657766 0.5941116927747543 0.6630082968973645 0.6076450587451397
