26 0.852027705746515 0.7189828278410231 0.851039008375222 0.6954971295062914 0.8497057308097845 0.6605739131979285 0.8469153418582713 0.6581388357480349 0.845719114716057 0.653950312236623 0.8408742628613775 0.6483266796256986 0.831631602938092 0.6451620732389213 0.7824043924771142 0.6445592910700114 0.702751886654689 0.6458104679133424 0.6915283726771417 0.6509539398594785 0.69633215266083 0.6564687130195138 0.7170046385225413 0.663463161235537 0.7199372668305817 0.6724989282844774 0.7034291890885339 0.6946578661758136 0.6998232541175531 0.7071331077139661 0.6931981768862747 0.7163563375362042 0.6977307364624672 0.7208769445045313 0.7094400970879491 0.7245199042045121 0.7623543240699145 0.7239262665026714 0.8082320580125636 0.7239795321040754 0.8387727588057805 0.724579676879488 0.8455743995937897 0.7247797251379586 0.8486418062236761 0.7235794355871334 0.8509090198196791 0.7216789771316604
11 0.33364718128480064 0.7778689537736113 0.32569613239717865 0.7651914896715059 0.31679634389371136 0.7461992522212393 0.31303518249034734 0.7276598351752387 0.3146191299203685 0.7141518282412969 0.32107475064033436 0.7066260267966021 0.3381385060851187 0.6942219891848167 0.35029342677820346 0.6880421471984838 0.3716365234800183 0.684064150292953 0.3890672531049363 0.6833930674602421 0.4006181029444826 0.6845744043756501 0.40586848923518537 0.6892997520372828 0.40677410320189544 0.6919758180083798 0.4027859061220626 0.6928902712381501 0.40220212752466933 0.699538175033021 0.4099717127224315 0.7034140486153592 0.41509782951512947 0.7060936096660879 0.4172725457302135 0.7072586362098828 0.40898315809601493 0.712252607354294 0.4143858309090256 0.7147062259144644 0.4236233733170337 0.7176967589177494 0.4263961287369023 0.7203131982213573 0.4308531598356949 0.7188022682926509 0.4455636471626833 0.7257205234741412 0.44053085512513346 0.7330930661269722 0.43578489998624953 0.7379830352915786 0.4362637058553665 0.7416401847630861 0.4343836189671942 0.7510538884893809 0.44333250245869854 0.7594439759780688 0.4578393992380841 0.7656306995841734 0.4696897446359946 0.7730568915010869 0.47866879477397634 0.7821185526744372 0.48560833238316453 0.7883924821736313 0.48411174238153154 0.7920928989844347 0.48042361669949535 0.7965750561189657 0.47735697490217693 0.7995106856485994 0.47683449886076373 0.8016990277002362 0.4765902974965939 0.8052256140972969 0.4730646202035257 0.8076409009400943 0.472127212942564 0.8159319494999564 0.46589648326484645 0.8197198773812037 0.424203688661498 0.8182861184154059 0.40097103732822476 0.8137114575212796 0.36594736405560496 0.802603202938546 0.3483484038539404 0.7931938578802304
22 0.5558716512514631 0.7520566521742075 0.5718313138103017 0.7426336599187231 0.5684356409254424 0.7355027468605185 0.5640212661751253 0.7347387204614252 0.5545133820975194 0.7372854751250696 0.5534946802320616 0.732446641264145 0.5640212661751253 0.7286265092686784 0.5674169390599846 0.724297026340483 0.5623234297326957 0.7110539020895317 0.5731895829642454 0.7107992266231673 0.5932240529849151 0.700866883434954 0.5979779950237182 0.698574804237674 0.6040902062164648 0.700866883434954 0.6119002538516412 0.6965374005067584 0.6152959267365004 0.6973014269058517 0.6278599164104797 0.6855863554530872 0.6275203491219937 0.6830396007894428 0.6163146286019581 0.6802381706594339 0.611900253851641 0.6797288197267051 0.6057880426588943 0.6766727141303318 0.5962801585812885 0.6743806349330517 0.579641361445478 0.6792194687939761 0.5619838624442098 0.684312978121265 0.5548529493860053 0.6863503818521806 0.5490803054817445 0.6878784346503672 0.5378745849617089 0.6827849253230783 0.5290458354610749 0.6825302498567141 0.5253105952877296 0.686605057318545 0.5232731915568141 0.7006122079685895 0.5215753551143845 0.705960392762243 0.5205566532489266 0.7074884455604297 0.5100300673058628 0.7051963663631498 0.504596990690088 0.7092711738249807 0.5042574234016022 0.711053902089532 0.4947495393239961 0.710035200224074 0.48626035711184784 0.7237876754077539 0.49305170288156647 0.7278624828695852 0.4971265103433975 0.7370307996587053 0.504596990690088 0.7411056071205364 0.5161422784986095 0.7421243089859942 0.5225940569798422 0.7431430108514521 0.5300645373265326 0.7469631428469186 0.5426285270005119 0.7530753540396654
20 0.31990067607100087 0.3114986225555453 0.3228552361800944 0.2825213708717729 0.32713927693760064 0.28080775456877044 0.3274248796547677 0.26045856097061565 0.3275863165906462 0.24183410076122894 0.33529758995415754 0.23005298867808674 0.3364400008228259 0.22491213976907926 0.32958553561081577 0.21870028067069514 0.3424376578833347 0.21934288678432107 0.3681419024283723 0.2212707051251989 0.4258336512961234 0.22169910920094954 0.4718156887600241 0.2214849071630742 0.4723868941943582 0.21848607863281988 0.4758141268003632 0.21548725010256542 0.481811783860872 0.21827187659494451 0.49066546809305156 0.2201996949358223 0.4938070979818896 0.22234171531457544 0.5143704936179196 0.2225559173524508 0.5517844495668078 0.22212751327670016 0.5726334479200049 0.22169910920094954 0.5749182696573417 0.22041389697369765 0.5846287620410225 0.22169910920094954 0.6003369114852122 0.22512634180695454 0.6014793223538805 0.2291961805265855 0.6020505277882148 0.234337029435593 0.6031929386568831 0.24097729260972772 0.6040497468083843 0.24633234355661057 0.6049065549598854 0.2546862230337478 0.6023361305053818 0.2737502044046507 0.6017649250710476 0.2782484472000323 0.5977664870307084 0.2810330736924114 0.5814871321521845 0.2831750940711645 0.5743470642230075 0.2829608920332892 0.5717766397685037 0.28810174094229674 0.5712054343341696 0.2921715796619277 0.5475004088093015 0.2919573776240523 0.535790697405451 0.2919573776240523 0.5183689316582588 0.29002955928317453 0.5066592202544083 0.28874434705592267 0.5015183713454008 0.29281418577555357 0.49437830341622374 0.30288168155569334 0.49152227624455286 0.3127349752979578 0.4918078789617199 0.31701901605546406 0.49437830341622374 0.3260155016462274 0.4718156887600241 0.3350119872369903 0.44468343062915106 0.34636469524438196 0.4389713762858093 0.3474357054337587 0.42383443227595385 0.3470073013580079 0.42040719966994883 0.33544039131274095 0.41241032358927043 0.31402018752520966 0.3901333116502378 0.29795503468456114 0.37099792960004313 0.2921715796619277 0.34700730135800806 0.2913147715104264 0.32701511115631215 0.30759412638895023
23 0.18172351476156343 0.3673319741893108 0.17997428822959097 0.3609910280109107 0.18522196782550832 0.3511516287685657 0.19163579844274062 0.33475263003132416 0.19834116681530164 0.32338265757350326 0.20562961069852018 0.3155111381796272 0.21845727193298475 0.3063276988867719 0.23361723521007927 0.3006427126578614 0.25140103828513244 0.29714425959391655 0.27268329442413053 0.29823752617639937 0.28696864443523884 0.30108001929085454 0.2995047679143747 0.3056717389372822 0.30621013628693566 0.31026345858370985 0.31670549547877036 0.31922824456006865 0.3189083505116948 0.3187517256345404 0.31718327503637683 0.3152684001555329 0.3270029354343408 0.30840127278263246 0.3359916233465505 0.30115836855647554 0.34713826487937444 0.2921017223110561 0.37049313285291036 0.2924998166515141 0.3889381706274644 0.29827218458815513 0.41123145369311215 0.31449452896181856 0.41998952918318805 0.3395744724106724 0.42277618956639407 0.34703874129425993 0.42237809522593606 0.3524130148904429 0.4186625480483281 0.35659300546525186 0.4070311521825656 0.368846592995778 0.3920715671270343 0.3840665746633305 0.38838595354150357 0.38430694076673466 0.38373887554235614 0.3850280390769471 0.36130470589129965 0.38610968654226596 0.3486454244453463 0.3856289543354576 0.3400379142824427 0.3847059484983856 0.3285003413190422 0.3808600908439187 0.3163217920798972 0.3754518535173247 0.31295666663223876 0.36980325008732656 0.30895056490883577 0.37172617891455995 0.2969322597386269 0.3765335009826435 0.28138858505182346 0.3818215552575354 0.2680883273301256 0.3844655823949814 0.2503012356782165 0.38386466713647094 0.22402120837269315 0.37821606370647276 0.20895826589269803 0.3753316704656226 0.19181215051653344 0.3720867280696662 0.18444092334547196 0.3688417856737098
14 0.38390559979560734 0.4691644737544355 0.3985527901444712 0.45852736555039697 0.4137754149694768 0.45100887402097345 0.4226862197450899 0.4485027101778322 0.4382801281024126 0.44822424752859436 0.442364246957902 0.449338098125546 0.44496323168412244 0.449338098125546 0.4538740364597354 0.41787181876166246 0.4527601858627839 0.39837943331500886 0.44013654576399863 0.3891901658901579 0.42342878680972423 0.38751938999473057 0.3948399548212991 0.38473476350235136 0.3880796233242759 0.38504012548489064 0.3833583562788688 0.3857703826845904 0.361749017204373 0.38702309799325685 0.35163938488881946 0.3865286051082569 0.3504306245032642 0.3873527599165901 0.3491119768099311 0.39658329376992163 0.34768344180882027 0.41834098070991727 0.3448263718065986 0.4299615635074151 0.349111976809931 0.4322691969707479 0.3490020895021534 0.4376262032249136 0.3343258026826776 0.4386162868166138 0.3276908970083776 0.44397524909200997 0.3278950479522023 0.4468844000415107 0.3292220290870623 0.4497935509910114 0.34501509506359845 0.45275575566703874 0.3539977365918815 0.45566490661653947 0.36298037812016454 0.4589568405857114 0.37145264228888597 0.46270811417848867
16 0.1954431948140072 0.48121321269092365 0.18742643010452176 0.48079855244732955 0.17996254571982842 0.4776886006203739 0.17415730230951137 0.4731273379408391 0.17277510149753111 0.45902888965864064 0.17084002036075874 0.42668539065830285 0.1700106998735706 0.40595237847859905 0.17111646052315482 0.40263509652984636 0.17498662279669952 0.400354465190079 0.19157303254046254 0.39993980494648496 0.2128589250449583 0.39993980494648496 0.25570715021634605 0.39973247482468793 0.288603529541476 0.3995251447028909 0.3126538236699323 0.39993980494648496 0.32127304422718844 0.40080772262066217 0.32604877766539625 0.4028996146597495 0.33022183801220073 0.4057303503619363 0.33381818497751076 0.4107395479207609 0.3342035078666511 0.41825334425899785 0.33471727171883825 0.43780848088287094 0.32732898814984634 0.4437619634687649 0.3275628360570776 0.4470066031815991 0.32861515163961846 0.449637392137951 0.31739045209251654 0.4481027652467457 0.30113883563866034 0.44750257043252967 0.27850399447224977 0.448553042844537 0.2629014287090159 0.4509818567498183 0.24219961820383532 0.4557221880172447 0.2282232855559011 0.46096331276022 0.21816714377263144 0.4656931082599782 0.20896321739472343 0.47042290375973644 0.20095239258432218 0.4768145192999501
18 0.21430208420072078 0.6027869501574752 0.19919508955129012 0.5927918039320478 0.1839270167336333 0.5754820702143555 0.1722096585247339 0.5549766933487815 0.16794880099422504 0.5326071913136099 0.17362994436823684 0.5131670288306632 0.18534730257713627 0.4942594735390301 0.19848494662953872 0.48121059735184674 0.2103500969159876 0.47039726903420104 0.23086296097694384 0.4624718442833769 0.25261902892038224 0.4545464195325529 0.27885063084075656 0.44969792439087236 0.3044606308198897 0.44867228118782443 0.32534645604559065 0.45044384672036153 0.3349191259407036 0.45174921079696795 0.36202097057881544 0.46004759671253664 0.3847749433862779 0.47091134379498917 0.3970249392435288 0.46182377653093426 0.41366548609728776 0.45236909755427485 0.42351950466392146 0.44918788013649247 0.4375382347859441 0.44849314959603587 0.44640671562020656 0.4516209012201543 0.45727370892790165 0.4574153587960281 0.4633836494695347 0.4620992384423967 0.4675796590495449 0.46837857555469725 0.464982037469891 0.47737641387852536 0.45444191003349266 0.4893047330211646 0.4275404095876402 0.5117733204180057 0.42430041078961234 0.5138110903283304 0.42790281088646753 0.5312796389612675 0.4356890639092713 0.5398356878763856 0.44021861333691853 0.5498454131397703 0.442350594010044 0.5586210252067254 0.442908413170208 0.5689755433672695 0.44360568712041293 0.5732637781610302 0.440677136529552 0.5821540210261438 0.4349594901378711 0.5918809926315034 0.4249187452549193 0.6022355107920475 0.4084630800300815 0.613635939877899 0.3896366833745468 0.6207481341699899 0.36997355797876624 0.6255593244264042 0.3611923604740214 0.6254683866331159 0.32824741750704833 0.6246063629285152 0.30519643764408183 0.6230811547329066 0.26378838887861233 0.6198881880723998 0.23791864464830362 0.6134112042104799
27 0.6854465212010034 0.4410914272247803 0.6803935500511242 0.4396084900394896 0.6790753836641992 0.437631240459102 0.6843480492118992 0.4359835324754458 0.6894010203617783 0.43169949171793953 0.6946736859094784 0.42774499255716447 0.6951130747051201 0.42856884654899263 0.6957721578985825 0.4331824289032301 0.6946736859094784 0.43647784487054275 0.6915979643399867 0.4391141776443927 0.6876434651792117 0.44092665642641454
27 0.7369074326983752 0.5151732113148761 0.7410311810433177 0.5105853585545373 0.7384962456838465 0.507543436123172 0.730891439605433 0.5090643973388547 0.7312294309866958 0.5128668003780614
27 0.7003453444278581 0.37461619086606995 0.7009140506285124 0.3706352474614899 0.7111507622402895 0.36864477575919996 0.7164586867797295 0.3729100722641071 0.7071698188357095 0.37589577981754213
27 0.5350914003419136 0.3419910359042129 0.5337091995299333 0.33494181176311366 0.5237573536836755 0.3297585587181877 0.5185049905981507 0.3305878792053758 0.515187708649398 0.3332831707887373 0.5182285504357546 0.336807782859287 0.5245866741708637 0.33908841419905433 0.5306683577435768 0.342613026269604
27 0.5370264814786859 0.3656266697890751 0.5411730839146267 0.36376069869290184 0.5411730839146267 0.3614800673531344 0.5337091995299333 0.3598214263787581 0.5290097167692005 0.36085807698774325 0.5292861569315966 0.3627240480839167
27 0.5532930189706506 0.4984333040482779 0.5556807364736903 0.4948517277937183 0.5515564971502582 0.49143295045982044 0.5454786707788843 0.49061895585651144 0.5424397575931974 0.4911073526184968 0.5435250837309427 0.4938749342697475 0.5461298664615315 0.4964797170003363 0.5493858448747674 0.4977821083656307
