16 0.2477070290116753 0.5401498054728687 0.2351062820223906 0.48473515678135554 0.2368245657027476 0.47571416745948125 0.2471342677848896 0.4705593164184102 0.3118562864116699 0.46497489445725004 0.3737144989045219 0.45810175973582207 0.3857424846670209 0.4602496143362684 0.39490666429559146 0.4675523199777855 0.3997873362963953 0.4862742815410309 0.4083787546981803 0.5236469515887956 0.41066979960532296 0.5330975118307593 0.405514948564252 0.5382523628718302 0.36026681164818425 0.5429776429928119 0.3155914359589023 0.5464142103535259 0.2772164337642627 0.5468710776074486 0.25579088700052366 0.5466028945499447
23 0.6217778230153876 0.3673023437187284 0.6218368260438593 0.344247492102004 0.622038108068971 0.33178718530148893 0.6268697911385717 0.3204291498163894 0.6325908660512187 0.30881870361386193 0.6419056630750142 0.3014630261980524 0.656436740655338 0.29437777819855454 0.6717610742463452 0.2904565516620321 0.6921334236085075 0.28943793329129947 0.7081789023096795 0.2921692758117971 0.7260272437862642 0.2977130788461908 0.7372049929938224 0.30447381425398806 0.7447770166505553 0.3112345496617853 0.7509067500869581 0.31988829098376576 0.7572167698009024 0.33597884125432315 0.7554139070254897 0.3485538091128261 0.7476615970912155 0.35761319455927426 0.7359429890510336 0.3666725800057226 0.7198999390860417 0.37340408218985127 0.6998591659961165 0.3765070843121378 0.6730717779227392 0.3757165714245299 0.6258739624264326 0.37097059429656787
14 0.7410425681352316 0.36880243897328246 0.7414911502735158 0.36382573284011355 0.7491550118273288 0.35789569648275477 0.7566599146112956 0.3495060604292471 0.7584141810478618 0.33694073131885927 0.7568226909697997 0.32790103001038146 0.7500406443198492 0.3156151159380349 0.7452608297029851 0.3093961468570467 0.737507324196079 0.3027013340674431 0.7367859435818861 0.29078372535346336 0.7632203575843591 0.28680397558694654 0.7708593327383617 0.2854849173842721 0.7813154333555922 0.2833158326817615 0.791104123295127 0.28548491738427206 0.7931063553282136 0.29165846615295593 0.8186904313065432 0.2911579081446843 0.8220274846950208 0.2978320149216398 0.8233623060504119 0.31368301851690916 0.8231398358245134 0.33120254880641736 0.8251420678575999 0.3543950698563378 0.8080118604634143 0.36740957807140107 0.7964434087166913 0.3660747567160099 0.7905680265794436 0.370944314342106 0.7812415809262157 0.37176456810681524
30 0.3657888629830829 0.24049504324598436 0.3549839717210849 0.21326674004370727 0.34061491830792684 0.200263317257611 0.33004929020463325 0.18597680669171587 0.3246023983148657 0.1683444702223389 0.32951651105409124 0.15969071401570548 0.33788668028504387 0.15356654306281103 0.3533068554215149 0.14623645417500933 0.37198086737134906 0.14985958161437227 0.387239266765129 0.15584988227941923 0.39166104428948545 0.15295988402771893 0.41682139218687403 0.13731137496958698 0.4518908578514808 0.12765341346132228 0.4702556457995977 0.1250881199646546 0.5077700541031362 0.12571795538797856 0.532649340300853 0.13170850293784578 0.5563207433520317 0.13874063097314326 0.5789617495561243 0.1498398832569544 0.596018483492067 0.16384359935124995 0.6102329958611165 0.17600631437988287 0.6194380011894293 0.19139078127342532 0.6255843968569229 0.21269066756760782 0.6233106196034085 0.2317910536238571 0.6104333375923887 0.2585873201701095 0.5941711615123694 0.29241571475165945 0.5889549918263253 0.3032315960124271 0.5827436537658787 0.3145908625803056 0.5759123128730138 0.32719965601424067 0.5687593855115735 0.3341422031591681 0.557398853819874 0.3417158909536344 0.5400074225881366 0.35065705015543486 0.515603317472634 0.3575995973003623 0.49302250756691035 0.35917744892420955 0.4697404302728103 0.35749440719210596 0.4384822491396024 0.3528567251721518 0.4088639193323291 0.3416652988231003 0.39835657034216254 0.31150432315613813 0.38508791209192667 0.2834356784381722 0.3789449075627006 0.2696665139655822
13 0.3954241654065166 0.6605125811116049 0.30199343442378146 0.6364140327078215 0.2537078163183751 0.626728896040591 0.22818616077874473 0.6245878355792064 0.22231932202005955 0.6349843308626482 0.22377218419598233 0.6412409769465621 0.24186192951188146 0.6473363407523884 0.2560891018361098 0.6490436014312958 0.2744895780421117 0.6543076551912602 0.2813186207577413 0.6543076551912602 0.28757857658040176 0.6592871655047403 0.3148947474429202 0.6672543820063084 0.32931161539813814 0.6716648054268188 0.34979874354502694 0.6780670329727216 0.37180343673983346 0.685180619134836 0.3883069566359383 0.6885951404926506 0.3905833042078148 0.679774293651629 0.39513599935156785 0.672233892319788 0.3968432600304752 0.6648357627111892
11 0.20369641368832922 0.4252902998815117 0.19185060454842642 0.4171784957965782 0.18824535828845598 0.41679221941158134 0.1818074185385088 0.4057833424391717 0.1756269963785595 0.38840090511431424 0.1712491973485954 0.3663831511694948 0.1717642325285912 0.3439791208396786 0.17691458432854895 0.3271760980923164 0.18464011202848557 0.31327014823243043 0.19700095634838416 0.3043857913775034 0.20575655440831236 0.29820536921755403 0.21657229318822366 0.2955014345225762 0.22584292642814763 0.2960808491000715 0.23537107725806947 0.2995573365650429 0.24438419290799554 0.305158344147497 0.2526247557879279 0.3063171733024875 0.2541698613279153 0.31037307534495423 0.25906269553787514 0.31307701003993205 0.26601567046781815 0.31172504269244317 0.2678182935978033 0.31520153015741464 0.26678822323781176 0.3177123266598941 0.2714235398577738 0.3231201960498497 0.2770889268377273 0.32369961062734487 0.2786340323777146 0.3262104071298243 0.2814667258676914 0.32756237447731323 0.2853294897176597 0.3318114147122784 0.28507197212766183 0.33683300771723723 0.2871321128476449 0.3393438042197166 0.286874595257647 0.3447516736096723 0.2930550174175964 0.3486144374596406 0.29511515813757944 0.35189778673211364 0.2943426053675858 0.3551811360045867 0.29614522849757097 0.35769193250706605 0.2940850877775879 0.3611684199720376 0.2958877109075731 0.36541746020700283 0.2935700525975921 0.3743018170619299 0.28893473597763014 0.37604006079441565 0.28893473597763014 0.37932341006688863 0.2806941730976978 0.37816458091189814 0.26730325841780755 0.37449495525442833 0.2588051779478772 0.37449495525442833 0.25442737891791317 0.37082532959695835 0.2454142632679871 0.36889394767197425 0.23331093653808638 0.36541746020700283 0.21888995149820464 0.3632929400895201 0.20395393127832714 0.3629066637045234 0.18901791105844964 0.36309980189702173 0.19185060454842642 0.365996874784498 0.20189379055834406 0.37005277682696464 0.1988035794783694 0.382220482954365 0.19571336839839476 0.39342249811927305 0.19288067490841798 0.4021137167817018 0.19494081562840107 0.4059764806316701 0.19777350911837785 0.4059764806316701 0.20627158958830813 0.4225863651865339
26 0.4425179177490939 0.4355929932414267 0.4221787162693971 0.3753620382140076 0.41526305621386994 0.3687819073081128 0.405510666257332 0.36571462337016947 0.38160158120259413 0.3687819073081128 0.3161661905264691 0.3772759243670329 0.28596524098364223 0.3817588778147962 0.26614586784616207 0.37538836502060613 0.257633122263742 0.37538836502060613 0.25281409600977695 0.371412668361085 0.2339637246300038 0.36702908706761406 0.2202294998062034 0.36431838479975875 0.19179724490780953 0.36377624434618766 0.19396580672209382 0.3657640926759483 0.2036038592300239 0.3693783623664221 0.19517056328558507 0.40244893003425736 0.1987848329760589 0.4053403457866364 0.20456766448081695 0.4170867222806762 0.2079409828585925 0.4253995425687659 0.2173380840538244 0.4304595201354292 0.22721708787445272 0.4349773572485215 0.2404694100728567 0.43533878421756883 0.24866175470459725 0.4384109134544716 0.26022741771411345 0.44076018875327955 0.2749254477887069 0.4443744584437534 0.2775759122283877 0.4516029978247009 0.28239493848235275 0.45684368887588794 0.2905872831140934 0.46009653159731445 0.3009481895601182 0.462084379927075 0.3178147814489959 0.4599158181127907 0.3416689614061231 0.45648226190684066 0.3720288268061029 0.4519644247937484 0.416845770967978 0.4467237337425614 0.43708568123463126 0.4427480370830401 0.44335041536478587 0.43985662133066117
20 0.44835622347679804 0.8216976501978692 0.42704839195616506 0.7966465509776656 0.41495475784985986 0.7383379579651226 0.4132270958346734 0.6903953370436983 0.43421905315019643 0.6889052285555999 0.44631268725650164 0.6919286370821763 0.45955809603959785 0.6902009750669899 0.4733793921610896 0.6936562990973628 0.5102361818184006 0.6936562990973628 0.5476688588141071 0.6971116231277358 0.5637937042891809 0.702294609173295 0.5816462117794409 0.6966797076239392 0.599498719269701 0.6966797076239392 0.6242618748207068 0.6919286370821763 0.6403867202957804 0.6971116231277358 0.6513285797252947 0.6953839611125491 0.6778639080333907 0.7076247982409463 0.6651609556441481 0.7138250488118861 0.6353190992376736 0.7257718730827214 0.6405917419146594 0.7633869483440039 0.6472456693566435 0.7999835492749168 0.6518832551495417 0.8105693429326188 0.6526897918091761 0.8125352760404779 0.6415999127392024 0.815257337266744 0.6018779822522058 0.8008909030170055 0.5778835166280811 0.7984712930381022 0.5379599519761761 0.7993786467801908 0.49138245988228674 0.8017982567590942 0.48644242284202577 0.8026624031801312 0.45352343949389573 0.8220892761181505
27 0.5943919296715435 0.4327903122637068 0.5935806234653782 0.42957394944009186 0.5929161797518337 0.42702054792844074 0.5943919296715435 0.4261157383231323 0.5955455597353465 0.42426169000630615 0.6023025358233355 0.42426169000630615 0.6057634260147444 0.42042999015153193 0.6112019677441014 0.4216660223627494 0.6140036407561943 0.4243852932274279 0.6199365953700382 0.4229020545739669 0.6218346960189569 0.42588086363841127 0.6192350840912958 0.4276790267708329 0.6224086597924733 0.4313070736102458 0.6171349223579452 0.43513877346502 0.6110371634492724 0.43167788327361106 0.6062436389919171 0.43259779540205057 0.5975463344279461 0.4327623199672325
15 0.7269823280186839 0.61523028233136 0.7180887262609158 0.5955096871293526 0.7221488488025056 0.5940596433644991 0.7256289538381541 0.5973947440236622 0.7351025731018634 0.6044999584714442 0.7449628707028672 0.6060950066127831 0.7459295665461029 0.6034849278360468 0.7387760173061589 0.6013098621887666 0.7349092339332163 0.5965247177647501 0.7296833572721565 0.595532051917605 0.7258567696315388 0.5973340726582045 0.7220971709960068 0.5937969714708838 0.7395004208131369 0.5857635654719487 0.7500028827776586 0.5813643520651653 0.7530806293947553 0.5778689112643196 0.7653916158631422 0.5778689112643196 0.7755921475083771 0.5813643520651653 0.7903653312704415 0.5969289563859117 0.790189460035179 0.6021391417305683 0.782890803771778 0.6082066993471303 0.7717229803325985 0.6173739874851971 0.7591481870113175 0.6186270700364437 0.7502666896305525 0.6211332351389366 0.7373401538387463 0.6175718426248675
27 0.7448569501044378 0.6059164507010377 0.7456162520537767 0.6036863963512635 0.738367484818039 0.6014966645821345 0.7346424238774518 0.5967019070876622 0.7296588964028824 0.5956447951991173 0.725967741935484 0.5974462365591398 0.7351433691756273 0.6044220430107526
27 0.7695190082067863 0.5186088806932733 0.7768985226313021 0.5167640020871443 0.7747461642574849 0.508462048359564 0.7665979504137488 0.5026968027154111 0.7598333955246094 0.5053488157117214 0.7676741296006573 0.5114599760945236 0.7672129099491252 0.5193007101705717
27 0.5328087419419377 0.45772375714119545 0.5225129208416104 0.45416763472167454 0.5214291501994707 0.4488842528412434 0.5200744368967961 0.4461409584033273 0.5267125320799019 0.4453281304217225 0.5284736593733789 0.44339766396541114 0.5330796846024727 0.4462425619010279 0.5333506272630075 0.452033961269962
27 0.5397177797855784 0.4558948941825847 0.5435109770330674 0.4491890633343452 0.5501490722161732 0.44939227032974643 0.5502845435464406 0.452033961269962 0.5521811421701851 0.4570125326572913 0.5498781295556382 0.46168629355151886 0.5439620443528123 0.4626261774283208
27 0.5487943589134986 0.43923192055968646 0.5417498497395905 0.4358790051355668 0.5394468371250435 0.4314084512367405 0.5371438245104966 0.4266330868448124 0.5406660790974508 0.42460101689080043 0.5417498497395905 0.4233817749183932 0.5416143784093229 0.4188096175218663 0.5478460596016264 0.4190128245172675 0.5479815309318937 0.42145130846208184 0.5540777407939297 0.4285635533011237 0.562341491940245 0.42653148334711183 0.5784625802420731 0.4253122413747046 0.5783271089118058 0.44370247445851296 0.5703343004260255 0.4436008709608123 0.5627479059310474 0.44136559401139913 0.5630188485915824 0.43760626459647706 0.5612577212981052 0.4344565561677585 0.5630188485915824 0.43272929670684834 0.5558388680874067 0.4324244862137465 0.5535358554728598 0.43628541912636926
15 0.5239439200949007 0.5650464172747591 0.5241697579914932 0.547431061340534 0.5203305137494186 0.5272750290696419 0.5203305137494186 0.5249037311554192 0.5295898675097165 0.5260893801125305 0.5381717075802362 0.5218549195514187 0.5562387393076468 0.5176204589903068 0.5713698783793529 0.5188061079474182 0.5892110722101706 0.5274444074920862 0.5941795059352084 0.5318482464756425 0.604793887075062 0.529815705406309 0.6099881586966925 0.5360827070367543 0.6154082682149157 0.5177898374127513 0.623086756699065 0.5137247552740841 0.6510906558765509 0.5088127810231944 0.6739002834324066 0.5269362722247529 0.6648667675687014 0.5437047360467557 0.6371162002775198 0.5452115448824025 0.6262484872513617 0.5558999824627576 0.6179633968086298 0.5567658624995774 0.6082768386893944 0.5596611707216753 0.6011981363071776 0.560996136984901 0.6091692392122358 0.5634919434770187 0.6197339035311211 0.5667221997450549 0.620198239622678 0.5818711647320951 0.6187278419994148 0.5972522977649134 0.607196829059088 0.6015474066118137 0.6008509024744786 0.6014893646003691 0.5956658161187612 0.5985872640281392 0.5885459960482239 0.5965557936275783 0.5844443605728056 0.5897648782885604 0.5762410896219691 0.5894746682313373 0.5649422447274206 0.5858760635217724 0.5604536625090385 0.5834963410525438 0.5531016743927228 0.5838445931212114 0.553798178530058 0.5742676612328527 0.5579772033540691 0.5703788464660646 0.5662578636534984 0.5701466784202863 0.5742289665585565 0.5647487713559387 0.5861469262418472 0.5630655530240453 0.5863017049390328 0.5601054104403708 0.5787404536248727 0.5555260511007406 0.5595450820286912 0.5603848795360241 0.5569910367908486 0.5601477943900467 0.5473179628349761 0.5656481697767193 0.5414392507064827 0.5659696604769305 0.5390367878939131 0.5681508438199214 0.5239897839625559 0.5678189246155532
27 0.5859243049205528 0.562926759583235 0.5860784237595746 0.5601295026549893 0.5787470642946695 0.5556369443833503 0.5594822094169444 0.5606072769418033 0.556893012921378 0.5604223343349772 0.5474609399732437 0.5659012590622023 0.5416352478582197 0.5661324373207349 0.5389844038270447 0.5684904555577686 0.5234184010858428 0.5680512168665564 0.5259747156332086 0.5880680260743022 0.5285104983272028 0.5952749874151276 0.5317135922564585 0.5944742139328137 0.5381197801149702 0.5994790481972758 0.5421236475265399 0.5967764376944663 0.5422571097735922 0.5948746006739707 0.5431913455029584 0.5929727636534751 0.545059816961691 0.5926724735976073 0.5524002405495687 0.5852653188862034 0.5527441987786259 0.5809880548758171 0.5532095190283208 0.5741777970902919 0.5579570536838614 0.5699780548950059 0.5658696114430959 0.5697498080365665 0.5739647666890817 0.5644088315490833
12 0.5809349346133807 0.41662030093221086 0.589195064495556 0.4145759187863725 0.5916731034602085 0.4187266340521656 0.591838306057852 0.42461197659321537 0.5935729333331088 0.43080707400484675 0.5957678745015751 0.44438176529384565 0.5988737123074948 0.44596574257486465 0.604153636577558 0.4484814711976595 0.6057674623336806 0.45195761646525734 0.6094691326642603 0.4532640883466384 0.610013495948169 0.45734681297595414 0.6150216381601298 0.45979644775354367 0.6181789452068006 0.4628993184718236 0.6169813459822013 0.4562036500797457 0.620247525685654 0.456530268050091 0.6193765444314 0.4499979086431857 0.6225338514780708 0.44673172893973306 0.6306993007367023 0.44281231329559 0.634836461694409 0.44248569532524473 0.6362518062325718 0.4384029706959289 0.641042203130969 0.4384029706959289 0.642893038296259 0.43587168142575305 0.6482277984785649 0.43636160838127097 0.6526915774066169 0.43399362809626785 0.6509496148981087 0.43138068433350585 0.653018195376962 0.4300742124521248 0.6574819743050139 0.4314623388260921 0.6622723712034112 0.4281961591226395 0.6668450227882449 0.42803285013746684 0.6725064009408961 0.42378681652297845 0.6745749814197494 0.42460336144884153 0.6811073408266547 0.4213371817453889 0.6929744604158659 0.4233785440600468 0.7012487823312792 0.4228886171045289 0.7077811417381844 0.4244400524636689 0.7160554636535977 0.4269713417338447 0.7253096394800468 0.4305641394076425 0.7289024371538447 0.4344019005591994 0.7319508715437338 0.44436374865472994 0.7348904332768413 0.4499162541505994 0.7445800997304173 0.45097776255422145 0.7493704966288145 0.453182433854052 0.7516568224212314 0.4523658889281888 0.757535945887446 0.45644861355750455 0.7672256123410222 0.45718350399078145 0.7723426272097647 0.466900388608553 0.7688587021927485 0.4695949868639014 0.7685320842224032 0.47220793062666355 0.7676611029681492 0.47433094743390775 0.7679877209384943 0.4778420906151193 0.7650481592053872 0.4801284164075361 0.7635239420104425 0.4835579050961614 0.7592779083959542 0.48461941349978344 0.7599311443366445 0.487069048277373 0.7520923130483584 0.4907435004437572 0.7475196614635248 0.490171918995653 0.744688972387199 0.49425464362496885 0.740334066115929 0.4971942053580761 0.7375033770396032 0.49760247782100775 0.7388098489209844 0.5011136210022193 0.7323863621708608 0.5038082192575678 0.7270516019885549 0.5002970760763562 0.7260717480775191 0.5004603850615288 0.726616111361428 0.504379800705672 0.7254185121368285 0.5067477809906751 0.719866006640959 0.5100956151867141 0.7179062988188875 0.5115653960532678 0.7167820219957943 0.5117570341481131 0.7132269964682268 0.5137567360073699 0.7092275927497134 0.5152565124018125 0.7061169454130919 0.5147565869369983 0.7040225992517981 0.5168433931354651 0.6969065162264013 0.5152610363795087 0.6967528687538165 0.5178558285991308 0.6870902057081628 0.5182497604221242 0.6791490849096156 0.5166462648762637 0.6780495451067396 0.516142309133279 0.6762780643132176 0.5110111233865252 0.6704749375758177 0.5091327428899458 0.666870890444169 0.5085371588300547 0.6609455926175606 0.5069794774426473 0.6550813803355564 0.5071169199180069 0.646834831813988 0.5033143447663947 0.6378552567571689 0.5041389996185515 0.6299752215032257 0.5026271323895972 0.6282037407097036 0.5045513270446299 0.6279593985312867 0.5056966810059589 0.6255770622917226 0.5076666898194446 0.6238666670428046 0.5091785570483989 0.6240499236766173 0.5116525216048694 0.6247218646672635 0.5132560171507299 0.6228792882960461 0.5135213365079258 0.6151338684392147 0.5174493708638903 0.6141749116950356 0.5184452105597686 0.6107816801387095 0.5181132639944758 0.6071671508721881 0.5165088555955607 0.6024154748413488 0.5185210896377901 0.6003234715979988 0.5163127474508024 0.5918900044226633 0.5163692215613516 0.5909864186538774 0.515635058124213 0.5894051435585018 0.5119077668279709 0.5821351315403498 0.5110342263590051 0.5680542533101021 0.5100176923691209 0.5654187948178095 0.5124460791227331 0.5612020612301419 0.5080410984999016 0.5566841323862122 0.5082105208315489 0.5500578367484484 0.5043138072036595 0.5520909047282169 0.49917466314368947 0.5452387126482569 0.4967462763900772 0.5438080351810123 0.48720215170727554 0.5406147507804387 0.48337228498575047 0.5398463955348725 0.47657234106248886 0.5444565270082703 0.4713859431549164 0.5501423558254608 0.46700631825518857 0.5564428688391043 0.46435549265798487 0.5593626187722561 0.46400973279748003 0.5593626187722561 0.45248440411398577 0.5750370657818085 0.4489115522221026 0.5785560418768871 0.4468983705491041 0.5794935262060928 0.43992179584897706 0.5792216466576616 0.4250732170663898
12 0.5787834053516155 0.5215093178103661 0.5770940959062695 0.5179520219591087 0.5789783256722323 0.5156129781117066 0.5824219180031299 0.5180007520392629 0.5885294213824577 0.5181956723598797 0.5939871903597292 0.5209732869286697 0.5951567122834304 0.5227275698142213 0.5885943948226633 0.5256026445433198 0.5846310149701207 0.5238483616577683 0.5824868914433355 0.5237509014974598
27 0.5483638299612238 0.4667928626674635 0.5434369312194338 0.4633748266653467 0.5367856179180174 0.46328244731393814 0.5292720973367876 0.4694718638583118 0.5323514090504063 0.47279752050901996 0.5303806495536905 0.4741832107801484 0.5293952698053324 0.479541213161845 0.5366624454494726 0.48425256008368167 0.5301343046166009 0.48582300905762726 0.5305038220222351 0.48748583738298135 0.5266854754973479 0.4857306297062187 0.5240988536579082 0.48591538840903575 0.5221280941611922 0.48998007987101255 0.524222026126453 0.49422953003580633 0.5253305783433556 0.49986467047172867 0.5298879596795114 0.5023589129597599 0.5308733394278694 0.5042988793393396 0.5282867175884297 0.5055921902590594 0.5258232682175349 0.5063312250703279 0.5240988536579082 0.5090102262611763 0.5302574770851456 0.5126130209661102 0.5328440989245855 0.5178786439963983 0.5350612033583909 0.518155782050624 0.5372893523876918 0.5217177902417361 0.5384195733160612 0.5213331355732402 0.5563600330039629 0.5172965321434623 0.5715718328692392 0.5185353489168801 0.5775146101408566 0.5212264178700653 0.5783555691887269 0.5210582260604912 0.5768418429025602 0.5180307734881578 0.5779070576965294 0.5162647594876301 0.5736461985206528 0.5109667174860466 0.5677594851855601 0.5112610531528012 0.5683761884873317 0.5153817524873661 0.5660215031532946 0.5148771770586439 0.5603590455643006 0.508654080104403 0.5557057388327512 0.5087802239615836 0.5496508336880845 0.5042810930554771 0.5512206239107759 0.49982401010176397 0.5446611433373869 0.4970488452437917 0.5435959285434178 0.48733576824088876 0.5402881562884609 0.48371964433504616 0.5395593251136399 0.47652944447575435 0.5440444400356154 0.47165188199810615 0.5444253630868473 0.47115318807107537 0.5490186760474501 0.46725181648594794
27 0.5893106055598797 0.5264418941524119 0.5947020746643343 0.5312029092083619 0.605571972052348 0.5294419858315037 0.6010500947389343 0.5262462359994278 0.594441197127022 0.5245505320068976 0.5900062789927125 0.5258549196934592
27 0.6703649838045073 0.5360727343915028 0.6759039981734216 0.5365920169885886 0.6881359882381077 0.5185902202896165 0.678211920827136 0.5171189195978736 0.6768271672349074 0.5155610718066165 0.6755578097753644 0.5110606226318735 0.6695572108757072 0.5096758690396449 0.6677108727527358 0.5120126407265306 0.6626334429145642 0.5163399957022451 0.6748654329792503 0.5268987418429882
27 0.6300430436207264 0.5537665322834424 0.6375818692633982 0.5457270815004369 0.6672659952314183 0.5444902429184362 0.679045410298093 0.5476706849864383 0.6812834991607611 0.5424582938194348 0.686466441790098 0.541309800850434 0.6894112955567667 0.5441368604664357 0.6883511482007658 0.5519112744104412 0.6858774710367643 0.553324804218442 0.6728023203127554 0.5540315691224424 0.6722133495594217 0.5511161638934405 0.6693862899434199 0.5506744358284403 0.6660880537247509 0.5528830761534418 0.6589026105340793 0.5531481129924419 0.6600805520407467 0.5510278182804406 0.6557221684660771 0.5499676709244398 0.6543086386580761 0.5505860902154402 0.653955256206076 0.5523530024754413 0.6495968726314064 0.5527947305404417 0.6486545194260726 0.551557891958441 0.6413512820847341 0.5525296937014414
27 0.7314959694923515 0.5483257114958527 0.7346671871078868 0.5508032252579894 0.7432559014832947 0.5462445999356577 0.7505232751855628 0.5421814773657532 0.758054917022459 0.5375237514929359 0.7556765038108075 0.5345507349783716 0.7513160795894466 0.5344516344278861 0.7420666948774689 0.5401003658055582 0.7367813321849103 0.5442625889259481
27 0.7430128340227785 0.5599419876536783 0.7395194442993744 0.556472201914892 0.7480168787617082 0.5512321173297862 0.7522655959928751 0.554843526976278
27 0.76480733394818 0.5546800991520493 0.7679846297388642 0.5550467102048205 0.7776794553565929 0.549364238886866 0.7751539125486133 0.5466146559910817 0.7714063328980626 0.5442316841480686 0.7706731107925201 0.5445371933587112 0.7718136785122529 0.546309146780439 0.7713248637752244 0.5472256744123671 0.7643185192111516 0.5539468770465068
27 0.7853975439570982 0.6640223759701191 0.7929696044057633 0.6587349889326893 0.7993666899572217 0.6565808682878105 0.8028916146488416 0.6585391597831548 0.8005416648544283 0.661770340750473 0.7947973431347515 0.6660785820402307
27 0.7368398133149214 0.660629635954435 0.7427146878009547 0.6561255655151429 0.7463701652589311 0.658867173608625 0.7542033312403086 0.6555380780665395 0.7575977031655722 0.6589650881833922 0.75838101976371 0.6610212942535039 0.7484590095206316 0.6614129525525727
27 0.7687923419725723 0.6216237648557636 0.7677732866203497 0.6181207620824986 0.7592811586851618 0.6187576716776377 0.7545680276811324 0.6203499456654855 0.7548227915191881 0.622037756092604 0.75898393420743 0.6215600738962498 0.7610220449118753 0.6230249659650697 0.7644188960859504 0.6233434207626393 0.7679855898187293 0.6217829922545485
15 0.7350933337176471 0.44962189727081364 0.7322490956301344 0.4441230369682892 0.7294048575426217 0.4344526274707462 0.7255493348017713 0.4304232901801033 0.7173800509615263 0.42701494487190056 0.7201610837582053 0.4256876337643946 0.7343822741957687 0.4302384147044149 0.7415876773508009 0.43711199008257057 0.7511948815575102 0.4518546241695111 0.7492355175416684 0.452944915436391 0.7452535842191506 0.4508591408388817
15 0.5772828733239206 0.6496548464459075 0.5731446448413119 0.6465511750839512 0.5889451535930907 0.6387919966790597 0.6028646493982291 0.6315971221581604 0.6105768024794547 0.6323025020131505 0.6182889555606801 0.6327257299261446 0.624120095695265 0.6282112988542078 0.6316441474818265 0.629057754680196 0.6399206044470439 0.6342775656071229 0.6342775656071229 0.6379455408530716 0.623555791811273 0.6411902881860262 0.6090719921221424 0.6438707316349886 0.5998550286836046 0.645986871199959
27 0.6213535915313942 0.6662494590783933 0.6186505298160193 0.661479350168908 0.6525183030733643 0.6624333719508051 0.6499742449883057 0.6672034808602904
12 0.5554320632745504 0.629718246718186 0.5504884476452414 0.6280595335794047 0.5443739756826751 0.6281571049405094 0.5402109309422043 0.6253275354684708 0.5361779813498732 0.6201562533299173 0.5347469347203365 0.611277259469382 0.5387240084465414 0.6030885829886631 0.545228765853527 0.594112017767023 0.5519937135567918 0.5871844511285834 0.5592790418526157 0.5852330239064878 0.5778826480365942 0.5902091633228317 0.583346644258462 0.5914775910171939 0.5867291181100945 0.5969415872390617 0.5946649221466169 0.5989905858222622 0.6003891086647641 0.6018201552943009 0.6186024294043236 0.5986978717389478 0.623415949885493 0.6004541562388339 0.6446214590322659 0.6107967205159409 0.6660871584753181 0.6069914374328543 0.670656610565717 0.605194700045611 0.6367069803032048 0.592157690352487 0.6256782918437163 0.5885815030500728 0.6222475817075119 0.5827934005550289 0.6221190516039774 0.5731372756254174 0.6209969032424983 0.5645528406601028 0.6252610670161186 0.5578199504912285 0.6371558396477964 0.5544535054067914 0.6477040342456994 0.5519286715934636 0.6492750419517699 0.5532752496272385 0.6542399506633904 0.5527599056153868 0.654658419065737 0.5506326912367915 0.6559138242727769 0.5502142228344449 0.659354564469849 0.5510162872722759 0.6588895995783527 0.5536317147869423 0.6658640729507962 0.5531783740177334 0.6696424367328837 0.55140186482539 0.6718742682120655 0.5511926306242168 0.6725717155493101 0.5540172923400564 0.6860092009135513 0.5535290792039853 0.6887059972842295 0.5520644397957721 0.6887524937733791 0.5510182687899056 0.6917282690789551 0.5514716095591145 0.6994001897886428 0.5473566702693726 0.7064211596502362 0.5470776913344749 0.7069326210308821 0.5484725860089636 0.6975303321080759 0.5681620882894709 0.6955937852880164 0.5793663948912426 0.7170501366284483 0.5960571025540654 0.7241776109655563 0.6109227665438753 0.7203948074575449 0.6132440323328825 0.7113963203248506 0.6140177875958849 0.6972394647721404 0.6155652981218896 0.690820161849454 0.6167689174198933 0.6881263472301125 0.6196919928579022 0.6821082507400941 0.6206806801384053 0.6713903074673944 0.6235607691729141 0.6501836817406628 0.6338345196094457 0.6501263665359959 0.6299227568909338 0.6429046507479739 0.6279453823299277 0.6370175604400506 0.6259346713743704 0.6311690701679239 0.6257592166662065 0.6277769458100904 0.6269873996233533 0.6241508818413718 0.6277769458100904 0.621343606510751 0.6283910372886636 0.6179514821529175 0.6258469440202885 0.5980499052554803 0.6148434273225871 0.5818412322155859 0.6209843421083202 0.5669693569521778 0.6261226585616888 0.5577788722388357 0.629882402308056
27 0.550794624228066 0.633183971850648 0.5435231322238412 0.6311153577459978 0.5435231322238412 0.6283572056064642 0.5501259812851487 0.6282945203305658 0.5543049996783814 0.629861652228028 0.5584004377037494 0.6301750786075204 0.5559766070356744 0.6313660988495917 0.5532184548961409 0.6331839718506481
27 0.5661651412457793 0.6511411027709141 0.5723079818379577 0.6479417066291546 0.5750381332122592 0.6499253322370457 0.5702603683072316 0.6510131269252439 0.5671036307806954 0.6511411027709141
27 0.6048034115182359 0.6307426733253391 0.6169289781614128 0.6262253053602339 0.6198613047352529 0.6279490378732345 0.6212085899178281 0.6290783798645109 0.6181177592048614 0.6321692105774774 0.6056751842834317 0.6308615514296839
27 0.6444778296883278 0.6339769304711976 0.6495499621403757 0.6320748808016797 0.6494707100708126 0.6301133920799894 0.6375036475667623 0.6266064880018156 0.6366318748015665 0.6290434891408856
