22 0.2514693886389037 0.6192128513936109 0.2429243123259312 0.6076159621117198 0.2425174039300754 0.5984605232049636 0.23804141157566122 0.5935776224546936 0.22379961772070714 0.5801496453914512 0.23519305280467045 0.56855275610956 0.22542725130413047 0.5694683000002356 0.22217198413728384 0.5429175271706427 0.24373812911764284 0.5383398077172645 0.2400759535549404 0.5337620882638864 0.24862102986791285 0.5236911054664546 0.2644904573062902 0.5212496550913196 0.2681526328689927 0.5273532810291571 0.2730355336192627 0.5255221932478058 0.2734424420151185 0.517892660825509 0.28646351068250514 0.5175874795286172 0.3104711060379992 0.520334111200644 0.33325797620592573 0.5264377371384814 0.34058232733133065 0.5282688249198327 0.3479066784567357 0.5374242638265889 0.3552310295821406 0.5398657142017239 0.36092774712412223 0.5575662294214525 0.35807938835313136 0.5624491301717225 0.3605208387282664 0.5670268496251006 0.36377610589511306 0.6009019735800986 0.3617415639158339 0.6042589678459092 0.3466859532691682 0.6048693304396929 0.3409892357271865 0.6103625937837467 0.3202369075385391 0.6152454945340167 0.30843656405872 0.6182973075029353 0.29378786180791006 0.6173817636122597 0.2754769839943977 0.6164662197215841
16 0.21769599178286964 0.7165656851021186 0.2067094650947622 0.7116827843518486 0.20019893076106893 0.7049687958202274 0.1985712971776456 0.6784180229906345 0.19531603001079895 0.6387444543946909 0.21647526659530214 0.6375237292071233 0.28076679314052344 0.6369133666133396 0.33529251818520484 0.6372185479102315 0.3479066784567356 0.6396599982853665 0.3560448463738522 0.6427118112542852 0.3560448463738522 0.6640745020367163 0.35889320514484313 0.701001438960633 0.3560448463738522 0.7067998836015785 0.3413961441230423 0.7159553225083348 0.2840220603073701 0.7150397786176592 0.23112396884611208 0.7159553225083348
20 0.3393072123292217 0.7184893852680119 0.31930145923577513 0.7316413155424074 0.3081871519616381 0.7373837076340447 0.32177130529669445 0.7407179998162858 0.3613384787124969 0.7505862179133822 0.4161690612649059 0.7604038560055364 0.4255544762963994 0.762256240551226 0.4285182915695025 0.7674429172791565 0.4282713069634106 0.7750376939164834 0.42678939932685905 0.7804096090989829 0.42604844550858323 0.787819147281741 0.42431955326593973 0.7985629776467398 0.437903706600996 0.7967105931010504 0.45716850587616664 0.7935615393733784 0.46309613642237296 0.7881896241908788 0.4796441050305324 0.7839291397357929 0.48927650466811784 0.7718886401888112 0.4991558889117951 0.7555876561867437 0.517926718974782 0.7405833413666588 0.5302759492793786 0.7268756957285567 0.5455889948570785 0.7014980274526106 0.5623839480713299 0.6877903818145082 0.5890582855292585 0.6796398898134746 0.6006665620155792 0.6781579821769229 0.6065941925617856 0.6742679746309751 0.5851065318317875 0.6677846287210617 0.5418842257656995 0.6488903063550289 0.5315108723098383 0.6422217219905468 0.517926718974782 0.6414807681722711 0.5157038575199546 0.6355531376260647 0.48186696648535987 0.6209192997151177 0.4727285360599584 0.6129540461686529 0.45272278296651186 0.6068411771678776 0.4309881376304218 0.6077673694407223 0.42481352247812354 0.6103607078046875 0.41271127677961883 0.6379612375354611 0.4097474615065157 0.6492607832641668 0.397398231201919 0.6625979519931312 0.3852959855034144 0.677787505267785 0.36183244792468083 0.7005718351797658 0.35639878659065827 0.7079813733625236
23 0.5277602633647881 0.741787471838596 0.5296289137661807 0.7473934230427745 0.5381713156011192 0.7501963986448636 0.5549891692136542 0.7548012871340102 0.5883579263813823 0.7616085135962267 0.5931630274135351 0.760207025795182 0.6051757799939173 0.7636106390262902 0.6179893827463249 0.763010001397271 0.6454852386525328 0.7546010745910037 0.6561632409462058 0.7479940606717936 0.6681759935265881 0.7333785450323286 0.6708454941000062 0.7217662175379591 0.6668412432398789 0.7085521896995389 0.654294590544813 0.6939366740600741 0.6345402863015179 0.6847268970817811 0.6169215825169575 0.6799217960496281 0.5998367788470808 0.6791209458776026 0.585688425807964 0.6821241340226982 0.5651332713926435 0.6883307228558955 0.5480484677227667 0.7005436879792842 0.5387052157158028 0.7165606914197937
14 0.5929521664000936 0.7609044152589622 0.5874223343593352 0.7626405253182699 0.5879367373398708 0.7691027127612492 0.5902774201646698 0.78491464792485 0.5928494350673481 0.7954277588395474 0.5947784462443568 0.8005396384586205 0.6006940805205169 0.8002502867820693 0.6217846027224789 0.7988035283993128 0.6530345837900203 0.7976461216931076 0.6868565797602401 0.7952348577218467 0.692900814781534 0.7937880993390901 0.6918720088204627 0.7830820873066918 0.6891713931726505 0.7641777777720061 0.687113781250508 0.7493243917090392 0.6534203860254221 0.7515427545625992 0.6460901435527888 0.7552078757989158 0.618826785584399 0.7637919755366046 0.6055809088356057 0.7640813272131558
18 0.40208414315292146 0.42839681642788174 0.3838179548213015 0.4504930119903252 0.3614271433180255 0.46816996844027997 0.31900244783813403 0.47965999013275057 0.29543317257152774 0.4787761423102529 0.26868973803931245 0.4750682045925344 0.24865585406269713 0.46667165027880586 0.20740962234613602 0.45208816120759315 0.1685203181562355 0.43838851995887823 0.14848643417962007 0.4286661939114032 0.12963101396633497 0.41010538963895066 0.11607868068803634 0.39110266145524925 0.10841866622638927 0.3769610962952854 0.10665097058139379 0.3601679876678283 0.10841866622638927 0.34072333557287815 0.1337556371379911 0.3053694226729685 0.1655741587479097 0.29034400969050705 0.19503575283116764 0.28194745537677857 0.23097889761274237 0.2748766727967966 0.2692789699209777 0.2775282162642898 0.29697286835924014 0.283715151021774 0.3335052450224801 0.30139210747172884 0.34818560736228543 0.31672059386785123 0.37682899759055205 0.3066951944067152 0.39003544085508146 0.3039194706955644 0.4071592302306249 0.3027178792054754 0.42130079539058873 0.31023058569670614 0.4354423605505525 0.3287913899691587 0.4342638967872222 0.34381680295162026 0.4201223316272584 0.35972606375657956 0.38712534625400946 0.3778449441177832 0.39773152012398233 0.39905729185772887 0.40362383894063397 0.4127569331064438
33 0.8031676270745529 0.4275183208029994 0.7931859610478831 0.4328656418887155 0.7621714987507301 0.44195608773443273 0.7532592969412031 0.443025551951576 0.7464860235659628 0.4382129629744316 0.7350784052497685 0.44249081984300437 0.7332959648878632 0.4550570243944372 0.7243837630783364 0.46601903262015504 0.7133326328345233 0.46521693445729767 0.7129761447621421 0.4705642555430137 0.6944387649983264 0.47457474635730074 0.6908738842745157 0.47778313900873043 0.6951517411430885 0.4815262637687317 0.6912303723468969 0.48954724539730576 0.7133326328345233 0.4970334949173083 0.7161845374135719 0.5093323334144553 0.7101242401830935 0.5283153232687473 0.7069158475316639 0.54916987550304 0.7133326328345233 0.54916987550304 0.7215318584992878 0.554517196588756 0.7218883465716689 0.559864517674472 0.7190364419926203 0.5756391148773344 0.7243837630783364 0.5767085790944777 0.7336524529602442 0.5849969267773376 0.7382867979011981 0.5815211680716221 0.7450600712764384 0.585799024940195 0.7350784052497685 0.6023757203059147 0.7378669218595185 0.6055627402941831 0.7381972416180871 0.6103212462159004 0.7299916217524541 0.6167659462603743 0.7095665368611435 0.617815784242158 0.7040639429526153 0.6216260762144926 0.6972906695773751 0.6275081294087802 0.6537991247468844 0.6272407633544945 0.61244650835068 0.6261712991373513 0.5646771066516165 0.6208239780516353 0.5611122259278059 0.6136050945859185 0.5721633561716191 0.6042472826859153 0.5611122259278059 0.6026430863602006 0.5504175837563737 0.5935526405144833 0.5361580608611309 0.5946221047316265 0.526532882906842 0.5748370167144771 0.5358015727887498 0.5697570616830467 0.5333061562820823 0.5612013479459012 0.5290282994135094 0.5368710370058929 0.5297412755582717 0.5128080921201706 0.5336626443544633 0.5087976013058836 0.5247504425449366 0.495964030700165 0.521185561821126 0.44703604276586306 0.526532882906842 0.4440950161687192 0.5261763948344609 0.4422234537887186 0.521185561821126 0.4371434987572883 0.5154817526630288 0.4197647052287111 0.511560383866837 0.4154868483601382 0.5129863361563612 0.3812639934115555 0.521898537965888 0.3809966273572696 0.5268893709792231 0.3855418502801282 0.5343756204992256 0.3807292613029838 0.5771541891849541 0.3745798420544103 0.5985434735278183 0.3732430117829814 0.622071686304969 0.3668262264801221 0.6327663284764012 0.361478905394406 0.6498777559506926 0.3644199319915499 0.6808922182478458 0.36415256593726403 0.7022815025907101 0.36201363750297766 0.7101242401830936 0.3644199319915499 0.711906680544999 0.36949988702298014 0.7201059062097638 0.36388519988297824 0.7357913813945306 0.3644199319915499 0.7439906070592953 0.362815735665835 0.7550417373031085 0.36736095858869366 0.7625279868231111 0.37351037783726715 0.782491318876451 0.3812639934115555 0.7988897702059803 0.3927607337458451 0.8031676270745529 0.4039901080258488
34 0.8075348352498475 0.4368585930403942 0.7977463945029765 0.4321868372293875 0.7603723480149231 0.4435325299132608 0.7543658048293431 0.4438662267569041 0.7463570805819032 0.4395281677895408 0.7359012461477454 0.4435325299132608 0.7343439942107434 0.45537876786259907 0.7252229471511589 0.4662239152810074 0.7138210194613989 0.46589456032752175 0.7137331914738028 0.47076901363911294 0.6946315538986396 0.4748639719359551 0.6914697463451751 0.4775646825545394 0.6960368017001792 0.48145107100567286 0.6920845422583487 0.4895532028614257 0.7135145712318305 0.4967331408474181 0.7168520347604875 0.5090510161077904 0.7108797316039435 0.5278901194471832 0.7075422680752862 0.5486394815167942 0.7136023992194267 0.5486394815167942 0.7219460580410693 0.5543043867167515 0.7223851979790504 0.5597058079539201 0.7195747023759709 0.575251361758454 0.7250200376069373 0.5765029105817004 0.7337927253425263 0.5846202089735063 0.738106407758777 0.5810480089398057 0.7456619894702802 0.5859324239409646 0.7353777254184695 0.6024219616131179 0.7383995741988665 0.6045558952742399 0.743779274886891 0.6056452614291394 0.7450871740090892 0.6077580215496133 0.7511236314961574 0.6103235159816173 0.7580655576062857 0.6097198702329105 0.7713586592225316 0.6089276490080047 0.7863491953154177 0.6034948372696435 0.793693551924684 0.5968547340338684 0.8000318322861059 0.5893091621750332 0.8017421619074417 0.580933577411726 0.7964099577938648 0.5779908043867803 0.8040561372774845 0.5776135257938385 0.809991987139768 0.5771607914823084 0.8141168997559314 0.5738407398644209 0.8171351284994656 0.5652387879453487 0.8192478886199394 0.5539204301570958 0.8201533572429995 0.5475066940770859 0.8095895566406303 0.546676681172614 0.8077786193945099 0.5463748582982605 0.8133120387576557 0.5432057181175497 0.8182418123720949 0.5386783750022487 0.818040597122526 0.5293973216158812 0.8155254065029142 0.5262281814351705 0.8175375589986035 0.5207953696968091 0.8136138616320092 0.5130234306822088 0.8103944176389062 0.5079678975367892 0.8087846956423548 0.5012523385824258 0.808181049893648 0.49551770396971095 0.8059676821483894 0.4933294881306488 0.8108974557628286 0.49325403241206045 0.8141168997559316 0.48948124648264274 0.8139156845063628 0.4833693332769862 0.8091871261414926 0.4802001930962754 0.8117023167611044 0.47748378722709467 0.8116017091363199 0.4716736968957916 0.8149217607542073 0.4657126951273117 0.8136138616320092 0.460204427670362 0.8112998862619665 0.45552617311788424 0.8082816575184323 0.4491124370378742 0.8078792270192945 0.44300052383221766 0.8063701126475273 0.4410386751489204
26 0.42621313701098534 0.31579703067786374 0.4331622454655041 0.3168393969460416 0.44758164550863055 0.3181423547812638 0.4571366696335939 0.3184029463483083 0.46547559977901637 0.3155364391108193 0.47236564719591334 0.3098433732158556 0.4746241074436319 0.29511994967784394 0.4751452905777208 0.29147166773922156 0.4702809146595577 0.2857386532642436 0.47184446406182445 0.2816994839750545 0.4760139291345356 0.27336055382963204 0.4829630375890544 0.2690607929733986 0.48278930987769153 0.26280659536433165 0.485395225548136 0.26150363752910943 0.485395225548136 0.2530344116001647 0.48278930987769153 0.2506890874967646 0.48556895325949895 0.229711466349686 0.48695877495040274 0.22358756452414133 0.4838316761458693 0.2169424795645078 0.47497156286635783 0.2106882819554409 0.44039974830512707 0.20704000001681855 0.4037432012075406 0.20287053494410723 0.3799425047508137 0.2016978728924072 0.3705612083372134 0.204434084346374 0.3636120998826946 0.2106882819554409 0.35874772396453136 0.23427181877296394 0.35336216491227934 0.2638489616325095 0.3471079673032125 0.3029376966891775 0.3479766058600273 0.3074980491124555 0.3537096203350053 0.31010396478290003 0.361527367346339 0.31088573948403336 0.3712561191826652 0.3071071617618888 0.38637043007124355 0.3028074009056553 0.40183219638254786 0.30150444307043306 0.4093024879711555 0.3024165135550887 0.4226795217461041 0.30971307743233334
11 0.4935542220360165 0.26397109321730694 0.48867544765403037 0.26217483897108923 0.48324230338600777 0.2630205642580927 0.48344732769800863 0.2696325983201202 0.47647650108997963 0.2739381088721381 0.4709408446659566 0.2856244946561867 0.4755538916859757 0.2915445716652113 0.47422123365797025 0.29807972161023844 0.4757589159979766 0.3003093610032477 0.4782192077419868 0.3033078415662602 0.48037196301799584 0.30469175567226586 0.4811920602659992 0.3106118326812905 0.4840624006340111 0.31276458795729944 0.4901106178380363 0.3175314032113193 0.48775283825002647 0.31830024438132243 0.48672771669002224 0.3196072743703279 0.49216086095804473 0.3218369137633371 0.49810656600606945 0.32468162609234885 0.5110230976621232 0.326373076666356 0.5160461933061441 0.32706503371935886 0.5291677492741985 0.32560423549635276 0.5523354965302948 0.3253735831453518 0.5822690460824193 0.32506604667735045 0.5871896295704396 0.32168314552933647 0.5928277981504632 0.31637814145631443 0.6024639408145032 0.3075364680012777 0.6093322552665317 0.29508124104722594 0.6159955454065594 0.2785511558921573 0.6174307155905654 0.26701853834210937 0.6181483006825683 0.25786932841907134 0.6134327415065488 0.24856635026203272 0.6093322552665317 0.241646779732004 0.6066669392105206 0.23687996447798418 0.6037965988425088 0.2362648915419816 0.6017463557225002 0.2384945309349909 0.5965182357664784 0.23941714033899472 0.5947755291144711 0.23711061682898518 0.590675042874454 0.23534228213797775 0.5838067284224255 0.23472720920197523 0.583191655486423 0.23195938098996371 0.581038900210414 0.22849959572494932 0.574273097914386 0.226500608682941 0.5663796619023531 0.22580865162993816 0.5623816878183365 0.22703879750194325 0.5582812015783195 0.22550111516193688 0.5573585921743157 0.2244247375239324 0.5599213960743263 0.22150314107792027 0.5520743946044195 0.21734848015049885 0.5472554365140835 0.21441770803720778 0.5372506048806759 0.2093046193042053 0.5306987682357897 0.2067812768125937 0.5246781615891374 0.20625004681435968 0.51644409661651 0.2132888442909605 0.514319176623574 0.21733947302749493 0.515735789952198 0.2201948342680028 0.5151160216209251 0.22225335051115966 0.515824328285237 0.22384704050586168 0.51555871328612 0.22630397924769405 0.5167097116156271 0.2277648617428376 0.51113179663417 0.2314170679806965 0.5068819566482976 0.23453804422032146 0.5064392649831025 0.23719419421149154 0.5044028833232055 0.2396511329533239 0.5013040416668404 0.2458930854325737 0.49785104667831914 0.2474203716774966 0.4960802800175392 0.25034213666778365 0.49767397001224123 0.25273267165983676 0.49714274001400716 0.2571153191452675 0.49714274001400716 0.2591738353884243 0.5003301200034114 0.26023629538489235 0.5022779633302694 0.2616971778800359 0.4992676600069433 0.2634236753742965
