13 0.4143140385001406 0.2758985216974679 0.40129696471577037 0.2771582385153102 0.40003724789792805 0.27337908806178335 0.40465620956334974 0.2645610703368874 0.4059484456612559 0.25023621207329977 0.413592516303519 0.2501474953118448 0.41683347213582506 0.25101911454508297 0.41683347213582506 0.24503545966033216 0.4196516773273016 0.24403945337660324 0.41786392749305307 0.24128527219326631 0.4207292851044576 0.23698723577615952 0.42706323350861497 0.23427268646009206 0.4300793994153567 0.2286173753849515 0.4385246639542333 0.23110571225801332 0.45835409749994244 0.23672076343277115 0.4666485537434819 0.23762561320479367 0.47509381828235847 0.2384173567553133 0.4779591758937631 0.24056637496386674 0.4764510929403922 0.24260228695091737 0.485197974069943 0.24373334916594547 0.4912303058834262 0.24542994248848765 0.5008820367849994 0.2499541913486001 0.5060095188264604 0.2576454144107913 0.5100813428005615 0.26725944323853024 0.510835384277247 0.27472445385771577 0.50344577780573 0.29440493639920495 0.4966594045155612 0.30797768297954237 0.4946988966761792 0.3121626131751464 0.48957141463471837 0.3132936753901745 0.4823326164585384 0.30933495763757607 0.4800704920284822 0.3092218514160733 0.4787132173704485 0.3121626131751464 0.47268088555696514 0.3136329940546829 0.4678550201061785 0.3094480638590789 0.45910813897662783 0.3104660198526042 0.45307580716314455 0.3056024523279833 0.457600056023257 0.30220926568289896 0.4511152993237625 0.3016437345753849 0.44447973432893095 0.30469760255596084 0.43980467717348143 0.30605487721399455 0.43271668729263857 0.30367964656243557 0.43090698774859354 0.29949471636683145 0.42502546423044735 0.29236902441215434 0.4232157646864024 0.2890889439885729 0.42050121537033486 0.29033311242510373 0.41823909094027867 0.2888627315455672 0.41748504946359327 0.2854695449004829 0.42035040707499777 0.28501712001447166 0.4211044485516833 0.2837729515779407 0.4173342411682562 0.28230257069840414 0.41703262457758195 0.2800404462683479 0.41627858310089666 0.27698657828777207
26 0.6803665788598168 0.7228251588567417 0.6450273163169217 0.723597133038504 0.6086587548650101 0.7233398083112499 0.5678298981406943 0.723854457765758 0.5555853249963144 0.723541743052807 0.552442894239836 0.7260326757074437 0.5516296771534949 0.7447231445842657 0.5527128253269266 0.789241863120505 0.5593953205056513 0.7984387552948935 0.5740056915947924 0.8013092006692395 0.5921899723207481 0.8015665253964938 0.6326757294087252 0.8015665253964938 0.6642408959518937 0.8005372264874773 0.7033957420190492 0.8006736677619544 0.6999232581311277 0.7673423366716995 0.6954866564346353 0.7380108536466665 0.6958504998332409 0.728323523158792 0.7014900725116279 0.7272319929629751 0.6896651620569455 0.7230023134541849
11 0.1740103396647102 0.39268495082946314 0.1786617373979045 0.3826844457030954 0.18083238967339516 0.3794284672898594 0.17866173739790447 0.37105595137010966 0.17835164421569152 0.3675674030702139 0.1740103396647102 0.3647765644302973 0.1740103396647102 0.36012516669710304 0.17028922147815473 0.35500862919058934 0.1712195010247936 0.35082237123071436 0.17245987375364544 0.34756639281747836 0.17742136466905267 0.34570583372420066 0.18114248285560813 0.3431475649709438 0.18114248285560813 0.3389613070110689 0.17556080557577494 0.3373333178044509 0.1671882896560252 0.3391938768977286 0.16191670555840498 0.3373333178044509 0.15943596010070135 0.33407733939121487 0.16191670555840498 0.32919337177136077 0.16807050475942106 0.32350471234366424 0.1745824615858931 0.31955102427044907 0.168690691123847 0.3139693469906159 0.16900078430605994 0.31001565891740074 0.17179162294597652 0.3039688418642481 0.17427236840368013 0.3018757128843107 0.17334208885704128 0.29675917537779695 0.17427236840368013 0.29606146571781783 0.17179162294597652 0.29396833673788036 0.17055125021712475 0.28675867025142915 0.18078432523015217 0.28582839070479027 0.19380823888309626 0.28699124013808885 0.22047625255341027 0.28908436911802626 0.23287997984192849 0.2907123583246443 0.2486947321347891 0.29164263787128314 0.2573773412367519 0.29327062707790114 0.26326911169879796 0.29559632594449836 0.2753627458051032 0.2972243151511163 0.28931693900468614 0.3009454333376718 0.3057518776619726 0.30815509982412304 0.30668215720861147 0.3128064975573173 0.30513169129754675 0.3158299060838936 0.3128840208528706 0.3193184543837893 0.3190858844971296 0.3225744327970254 0.31815560495049083 0.3249001316636225 0.3271483072346664 0.3293189595101571 0.33397035724335145 0.3353657765633098 0.3401722208876105 0.34280801293642055 0.3438933390741659 0.3511805288561704 0.3448236186208049 0.363739302735795 0.34234287316310114 0.3781586357086974 0.3342804504255643 0.3930431084549192 0.3215666299548332 0.40443903290124517 0.3057518776619726 0.3979270760747732 0.28063432990272336 0.38885685049504426 0.25954799351224245 0.38513573230848885 0.23691119121069681 0.38281003344189174 0.2161349480024289 0.38350774310187086 0.1981495434340776 0.385833441968468 0.1841953502344947 0.38955456015502343
30 0.24140305768208903 0.560635991670183 0.22818502282341552 0.5755062808861905 0.21566267400993547 0.5838545134285107 0.20418385426424535 0.5908983346360932 0.19340072056374857 0.5955942154411483 0.17948699965988177 0.5963768622419908 0.1683560229367883 0.5924636282377782 0.15165955785214816 0.5859415715640907 0.14400701135502142 0.5760280454200856 0.14783328460358477 0.5622012852718679 0.15652936016850152 0.5483745251236503 0.16313837759783825 0.5405480571152252 0.1464419125131981 0.5324607068398527 0.130788976496348 0.5204601225602676 0.1175709416376745 0.5042854220095224 0.11096192420833777 0.49019777959435723 0.10678780793717772 0.4727186677088746 0.10783133700496773 0.45132632181917937 0.11722309861507783 0.43254279859895933 0.12626701720259123 0.421585743387164 0.138093679970878 0.4103678059084215 0.1624426915526449 0.3983672216288363 0.1826175868632518 0.39158428268820133 0.21287992982916207 0.3858448728153563 0.23757678443352567 0.38427957921367123 0.2640128541508726 0.38793193095093625 0.28731833666484946 0.3931495762898864 0.3095802901110364 0.4012369265652589 0.32418969706009654 0.4103678059084215 0.3381034179639633 0.4213248611202166 0.35514772607120015 0.44010838434043686 0.3673222318620837 0.4539351444886544 0.3881928132178839 0.4753274903783497 0.3975845748279939 0.4907195441282523 0.39828026087318724 0.5011548348061523 0.3979324178505906 0.50976394961542 0.39167124344385057 0.5243733565644801 0.3847143829919171 0.5353304117762753 0.3794967376529671 0.5428959975177527 0.3582783132745702 0.5522877591278629 0.32592891217307984 0.5614186384710255 0.3061018598850697 0.5645492256743955 0.28314422039368947 0.5640274611405004 0.26401285415087267 0.5627230498057632
14 0.2799992091477266 0.7045632273662902 0.2749267597066446 0.7125523352359945 0.2586949214951822 0.7117914678198319 0.23840512373085418 0.7072262633228583 0.21050665180490313 0.6931502161238556 0.21202838663722773 0.6870632767945573 0.20644869225203755 0.6844002408379892 0.20594144730792935 0.6733676633036358 0.20847767202847034 0.6646176880177692 0.23079644956923118 0.643313400365225 0.24449206306015253 0.6216286790045994 0.2523406150665739 0.6104634307812131 0.2597985337498352 0.6006083239497608 0.2564247133931218 0.5979447815628818 0.25606957440820455 0.5958139476533785 0.2645929100462174 0.5936831137438753 0.27595735756356793 0.5960803018920664 0.29831674733045055 0.6087526125212006 0.31500827962155914 0.6151451142497103 0.3293914085107058 0.6220703244555957 0.3476810662339418 0.6329908482417997 0.3508773170981966 0.6368529847027743 0.3464380797867316 0.6409814754024368 0.3508773170981966 0.6428459550732523 0.3538959984699928 0.6443109033860356 0.35460627643982723 0.6495048110404498 0.3400455780582219 0.6586940322751823 0.32051293388777574 0.6714790357322016 0.30098028971732965 0.6865280502180682
16 0.3470743361696962 0.42456272262393496 0.34035259433511167 0.42144974157818704 0.3339669921899876 0.41522377948669104 0.3330393391673431 0.4100920564664446 0.3375077782598025 0.39836240384873867 0.3475607781603618 0.375558341849053 0.3560787401803627 0.35618346922159216 0.36250212137577315 0.34644366838724694 0.36599308941675707 0.34476800372757466 0.36752911535479 0.34633893934601745 0.3814929875187258 0.34780514592323064 0.38959203337380865 0.34822406208814877 0.41538267300799736 0.3534924070514439 0.43452625637783654 0.35656575059018686 0.4676487784105007 0.36348195902598457 0.49909618426491614 0.36909969509410506 0.5073768147730822 0.37206378442373267 0.5139636799500324 0.37813311019392254 0.5171630144645512 0.37855655152672646 0.5162220337249868 0.38194408218915804 0.5128345030625552 0.3904129088452369 0.5081295993647337 0.401281236387205 0.5028601072231734 0.40297500171842066 0.5000371650044805 0.40890318037767576 0.4955204574545718 0.41708971281188545 0.4972142227857875 0.42640542213357224 0.4919447306442273 0.4389675150067559 0.48366410013606126 0.4460248705534882 0.474254292740418 0.4478597829956387 0.4590104047594761 0.4458837234425536 0.436803259305758 0.44150816300357965 0.3809090033756373 0.43289818923656603 0.3500448351179276 0.42598198080076827
33 0.7257454647905018 0.4954177134996572 0.7259743434812811 0.491889900364974 0.7256845888979006 0.4810241034882058 0.7243806932726884 0.47559120504982166 0.7162733301165606 0.46777255554487157 0.7080153244902168 0.46103576148127523 0.7085948336569777 0.45560286304289105 0.7007714599057047 0.4509305703858807 0.6906300494873876 0.4451716980411936 0.6833861849028754 0.44375914444721365 0.6742589155263901 0.4435418285096783 0.6635379959413121 0.44419377632228446 0.6513683034393317 0.448431437104224 0.6489053894805977 0.450821912417113 0.6504990396891902 0.45592883694919417 0.6464424755218636 0.45658078476180025 0.6334035192697417 0.4520171500735575 0.619205544684098 0.4469102255414765 0.6083397478073298 0.44582364585379963 0.5941417732216859 0.4426725647595369 0.5795091667609714 0.43854356194636496 0.5742935842601227 0.43886953585266797 0.5758872344687154 0.4432158546033753 0.5793642894692811 0.44712754147901196 0.5819720807197055 0.4563634688242648 0.5851593811368908 0.46570805413828553 0.5841452400950592 0.468967793201316 0.5755974798853348 0.4682071874199422 0.5686433698842032 0.4697283989826898 0.5674843515506813 0.46994571492022513 0.56675996509223 0.471358268514205 0.5658907013420886 0.47689982492135685 0.568498492592513 0.4813548016408317 0.5712511611346276 0.48830891164196344 0.5735691978016715 0.4938504680491152 0.5711062838429373 0.4941764419554182 0.5664702105088495 0.4889608594545695 0.5612546280080009 0.47939895820301354 0.5618341371747617 0.4765738510150538 0.563717541966735 0.47233619023311413 0.5657458240503983 0.46777255554487157 0.5629931555082837 0.46679463382596237 0.5551697817570106 0.46940242507638674 0.5421308255048888 0.47516129742107394 0.5409718071713667 0.48211540742220566 0.5373498748791107 0.4895041492984079 0.5377845067541815 0.49341583617404444 0.5399576661295351 0.5048249228946512 0.5395230342544644 0.5067807663324694 0.5473464080057375 0.5049335808634188 0.5541556407151789 0.5028690794568329 0.5498093219644716 0.5074327141450755 0.5492298127977107 0.5129742705522272 0.5514029721730643 0.5187331428969144 0.555459536340391 0.5221015399287124 0.5628482782165936 0.5274257803983289 0.570961406551247 0.5287296760235412 0.5800886759277324 0.5284037021172381 0.5874774178039347 0.5242746993040661 0.5963149325970396 0.5267738325857229 0.6012407605145078 0.5298162557112179 0.6103748315105482 0.5317537347762376 0.6183362809339565 0.5303595455550564 0.6222479678095931 0.528077728210935 0.6238416180181857 0.5256872528980461 0.6289245661425433 0.5269230462592754 0.6350121330413555 0.5291013068492953 0.6451644260509607 0.5327357374668799 0.6534115490860164 0.5354583081436715 0.6611482007903788 0.5378872986754789 0.6640593498632937 0.5352948110690533 0.6629180157406147 0.5291013068492953 0.6739691609430097 0.5282950441484704 0.6754179338599122 0.5299249136799857 0.6861388534449901 0.5269911485232582 0.6899056630289364 0.5249266471166723 0.6945417363630242 0.5243833572728338 0.6965700184466875 0.5205803283659649 0.696728498977488 0.5177399175340062 0.6964251411549973 0.5136149956925675 0.7026684679367878 0.5108822225864434 0.7129316301403079 0.505033056645787 0.7181053812833091 0.50267905606595 0.7219425890272342 0.5031177689127536 0.7268534533816813 0.5031705675327378 0.7279393529074025 0.5001942061853589 0.7241266309938759 0.49747775696616686
33 0.7868080748855445 0.449830057578399 0.7900469072795399 0.4410640872946506 0.7924408268751018 0.43377671440816096 0.7873713500845002 0.4313475901126643 0.7792038596996423 0.43377671440816096 0.7741343829090408 0.43060829141403495 0.771458825714001 0.4309251337134475 0.7662485301236608 0.43916303349817504 0.7686424497192225 0.4442325102887764 0.777654852902514 0.4475065473827066
33 0.8252955540284138 0.5193638147710864 0.8263648176300085 0.511688029631068 0.8237680345975644 0.5024083490886577 0.8281978409470276 0.4977112268387957 0.8309473759225567 0.49232672084505147 0.8369047017028696 0.4931286685462474 0.8381267172475491 0.5028666049179125 0.8343079186704255 0.5130627971188325 0.8307946239794718 0.5229152974478113
34 0.5586653098880815 0.6144725496025981 0.549964689619357 0.6148030766059707 0.5372926921626897 0.6117406772206094 0.5333502929539488 0.6161758763304429 0.5367294922757267 0.622617475037582 0.54489589063669 0.6348670725790271 0.5415166913149121 0.6394078716676661 0.5381374919931341 0.6417310712013884 0.5405310915127268 0.647855869972111 0.5464446903258382 0.6575710680222224 0.5517950892519866 0.6587326677890837 0.5546110886868015 0.6607390673863892 0.5601022875846906 0.6621118671108615 0.5696766856630614 0.6615838672168334 0.5693950857195799 0.6644350666445838 0.5710846853804689 0.6698206655636674 0.5727742850413577 0.6755230644191677 0.5793918837131729 0.6786910637833345 0.5879806819893585 0.6818590631475012 0.5929086810002846 0.6803806634442234 0.6023422791069146 0.6770014641224456 0.6072702781178407 0.677635063995279 0.613887876789656 0.6831262628931679 0.6171262761396931 0.686716662172557 0.6245886746419527 0.6878782619394181 0.6351486725225086 0.6863998622361404 0.6371198721268791 0.6811198632958623 0.6475390700356943 0.67974706357139 0.6557054683966577 0.6778462639528899 0.6528894689618427 0.6813310632534734 0.6572542680858059 0.6858718623421125 0.6631678668989173 0.6853438624480845 0.6644350666445841 0.6838654627448068 0.6700670655142139 0.6820702631051122 0.6697854655707325 0.6763678642496121 0.6645758666163247 0.6761566642920009 0.6662654662772137 0.674678264588723 0.679500663620844 0.6706654653941119 0.6920318611057703 0.6676030660087505 0.7000574594949928 0.6664414662418894 0.7100542574885857 0.663167866898917 0.7101950574603267 0.6519742691455277 0.700057459494993 0.6357118724094715 0.6872446620665849 0.6187102758217764 0.6785150638186586 0.6055102784710813 0.6690814657120286 0.5880862819681639 0.6669694661359175 0.5815390832822191 0.6709118653446583 0.5774206841088023 0.6634494668423987 0.5741470847658301 0.6583806678597318 0.5760478843843301 0.6448638705726201 0.5740414847870244 0.6520446691313981 0.569606285677191 0.6554238684531761 0.5640094868004962 0.6521854691031389 0.555667088474857 0.6479614699509166 0.5511262893862179 0.6392318717029902 0.5461630903823566 0.6247294746136933 0.5454238905307176 0.6162814763092485 0.5481694899796623 0.6058622784004333 0.5534494889199403 0.6030462789656182 0.5585182879026072 0.6017790792199516 0.5644318867157185 0.6040318787678035 0.5703454855288298 0.5898110816219881 0.5759422844055245 0.5889662817915436 0.5810110833881914 0.5846014826675805 0.5860798823708583 0.5764350843066172 0.5891422817562196 0.5712254853522095 0.5908318814171085 0.5674238861152093 0.5999134795943867 0.5655934864825797 0.6043486787042202 0.560383887528172 0.6045598786618314 0.5591166877825053 0.6076222780471925
20 0.6227914810203031 0.40385891616704667 0.6073341112296369 0.39922170522984685 0.5980596893552369 0.40217265764442867 0.5907525690905583 0.40301578690573764 0.5741710269514798 0.3933198004006834 0.5775435439967161 0.3642318408855203 0.587380052045322 0.319335207720812 0.6070530681425338 0.2969922822961215 0.6137981022330063 0.2881394250523762 0.6033995080101945 0.28012969706994006 0.6149222745814185 0.28329143179984906 0.6323469459818061 0.285610037268449 0.6722550643504356 0.29214428904359435 0.7323982849904829 0.2986785408187397 0.7933846348918394 0.3045804456479032 0.8200837281666267 0.3062667041705214 0.8346979686959841 0.3068990511165031 0.8341358825217781 0.31006078584641217 0.8304823223894386 0.3163842553062302 0.8203647712537296 0.3418889154608297 0.8139007802503603 0.35959462994832037 0.8200837281666267 0.36043775920962934 0.8386325719154264 0.36170245310159305 0.8361031841314993 0.3705553103453383 0.8265477191699964 0.39985405217582864 0.8226131159505541 0.41207942646481016 0.7939467210660454 0.4110255148881739 0.7501039994779733 0.40891769173490117 0.7146925705029923 0.4070206508969558 0.667758374956787 0.4051236100590103 0.6270071273268485 0.4044912631130286
