24 0.20737795517467617 0.7067336589530282 0.17744264365364554 0.7044559722068626 0.13969812043147642 0.6950198414013203 0.10368897758733808 0.677449115073759 0.07809211701138433 0.6533707123285822 0.06334138379812286 0.6227846331657899 0.06637829945967669 0.5912224025403555 0.08633517380703046 0.5590094042731595 0.1227781617456765 0.5339548500653403 0.16789805157447632 0.5196379619465865 0.23774711179021452 0.5189871943048251 0.2737562546343529 0.5280979412894865 0.29935311521030666 0.5378594559159096 0.32972227182584496 0.5606363233775633 0.34230377956656793 0.5687709188995825 0.347943765795168 0.5752785953171978 0.36790064014252183 0.5837385746600978 0.37354062637112184 0.6087931288679169 0.3778790773161987 0.6211577140613861 0.37050371070956795 0.642307662418636 0.3639960342919526 0.6553230152538668 0.34317146975558344 0.6650845298802899 0.3162730738961066 0.6813537209243283 0.27288856444533754 0.6972975281474859 0.23644557650669146 0.7057575074903858
29 0.22256580262358433 0.5151594385821556 0.2155136542514809 0.5079662472426101 0.21946285733985882 0.5041580871216743 0.21466739644682847 0.49675333133096566 0.21607782612124915 0.4904063977960726 0.19999892783285333 0.48956013999142006 0.18899757637237197 0.4870213665774629 0.18250959987003687 0.4893485755402571 0.1785603967816589 0.48977170444258333 0.18420211547934165 0.47982817523791743 0.1968959825491278 0.4779240951774495 0.20564064653053607 0.47877035298210197 0.20084518563750575 0.47496219286116603 0.20394813092123126 0.47221185499604573 0.19661389661424367 0.46840369487510997 0.18589463108864646 0.4582486012192809 0.18420211547934165 0.4468241208564734 0.18984383417702444 0.4423812673820482 0.1966138966142437 0.4421697029308851 0.1997168418979692 0.4406887517727433 0.20310187311657885 0.4411118806750695 0.20338395905146295 0.44449691189367924 0.20761524807472503 0.44449691189367924 0.21071819335845057 0.44301596073553745 0.21184653709798712 0.4368805916518075 0.22115537294916365 0.43857310726111237 0.22115537294916365 0.4360343338471552 0.2166419979910174 0.43180304482389303 0.2267970916468464 0.4324377381773823 0.2409013883910532 0.4356112049448289 0.24964605237246146 0.4328608670797086 0.2485177086329249 0.44005405841925405 0.2558519429399125 0.44386221854018987 0.2617757475724794 0.4370921561029706 0.25698028667944905 0.4328608670797086 0.2612115757027111 0.4307452225680775 0.2679816381399304 0.433707124884361 0.2809575911446007 0.4362458982983181 0.28942016919112484 0.4406887517727433 0.30803784089347785 0.4472472497587996 0.30803784089347785 0.45274792548904025 0.30521698154463656 0.458460165670444 0.30126777845625863 0.46142206798672747 0.2987290050423014 0.4631145835960322 0.2995752628469538 0.4686152593262729 0.30324238000044756 0.468826823777436 0.3111407861772034 0.47221185499604573 0.3119870439818558 0.4813091263960591 0.32157796576791653 0.4863866732239736 0.3241167391818738 0.49442612236817157 0.32157796576791653 0.5052159093774897 0.316500418940002 0.5143131807775032 0.3190391923539592 0.5185444698007653 0.31847502048419096 0.5253145322379845 0.30973035650278274 0.5272186122984525 0.30916618463301443 0.532296159126367 0.30521698154463656 0.5375852704054446 0.30013943471672205 0.536739012600792 0.28800973951670417 0.5308152079682252 0.269109981879467 0.5248914033356583 0.24908188050269317 0.5189675987030915 0.23469549782360222 0.5164288252891343
29 0.20451230279099952 0.5113512784612196 0.20028101376773746 0.5090240694984257 0.19492138100493883 0.5092356339495887 0.19604972474447538 0.5117744073635461 0.1968959825491278 0.5132553585216877 0.20564064653053607 0.5143131807775032
29 0.15935547693185464 0.4812012926368464 0.1596167154186282 0.4845320833432089 0.16327405423345767 0.4845320833432089 0.1653639621276459 0.4931529534067355 0.16353529272023118 0.4955040997876972 0.15465318416993107 0.4929570245416553 0.15465318416993107 0.48884251837497217 0.15204079930219577 0.4813972215019265 0.15465318416993107 0.478066430795564
20 0.4457695713266991 0.40312092371925373 0.4308295155456796 0.4106778123991881 0.3946954271450742 0.4096354829260937 0.34674827138273245 0.41276247134537686 0.3283337840247317 0.4031209237192538 0.29671645667420193 0.403642088455801 0.251201403015747 0.40755082397990494 0.20047470199182027 0.4096354829260937 0.1789332262145363 0.4054661650337162 0.17684856726834752 0.39426112319795154 0.18171277147612133 0.38175316952081884 0.1751113514798569 0.34813804401352494 0.16885737464129058 0.33041844297092043 0.164688056748913 0.30618428272147585 0.18761930515698955 0.2975850645684472 0.19526305462634835 0.2978456469367208 0.245642312492577 0.2947186585174376 0.32798634086703354 0.29002817588851293 0.35265480506360064 0.28611944036440895 0.37315395136779017 0.2887252640471449 0.37558605347167723 0.27804138694792746 0.38600934820262106 0.27569614563346506 0.3957377566181686 0.27022391589971956 0.4089405966106975 0.26944216879489874 0.41067781239918816 0.2952398232539848 0.41067781239918816 0.33849649638740187 0.4287448565994908 0.3421446495432322 0.43210792451464636 0.34143627164319157 0.4324553676723446 0.34467710402118806 0.4367360492265478 0.3460533850673361 0.4379652397344451 0.3512917524874675 0.4375739373089509 0.36449820934789867 0.435043681649405 0.37701481618214894 0.433568288599678 0.3834528949445942 0.44302029484076166 0.39322577941247433 0.4463734608628686 0.3962436288323705
13 0.5335817787655273 0.33170936783961347 0.5234189059850052 0.3285334700957003 0.511279919052715 0.32768656403065677 0.5073276907491786 0.33425008603474393 0.4889780593399028 0.3389080693924832 0.48502583103636643 0.33170936783961336 0.48502583103636643 0.322181674607874 0.4751143024894042 0.30509790993192126 0.4776550206845347 0.3025571917367908 0.47652581259780996 0.28392525830583376 0.47483200046772306 0.2750327446228771 0.46777444992569384 0.2561890846756591 0.4624107115137517 0.2424268611187022 0.45704697310180964 0.22315974813896247 0.4550708589500414 0.21214996929339705 0.4501673515600755 0.2105789191794233 0.4487059793591656 0.20709164568499377 0.44513810168050755 0.20541734728335226 0.44596611259702895 0.20016158094620848 0.45061813500779074 0.19770634062394202 0.45393700202693876 0.19970618613749147 0.4542025084660294 0.20128606524580256 0.4560979434828165 0.20337661857314127 0.4625647217753843 0.20379472923860906 0.46869701153557797 0.20203866444364452 0.47193040068186176 0.20053346604796066 0.4736028433437328 0.1977739356558735 0.48397198784733286 0.19752306925659288 0.4872382954917461 0.19876981036336624 0.4923671196548171 0.19876981036336624 0.49381656996177203 0.19642839063674683 0.500617836786714 0.19492319224106291 0.517788248115256 0.19517405864034354 0.5336207053143013 0.19509043650725 0.536519605928211 0.1972646119676823 0.5463312695445207 0.19684650130221457 0.5593763223071144 0.19776634476624358 0.5728673597795405 0.19935516529502104 0.5775501992327792 0.19642839063674683 0.5832365042831406 0.1969301234353081 0.5810065807339791 0.20010776449286294 0.5884768246236696 0.1992715431619275 0.5967275417555665 0.19868618823027262 0.607877159501373 0.19776634476624358 0.6174658307627665 0.20203107355401462 0.6238211128778763 0.20487422607919525 0.6290614332184055 0.21465801565114057 0.6365316771080958 0.22929188894251165 0.638650104479799 0.24191883103963757 0.6397650662543798 0.25780703632741186 0.642217982158457 0.2772909933382088 0.6463433407244055 0.28866360343893144 0.6477927910313604 0.30212676686699286 0.6450053865949087 0.31007086951088003 0.6328523032519796 0.31717875082383173 0.6151244110361472 0.3222797009425382 0.584016977525347 0.3256245862662802 0.550122139578095 0.33022380358642534
21 0.5848819584418407 0.5628295717138702 0.5680958133205497 0.5660386876929405 0.566120972718045 0.5729506298017073 0.5611838712117828 0.574925470404212 0.5562467697055209 0.5788751516092216 0.5486765473959191 0.5751723254795251 0.5417646052871523 0.5719632095004549 0.5322195423750458 0.562335861563244 0.5374857839817252 0.5576456151322949 0.5358400834796379 0.5559176296051033 0.5334586959191204 0.55719255967747 0.5287267655069889 0.5535274613430694 0.5220819521695564 0.5510356563415323 0.5225350076243814 0.5476377404303453 0.5311430612660553 0.5427673942909772 0.5260084327780393 0.5369909372419593 0.5293308394467555 0.5355185070137782 0.5361266712691295 0.5374439926967843 0.5383808988169643 0.5322268955555921 0.5426094163953303 0.5296218266903487 0.5406461760910889 0.5236188419139183 0.5429114533652136 0.5196546066842002 0.5497072851875875 0.521580092367206 0.5539358027659536 0.5211270369123812 0.550311359127354 0.5165964823641318 0.5522745994315954 0.5141046773625947 0.5557480245852533 0.5133118303166511 0.5572582094346697 0.5159168991818944 0.5599765421636194 0.516709746227838 0.560580616103386 0.5131985664529448 0.5669233924709353 0.5094608589506392 0.5700947806547096 0.5076486371313393 0.5619734660773703 0.5003519762112331 0.5545280939764473 0.4886435281492975 0.571580397820497 0.48305949907360524 0.5799864630957328 0.4814383293419526 0.5828685426186707 0.4772953400277292 0.5884245692665047 0.47680403107605224 0.6069179128720232 0.4787854607480721 0.6069179128720232 0.48202780021137737 0.6102803389821176 0.4825681901219283 0.6182146683332752 0.4825681901219278 0.6258916030646984 0.4825681901219283 0.6410225205601229 0.48454961979394817 0.6614372505142667 0.4867111794361516 0.6842537134041925 0.4841893598535808 0.7121138154592598 0.4840092298833972 0.7154762415693539 0.4804066304797247 0.7234019602574334 0.48022650050954113 0.7243626534317461 0.482207930181561 0.7298866391840438 0.48472974976413175 0.7447773833858902 0.48346883997284634 0.7500611958446097 0.48166754027101016 0.7440568635051555 0.476984161046236 0.7615895139363615 0.4744623414636651 0.7733580053216917 0.47266104176182894 0.7788819910739895 0.47176039191091085 0.7805632041290367 0.46995909220907456 0.789689789285007 0.4704994821196255 0.8065019198354784 0.46833792247742195 0.8101045192391509 0.4674372726265038 0.826196129908888 0.47302130170219614 0.8257157833217318 0.4919349485714767 0.8240345702666845 0.5095876856494718 0.8225935305052156 0.5236378233237944 0.8194712776886994 0.5376879609981171 0.8077027863033693 0.5376879609981171 0.8016984539639153 0.5420110802825241 0.789929962578585 0.5384084808788516 0.7743186984960044 0.5409303004614223 0.7632707269914087 0.5389488707894025 0.754864661716173 0.5409303004614223 0.7478996362024062 0.5405700405210551 0.7423756504501084 0.5362469212366481 0.7246028267253243 0.5400296506105042 0.7210002273216518 0.5456136796861966 0.7137950285143068 0.5484957592091345 0.6955418582023664 0.5515579687022563 0.6765681680096911 0.5513778387320726 0.6652800232115174 0.5569618678077649 0.6263719496518547 0.5589432974797848 0.5968306345417403 0.5609247271518046
15 0.6910948235820219 0.6466313579651163 0.6902634005610246 0.6409729346047173 0.6883854067435596 0.6341486875307728 0.6692259591001489 0.6340035402001409 0.6490988625858588 0.6344389821920366 0.6332294211034376 0.6345841295226686 0.6189082178144235 0.6386482547803617 0.6165858605243131 0.6408254647398403 0.6171664498468407 0.6463410633038523 0.6322617722325582 0.6499697465696499 0.6392288441028894 0.6509857778840733 0.6645812445199281 0.6499697465696499 0.6891595258402632 0.6480828312714353
15 0.6998036634199358 0.6463410633038523 0.7025130802583981 0.6419866433848953 0.7003842527424635 0.6344389821920366 0.6994166038715842 0.6316811829100305 0.7027066100325741 0.6297942676118158 0.714318396483126 0.6341486875307728 0.7183825217408192 0.6340035402001408 0.7255431233853264 0.6303748569343434 0.7274784211270849 0.6268913209991778 0.7383160884809336 0.6258752896847545 0.7392837373518129 0.6293588256199201 0.7487666962864303 0.6299394149424478 0.758056125446872 0.6279073523136011 0.7716032096391827 0.633858392869509 0.7719902691875344 0.6422769380461593 0.768313203478193 0.6448895899975333 0.7450896305770889 0.6475022419489076 0.7234142958693917 0.6479376839408033
12 0.642944313382003 0.6225463338965334 0.6377026507748278 0.6240298233136584 0.6354279670019027 0.6267742787353398 0.6318675924008026 0.6298154320404461 0.6323620888731776 0.6338950279375402 0.619208482708002 0.6381971472472028 0.6162415038737519 0.6401998579603216 0.6158459066958518 0.6442052793865592 0.6090218553770765 0.6462821645705342 0.6024945019417263 0.6476914795168031 0.5933957668500258 0.6491007944630719 0.5857805211754504 0.6452437219785467 0.5822201465743503 0.6441311049157029 0.5833080388135754 0.6458371177453968 0.5799454628014252 0.6484332242253656 0.5725280157157999 0.6484332242253656 0.5692643389981249 0.6524386456516033 0.5633303813296245 0.6529578669475969 0.5500778758699739 0.6530320414184533 0.5389022555942985 0.6507326328219094 0.5321771035699981 0.6468755603373844 0.526638743079398 0.6347109471169587 0.5189245981103476 0.6246232190805083 0.5180345044600725 0.6118652100932328 0.5177378065766476 0.60518950771617 0.5206058861164227 0.6006648649939386 0.5306936141528731 0.5966594435677008 0.5462208033854488 0.5904287880157756 0.5537371497655491 0.5919122774329006 0.551462465992624 0.5874618091815255 0.5556162363605742 0.585829970822688 0.5529459554097491 0.5825662941050129 0.5528470561152741 0.579376791858194 0.5565063300108493 0.5795251407999065 0.5611545968511745 0.5758164172570939 0.5672863531086247 0.5730719618354124 0.5781652755008752 0.5712917745348622 0.5708467277097249 0.5698082851177372 0.5692643389981249 0.5674347020503371 0.5757916924334752 0.5663220849874934 0.5799454628014253 0.5685473191131809 0.5880552049483757 0.5704016808845872 0.5946814576782009 0.5706983787680123 0.5999231202853761 0.5698824595885935 0.6044724878312263 0.5698824595885935 0.6063515744262513 0.5708467277097248 0.6076372652544264 0.5712917745348622 0.6086262581991767 0.5735170086605499 0.6124833306837019 0.5730719618354124 0.6137690215118768 0.5747779746651062 0.6220765622477772 0.5747779746651062 0.6332521825234527 0.5696599361760246 0.6396806366643278 0.5651352934537933 0.646109090805203 0.562984233798962 0.6545155308355785 0.5624650125029682 0.6597571934427537 0.5655803402789308 0.6634164673383289 0.5680280978171872 0.6651966546388789 0.5711434255931498 0.6567902146085036 0.5764839874947999 0.6460101915107281 0.5854590984684067 0.640274032431178 0.5926540221414633 0.6326587867566026 0.5976237116888322 0.6359224634742777 0.5997005968728073 0.6350323698240027 0.6040768906533263 0.6357246648853278 0.6059312524247327 0.6403729317256528 0.6050411587744576 0.643636608443328 0.6051895077161701 0.6475925802223282 0.5997005968728073 0.6593615962648536 0.5940633370877321 0.667965834884179 0.5899837411906381 0.6753832819698045 0.5891678220112194 0.6817128368162046 0.5883519028318006 0.6853721107117798 0.5827146430467254 0.6990202133493304 0.574407102310825 0.7024816886559556 0.5722560426559936 0.6991191126438054 0.5640968508618057 0.7116048580614784 0.5579970520040968 0.7184504233314271 0.555492576905335 0.7207879334236046 0.5544907868658304 0.7219566884696933 0.5514854167473165 0.717114703278754 0.5478539278541121 0.7216260904641217 0.545991142845196 0.724664763690783 0.5404560239201909 0.7424647093315369 0.5366062682350976 0.7475977169116613 0.5410148594228655 0.7554628091715291 0.5412632307573878 0.7634106918762379 0.5394004457484717 0.7731799643674422 0.5416357877591711 0.7804655235134252 0.5448025222743285 0.7865920164316382 0.5480934424567468 0.7951194322502319 0.5537438903171257 0.8034812671791441 0.5599531736801794 0.807289627641817 0.5655415287069276 0.8101872932112422 0.5765319602595326 0.811197657945561 0.5917682239606983 0.8063889776086534 0.59988287202923 0.79730591475005 0.6040904673240242 0.7894250219756737 0.6018864888362748 0.7856849372691899 0.6008846804327524 0.784883490546372 0.6027881163994451 0.784215618277357 0.6066951691731826 0.7778040444948132 0.612706019594317 0.7736632364269205 0.6142087321996007 0.7728617897041026 0.6182159658136904 0.7688545560900129 0.6187168700154516 0.7736632364269205 0.6223233802681323 0.7733960875193147 0.6244271779155295 0.7704574495356489 0.6253288054786996 0.769388853905225 0.6286347732103237 0.7655151947449383 0.6286347732103237 0.7627101312150755 0.6276329648068013 0.7573671530629558 0.6272322414453922 0.7489519624733674 0.6295364007734938 0.739868899614764 0.6289353157313804 0.7385331550767343 0.6255291671594041 0.7265114542344651 0.626330613882222 0.7176883273744423 0.6211703681778429 0.7142463483016546 0.6181399300811492 0.7121512306051749 0.6109566694075051 0.7160421634700656 0.6077017544147602 0.7178379786384765 0.6047835547660924 0.7190351887507505 0.5999573015009877 0.718735886222682 0.5974880556444226 0.7054169237236336 0.5979370094365253 0.6958392428254416 0.59625343271614 0.6934448226008937 0.5989471554687564 0.6992812218982294 0.6043346009739895 0.6985329655780582 0.6081507082068629 0.6949413352412361 0.609946523375274 0.7076616926841475 0.6166808302568152 0.7154244915811213 0.6203573886722328 0.7267045463280423 0.6268104591494481 0.7253935254977383 0.6302732641686205 0.71832541319523 0.6336933185085438 0.7145063525156489 0.633907071904789 0.7028781677599096 0.6295037519421377 0.6990021061746632 0.6314702831875936 0.7019091523635979 0.6417731968866127 0.6990170203185545 0.6459931726515096 0.6935809739062218 0.6435906342817733 0.6910570952147816 0.6430082007375948 0.6886302887807046 0.6338348724167835 0.6678571306580109 0.6333964792941164 0.6671776248564693 0.6322316122057593 0.6627123010177676 0.6315763744685585 0.6583440494364288 0.6302658989941569 0.6495104740163882 0.6273537312732644 0.6450451501776865 0.6249511929035281
27 0.5534198084133081 0.4854861901353814 0.5547121047130882 0.49070507903833965 0.5613724010273397 0.5007700790654733 0.5651311126346149 0.5041446680257606 0.5625465200350547 0.5052630013621088 0.5591666681740912 0.5079470013693443 0.5542957051979969 0.5109292235996062 0.550518223706332 0.5120475569359544 0.5460448903609393 0.5113020013783889 0.543460297761379 0.5099600013747712 0.5385893347852847 0.5096617791517449 0.5342154088475674 0.507201445811779 0.5263622236412112 0.507350556923292 0.5221871125188448 0.5048156680275695 0.522485334741871 0.5028772235778993 0.5266604458642375 0.5019080013530642 0.5202983717730122 0.4960926680040536 0.5173161495427503 0.4943778902216532 0.5084688902596404 0.4947506680004359 0.5095623717440696 0.4881897790938599 0.5189066680655567 0.48833889020537297 0.5243740754877033 0.4889353346514254 0.5291456310561222 0.4894572235417211 0.5334201495861641 0.4878170013150772 0.5343148162552428 0.48610222353267657 0.5316308162480071 0.485058445752085 0.5256663717874834 0.4854312235308677 0.5239764458570018 0.4834927790811975 0.5245728903030541 0.47983955684912677 0.5301397051328762 0.476857334618865 0.5247717051184049 0.47402422350011625 0.5205965939960383 0.4716384457159068 0.5211930384420908 0.4699982234892628 0.5193042976962582 0.46828344570686226 0.5096617791517449 0.46940177904321045 0.5096617791517449 0.46403377902873905 0.5161232606506456 0.46142433457725995 0.5163220754659964 0.4562800012300584 0.5152285939815671 0.452403112330718 0.5119481495282792 0.4525522234422311 0.508667705074991 0.4550871123379536 0.504890223583326 0.4537451123343358 0.5045920013602999 0.44845166787562113 0.5032997050605198 0.435180778950956 0.5023056309837659 0.4234755566971784 0.505387260621703 0.42243177891658673 0.5065801495138078 0.41527444556395837 0.5036973346912214 0.4126650011124793 0.5036973346912214 0.3961882232902827 0.5064807421061324 0.3953681121769607 0.5082700754442894 0.399095889964788 0.5118487421206036 0.399245001076301 0.5176143717657765 0.39432433439636905 0.5287480014254207 0.3894036677164371 0.5415715570155465 0.38694333437647105 0.5459454829532638 0.389105445493411 0.5475360014760702 0.38768888993403655 0.5595642978047928 0.3878380010455496 0.5634411867041331 0.3905220010527853 0.5698032607953584 0.3853776677055837 0.5781534830400915 0.38768888993403655 0.5802410386012748 0.3873906677110103 0.5803404460089502 0.38567588992860974 0.5850125941696936 0.38299188992137423 0.5941580756758299 0.38202266769653903 0.5947545201218822 0.38314100103288723 0.5971402979060917 0.3801587788026254 0.6090691868271391 0.3734487787845363 0.6132442979495056 0.37344877878453625 0.6137413349878826 0.37464166767664103 0.6202028164867832 0.37419433434210175 0.6200040016714324 0.3721067787809186 0.6271613350240607 0.37218133433667505 0.6316346683694534 0.37374700100756253 0.6367044461608985 0.37695288990509396 0.6365056313455477 0.37493988989966726 0.6414760017293175 0.37255411211545775 0.6449552609979563 0.3741197787863453 0.6567847425113281 0.3809788899159475 0.6575800017727313 0.37695288990509396 0.6653337795714119 0.3770274454608505 0.6682165943939984 0.37956233435657305 0.6719940758856633 0.3781457787971987 0.6800460759073704 0.37695288990509396 0.6853146685141661 0.3784440010202249 0.6921737796437684 0.3776238899069029 0.6960506685431088 0.3750890010111803 0.6989334833656952 0.3745671121208845 0.7034068167110878 0.3763564454590416 0.7059914093106482 0.377102001016607 0.7093712611716115 0.37740022323963324 0.7143416315553811 0.3778475565741725 0.7163297797088891 0.37993511213535586 0.7187155574930987 0.3833646677001569 0.7275628167762086 0.3827682232541045 0.7303462241911197 0.3825445565868349 0.7341237056827846 0.38455755659226165 0.739491705697256 0.38470666770377465 0.7471460760882613 0.38478122325953124 0.7517188168413295 0.3838865565904527 0.7600690390860625 0.3815007788062432 0.7653376316928583 0.38105344547170394 0.7715008909687328 0.38232088991956525 0.7715008909687329 0.3841102232577223 0.769015705776848 0.3853031121498271 0.7736878539375914 0.38604866770739255 0.7771671132062302 0.38843444549160194 0.7799505206211415 0.38657055659768824 0.785716150266314 0.38589955659587943 0.7912829650961362 0.3855267788170967 0.7928734836189425 0.38679422326495794 0.7950604465878012 0.38873266771462817 0.7983408910410893 0.38873266771462817 0.802814224386482 0.39037288994127217 0.8079834095856024 0.3900001121624894 0.8091762984777072 0.39156577883337695 0.8068899281011731 0.39820122329570945 0.8052000021706914 0.4017798899720236 0.8061940762474454 0.40409111220047655 0.8116614836695919 0.4049112233137986 0.8140472614538014 0.406476889984686 0.8140472614538014 0.4102792233282698 0.8163336318303354 0.41236677888945317 0.8188188170222204 0.4164673344560631 0.8166318540533617 0.4184803344614898 0.8231927429599376 0.4195241122420814 0.8219998540678329 0.423848334475961 0.8223974836985345 0.42958911226921515 0.8207075577680528 0.43488255672792986 0.816731261461037 0.4359263345085215 0.809673335516084 0.4345843345049037 0.8128543725616966 0.43801389006970465 0.8079834095856024 0.44315822341690636 0.8149419281228799 0.44576766786838545 0.8178247429454664 0.44897355676591694 0.8188188170222204 0.45180666788466567 0.8133514096000735 0.4521048901076919 0.8102697799621364 0.45478889011492746 0.8104685947774872 0.45553444567249296 0.8135502244154244 0.45754744567791966 0.8148425207152046 0.4603805567966684 0.8128543725616966 0.46269177902512126 0.8149419281228799 0.4642574456960088 0.8166318540533617 0.4660467790341658 0.8140472614538014 0.4683580012626188 0.8098721503314349 0.46664322348021814 0.8060946688397699 0.4680597790395925 0.7895930391656543 0.47014733460077596 0.7797517058057905 0.4694763345989669 0.778360002098335 0.47141477904863716 0.7433685945965963 0.4765591123958387 0.7441638538579993 0.4777520012879434 0.7491342242417691 0.4813306679642576 0.7449591131194024 0.48312000130241467 0.7302468167834444 0.48446200130603256 0.7249782241766484 0.48192711241031005 0.7237853352845438 0.4794667790703441 0.7146398537784074 0.47991411240488335 0.7120552611788472 0.4834927790811975 0.6842211870297368 0.483567334636954 0.661556298079747 0.4862513346441897 0.642867705436773 0.4832691124139278 0.6346168905997154 0.4820016679660665 0.6316346683694535 0.4805105568509356 0.6286524461391917 0.4821507790775796 0.6105602979422698 0.4822998901890927 0.6071804460813064 0.48177800129879683 0.6071804460813065 0.47827389017823935 0.5882930386229815 0.47611177906129937 0.5819309645317563 0.4769318901746214 0.5796445941552223 0.4812561124085011 0.5703997052414107 0.48185255685455347 0.5651311126346148 0.480286890183666 0.5600613348431698 0.47857211240126546 0.5551903718670754 0.47857211240126546 0.5567808903898818 0.48304544574665814
