19 0.4785663829817558 0.31234973140833333 0.45640477939507923 0.3058457825296348 0.42894366190724087 0.28597260540027813 0.42203401612888386 0.24678872689728393 0.4099896663535162 0.18463988205638668 0.3974635425871338 0.1405575618785409 0.38830983675785435 0.11128979192439745 0.39312757666800147 0.08816464035569148 0.40517192644336913 0.06395549730720242 0.4456409416886046 0.06540081928024653 0.5193523623138548 0.07118210717242303 0.5689750833883698 0.07262742914546715 0.5819829811457669 0.09502991972765104 0.5872824950469285 0.10948313945809227 0.5819829811457669 0.14850683273028362 0.5786105632086639 0.18536254304290872 0.5771652412356197 0.22402490582183904 0.5747563712805462 0.2699138784659899 0.5723475013254726 0.28147645425034284 0.5636755694872079 0.29520701299426205 0.548740575765752 0.3024336228594827 0.5251336502060313 0.3027949533527437 0.5005631766642812 0.3002656398999165 0.48659173092485475 0.30207229236622163
22 0.30525340347395413 0.36661900268440095 0.29584427159072224 0.3534257634133475 0.2762078224431079 0.3368575094450479 0.26066230020124653 0.3248915482457205 0.24429859257823452 0.31691424077950203 0.24020766567248153 0.32305063113813154 0.24388949988765918 0.33378931426573316 0.2520713536991652 0.3528121243774846 0.2389803876007556 0.3525053048595531 0.2328439972421262 0.35557350003886784 0.22670760688349664 0.366005363648538 0.22793488495522257 0.3733690320788934 0.2140257334756624 0.37705086629407103 0.20904636488397796 0.389967607290904 0.21150092102742973 0.40530858318747776 0.2205009602200863 0.4142063492074905 0.2331828336279206 0.4135927101716275 0.24259196551115247 0.40899041740265546 0.25445565353783617 0.4108313345102443 0.27859212228177876 0.40806995884886105 0.2904558103084625 0.4056154027054092 0.2933194591424896 0.39917219282884825 0.2941376445236402 0.39426308054194464 0.2818648638063812 0.3862857730757263 0.2903796251176074 0.38108407565539276 0.2957740152859414 0.3746266313943303 0.30138723652284816 0.37070220857722125 0.3034730669351434 0.3762446697206114 0.3115581392478414 0.3825656335447801 0.31692379795446846 0.3899142530777693 0.3179736007448955 0.3942009478053463 0.3353536691641873 0.3949882998981666 0.34911775019423047 0.3853651076525855 0.34935103970321424 0.38379040346694504 0.3427022886971764 0.3767917181974315 0.3417691306612413 0.3727674741674613 0.33383728735579266 0.3627943476584046 0.323922483223982 0.36498143680512757 0.3087586651400361 0.3686557465716222
20 0.2010525190135802 0.6422979506700757 0.19024828420233533 0.6339936299617405 0.1944647110291834 0.6249019596163495 0.2042151980662694 0.6122526791358055 0.20237051132952338 0.6039515888204486 0.20500577809630338 0.598615173617719 0.20001674759860294 0.5806810320599756 0.1960638474484329 0.5638812064217529 0.19263800065161887 0.5460931557459879 0.18842157382477084 0.5259333649801208 0.17735345340429481 0.5115052794320002 0.16944765310395474 0.5020183190715921 0.1784075601110068 0.4947054537937776 0.19527326741839887 0.48778787853098016 0.2379645890402351 0.4822538183207421 0.26958779024159524 0.4802773682456571 0.3020015714729894 0.4796844332231316 0.35286222007184365 0.4798820782306401 0.35628806686865766 0.48660200848592905 0.35760570025204763 0.5081453143043557 0.35602454019197965 0.5148652445596448 0.35786922692872564 0.5184228546947978 0.3507540066584196 0.5227710448599848 0.35391632677855567 0.5389779354756818 0.35813275360540364 0.5607188863016169 0.3623491804322516 0.580878677067484 0.36735618728913366 0.6073631080736231 0.3697279273792357 0.6123042332613358 0.35391632677855567 0.6312781539821518 0.32413781231394145 0.6379980842374409 0.32229312557719547 0.6356263441473388 0.33178008593760355 0.6221864836367608 0.3112250051567194 0.6281158338620157 0.2703783702716292 0.6322663790196943 0.23875516907026909 0.6376027942224238 0.20449670110212895 0.6423462744026278
29 0.45783025952644946 0.7831195758213387 0.46142804505462215 0.7802863197179026 0.4598090415669445 0.7777228975290797 0.4524335812341908 0.7805561536325157 0.45063468847010446 0.7837941606078709 0.4538726954454598 0.7841989114797905 0.455671588209546 0.7836592436505646
29 0.5121678432799746 0.7118190925872241 0.5061078169096014 0.7133340991798174 0.49950912152852844 0.71272809654278 0.48860107406185677 0.7011130459995649 0.4869850670297573 0.695659022266229 0.49291042614745545 0.6935380130365983 0.5113598397639249 0.6912150029279553 0.5164771953655732 0.6971740288588224 0.5217292182198967 0.7029310539106768 0.5225372217359464 0.6985880350119095 0.5211905492091968 0.691518004246474 0.5257692358001453 0.6856599787551133 0.547961051134408 0.6858939846867345 0.5525397377253566 0.6973070343509374 0.5501157271772074 0.7020540550077299 0.544729037070209 0.7029630589632858 0.5515970669566319 0.7101340901682272 0.5631784506866784 0.7209411371953928 0.5692384770570516 0.7221531424694674 0.5684304735410018 0.7401312207015743 0.5660064629928525 0.7407372233386117 0.5612931091492289 0.7379092110324376 0.5627744489286535 0.7341721947707075 0.5583304295903798 0.7302331776299649 0.5509237306932571 0.7337681930126826 0.5480957183870829 0.7376062097139188 0.5370530036677365 0.7359902026818194 0.5328783188348126 0.7318491846620644 0.5322049825714378 0.737202207955894 0.5406890194899603 0.7419492286126862 0.5428436955327596 0.744575240039848 0.5420356920167098 0.7516452708052833 0.538265008941811 0.7577052971756566 0.5361103328990116 0.7597253059657809 0.5373223381730863 0.7659873332151664 0.5377263399311112 0.7687143450818344 0.544863704322884 0.7693203477188717 0.5459410423442836 0.7724513613435646 0.5272222942224644 0.7741683688151704 0.5116008929121691 0.7739663679361578 0.5050021975310961 0.7815414008991243 0.515371575987068 0.7833594088102361 0.5187382573039419 0.7835614096892488 0.5126782309335688 0.7881064294670286 0.49369014830639946 0.785581418479373 0.4977301658866483 0.7780063855164066 0.4993461729187479 0.7750773727707263 0.4883034581994012 0.7720473595855397 0.4814354283129783 0.7667953367312162 0.47214338787840615 0.7621493165139301 0.4686420393088572 0.7603313086028181 0.46379401821255867 0.7604323090423244 0.456117984810086 0.7554832875065196 0.452481968987862 0.7581092989336813 0.4477686151442385 0.7549782853089886 0.4360525641615171 0.7562912910225694 0.4317432120759184 0.7604323090423244 0.4301272050438189 0.7539682809139263 0.44184325602654034 0.7482112558620719 0.4376685711936166 0.7482112558620719 0.4309352085598686 0.749625262015159 0.42379784416809585 0.7419492286126862 0.4198924938405221 0.7300311767509523 0.4317432120759184 0.7246781534571228 0.4359178969088422 0.7260921596102098 0.4391499109730412 0.7285161701583591 0.44857661866028825 0.7258901587311973 0.43874590921501627 0.72154713983243 0.4364565659195419 0.7143761086274885 0.4388805764676913 0.7132651037929201 0.43874590921501627 0.7075080787410655 0.44265125954259005 0.7030640594027918 0.4516739654718123 0.7027610580842731 0.45948466612696004 0.7023570563262482 0.4632553492018589 0.6990240418225432 0.4679687030454824 0.6987210405040245 0.4687767065615321 0.7009430501731613 0.46702603227675765 0.703973063358348 0.4814354283129783 0.7174061218126748 0.4810314265549534 0.7209411371953928 0.4891114617154509 0.723365147743542 0.49059280149487544 0.7271021640052721 0.49988484192944765 0.7265971618077409 0.515102241481718 0.7250821552151475 0.5214316023574411 0.7235671486225543 0.5137555689549684 0.7177091231311937 0.5137555689549684 0.7131641033534138
28 0.7799564105125999 0.39619521916610223 0.77583931490737 0.3922372563808236 0.7705253469970456 0.373638368694688 0.7938335180338418 0.3737001976909136 0.8060709225907956 0.3726442672786009 0.8082850758867641 0.3786224811777159 0.8055195510531423 0.38794717060114964 0.7988680208968418 0.3926334759385432
28 0.7856207341092687 0.4903319841164769 0.7963873184548789 0.47661565063508315 0.7927001320351493 0.46544347578330275 0.7915202323808359 0.4526120670426441 0.7918152072944141 0.4435415884501095 0.787538071047528 0.44177173896863936 0.7822285226031176 0.4447583599686203 0.7794262609241231 0.4495148304500713 0.7798687232944905 0.464226704264792 0.7717569131710859 0.46544347578330286 0.7748541497636584 0.4707530242277132 0.7772139490722852 0.4734077984499186 0.7761815368747611 0.48070842756098286 0.7831134473438527 0.48502243567206643
28 0.7689995996987845 0.508721110330079 0.7703269868098873 0.4879253789228047 0.769294574612363 0.4859342982561508 0.7611827644889582 0.4844962955524564 0.7598553773778555 0.48670860740429395 0.7521860296248181 0.48438567995986437 0.7496787428594022 0.4900270751820506 0.7532184418223424 0.49743831988570686 0.7585279902667529 0.4935667741449909 0.7543983414766557 0.5028584839227093
28 0.7287454811321014 0.5102306860054854 0.7309324372791954 0.5088193247927949 0.7232864006700369 0.5027829801013539 0.7172500559785959 0.5019529827062809 0.714936123846877 0.5045938835087862 0.7153385468263064 0.5076875101631497 0.7210730742831752 0.5091211420273669
28 0.6762559663121093 0.5784291991080026 0.6645015873069646 0.5734525467066309 0.6701891900513894 0.5694712247855335 0.6548326626414425 0.5703243651971973 0.6425095233618555 0.574163497049684 0.6436470439107405 0.5650633326586043 0.65047216720405 0.5566741186105777 0.6645015873069646 0.5542568874441972 0.6933187745453837 0.5524084165522591 0.7162587722812305 0.5534037470325335 0.7213776147512126 0.5600866802572326 0.715690012006788 0.5683337042366485 0.6912333202057613 0.5683337042366485 0.6897166261405814 0.5730259765007991
28 0.7477301741337142 0.5990467590565425 0.7596741398970065 0.5973404782332151 0.7547448841851715 0.5946388669296133 0.7528490166036967 0.5922216357632327 0.7407154640822572 0.5957763874784983
28 0.5401068829171356 0.5315146639715879 0.546636969315752 0.5261015660358926 0.5335767965185193 0.5200440516792815 0.526874865740992 0.5208173513843808 0.5244690444362387 0.525714916183343 0.530999130834855 0.5266170991726256 0.5352952403076289 0.530999130834855
28 0.5609494420831319 0.5136582286483081 0.5590018412718096 0.5052070322706065 0.5502376376208598 0.4995729013521386 0.5388302614402581 0.5004075874141338 0.5386911470965923 0.5041636746931124 0.5450904069052225 0.5135538928905589 0.548846494184201 0.5135538928905587 0.5566368974294899 0.5142842431948046
28 0.5194529592483681 0.4807791717092553 0.5246001899640053 0.46888489532582317 0.5177835871243774 0.4698239171455679 0.5062370966001101 0.4669025159285846 0.49510794910684036 0.467006851686334 0.501924551946468 0.4777534347345226 0.5069326683184394 0.4773360917035249
28 0.562161062753791 0.4882913462672125 0.5625784057847885 0.4844309232304846 0.5603525762861346 0.4779621062500214 0.5539533164775043 0.47879679231201666 0.5560400316324925 0.4882913462672125
28 0.5234152972704296 0.30813321229640367 0.5212886187766345 0.3028858626462635 0.513745484266287 0.30218957330684676 0.5134553637081967 0.3048006583296594 0.5068406149837379 0.3058015742550709 0.5078850489928629 0.3108931900495555 0.5144417736057035 0.31071911771470134
28 0.5781960954627693 0.35167638093815495 0.5740852731457234 0.35120721099979657 0.5748895644686237 0.3475879000467451 0.5679190396701543 0.3484592156465538 0.5641656801632864 0.35114018672288805 0.5627358289225748 0.353553060691589 0.5697957194235884 0.355429740445023 0.5793578495958476 0.35509461906048123 0.5882944198502953 0.3520785265996051 0.5903498310088183 0.34959862835399586 0.581860089267093 0.3482581428158287 0.5784641925704027 0.3489954098618206
28 0.6206015397740686 0.3287016492661972 0.6153545563471389 0.3267340304810986 0.6076298307463813 0.32804577633783105 0.6001966042248976 0.32542228462436623 0.6101075729202092 0.32181498351835214 0.6160833040453235 0.3209404862805305 0.6227877828686225 0.32782715202837565
28 0.6246825268839027 0.3400701133578782 0.6230792819478964 0.33832111888223504 0.6138970609507695 0.33897699181060115 0.6079213298256552 0.3400701133578782 0.6073383316671075 0.34367741446389233 0.6140428104904064 0.3454264089395355 0.6171035508227821 0.34444259954698625 0.62147603701189 0.3454264089395355 0.6267230204388199 0.3445519117017139
28 0.7580109597886964 0.3364312247888922 0.7580109597886964 0.33416059784993457 0.7657058621929419 0.32810559267938083 0.7752929537129851 0.33047082907412834 0.7776897265929961 0.3273487170330616 0.7739053483614 0.31817159982144105 0.7624260677255585 0.3189284754677603 0.7585155435529093 0.3257403562846332 0.7472885547991743 0.3264972319309525 0.7493068898560253 0.3323630181899264 0.7442610522138974 0.3360527869657326 0.7490545979739189 0.3362420058773124 0.7541004356160471 0.3358635680541528
28 0.6922330548613115 0.39849407963897593 0.7179499611257572 0.3818606677890364 0.7037938659343191 0.3751365225731034 0.6995470373768878 0.37035884044599304 0.6766613501507299 0.38327627730818015 0.6823237882273051 0.3901773737140061 0.6872784215443083 0.397255421309725
28 0.7279740503960468 0.4465331492705764 0.7284967699152396 0.4343799204493404 0.7225726153643862 0.43241972225236686 0.7157772616148779 0.43790827720389275 0.714557582736761 0.4401298351604628 0.7154287819354159 0.4457490699917869
28 0.7558524247530038 0.42758456669983214 0.7506252295610745 0.41843697511395544 0.7420874774142563 0.41739153607556956 0.7403450790169466 0.42549368862306025 0.7514964287597293 0.4296754447766039
28 0.5968110680881148 0.41205045459771455 0.5990000635765883 0.39713792283248917 0.5887847512970455 0.3950857395620453 0.586595755808572 0.3883819408785953 0.6004593939022372 0.38400394990164843 0.6093977921468372 0.37839464896243513 0.6155999460308453 0.37114360140686675 0.6356657380085187 0.367723295956127 0.6394964801133474 0.37210128693307387 0.6353009054271066 0.3782578367444056 0.6388218500528375 0.39210381687280815 0.6368152708550702 0.39702905672187344 0.64247017586696 0.3968922445038438 0.6457536690996701 0.3997653010824653 0.6517734066929721 0.4016806721348795 0.6599821397747476 0.40072298660867234 0.6701974520542905 0.40824765860029993 0.6718391986706456 0.40181748435290915 0.6773116873918292 0.40291198209714596 0.6891687462877271 0.4109839029608919 0.6840610901479558 0.413583335103454 0.6714743660892333 0.41344652288542444 0.6725688638334701 0.41932944826069685 0.6685557054379355 0.42617005916217626 0.661806302681809 0.4343787922439519 0.6313427821338866 0.43410516780789266 0.6262351259941152 0.4421770886716385 0.6426525921576662 0.4462814552125262 0.6532327370186212 0.45243800502385784 0.6561513976699191 0.45613193491065684 0.6665491262401682 0.459415428143367 0.6804127643338335 0.46707691235302407 0.6871621670899599 0.47514883321677 0.6944588187182048 0.4830839418624862 0.6950060675903231 0.49512341704909024 0.6955533164624415 0.5016904035145107 0.6893511625784332 0.510309573250375 0.6809600132059517 0.5070260800176647 0.6822369272408945 0.4989541591539189 0.6652722122052253 0.5001854691161852 0.653050320727915 0.5019640279505698 0.6497668274952049 0.49881734693588925 0.6402811803784866 0.4996382202440668 0.6322548635874172 0.4926607971245577 0.6169318951681031 0.4917031115983505 0.6041627548186745 0.48609381065913726 0.5985078498067847 0.49074542607214333 0.5923056959227766 0.4877355572754924 0.591393614469246 0.48609381065913726 0.5952243565740746 0.4803476975018944 0.5935826099577194 0.47090765445785265 0.5733344016893399 0.4639302313383435 0.5744288994335767 0.46023630145154454 0.5636663382819155 0.4523011928058283 0.56439600344474 0.4480600140469109 0.5937650262484255 0.44067215427331297 0.6058045014350295 0.4358837266422773 0.5740640668521643 0.4295903646129161 0.5700509084566296 0.42548599807202836 0.5826376325153522 0.4193294482606968
28 0.7562046373311899 0.3608054102688671 0.7559732405633407 0.34952481783621847 0.7522708922777536 0.34865707995678397 0.7481057504564679 0.35230157905040893 0.7481057504564679 0.3635821714830575 0.7446347989387299 0.36757376572845624 0.7492627342957138 0.37312728815683704 0.755279050259793 0.37052407451853353 0.7608325726881737 0.37208600270151565 0.7710140304735389 0.3639292666348312 0.7645349209737611 0.36323507633128366
