16 0.2477070290116753 0.5401498054728687 0.2351062820223906 0.48473515678135554 0.2368245657027476 0.47571416745948125 0.2471342677848896 0.4705593164184102 0.3118562864116699 0.46497489445725004 0.3737144989045219 0.45810175973582207 0.3857424846670209 0.4602496143362684 0.39490666429559146 0.4675523199777855 0.3997873362963953 0.4862742815410309 0.4083787546981803 0.5236469515887956 0.41066979960532296 0.5330975118307593 0.405514948564252 0.5382523628718302 0.36026681164818425 0.5429776429928119 0.3155914359589023 0.5464142103535259 0.2772164337642627 0.5468710776074486 0.25579088700052366 0.5466028945499447
20 0.42139101200826695 0.7469442414898302 0.4241345095881462 0.7287381333146272 0.4329267773389765 0.7225835458890463 0.42940987023864435 0.7032405568372198 0.43234062615558777 0.6795014339099782 0.4387882891728633 0.6715883929342311 0.43820213798947466 0.6627961251834009 0.4576514191424538 0.6474727464004034 0.49744719472005855 0.677319578083607 0.5164406330639154 0.6791850050638072 0.5385996444650816 0.6810504320440074 0.5718381615668309 0.6885121399648084 0.6007805438050889 0.6898688141322267 0.6281401395146922 0.6910559040287176 0.6224873304837824 0.7051313985156829 0.5962582965803611 0.7219202413374849 0.5908315999106876 0.7334519717605407 0.586987689769669 0.7490537246858519 0.5831437796286504 0.764316309069308 0.5734209480954856 0.7819530732457465 0.5691248132319942 0.7868710171026378 0.5799782065713409 0.8009465115896033 0.5964844089415974 0.8179049386823326 0.5962582965803611 0.8201095342043875 0.5496791501656647 0.8353721185878435 0.5094311498655871 0.8314716803565161 0.4628520034508908 0.8270624893124063 0.42803069982048664 0.822822882539224 0.3918527220226643 0.8145132532637867 0.3990883175822289 0.7906018710630385 0.4097155985603392 0.777543882201637 0.4115244974502303 0.7646554776111627
23 0.626090289548766 0.35840788149363545 0.6275314933892178 0.33514569975511405 0.6288385360639136 0.322892723076396 0.63118225767195 0.31153468759129654 0.6391148538837654 0.3022048727285364 0.6470474500955806 0.2942272049473357 0.6607492071887164 0.28651996658244683 0.6760735407797236 0.2825987400459244 0.6964458901418858 0.2817874517969887 0.7124913688430579 0.28327481358670414 0.7303397103196425 0.28881861662109787 0.7415174595272007 0.2955793520288951 0.7490894831839338 0.3023400874366924 0.7552192166203365 0.3109938287586728 0.7615292363342807 0.3270843790292302 0.7597263735588681 0.33965934688773314 0.7519740636245938 0.3487187323341814 0.740255455584412 0.3577781177806297 0.72421240561942 0.36450961996475834 0.7031164824109125 0.36385364978959495 0.6802859072822193 0.36207393366581614 0.63654455269492 0.36021016097530156
14 0.7401734305009569 0.36532588843618335 0.7406618297863274 0.35864247979518765 0.753342632662543 0.34929873030745 0.7606257023470302 0.340880003633003 0.7626279343801167 0.3268643794013963 0.7563987680549583 0.310846523136703 0.7521718337628864 0.30400556369032367 0.7499471315039012 0.3008353629712698 0.7495021910521044 0.2909910554752604 0.7693020411570722 0.2911579081446843 0.7708593327383617 0.2854849173842721 0.7813154333555922 0.2833158326817615 0.791104123295127 0.28548491738427206 0.7931063553282136 0.29165846615295593 0.8186904313065432 0.2911579081446843 0.8220274846950208 0.2978320149216398 0.8233623060504119 0.31368301851690916 0.8231398358245134 0.33120254880641736 0.8251420678575999 0.3543950698563378 0.8080118604634143 0.36740957807140107 0.7964434087166913 0.3660747567160099 0.7925031077162159 0.3686636830023386 0.7742884798520177 0.3674188799354413
11 0.20979075194025787 0.303082657117231 0.19308175399811345 0.3114371560883032 0.1844178291392237 0.3313951258525313 0.18194242203668382 0.34299859664568705 0.18379897736358872 0.3611000110830102 0.19246290222247844 0.3787372866886071 0.20917190016462292 0.4028725059383714 0.2289751569849422 0.418189087385337 0.2432087478245467 0.42700772518813546 0.2617743010935961 0.43257739116885024 0.2784832990357405 0.4348980853274814 0.2970488523047899 0.43118497467367156 0.30695048071494957 0.42143805920742067 0.31808981267637915 0.4112270049094435 0.3094258878174895 0.388484202154858 0.2964300005291549 0.38152211967896454 0.3057127771636796 0.374560037203071 0.30323737006113965 0.36806209355890374 0.3106635913687594 0.3611000110830102 0.30633162893931454 0.35228137328021186 0.292716889875345 0.338821347160151 0.2865283721189953 0.3406779024870559 0.2834341132408204 0.33185926468425747 0.27662674370883555 0.324897182208364 0.2574423386641512 0.3183992385641967 0.25434807978597634 0.31004473959312445 0.2432087478245467 0.3128295725834819 0.23887678539510182 0.31004473959312445 0.22402434277986238 0.30865232309794577
26 0.3256818177296945 0.28469739229930513 0.31928131817338623 0.28469739229930513 0.3128808186170779 0.29083120437410065 0.3139475685431293 0.29696501644889606 0.3199924847907538 0.3137663277842054 0.32891456053251017 0.33815972655828885 0.3342483101627671 0.3541609754490596 0.3410043930277592 0.3714956617473946 0.3427823095711781 0.38696353567513975 0.3442046428059134 0.40403153449196183 0.35344980883169197 0.4232330331608868 0.35522772537511105 0.4184326584936555 0.36162822493141933 0.40936528412221873 0.36162822493141933 0.40323147204742327 0.3790518070569252 0.3992311598247306 0.39363072271296085 0.3957642225650636 0.4042982219734747 0.3957642225650636 0.4167436377774075 0.3858967857490883 0.4284778869639727 0.3768294113776516 0.42918905358134024 0.37309578663647175 0.438434219607119 0.3722957241919332 0.44270121931132456 0.36962884937680474 0.45265755195447077 0.36616191211713767 0.46154713467156566 0.36029478752385513 0.4629694679063008 0.3541609754490596 0.4565689683499925 0.3373596641137503 0.4405677194592218 0.2906893548490022 0.4306113868160755 0.26855429388343605 0.4138989713079371 0.26348723173469196 0.3826076401437632 0.26855429388343605 0.3267810606804074 0.28028854307000123
30 0.4248217586847965 0.26501053001313846 0.4048775804734518 0.2615586530150211 0.3821719006636134 0.25396452361916294 0.3629840434464722 0.2427820155342529 0.3519380370524967 0.2315058840070696 0.34702870087739657 0.221840628412341 0.34979020247589043 0.2094138712191186 0.35684737322759696 0.1930749867613632 0.3672797125996849 0.1898532348964537 0.38599655676725453 0.1870917332979598 0.403486066891049 0.18571098249871287 0.41698674137257463 0.18778210869758324 0.42465757914616875 0.168681722641334 0.4418402557590195 0.15027171198470818 0.4670006036564081 0.13462320292657623 0.5013659568821096 0.1231169462661851 0.5200828010496792 0.1208156949341069 0.5593574904504809 0.12012531953448341 0.5888135075010822 0.12426757193222421 0.6121328543328082 0.1320918264612902 0.6400547038286907 0.14635958472017518 0.6557032128868227 0.1606273429790602 0.6667492192807982 0.17305410017228262 0.6759542246091111 0.18870260923041457 0.6796362267404361 0.21079462201836552 0.6759542246091111 0.22989500807461483 0.6606125490619228 0.25589914812709874 0.6443503729819033 0.2897275427086487 0.6391342032958593 0.30054342396941636 0.6299052404972472 0.3115254874450242 0.6260915243425479 0.32451148397122986 0.6189385969811075 0.3314540311161573 0.607578065289408 0.33902771891062367 0.5901866340576707 0.34796887811242416 0.5657825289421681 0.3549114252573516 0.5432017190364444 0.35648927688119875 0.5199196417423444 0.35480623514909515 0.4886614606091364 0.350168553129141 0.45904313080186315 0.3389771267800895 0.4485357818116966 0.3088161511131274 0.4375519452987974 0.2805333043572861 0.4325513516382397 0.26740674599832215
15 0.7173311688339726 0.44800629875115083 0.7109780545203573 0.4495945773295547 0.7127932300385331 0.43598076094323596 0.7009945891703901 0.43847662728072767 0.6973642381340385 0.43847662728072767 0.7009945891703901 0.43098902826825236 0.6961541211219213 0.42463591395463696 0.6973642381340385 0.4194172843398815 0.7000870014113022 0.4180559027012496 0.6885908897961887 0.4076186434717386 0.6916161823264817 0.40716484959219457 0.7115831130264157 0.413291066966038 0.7233817538945587 0.4094338189899144 0.7318525729793793 0.4053496740740188 0.748491681895991 0.4010386322183512 0.7551473254626359 0.40081173527857916 0.7648282615595735 0.40784554041151044 0.7654333200656321 0.4096607159296864 0.7615004397762513 0.412610376146722 0.7584751472459582 0.41533313942398586 0.7611979105232219 0.4171483149421617 0.7759875340201684 0.41794416305998555 0.7877861748883113 0.44766766217011467 0.7720546537307874 0.465819417351873 0.7681217734414065 0.4662732112314171 0.7644914224050549 0.4608276846768895 0.7581383080914393 0.4585587152791697 0.7490624305005603 0.4560628489416779 0.740894140668769 0.45470146730304606 0.725162619511245 0.4567435397609939
27 0.6933077521520502 0.45310546822957876 0.6999174035609745 0.4432942669194568 0.7019829196262632 0.4518661585904054 0.7068024571119373 0.45145305537734765 0.7094187774613032 0.4494908151153233 0.7114842935265919 0.43730427033011915 0.7032222292654366 0.4385435799692924 0.7014321153421864 0.4409189234443746 0.6979895885667049 0.44029926862478797 0.6944093607202043 0.4405058202313168 0.6883505135953569 0.44959409091858776 0.6905537307316653 0.4541382262622232
15 0.6934454532230696 0.4541382262622232 0.7014321153421864 0.45289891662304993 0.6996420014189362 0.44422374914883667
15 0.7918422168434559 0.48618093667607043 0.7716430263173312 0.4693765680871097 0.7675692399927346 0.4700130972003279 0.7663810523147273 0.47383227187963717 0.7692666509613165 0.47625108250986636 0.7667205345084437 0.4814706212382557 0.7617980426995562 0.48185253870618666 0.7704548386393238 0.4882178298383688 0.7758865537387861 0.4891089705968743 0.783864385291121 0.4905093346459543 0.790993511359165 0.49000011135537974 0.7935396278120378 0.4892362764195179
15 0.6494272931761048 0.48860013287003773 0.6534257957266676 0.4865009190309923 0.6640884691948346 0.48730061954110476 0.6702195064390304 0.48480155544700326 0.6767503939382826 0.4842017800644188 0.6806156130704931 0.48370196724559844 0.6808821799071975 0.4822025287891375 0.683414564855887 0.4794035770037437 0.6900787357734913 0.4748052990705967 0.6910117197019559 0.4713066093388545 0.6945398930327211 0.4704238250736882 0.6998712297668047 0.4728229266040258 0.7026701815521984 0.47662150402706016 0.7002710800218608 0.4813197445239713 0.6993380960933961 0.48491839681947757 0.6962725774712983 0.4880172362961636 0.6945398930327211 0.4885170491149839 0.6957394437978899 0.49201573884672617 0.694140042777665 0.4965140542161091 0.6932070588492003 0.4996128936927951 0.6904081070638065 0.5022119203506608 0.6842770698196106 0.5052107972635826 0.6753470807900207 0.5063103854649874 0.6690827601274727 0.5056106475186389 0.669749177219233 0.5038113213708858 0.6638847068117413 0.501012369585492 0.6560209851289681 0.4999127813840873 0.6534886001802787 0.499512931129031 0.6497566644664202 0.49411495268577155
27 0.6376266298357259 0.49763283904489003 0.6331578072212534 0.4945559447857449 0.6335973635439884 0.4933471648982236 0.6366240740945331 0.49224813692286434 0.6395544495794331 0.490160244389873 0.6415324530317406 0.48884157542166806 0.6428511219999458 0.4884569636392749 0.6443163097423956 0.48900640904269366 0.6466606101303156 0.48922618720406114 0.6472466852272958 0.4907646343336337 0.6481257978727658 0.49180858060012933 0.6474664633886633 0.4938415285927787 0.6426313438385782 0.495489864803035
27 0.7821893676513948 0.47686331442174645 0.777224716379368 0.47275463750696567 0.7784230804795123 0.46915954520653247 0.773972013821833 0.46569284905968616 0.7785942753509615 0.46389530290946956 0.7787654702224107 0.4623545490664267 0.7813333932941486 0.46222615291283986 0.7866404343090739 0.46903114905294563 0.7854420702089294 0.47275463750696567
27 0.758972592355943 0.5341961174919067 0.7609602988396338 0.5297237779036024 0.7563223170443553 0.5237606584525298 0.763321673055113 0.5181095772886788 0.7629320645096136 0.5154410756859813 0.7707252186442581 0.5106009991015092 0.7775245195370573 0.5108405663085396 0.7861379142997174 0.5108405663085396 0.7805060792625934 0.5158098325177666 0.7854753454718205 0.521027562037455 0.7805060792625934 0.5242575850734525 0.7752055286394178 0.5259968282466821 0.7738803909836239 0.5205306354165323 0.7725552533278303 0.5257483649362207 0.7695736936022939 0.5262452915571434 0.7695736936022939 0.5314630210768319 0.7659295650488608 0.5332022642500612 0.7655982806349124 0.5359353606651361
27 0.7775245195370573 0.5396623103220564 0.7854753454718205 0.5366807505965203 0.79210103375079 0.5329538009396 0.79640773113212 0.5339476541814454 0.7967390155460684 0.5366807505965202 0.7877943363694598 0.5423954067371313
27 0.7262195440399778 0.5616582962181579 0.7221029921506772 0.5543073107015498 0.725827491479092 0.5509258573639102 0.7234751761137774 0.5463682463436131 0.7234751761137774 0.5443099703989629 0.7317082798923784 0.5437218915576343 0.7362168843425647 0.5460742069229488 0.7471943560473661 0.5431338127163057 0.7569956700695102 0.551660955915571 0.7577797751912816 0.5578357837495217 0.7573877226303959 0.5619523356388222 0.7544473284237526 0.5625404144801509 0.7554274598259672 0.5637165721628082 0.7507228290953379 0.5666569663694514 0.7468023034864802 0.5632755130318117 0.7415095939145224 0.5648927298454655 0.7419016464754082 0.5679801437624408 0.7379811208665508 0.5694503408657625 0.7335124404230203 0.5649825588604411 0.7311833607111319 0.5654861993160489 0.7270036491617492 0.5640106115834724 0.7234751761137774 0.5660688875281227 0.7199467030658055 0.5634225327421439
27 0.7499965489744634 0.5860205653839932 0.7460760233656057 0.5779344813157244 0.7484283387309203 0.5769053433433993 0.7554852848268641 0.5782285207363888 0.7580336264726215 0.581168914943032 0.7631303097641364 0.585726525963329 0.7576415739117358 0.589402018721633
27 0.7769591443788806 0.6067313406711459 0.7755298597129887 0.6048018063721916 0.7675258655839936 0.605444984471843 0.7746722889134535 0.6090896603698677
27 0.8021720260882368 0.655209056913072 0.8090759491211651 0.6478404467529273 0.8029686325920363 0.6456497788674789 0.7918161415388444 0.652221782523824
27 0.766855804419796 0.6486370532567268 0.7615450943944666 0.6440565658598801 0.7559688488678705 0.6470438402491279
27 0.7503926033412747 0.6458489304934286 0.7490649258349422 0.64425571748583 0.7509236743438076 0.6420650496003816 0.7477372483286099 0.6380820170813843 0.7400367187918822 0.6440565658598801
15 0.5852678317458307 0.6013743403780935 0.5844916144623482 0.5821629626119006 0.6066138070416004 0.5646980737335436 0.6299003255460764 0.5664445626213793 0.6527987354088112 0.5728483552101102 0.6628895600940843 0.5981724440837279 0.645036562573986 0.6074870514855182 0.6194213922190622 0.615346251480779
15 0.554995357690012 0.644454399611374 0.5499499453473754 0.639214932947867 0.5573240095404596 0.6284449181395468 0.5666386169422499 0.626989510733017 0.5771175502692641 0.6322289773965242 0.584103505820607 0.6339754662843599 0.5852678317458307 0.6322289773965242 0.5868202663127958 0.6290270811021587 0.6190332835773209 0.6380506070226432 0.6217500440695098 0.645036562573986 0.6035089379076702 0.6438722366487621 0.5794462021197118 0.6467830514618217 0.5631456391665784 0.644454399611374
15 0.5721312743405036 0.5173448423820619 0.5783578749185017 0.5195674442562421 0.5908593826801202 0.5084104775407314 0.5845411919036303 0.5040021641202627 0.5706216303081989 0.5147429181269418 0.5721164538239393 0.5172890523853935 0.56425668005217 0.5229033795267679 0.5584665371931014 0.5168237295247458 0.563561862909082 0.506054063806878 0.5723628800548662 0.4959792152320985 0.6117358514965333 0.4949369895174662 0.6307275200742787 0.5083122195219147 0.6309591257886413 0.5135233480950766 0.6163679657837882 0.5303726638149664 0.6133570914970725 0.5312411852438267 0.5987659314922193 0.5272459866710694 0.5918177600613369 0.5343678623877238 0.5795426572001113 0.5362786095312164 0.564301658350595 0.523051496546277
27 0.5722994437480434 0.5171486408472931 0.5708878041136534 0.5147868591512944 0.5844912004136181 0.5041996717216743 0.5906083054959752 0.5084345906248446 0.5782655076670773 0.5194019447074137
17 0.6825678289512076 0.6315244922249844 0.7000321650216654 0.623794376259372 0.7154923969528901 0.6192851419460981 0.7200541089405391 0.6153094384601906 0.7332410049088312 0.6116218780321523 0.7380249660494588 0.6094785864122274 0.7412594501715983 0.6100519478760609 0.7572922832854613 0.6285183360161352 0.7507073696851247 0.6351748247643014 0.732670432432029 0.6426902152864247 0.7074759803959588 0.64676999871272 0.6940198526039668 0.6411871371819999
12 0.5430955672743218 0.46776891687373173 0.5316945662577042 0.4529766214842234 0.5257743810204756 0.42563871204540393 0.5282591370744476 0.4096120354972846 0.5362103564471581 0.41184831594585936 0.55111889277099 0.3988033466625064 0.5590701121437004 0.40253048074346437 0.55111889277099 0.38575837737915336 0.5550945024573453 0.37755868240104573 0.5615548681976724 0.3824039567062911 0.5724877948351493 0.3988033466625064 0.5864024287373925 0.3976852064382189 0.5883902335805701 0.3988033466625064 0.5998201114288412 0.3924672187248778 0.6276493792333276 0.3868765176034408 0.6828109636315063 0.399548773478698 0.687550015304799 0.40761789822587274 0.6985487560360406 0.41760034979685673 0.6958899256749856 0.4196811735576824 0.6958899256749856 0.4256635418700563 0.6999659928777581 0.4311640234410929 0.6946483321556478 0.43992082343456773 0.6870186450326203 0.4475505105575954 0.6909490899141799 0.4553535996606918 0.6921051031146387 0.4632433897538227 0.6914114951943635 0.4699193659864717 0.6896774753936754 0.47364750855795107 0.6830882001510606 0.4785027639998777 0.6803236758064386 0.48130651274862496 0.6799362298013644 0.4830232564435469 0.6728880412049615 0.48305772869141855 0.6699754467355435 0.48347100223099815 0.668164915038338 0.4850060182351508 0.6638353827189332 0.48654103423930345 0.65383809899958 0.48612776069972385 0.6482490663690758 0.48583256531430996 0.6428961900469023 0.48524217454348195 0.6384076963491092 0.4864708646686552 0.6342076457152335 0.487520877327124 0.6326676271494791 0.487520877327124 0.631827617022704 0.4824808165664731 0.6274875647010325 0.4811158001104636 0.6229055497083729 0.48183379542065086 0.619087463433281 0.48132580264215735 0.6182908655520923 0.47873685952828615 0.6178274482431184 0.47723075327412856 0.6157274229261804 0.4766007456790472 0.6108273638533255 0.4776507583375161 0.6153074178627929 0.47796576213505687 0.6105473604777337 0.4812208013763105 0.6076073250340207 0.48101079884461667 0.5999072322052487 0.48059079378122915 0.5917871343130888 0.478700770995985 0.5885670954937842 0.4737657115011811 0.5791869824114617 0.47471072289380317 0.5752669351531776 0.47544573175473137 0.572046896333873 0.478700770995985 0.5643468035051008 0.4783857671984444 0.5516066499156778 0.47544573175473137 0.5509066414766984 0.4700906671965398 0.5447465672136806 0.46851564820883645
12 0.7975550766881357 0.5093108408372631 0.8036749978627487 0.5044914029122556 0.8027570096865567 0.49691800045867235 0.7978610727468666 0.49141007140152093 0.7724633998722237 0.49141007140152093 0.7611415456991901 0.48291868077174577 0.7608355496404596 0.48085320737531395 0.766095006107795 0.4808134230573016 0.7686812974455409 0.47626511760126555 0.7657206008926596 0.4738264095670511 0.7672367027113383 0.4692781041110151 0.7657206008926596 0.46392715651567856 0.7617965726560795 0.46064970111353487 0.7492218458070387 0.4579742273158666 0.7406603296545002 0.45549941405302347 0.7319204485821171 0.4575729062462164 0.7263911360669362 0.4608503616483599 0.717651254994553 0.4667364040032302 0.7057899878248903 0.47416084379175966 0.7037387912466779 0.4795117913870961 0.7007957700692429 0.4839263231532488 0.6962474646132069 0.4895448181283521 0.6960690996933623 0.49248783930578727 0.6946421803346058 0.49710303160676506 0.6941962680349945 0.5011162423032675 0.6940179031151499 0.5041261503256443 0.698209478731497 0.5106810611299316 0.6996363980902532 0.5136909691523084 0.7030405502531479 0.516566691953354 0.7081169299824062 0.522803329523387 0.7076058059819491 0.5258974138206358 0.7163677306351333 0.5303936646295068 0.721360033618078 0.5317681245106896 0.7265480153206212 0.5334974517448707 0.729776092824426 0.5337568508299978 0.7400367677472337 0.5350538462556337 0.7482222499890243 0.5353132453407607 0.7584829249118321 0.5282230036806183 0.7551395589257487 0.523121488339784 0.762172156344752 0.5178470402755316 0.7622874448270306 0.5151665830625509 0.7711646579624937 0.5100650677217167 0.7904178345030433 0.5098921349982986
27 0.5784650043230359 0.49118251273601865 0.5600529433474035 0.4862881674133821 0.56494728867004 0.48331660061035286 0.56494728867004 0.4805198318545606 0.5696085699296937 0.4791214474766644 0.5733375949374168 0.4805198318545606 0.576134363693209 0.4763246787208722 0.5807956449528628 0.4761498806736352 0.5880206309053262 0.47422710215402797 0.5915165918500667 0.47982063966561256 0.5884867590312917 0.48244261037416775 0.5910504637241012 0.48943453226364847 0.5912835277870838 0.4936296853973369 0.5842916058976032 0.4936296853973369 0.5833593496456724 0.48925973421641145
27 0.6003730262434088 0.494154079539048 0.5947794887318243 0.4931052912556259 0.5959448090467376 0.4890849361691745 0.5999068981174434 0.4855889752244341 0.5961778731097204 0.48331660061035286 0.6003730262434088 0.4812190240435087 0.605500435629028 0.4845401869410119 0.6115601012665779 0.4845401869410119 0.6106278450146472 0.4819182162324568 0.6156382735521763 0.4785004926045108 0.6176064046017309 0.4787772610333545 0.6179754291735223 0.48177558567916046 0.6244948632751723 0.48371296468106584 0.6265422188066735 0.48766597162247133 0.6258656737583891 0.489372710267007 0.6238360386135359 0.49047978398238157 0.6311550259540674 0.49532323148714497 0.6357216200653381 0.49885702204559024 0.6386234265594718 0.49920065702515876 0.6401182130396645 0.5000756425065472 0.6370994013063928 0.5011206157988336 0.6350675087936137 0.5027316162911085 0.6291459934706576 0.5026445351834179 0.6258369113784175 0.49933545309117766 0.6221654874129501 0.4974943682360059 0.6171147831668993 0.49462069168221845 0.6149087284387392 0.49466423223606365 0.6178114320284236 0.4985828820821376 0.61177380856188 0.49462069168221845
12 0.6320283041016977 0.5112526548486012 0.6310932624555509 0.50383076178231 0.635378870000391 0.5034216810621208 0.6416124809747036 0.5006749962265642 0.6397423976824099 0.49909711344869123 0.6381060748016528 0.4979867514938918 0.6425475226208506 0.4965841890246714 0.6490928141438791 0.49944775406599634 0.6545291523028447 0.49989664007129764 0.6595160410822949 0.5005394812030236 0.6635678882155982 0.5014160827462864 0.6639574889014928 0.503227725935696 0.6662950930168602 0.5053900097424108 0.663723728489956 0.5084873351952724 0.6613861243745888 0.5097730174587244 0.6603731625912629 0.5111755799279448 0.6613082042374099 0.5120521814712076 0.6726370520322462 0.5103740574417928 0.6808749931074192 0.5097934270816231 0.6914239662195828 0.5107671784458229 0.6940206365241156 0.5144187460615719 0.6990516852391475 0.5169748433925961 0.7029466906959463 0.5184354704388958 0.7029466906959463 0.5228173515777945 0.6946698041002487 0.5291467354450927 0.6905520091116418 0.5343460611046017 0.6903897172176084 0.5378759097998257 0.6972059767670067 0.5395799746871752 0.704184528210438 0.5449356071902738 0.7032107768462381 0.5493174883291726 0.6972059767670067 0.551264991057572 0.6988288957073394 0.5543079640706962 0.6998026470715392 0.5580812506069701 0.6957453497207069 0.5585681262890699 0.6937978469923075 0.5600287533353695 0.6944470145684407 0.5642889155537434 0.6915257604758415 0.5666015750437178 0.6868192955488762 0.5674536074873925 0.682275122515944 0.569279391295267 0.6803276197875446 0.572687521069966 0.687955338807109 0.5737829913546907 0.691850344263908 0.5739047102752156 0.6936355550982742 0.5715920507852413 0.6973682686610398 0.5714703318647164 0.7020747335880053 0.5709834561826165 0.7046714038925379 0.569157672374742 0.7033730687402715 0.5645323533947934 0.7059697390448041 0.5628282885074438 0.7124614148061356 0.5634368831100687 0.7163564202629344 0.5647757912358432 0.7217120527660331 0.565749542600043 0.7236595554944326 0.5662364182821428 0.7274678027003241 0.5650273735568081 0.7310874216387088 0.5659692131785307 0.7354474724603631 0.5674306709224869 0.7370726074939236 0.5697021664807589 0.7383283936562204 0.5709210177559293 0.7399535286897809 0.5709210177559293 0.7423589266741218 0.5709832040454789 0.7423589266741218 0.5750212747954468 0.7404206527141372 0.5792208683754136 0.7440818368607748 0.5818052336553932 0.7460098105191464 0.5861016583650555 0.7457738461425888 0.5893809433713958 0.7460212127900134 0.5944538948977011 0.7402904446890353 0.59943061456434 0.7377363661678118 0.6014305701033272 0.7368130415543354 0.6061626087473948 0.7355819420696997 0.6090479981645092 0.73281196822927 0.6113563096982008 0.7278875702907279 0.6121642187349927 0.7220398477387096 0.6138954523852614 0.7192698738982797 0.6150496081521072 0.7166537874934292 0.6174733352624834 0.7115755021193079 0.6179349975692217 0.7101905151990929 0.6173579196857988 0.7074205413586632 0.6174733352624834 0.7029578057268595 0.6166654262256913 0.7012650439354857 0.6150496081521072 0.6961867585613645 0.6152804393054764 0.6917240229295608 0.6151650237287919 0.6908006983160841 0.613202958925154 0.6895394704863119 0.6097145687884722 0.6888001616535514 0.6052392841339181 0.6849529757640656 0.6024693102934884 0.6794130280832058 0.599006842992951 0.6675636955435895 0.5938131420421451 0.663870397089683 0.5933514797354069 0.6544173117612319 0.5744398130986628 0.6511636916946955 0.5714719839839166 0.6318806538486195 0.565771867747658 0.6266672269736063 0.5653419865481896 0.6222688376878189 0.5572218832513512 0.6236221882372919 0.5551918574271416 0.6373248625507067 0.555001542506122 0.6430766023859672 0.5539230912870107 0.6530575626883313 0.5574121981723709 0.6552567573312248 0.559505662303587 0.6678784961649572 0.5678997243226346 0.6698239375798248 0.5689781755417459 0.6611117434175919 0.5694856819977983 0.6586587955466718 0.57221352919908 0.6605196525521975 0.5762735808474991 0.6645797042006167 0.5810948921799969 0.6711772881292979 0.5821733433991082 0.6732073139535075 0.5829346030831869 0.6733764827721916 0.5799530026538791 0.6758294306431115 0.5791917429698005 0.6716847945853501 0.576717648996545 0.6691472623050881 0.5729747888831586 0.6618893794040297 0.569525795992724 0.6702468596265351 0.5692953670767786 0.6720518582709567 0.5678290448436915 0.6692794122628843 0.5618099186419556 0.6649018659343491 0.5569946176805669 0.6621294199262769 0.5522887553773915 0.6586273828634487 0.5483489636817099 0.6541039183239624 0.5470356997831494 0.646224334932599 0.5481300863652832 0.6399498518616986 0.5487867183145634 0.6364952361690173 0.5482876776490331 0.6264268796133863 0.5477404843579662 0.61942280548773 0.5479593616743929 0.6162126048468042 0.5482876776490331 0.6143156681044389 0.5431440607130043 0.6108136310416108 0.5386570757262557 0.6100840399868549 0.5361399865873478 0.6153370955810972 0.5351550386634274 0.6229248425505582 0.5360305479291345 0.6274483070900445 0.537891005118762 0.6310962623638238 0.5322001948916663 0.6277401435119468 0.5289170351452648 0.624529942871021 0.5260716300317169 0.6277401435119468 0.5218035223613952 0.6329931991061891 0.51742597603286 0.6394136003880406 0.5147994482357389 0.6515248118969881 0.5115162884893374 0.6486064476779647 0.5092180766668565 0.6411646189194549 0.5102030245907768 0.6360574815361637 0.5110785338564839
27 0.6731349048835407 0.5827832678583048 0.6729450033430069 0.5800347884425057 0.6751145145026807 0.5790686780042135 0.6714534644207313 0.5768313696208 0.6690805615898383 0.5731194716210457 0.6617518030031745 0.5695854763516749 0.6611896887533689 0.5696156052541117 0.6588396571892638 0.5722148825901673 0.6606674595169012 0.5762028149413759 0.6647503426383765 0.5809384846084363 0.6712307327090907 0.5820422873127887
27 0.7554662873086581 0.6246272371474239 0.7632097162179287 0.6202024206278407 0.7508571034340923 0.6103848589750156 0.7473541236894223 0.6105231344912526 0.7464322869145091 0.6060983179716695 0.7445886133646828 0.6048538383255367 0.7414543683299784 0.6062365934879064 0.738504490650256 0.6091403793288829 0.742007470394926 0.6094169303613568
27 0.6574088677993434 0.5569954115282792 0.6603083942509884 0.5531023795084878 0.6549312900632769 0.5484646271465866 0.6412196743846121 0.5492711927747433 0.6279065689423445 0.5482907259285839 0.615816038816129 0.5491259270228289 0.6099298596757347 0.5475748392763737 0.604453116986698 0.5463471570599661 0.6029300790763467 0.5480520970445139 0.5975267257113874 0.5483691755929585 0.5892542577302926 0.5492043766872036 0.5892542577302926 0.5451476856580129 0.6003902723202279 0.5443124845637677 0.6016629597019348 0.5403751079766119 0.6022993033927884 0.5385853913460866 0.607867310687756 0.5375115613677715 0.6110490291420232 0.534648014758931 0.6148670912871439 0.5313072103819503 0.6105717713738832 0.5313072103819503 0.5989584990158078 0.5277277771208997 0.5925950621072731 0.534648014758931 0.5798681882902041 0.5371536180416664 0.5782773290630706 0.5388240202301567 0.5781182431403572 0.540494422418647 0.5690503455456956 0.5407330513027171 0.565709541168715 0.5440738556796976 0.5617992638777926 0.5423571935092757 0.5642166975245096 0.537780877830765 0.5598441252323315 0.5363413183248408 0.5564825576513399 0.5390626491142267 0.5539371828879261 0.5382274480199816 0.5534599251197861 0.5299947515195651 0.551232722201799 0.5272505193527596 0.5474146600566784 0.5286822926571799 0.5439147697569844 0.5365570458314913 0.5442329416024111 0.5483691755929585 0.5405739653800038 0.5650731974778614 0.5483691755929585 0.573544522862348 0.5552098702696331 0.578913672753924 0.5553689561923465 0.5823737915729396 0.5575961591103334 0.5849987092977101 0.562209650869021 0.589532658095041 0.5671413144731352 0.5912030602835312 0.5706412047728292 0.589771286979111 0.5717548062318227 0.5869077403702704 0.5793909305220641 0.589532658095041 0.5798681882902041 0.5937086635662666 0.5832089926671847 0.5950211224286519 0.5840044222807516 0.5855952815078852 0.5801863601356309 0.5828510493410797 0.5803454460583443 0.5762887550291536 0.580663617903771 0.573783151746418 0.5929132339526999 0.5747376672826983 0.6022993033927883 0.5668629141083869 0.6056401077697687 0.5647152541517564 0.6015038737792214 0.5644766252676864 0.6002311863975145 0.5611358208907058 0.5987994130930943 0.5585109031659353 0.6008675300883679 0.556601872093375 0.6050037640789154 0.5612551353327409 0.6099354276830296 0.5599426764703556 0.6094581699148894 0.5631641664053012 0.6253667621862258 0.5649538830358264 0.6213896141183917 0.5567211865354099 0.6232990518038983 0.5548118505031399 0.6374969621398829 0.5545440791679078 0.6430611595272444 0.553648086653177 0.6530872321747025 0.5567394590528099
27 0.5672858693860948 0.5274853169880679 0.5639444553729904 0.5290212895586079 0.5712740086920582 0.532578278669332 0.5773101114254083 0.535003498517553 0.5690104701670521 0.5275661576496753
15 0.7028442041560062 0.5691492590797541 0.6929156547276292 0.5664116075829589 0.6952517840048944 0.5646595106250101 0.694521743605749 0.5609363045893687 0.6956898082443815 0.5592937136912917 0.7012381152778864 0.558527171272189 0.6981719456014759 0.5510807592009062 0.704012268794639 0.549000144063342 0.7048883172736133 0.5441818774289825 0.6980259375216469 0.5390350926150076 0.7154008990213065 0.5320267047832121 0.7235773514917346 0.5334502835615456 0.7289796504454106 0.5341073199207764 0.7311697716428466 0.5364069471780843 0.7377401352351549 0.5356404047589817 0.7477073768046865 0.5362511751922303 0.7554458050356274 0.5412884539463334 0.7539857242373367 0.5463257327004364 0.7478533848845155 0.5428215387845386 0.7363187465780188 0.5452306721017184 0.7323765284226337 0.5433690690838977 0.723032011313573 0.5436975872635131 0.7231780193934021 0.5464352387603083 0.7247841082715218 0.5498299266163342 0.7253175993324359 0.5510074405149772 0.7215162055380695 0.5540528753161457 0.7252886569024106 0.5614615436622442 0.7194137755838441 0.5631462522756565 0.7221784256161108 0.5652845362849876 0.7167355208650862 0.5645717749485439 0.7128477317572114 0.5630814557905253 0.7062816879305786 0.5623686944540817 0.7028258753902454 0.5645717749485439 0.7040354097793621 0.5683299710861562
15 0.7449391828013967 0.5768209553928446 0.7442339149360225 0.5719281595768119 0.7508372320239508 0.5668728419614186 0.7669788035943373 0.559233338000078 0.7919796191714845 0.5645447595648064 0.8014341007741982 0.5676269136754682 0.8084584017484883 0.5878017414244975 0.8073178859884209 0.5914781925447415 0.7789252401844331 0.6061257181994524 0.7763318059115004 0.6043931448400822 0.7668887608307968 0.6052032089284027 0.7496997408926718 0.6022105985463123 0.7429996961716179 0.598640179977856 0.7475839372965496 0.5952019991341572 0.747407620330206 0.5879289242724868 0.7479365712292366 0.5858131206763645 0.7572813704454435 0.5897802524190938 0.7638050982001539 0.5858131206763645 0.7558708347146953 0.5776143817413906 0.7491707899936412 0.5762920044938141 0.7454352781876139 0.578037072569481
27 0.586079084649842 0.6290798830570017 0.583859688603021 0.6333601468615853 0.5772015004625575 0.6318144960432635 0.5640436524706892 0.625394100336388 0.5687995011424488 0.6217083176157743 0.5713359537673872 0.6192114970631004 0.5719700669236218 0.6113643467546972 0.565945991939393 0.6116021391882851 0.5477152386976478 0.6035171964462939 0.5516784459241142 0.5997125175088861 0.5570684077521084 0.5985235553409463 0.569116557720566 0.6037549888798819 0.5713359537673872 0.5979290742569763 0.5817988208452584 0.5962645272218604 0.5846523300483141 0.5988802439913282 0.5821158774233757 0.602090441844766 0.5716530103455044 0.6025660267119419 0.5703847840330353 0.6049439510478217 0.573713878103267 0.6076785640340835 0.5784697267750266 0.6055384321317916 0.5817988208452584 0.6047061586142337 0.58512791491549 0.6037549888798819 0.5892496504310151 0.6062518094325556 0.5924202162121881 0.6049439510478217 0.6198456102193352 0.6158824029928688 0.6325278733440274 0.6121966202722552 0.6312596470315582 0.6157635067760747 0.6380763634610803 0.6193303932798945 0.6380763634610803 0.6215894213989802 0.6471124759374236 0.62575078898677 0.6523439094763591 0.624799619252418 0.6558315318356495 0.6281287133226497 0.6567827015700015 0.6312200149592935 0.6648676443119927 0.6305066376585295 0.670257606139987 0.6280098171058558 0.6773913791476264 0.6321711846936454 0.6815131146631515 0.6303877414417355 0.6813545863740927 0.6275342322386798 0.6916589251629052 0.6193303932798945 0.6819886995303273 0.6181414311119545 0.6756475679679812 0.6184981197623366 0.6572582864371773 0.612672205139431 0.653295079210711 0.6124344127058431 0.6499659851404793 0.6131477900066069 0.6398201746407256 0.6111265543211092 0.6390275331954323 0.6102942808035512 0.6450516081796611 0.6081541489012594 0.6632823614214061 0.5985661999558 0.6632960351177087 0.5974290414654454 0.6649556394182771 0.5977537466546871 0.6670481839711679 0.6007302108894024 0.6663987735926845 0.6037607926556579 0.6667595571362864 0.6066831393588329 0.6669038705537271 0.6079819601157996 0.670944646242068 0.6105254840981926 0.67332581762984 0.6114454821343773 0.6766450262309772 0.6144219463690926 0.6790261976187495 0.6142595937744718 0.6856535404740858 0.6142945049552945 0.6903010458989143 0.61366582733092 0.691268787834398 0.6153593757180168 0.6961827956989248 0.6154704301075268 0.7011111111111111 0.6152419354838708 0.70284178187404 0.6169354838709676 0.7070148489503327 0.6177995391705068 0.7107014848950333 0.6184907834101382 0.7160010240655403 0.6179915514592933 0.710465133091003 0.6203708255156877 0.7020173813905444 0.6227828049267171 0.6966073391853329 0.624908178650193 0.6823093705001313 0.6314292116654034 0.6935802917609886 0.6414764329036534 0.7040783498496728 0.6463068277297351 0.6979598497366359 0.6474178185397339 0.692936239117511 0.6470796909019083 0.6908108653940349 0.6470313869536475 0.6835330705227386 0.6479008580223422 0.6778010019957883 0.6483355935566893 0.6483677961888635 0.6488186330392977 0.627399188382419 0.6466039397304912 0.6234560089325564 0.6466039397304912 0.6197005999326871 0.6380134416432905 0.5997277493349683 0.6323471971172072 0.5869857953673536 0.6287758073412006
27 0.6909313839578138 0.5050200428993707 0.6925130599536707 0.5109513278838338 0.6945814054867143 0.5139625956451765 0.6992047660899882 0.5163351096389618 0.7024897854659984 0.5172476150211869 0.6996914356271747 0.5145100988745116 0.6982314270156147 0.5114075805749464 0.695068075023901 0.5074838074313784
27 0.6677106050201743 0.5062579860584813 0.6635739139540873 0.5107292624313842 0.6695356157846245 0.5098167570491592 0.6746456459250851 0.5096342559727141 0.6769573262267218 0.5084479989758215 0.6736723068507114 0.5067142387495938
27 0.6174301686477707 0.5310390774112458 0.6226163636983046 0.5247951715280372 0.6248000247722136 0.5242833759638398 0.6239811518694978 0.52622819910779 0.6290308681029123 0.5309367182984063 0.6232987577839012 0.5320626685396406 0.6196138297216797 0.5318579503139615
13 0.2576251794555403 0.670411935769391 0.23706099855118729 0.663802020478706 0.2830936987596939 0.5912887183159644 0.3068323266195279 0.5630008122957613 0.3230993128205504 0.5630008122957613 0.33254589764758613 0.570085750916038 0.3452782511101125 0.5700857509160381 0.34938546190447584 0.5719339957735016 0.3502069040633485 0.5753224446788513 0.30667046964309697 0.625225055830366 0.2734020622087538 0.6661944835041406 0.2651876406200271 0.6708150956477994
