19 0.42853456544724006 0.35524265260873145 0.40584914162265856 0.35270864250066647 0.3923344210463121 0.34800262372854585 0.38026770624600276 0.3411245962923695 0.3735103459578295 0.3393145890723231 0.36337430552556976 0.319766511095822 0.346556049064884 0.2838091321032754 0.3301453169364633 0.24797098914635674 0.3151825905840797 0.20670282452929883 0.3021505385997456 0.17738070756454716 0.29884611516212245 0.16326265124818523 0.3012594581221844 0.1476687428908624 0.3059376306293812 0.13037621237318833 0.31403161163389637 0.12015663314615711 0.3197493780315815 0.11369629968383765 0.37852356119739583 0.1133342982398284 0.39615952898246326 0.11324432023505997 0.4609485053718165 0.11403045486292317 0.4778419060922495 0.12887251406730363 0.49425263822067017 0.1563846238120089 0.49666598118073213 0.1813627234486492 0.4985966555487816 0.20489281730925238 0.5029406728768929 0.29032515809544246 0.50438867865293 0.31385525195604563 0.4995619927328063 0.3239912923883055 0.5000446613248187 0.33086931982448176 0.48990862089255877 0.33738534581664886 0.4710845458040762 0.34752138624890866 0.443572436059371 0.347883387692918
20 0.13844836462806567 0.7257453419827071 0.1330286777565044 0.6887929314947893 0.1295797861109654 0.6559052861605424 0.12711629207843753 0.6403852737556168 0.1276089908849431 0.6359509844970668 0.12120390640037065 0.6296690747141207 0.10198865294665335 0.6396462255458585 0.08770038755799177 0.6385376532312209 0.09213467681654192 0.6182138274628661 0.1029740505596645 0.6115623935750409 0.1236674004328985 0.6045414355823365 0.14091185866059353 0.601585242743303 0.20693349873234015 0.5945642847505987 0.24339321041375248 0.5908690437018069 0.27098434357806445 0.586804278548136 0.28231641612769265 0.5794137964505524 0.3069513564529712 0.5698061697236937 0.32764470632620524 0.570545217933452 0.33207899558475534 0.586804278548136 0.33257169439126094 0.6115623935750409 0.3345424896172833 0.644819563014167 0.3409475741018557 0.6662519610971593 0.3452746235655389 0.6899460049395933 0.35387648388019555 0.6913586276194714 0.3602810429347677 0.6912523391334322 0.35646127280386236 0.700101535268177 0.3491823882857368 0.7033478737389764 0.3360205860368 0.6972919859070104 0.325673911100183 0.6928576966484602 0.3158199349700715 0.6854672145508767 0.30448786242044334 0.6850976904459976 0.2961119827098487 0.6891624555996685 0.2675354519325255 0.6939662689630979 0.23353923428364104 0.7009872269558022 0.20644079992583456 0.7050519921094732 0.18821094408512842 0.7061605644241108 0.15520012404925512 0.7250062937729489
31 0.19573088323956053 0.4639161158308117 0.18587330909488625 0.4620678206786854 0.17742395982802261 0.45361847141182177 0.17988835336419118 0.446753375132495 0.17601573495021203 0.43645573071350496 0.1753116225113067 0.4269502127882834 0.17707190360856995 0.422989580319441 0.1746075100724014 0.4134840623942194 0.17495956629185405 0.40345046013981883 0.17812807226692795 0.3984336590126186 0.17214311653623285 0.3934168578854183 0.16651021702499041 0.3891921832519865 0.16580610458608513 0.38338325563101777 0.17143900409732754 0.38021474965594393 0.17707190360856995 0.38338325563101777 0.18235274690035974 0.3815349604788912 0.18870213362662117 0.3733556207295369 0.19433503313786363 0.37256349423576846 0.2017282137463693 0.36913094609610503 0.24080645410561363 0.36200180765218876 0.24819963471411927 0.36622648228562066 0.2541845904448144 0.3635860606397257 0.26087365861441475 0.3635860606397257 0.2636901083700359 0.3596254281708834 0.3038245173876382 0.3601535125000625 0.30452862982654355 0.3633220184751363 0.31192181043504924 0.3646422292980837 0.32177938457972344 0.3633220184751363 0.3224834970186288 0.36622648228562066 0.3316369587243977 0.3651703136272627 0.33374929604111364 0.36833881960233655 0.340438364210714 0.37441178938789477 0.3467753761608618 0.37441178938789477 0.3478315448192197 0.3849734759714744 0.347479488599767 0.40055196368225426 0.34923976969703024 0.40715301779699137 0.3464233199414091 0.41349002974713917 0.3436068701857879 0.4195629995326973 0.3436068701857879 0.42642809581202407 0.3453671512830511 0.43540552940806665 0.34923976969703024 0.44306275218116187 0.35064799457484086 0.4501918906250781 0.3513521070137462 0.45468060742309935 0.3386780831134508 0.4541525230939204 0.33515752091892426 0.45520869175227835 0.3224834970186288 0.4541525230939204 0.318258822385197 0.45652890257522566 0.3189629348241022 0.45943336638571014 0.31016152933778596 0.46550633617126835 0.29431899946241663 0.46629846266503683 0.2876299312928163 0.4649782518420894 0.28129291934266853 0.46629846266503683 0.27249151385635223 0.46761867348798425 0.26545038946729926 0.46550633617126835 0.25172019690864583 0.4699950529692897 0.2457352411779507 0.47210739028600557 0.21651457496338067 0.4718433481214161 0.18729390874881058 0.47263547461518457
29 0.5022697199560956 0.7886216064724663 0.4860422865990849 0.7669262336147237 0.49239215182574125 0.7634867232836181 0.484278435147236 0.7568722803391846 0.4846312054376057 0.7454954384747584 0.5036808011175747 0.7436433944503171 0.5005058685042466 0.7378226846592156 0.49380323298722045 0.7362352183525515 0.48956998950278285 0.7288270422547857 0.5005058685042466 0.7206251330036879 0.5230831670879136 0.7134815346236993 0.5262580997012418 0.7073962471148205 0.5167333018612572 0.6999880710170548 0.5234359373782835 0.698665182428168 0.5343718163797471 0.7002526487348321 0.5382522895738149 0.6920507394837344 0.5467187765426901 0.6901986954592929 0.5523631011886068 0.697077716121504 0.562240669318961 0.7013109596059415 0.5671794533841382 0.7013109596059415 0.574587629481904 0.6997234932992774 0.5802319541278207 0.7026338481948282 0.5802319541278207 0.7113649128814807 0.590462292548545 0.7190376666970237 0.6024564824211179 0.7185085112614691 0.6105701990996234 0.7301499308436723 0.6077480367766649 0.7388809955303249 0.6116285099707326 0.7425850835792077 0.6190366860684984 0.7465537493458682 0.6186839157781285 0.7544910808791885 0.6102174288092536 0.7608409461058449 0.593637225161873 0.7698365885102746 0.6024564824211179 0.7780384977613722 0.6102174288092536 0.7796259640680365 0.6021037121307482 0.7878278733191343 0.591873373710024 0.7904736504969077 0.5858762787737376 0.7957652048524547 0.5784681026759718 0.7978818265946734 0.5668266830937685 0.8060837358457714 0.5604768178671121 0.7944423162635681 0.555185263511565 0.7933840053924587 0.544954925090841 0.7973526711591188 0.532960735218268 0.7992047151835603 0.5220248562168043 0.7933840053924587 0.5211931512638577 0.7983151210499659 0.5175556939343317 0.7991881108090522 0.5094077895161935 0.7947140382937351 0.5094077895161935 0.7900217183386467
29 0.482028375270829 0.7020669378753422 0.4847616629737981 0.692432098722376 0.4814817177302351 0.6883321671679226 0.4710952244589526 0.6942770679218804 0.46918192306687423 0.7006319618312834 0.4730085258510309 0.7018619412976195
29 0.48722162190647 0.7016569447198968 0.4910482246906268 0.7076018454738546 0.5093612523005198 0.7063718660075184 0.5107278961520043 0.7026819276085102 0.505261320746066 0.6985819960540566
29 0.6171745016589096 0.7257280455955436 0.6166531061837527 0.7289867673152749 0.6237788443442316 0.736416652836262 0.6274286126703306 0.7386325836056793 0.6340329553556525 0.7370683971802083 0.6368137312231564 0.7313330469534813 0.6336853583722144 0.7259887433331221 0.6281238066372066 0.7245549057764403
12 0.6596233712394447 0.6078988805812111 0.6470645251390768 0.6058312656744433 0.642163512026738 0.609966495487979 0.6338930523996666 0.611574640415465 0.6210278929797777 0.61019623047762 0.6191900130626506 0.6053717956951615 0.6132392656813745 0.6007569979108869 0.6089508792080782 0.6007569979108869 0.6019056728590914 0.6046624927347818 0.590265766717287 0.6032840827969366 0.5896531400782448 0.5984596480144782 0.5770942939778769 0.5984596480144782 0.5685175210312843 0.5936352132320198 0.55687761488948 0.5897297184081249 0.5504450351795355 0.5791619088846447 0.5516702884576201 0.5759456190296725 0.5489134685819297 0.5729590641643411 0.5476882153038449 0.5688238343508054 0.5528955417357048 0.5662967494647557 0.5593281214456494 0.5612425796926565 0.5532018550552261 0.5538910600241485 0.5568776148894801 0.5447016604385135 0.5571839282090011 0.536431200811442 0.5651480745165515 0.5322959709979063 0.5835268736878214 0.5247147163397574 0.6068066859714301 0.5148361117851998 0.6144645189594592 0.5132279668577138 0.6172213388351497 0.5107008819716641 0.6313117515331235 0.5104711469820233 0.643864741141561 0.5094690067307639 0.6484652974263088 0.5116198219302276 0.6585736369705072 0.5148361117851998 0.674501929585608 0.5228768364226305 0.6760334961832136 0.5334446459461107 0.6775879133849324 0.5395515085271065 0.6836913291712428 0.53849881571821 0.6910428488397509 0.541944840562823 0.7020701283425129 0.5433232505006683 0.7100342746500631 0.5497558302106128 0.7143226611233594 0.551363975138099 0.7183047342771345 0.5552694699619938 0.7169756357561209 0.5594584632163896 0.7176921076380922 0.5642291345579878 0.7140163478038382 0.5745672090918272 0.7048269482182034 0.5798511138535674 0.7036615938824119 0.5801771981766077 0.7019351235600925 0.5806602915062625 0.6931870420763988 0.5821484637499761 0.6885923422835813 0.586053958573871 0.6861418357274122 0.5901891883874067 0.6869949652434291 0.5924825132565242 0.6836913291712428 0.5943244182009424 0.6796847636927275 0.5945730664346462 0.6772587494612982 0.5924865382838155 0.6751145562246501 0.5943244182009424 0.6760334961832136 0.5968515030869921 0.671438796390396 0.6023651428383731 0.6650062166804517 0.6083382525690357
12 0.748654114561905 0.42645916238223996 0.7463064948749252 0.42722469054103773 0.7390594949716395 0.42408602508996684 0.734466326018853 0.42408602508996684 0.7268110444308752 0.4239329194582073 0.7224544410627495 0.42203567394521085 0.7201068213757696 0.42073427607525477 0.723985497380345 0.4162942127542276 0.729599370544862 0.4117775966173208 0.735315314130552 0.41223691351259945 0.7410312577162421 0.4159880014907085 0.7446037224572983 0.4186673500465006 0.746440990038413 0.41912666694177936 0.749401032252431 0.41813148033534225 0.7446037224572983 0.41667697683362653 0.7470534125654512 0.41438039235723323 0.7586894405791773 0.4132321001190365 0.7587915110003504 0.4160645543065883 0.7567501025768896 0.42027495917997604 0.7545045533110827 0.42088738170701423 0.7495031026736041 0.4228012021040087
27 0.745063685172017 0.41516972780314615 0.7431674253603741 0.4140586380697615 0.7391971313797463 0.41303643551504765 0.7372416134489893 0.4130808791043831 0.7352860955182323 0.41201423296033385 0.7319083827287431 0.4115253534776446 0.7315528340140599 0.4095253919575522 0.7364119997813955 0.40623656634673383 0.7413304236678449 0.40619212275739836 0.7493302697482142 0.4098809406722353 0.7523524338230203 0.41214756372833994 0.7549597910640296 0.41201423296033385 0.7543079517537773 0.4130808791043831 0.7466636543880909 0.4141919688377677
27 0.6448075245780241 0.37620042274097076 0.6425503220415782 0.3743194206272659 0.6429265224643193 0.3723443684078758 0.6465631265508152 0.3703693161884857 0.6532093340192391 0.3687704643918365 0.6565951378239078 0.3684883140747808 0.6584761399376127 0.3694288151316332 0.6573475386693898 0.3730027191476725 0.6537109345828936 0.37460157094432156 0.6489457292281747 0.3757301722125445
27 0.5223826861444864 0.4143560033342065 0.5262838156620865 0.41476008144626947 0.5308954043596296 0.4136063584533049 0.5361563905876178 0.4122137444517787 0.537239534811027 0.4101248234494893 0.5312048741377464 0.4073395954464367 0.5251702134644659 0.40873220944796307 0.5195997574583608 0.4109371816170463
27 0.5493088561575881 0.36184753806324493 0.5483804468232372 0.3637043567319466 0.5438931350405415 0.3644006637327098 0.5370847999219684 0.36138333339606954 0.5380132092563193 0.3588302077266047 0.5414173768156058 0.35755364489187225
15 0.5189146603889151 0.3731090592879245 0.5386001659457003 0.36254257468759127 0.5361354707973353 0.3615042111367445 0.5372284850613844 0.3584984219106096 0.5414548068823741 0.3568042498013336 0.5495431124363374 0.36139490971033966 0.5487415686427014 0.36407279465725995 0.5436651125202204 0.3646751546439444 0.5390549173236547 0.36243639078949696 0.5190947123845323 0.37320193453637807 0.5198243835667227 0.37554019900657853 0.5231079038865787 0.37636107908654276 0.5261592561030106 0.37710733370469185 0.5270215947728719 0.37822671563191557 0.5243605497410698 0.3799762090746997 0.5209201822280309 0.3831726699356948 0.5217630677887743 0.39619872085172453 0.5217037855964811 0.4027512220275131 0.5227909109104906 0.4091683237093712 0.5250674182339222 0.40850707182150087 0.5312092166550734 0.4070702290715985 0.5374073618507306 0.40998617465228276 0.5363931199096231 0.4124583893837324 0.5314909505276033 0.4137261918101168 0.5273776359886672 0.4148038238725435 0.5281223397958328 0.4179257448746182 0.5310091429466145 0.4194199704491425 0.5339366052967032 0.42295732078883297 0.5376772516329272 0.4260067607368418 0.5425563555497416 0.42698258152020463 0.5488991906416001 0.427470491911886 0.5521112673868361 0.42506143435295907 0.5599178336537388 0.42158507281222873 0.5648782559691666 0.4185966216631801 0.5700826334804351 0.41670596889541467 0.5700826334804351 0.40874693063111145 0.5682940294302721 0.40611455144410885 0.5678308249233498 0.4002521194033737 0.5667307142194093 0.39894935672765475 0.56684651534614 0.39469366532030636 0.5609195853791524 0.38792149942754756 0.5548148267674715 0.38100875805843837 0.5574482520509417 0.37921324081970875 0.5670243439908335 0.37427556841320203 0.5736079071995089 0.36996632704025084 0.5798323669604384 0.3661957408389184 0.5834234014378977 0.3635024649808239 0.5847401140796329 0.36152739601822126 0.587373539363103 0.34411087880254326 0.578276252020206 0.33647993053794223 0.561757493423893 0.32310332710940615 0.5579270566479364 0.3207691546990576 0.5484706658572934 0.3217566891803589 0.5357823440369369 0.32373175814296146 0.5257274475000507 0.3259761546913736 0.5210591026793534 0.33019562020238835 0.5190241831421265 0.335312844332768 0.5172286659033969 0.34141760294444884 0.5162710567094079 0.348689447761304 0.5160316544109105 0.3566794994736512 0.5186650796943807 0.369248120144759
15 0.666190372893939 0.4175238960748244 0.6614424354079094 0.4175238960748244 0.6537974513202343 0.4134197467224936 0.6482141771181218 0.4153640565108858 0.6442709747992157 0.4113806174336236 0.6435467131488045 0.40860428110704694 0.6506283826194929 0.4069746923936215 0.6523183264704524 0.40637114101827865 0.6523987999871649 0.40027527212731684 0.6593195224244286 0.3879628240703246 0.6712296028978588 0.3805391421536086 0.6719538645482703 0.37239119858648145 0.6775870107181361 0.36424325501935423 0.688048567890744 0.35911306832894074 0.7037409036496556 0.3574231244779811 0.7090521557526717 0.3573024142029125 0.72836579976364 0.36961486225990475 0.7354474692343286 0.3747450489503182 0.7459090264069362 0.37148587152346735 0.7604747329318748 0.3661746194204511 0.7647398293176302 0.3661746194204511 0.7887209372979158 0.37637463766374374 0.7899280400486013 0.38259121682977415 0.7882380961976416 0.39254981452292953 0.7880771491642168 0.394179403236355 0.7863067317965448 0.3962314779125203 0.7940321894009321 0.39912852451416553 0.8052180082239512 0.4045604868922503 0.8092416840595696 0.4095699633075954 0.8073907931751851 0.4163900938489685 0.806264163941212 0.4216409908144505 0.8048156406403894 0.42586585044184977 0.8036637742291542 0.42922579883280726 0.8021373473075414 0.4320060764400307 0.8006109203859285 0.43274203227723684 0.7946142431938782 0.43127012060282444 0.7845834377089939 0.43053416476561823 0.7703004429424738 0.43274203227723684 0.7605967289407922 0.4351134455304567 0.7572167836143638 0.43527699127205804 0.755799387187152 0.43813904175008217 0.750565923455908 0.44230945816091727 0.7458776121966686 0.44230945816091727 0.744133124286254 0.44615278308854944 0.7324668613853558 0.448115331987766 0.72701533666531 0.4479517862461646 0.721890903428467 0.44770646763376254 0.717856775135633 0.4513862468197934 0.7019383229530993 0.4521222026569997 0.7007389875146892 0.44721583040895846 0.7039008718523158 0.4436995969645289 0.7057543902571314 0.4384661332332849 0.704991176796325 0.432169622181632 0.7030286278971084 0.42906225309120594 0.6995396520762792 0.42938934457440875 0.6941971578506342 0.43012530041161484 0.6892907856025929 0.426936158450388 0.6944152188394361 0.4266090669671852 0.6974680726826616 0.42783566002919554 0.7009570485034909 0.4267726127087867 0.704820131601609 0.4258069461222089 0.7123480167627786 0.426791698541548 0.7207512374078052 0.42560999563834107 0.7254780490206327 0.4241656920899771 0.731080196117317 0.424625243219002 0.7387831483752582 0.42442829273513416 0.7461119659992055 0.42749584998539164 0.7489575802714026 0.426571883792535 0.7496378250604824 0.4230516170090479 0.7570784380062104 0.4205443347287743 0.7592552213312653 0.4161057374800295 0.7588130622183636 0.4128915808516281 0.7565682544144007 0.4128915808516281 0.755956034104229 0.4114120484353798 0.7604456497121548 0.4081468734477975 0.7542894343709838 0.4063612308764634 0.7462965580992978 0.4028409640929761 0.7404804651526665 0.4010298123420515 0.732308654294793 0.39741207467259865 0.7302183869723862 0.39369909982358636 0.7273015285612068 0.3936990998235865 0.7230341736411638 0.39436587402984324 0.7228721428098056 0.39706403982588784 0.7222533258058444 0.40039475462564694 0.721476764993925 0.40552005598431506 0.7201307262532649 0.4126255874133777 0.7185258339086313 0.41608128302641895 0.7144877176866502 0.41996408708601607 0.7098801235359286 0.42233259756237024 0.704133573527725 0.42454579587634056 0.7003543109097172 0.4248952482417043 0.695384321713433 0.4244681397951487 0.6940382829727727 0.42563298101302777 0.6875151721526496 0.4259436053377955 0.6855996554832483 0.4245846239169365 0.6811473734949105 0.4207018198573395 0.6770057158313404 0.41841096546217726 0.6731229117717432 0.4170519840413183
27 0.6974841858745439 0.42762661171818583 0.6945927917569688 0.42648063234231764 0.6942166754489915 0.42559910974549603 0.6954155461806689 0.4245060217254371 0.7005636381461073 0.4250525657354666 0.701505376344086 0.4249596774193548 0.7022759856630825 0.426236559139785 0.7003405017921147 0.42681451612903226
27 0.6183706633328946 0.4473122925456012 0.6167582011294866 0.44351148878042485 0.6202134772796468 0.43668731838385844 0.6211348842530229 0.4324546050999122 0.6266633260932792 0.42969038417978406 0.6294275470134074 0.4327137508111742 0.6296578987567515 0.43470053459751623 0.6278150848099993 0.4397106850152487 0.6258570949915753 0.444288925914211 0.6225169947130871 0.4466212373155692
12 0.6018126394532354 0.3553655312022512 0.6032519531734274 0.35534112895072684 0.6035256609561739 0.35277511848747783 0.6046204920871602 0.3483615804906895 0.6116000405471975 0.3482589400721595 0.6169373423107556 0.34887478258333926 0.6187164428986083 0.3510302313724685 0.6195375662468479 0.35277511848747783 0.6220009362915669 0.35452000560248714 0.6280225075119914 0.35677809481014633 0.6287067769688578 0.3587282627622156 0.6288436308602311 0.36149955406252454 0.6274750919464983 0.36201275615517436 0.6304858775567105 0.362936519921944 0.6337703709496693 0.36386028368871365 0.6367811565598815 0.36601573247784286 0.6396550882787204 0.37022398963757136 0.6422553122148128 0.37474016805288957 0.6429395816716792 0.37710089767907873 0.6423921661061861 0.3804880314905674 0.6403393577355868 0.38202763776851684 0.6391076727132272 0.38808342246178457 0.6358231793202686 0.3899309499953239 0.6344546404065357 0.39208639878445306 0.6343177865151624 0.3969104984553613 0.638012841582241 0.4001949918483201 0.6395182343873471 0.40471117026363834 0.6430853432127868 0.407823786506041 0.6434562253562717 0.4114726837517689 0.6479100502234495 0.4157240620340749 0.6536595332338063 0.4140235107211524 0.661152734414187 0.41789430006531914 0.6684269403028921 0.4180802882840644 0.6731386418444396 0.41739833148199834 0.6799995405803773 0.420994103711074 0.6867777778857616 0.4263257659817727 0.6946040009407737 0.43093470283285595 0.702952805426674 0.42975677744746904 0.7045233726071898 0.4326705928744786 0.7051846640516175 0.4380642512180924 0.7037794197322086 0.4430859331242154 0.7005556239406235 0.4461237406970553 0.6980757810240195 0.44866557968657433 0.6970838438573779 0.45288131264480114 0.6940253709268995 0.45319129300937666 0.6922894808852768 0.4580889827696696 0.6901402836908868 0.46156076285291514 0.6879851821085999 0.46160504576214023 0.6851510759181955 0.46381919122339377 0.6813722676643227 0.46612190250309743 0.6786562492318516 0.47001879851490375 0.67558596752558 0.4730300363422086 0.6729880368510426 0.4740928261636102 0.6679102632599012 0.47356143125290934 0.6485379665709068 0.4742699578005105 0.6382643316306903 0.47117015415475555 0.6303524518491442 0.4707273250625048 0.6200788169089277 0.47081589088095493 0.6196064658771937 0.46638759995844786 0.6164180964129886 0.4621364406728411 0.6090966554211101 0.4591252028455363 0.6080338655997085 0.4562910966551318 0.6186617638137255 0.44770021226546786 0.6225438084118382 0.4469688411261324 0.6263889684159758 0.44445708338149403 0.6299860535811369 0.434875192726022 0.6298620161616486 0.43267352853010443 0.6268024264809369 0.42938653691366413 0.620848630345498 0.43217737885215113 0.6199803684090798 0.4365807072439863 0.6163832832439187 0.44349579338045964 0.6182851903427394 0.4476820562881902 0.6078247012992253 0.4561166008133954 0.6007338954851433 0.45094689836543617 0.5963837259873747 0.4487496640773575 0.5941983047868663 0.44702200002019876 0.5915808306218819 0.44590493006286613 0.5872876485582318 0.44560442951176094 0.5795542951595215 0.4408644281241718 0.5791788077331795 0.43583964694694133 0.5801913580963494 0.43109331711958243 0.5839040427613057 0.4288150788024501 0.5882917610017085 0.4257141433152424 0.5887136569863627 0.4216639418625628 0.5881230026078469 0.41666447444441135 0.5894730697587401 0.4162214836605246 0.5965609223009294 0.41495579570656216 0.5954639927408286 0.4133104013664111 0.5958015095285519 0.4112220162423732 0.5988391606180616 0.4110321630492788 0.5985860230272692 0.41020946587920326 0.5932701336206272 0.410019612686109 0.5893043113648785 0.40900706232293904 0.5839040427613057 0.410082897083807 0.58331338838279 0.4119814290147506 0.5829758715950667 0.41305726377561863 0.5790100493393179 0.41305726377561863 0.5764786734313931 0.41267755738942996 0.5736941599326759 0.4142596673318828 0.5713315424186128 0.41508236450195846 0.5711627840247512 0.40875392473214667 0.5692220624953421 0.4056529892449388 0.5688001665106881 0.4004636686336931 0.567450099359795 0.39881827429354205 0.567450099359795 0.39426179765927755 0.5554214066257712 0.3810301099412348 0.5678381728577396 0.37446389170484246 0.5836349026611722 0.3640633730365519 0.5853833956546819 0.3614858531926713 0.5856245671020627 0.3578682814819615 0.5893627245364627 0.35696388855428407 0.5931008819708627 0.3575969636036583 0.5940655677603852 0.35610471527299054 0.5978640180566306 0.3554264205772324 0.5996125110501402 0.35610471527299054
17 0.5529959700434058 0.5554665537402164 0.5475122659702021 0.5557290714884016 0.5444787275467277 0.5527538703423017 0.5436620056634845 0.5473285035464724 0.5394617216925198 0.5440032787361254 0.5394617216925198 0.5384904060242344 0.5326193424292637 0.5362362536264831 0.528185709348801 0.5350111708016184 0.5229353543850952 0.5319484637394568 0.5223519816113501 0.5185600585820069 0.5245687981515814 0.48968310628162537 0.5255021945895736 0.4828576448288078 0.5271356383560598 0.4757696656278049 0.5253855200348245 0.46754410951799924 0.5245687981515814 0.46255627230247875 0.5252688454800756 0.4590560356600083 0.5300525022247853 0.45914354157606996 0.5286524075677971 0.45774344691908175 0.5238687508230874 0.45573081084966127 0.5200184905163698 0.452493091955376 0.5235187271588403 0.44960539672533784 0.5342527861957499 0.440679793287038 0.5420699813639341 0.4327167549254176 0.5468539363209787 0.42779415574325375 0.5492802899200224 0.4277813765276839 0.5523895272979024 0.42524970699576997 0.560763983277577 0.42151184005850056 0.5646039777267936 0.4193365240540241 0.5703617287230065 0.4170479077877934 0.5738749151339918 0.41554663336216885 0.5759991673824946 0.41352450862561324 0.5764485284350626 0.41303429656826635 0.5797574598221535 0.4133406791041082 0.5831480932188022 0.4133100408505241 0.5841693683382747 0.41187004293206786 0.58694723666324 0.4116249369033944 0.5907463801076775 0.4129423818075139 0.5936468014469795 0.4134938703720291 0.5947089275712308 0.4146887622618119 0.5948314805855676 0.4149032300369011 0.5891531909213006 0.4160674836730998 0.5878459587683755 0.41668024874478327 0.5882544688161646 0.4214904545574988 0.5879276607779335 0.42562661879136243 0.5796757578125957 0.43095767491500886 0.578736184702681 0.43573724247414025 0.5783685256596709 0.44125212811929176 0.5832150702738134 0.44485473828693256 0.5843826680120993 0.44682505947029016 0.5845077677697728 0.4490455801689946 0.5903973646702717 0.44887115171678665 0.5947539874866652 0.44875133774057085 0.5957089553535352 0.4489303942156089 0.5992900848542979 0.4509716380310437 0.6065478406425102 0.45605684192212664 0.6075983052960673 0.4568446904122944 0.6082667828028763 0.45906499070276724 0.6157967141345106 0.4623787825402364 0.6188496993202345 0.46655655174175314 0.6190639438946712 0.47137705466658014 0.6230810296653604 0.47137705466658003 0.6315394442959527 0.47116399004413706 0.6376989758110094 0.47164604033661983 0.6487963010268939 0.4753202610279991 0.6674301556590003 0.4745670962449649 0.6699964949197097 0.47506920610032105 0.6751173595052439 0.4744037287327673 0.680963636477304 0.46819017274603086 0.6860989266442711 0.467138205044452 0.68637239738234 0.4642667622947288 0.6880522890590487 0.46201062870566084 0.6904353912050774 0.4621571308867691 0.6927404467767245 0.4582588225068225 0.6949160175013609 0.4606420014765096 0.6975081586728994 0.46186401088594925 0.7019122171136264 0.46299419086760735 0.7061733163034718 0.4634748414711197 0.7140238009944175 0.46458575911606487 0.7172084315765936 0.458364620304372 0.7165418809896265 0.45236566502166814 0.7190599609848356 0.45158802267020653 0.7223927139196712 0.44808863208862926 0.7332358572693087 0.4482819417984205 0.7363363197600761 0.47056111640951714 0.729578971437894 0.47390476395803594 0.7128978182660911 0.47621947902370815 0.7240958198014742 0.4786318762279545 0.7384391058433767 0.4794161655931365 0.742843446184006 0.4754474573544759 0.7450726021555556 0.4698202286784748 0.7443848426531323 0.4689934980581054 0.7364650094466788 0.47053791612106866 0.7333448063994926 0.4482267091858503 0.7444493687112715 0.44629551827364106 0.7460885859268056 0.4424046617906918 0.7508342830753584 0.44242659303689963 0.7563680757673512 0.4379494185637409 0.7572916841770421 0.43555517386475406 0.7608748779630965 0.43530216032998914 0.7714646124854627 0.4328950779561758 0.7851083157431007 0.43097797120582393 0.7955411465156138 0.43188517388169456 0.8003039605639348 0.43313257756101675 0.80255797205306 0.4339609227698968 0.8025086576524008 0.4366381592304316 0.7989902152671223 0.4449304517955881 0.7947622728278092 0.45338869106370466 0.7874255885534063 0.45766774127945536 0.7723476193006621 0.46624221333696253 0.7792703552988158 0.4692653616918975 0.7825346703897148 0.47377953427956926 0.7815848872808892 0.47777051626498124 0.7868292857891171 0.47789336690959444 0.7904594424137185 0.46987059733416836 0.7980502721394284 0.45551642225653666 0.8092692172929845 0.43806525147013425 0.8162648224351814 0.4295002750235358 0.8203380196560794 0.43262227605583947 0.8252520341503792 0.4300707685299532 0.830544049759625 0.4302975691989208 0.8337192591251724 0.4313748723765173 0.8336436589021833 0.43540058425069356 0.8350044629159892 0.43647788742829 0.8355336644769138 0.4388025942852087 0.8353824640309352 0.4408438003059177 0.83394605979414 0.44441591084215865 0.8333412580102262 0.4475911202077061 0.8330388571182694 0.4500292273991085 0.8312244517665279 0.45195703308533375 0.8310732513205494 0.4558126444577843 0.8300904484216897 0.458761053154364 0.8268396388331528 0.4635238672026852 0.8293344461917972 0.46919388392687705 0.8298636477527219 0.4700443864355058 0.8251008337044007 0.4795133143649062 0.8229840274607024 0.4821782222252764 0.8237400296905946 0.4831988252356309 0.8257056354883145 0.4841060279115016 0.8264616377182067 0.4847297297511628 0.8263104372722283 0.4865441351029042 0.8244204316974977 0.4879049391167101 0.824874033035433 0.49022964597362884 0.8247984328124438 0.4939718570115955 0.8232864283526592 0.49487905968746626 0.8210184216629826 0.49510586035643395 0.820186819210101 0.49884807139440057 0.8226816265687455 0.5038376861116894 0.8207916209940148 0.5080334984875914 0.8191284160882519 0.5108685068496873 0.8187504149733058 0.5127396123686706 0.8159358050760804 0.514906064918153 0.8143923800322816 0.5195942184886914 0.8109196736837349 0.5230090463980959 0.8073656404110675 0.5317870988408205 0.8014234539924425 0.535838589580792 0.7968703501132366 0.5390219037336267 0.7849418794175927 0.5433131765786167 0.779429647118312 0.5438919609700411 0.7772247541985996 0.5424863417337246 0.7850521240635786 0.53876558493171 0.7869262830453339 0.5333911584399111 0.7914463135307443 0.5280167319481124 0.7765632863226858 0.5247920760530331 0.7714920326073476 0.5239652412081409 0.7789886685343694 0.5214020531889754 0.7910053349468016 0.5183427642628745 0.7962970779541113 0.5137951726159677 0.8007068637935361 0.5094956314225287 0.8034629799431764 0.5063536590119386 0.8031322460052196 0.5017233838805427 0.7854931026475208 0.5027155856944133 0.7765567741745045 0.5062972111656546 0.769058857688998 0.5097955103844783 0.766305380228388 0.5120813381125553 0.7583774217837399 0.5094067899079197 0.7499526116031957 0.5033764519143115 0.7444492332115206 0.49718544429344114 0.7379021548597099 0.49825117246203193 0.7438658863963706 0.5068436540839313 0.7546947673445179 0.5219099232291796 0.7653667079890688 0.5349752035035746 0.7595599167560042 0.5354460244143636 0.7575196928092519 0.5361522557805471 0.7581474540236373 0.539801117839162 0.7493587970222424 0.5378001289683086 0.745435289432334 0.5375647185129141 0.7400993191100586 0.5387417707898867 0.7360188712165538 0.5361522557805471 0.73146760241226 0.5334450355435103 0.7266024530007736 0.5294430578018037 0.7204817811605166 0.5196735239029318 0.714204169016663 0.512728915468794 0.7082404374800023 0.5042541390745917 0.7043480825403573 0.5054262477320011 0.6983843510036966 0.5027190274949642 0.6899095746094943 0.5049554268212121 0.6806500966973106 0.5060147738704873 0.6687226336239891 0.5016596804456889 0.6534994241751444 0.49589212428852364 0.6368637519939327 0.4948327772392483 0.629487557724905 0.4991878706640467 0.6268176663082753 0.5008264435645065 0.6251557254810735 0.5019770179833386 0.6256670918894432 0.5047575728288495 0.630397231166864 0.5072504840696523 0.633465429617083 0.5101269201167326 0.6171017045492487 0.5100310389151632 0.6145448725073996 0.5123321877528274 0.6064908515755749 0.5136745245747982 0.5980533058374728 0.5178932974438493 0.5742644765993078 0.5278260146392235 0.5557274442959019 0.5363594415788949 0.5563666523063641 0.5442217001075809 0.5527870874477754 0.5522757210394055
27 0.693360744897583 0.4581867773526704 0.6942290914719164 0.45418618063520616 0.7003075174922496 0.4533488464385276 0.7086188347037257 0.4525115122418491 0.7156896568090112 0.4519532894440633 0.7168061024045823 0.457721591687849 0.7134567656178683 0.46386204246349166 0.7070061910656782 0.463024708266813 0.7019660374286031 0.46247482789742717 0.6991993437461574 0.4617125755563452 0.6964326500637118 0.4606115443970046
27 0.5428868062627876 0.5598253859715362 0.5461537859969697 0.5557771719530931 0.5472901267740766 0.5562032997445082 0.5539661288395792 0.5559902358488007 0.5583694493508681 0.5606776415543663 0.5541081714367175 0.5645127916771019 0.5504150639111204 0.5655781111556395 0.5474321693712149 0.5647258555728094 0.5444492748313094 0.5627017485635879 0.5424606784713725 0.5609972373979276
27 0.5349324208230398 0.5408626992535661 0.5320915688802726 0.5395843158793208 0.5312393132974426 0.5370275491308304 0.5332279096573795 0.5370275491308304 0.5387675709457753 0.5386255283486369 0.5384834857514986 0.5442717215848865 0.543028848859926 0.5474676800204994 0.5437390618456177 0.5524746815696264 0.5453015304141396 0.5542857246831404 0.5389096135429137 0.5552445122138243 0.5381994005572218 0.552687745465334 0.5364948893915616 0.5490656592383059 0.5340801652402096 0.5461892966462543 0.5345062930316247 0.5435259979499101 0.5359267190030083 0.543099870158495
27 0.677999542978322 0.539169958698148 0.6754188842247058 0.5225626161206919 0.6589793534734609 0.5144607711397289 0.6486150497276096 0.5109707504906157 0.6443847216680786 0.5089877842127105 0.6342319343252039 0.5097016520727563 0.6308476718775791 0.5066875433303404 0.6278864422359072 0.5044666210990866 0.6268288602210245 0.5014525123566707 0.6372989221683639 0.495503613522955 0.6531626523916058 0.49629680003411714 0.6790734117562338 0.5064495873769917 0.6913413631288742 0.5054977635635973 0.6986386790315653 0.5032768413323435 0.7032920398970495 0.5056564008658297 0.7068878187476512 0.5075600484926187 0.7087914663744399 0.506925499283689 0.7159830240756431 0.5164437374176342 0.7191557701202913 0.519061252904469 0.7240206473887522 0.5260412942026954 0.725501262209588 0.5294519962006923 0.7275106680378652 0.5310383692230165 0.7318467542988847 0.5340524779654324 0.7362885987613923 0.5371459053589646 0.7399901358134819 0.5391288716368697 0.7467586607087316 0.5380184105212429 0.7584978210739305 0.5402393327524967 0.758286304670954 0.5367493121033835 0.7611417761111376 0.5358768069411053 0.7645260385587627 0.535400895034408 0.7657702771897145 0.5350442377899476 0.7582889218141335 0.5251045069564758 0.7605281242775235 0.5166006373332205 0.7639958551057626 0.5132469765980154 0.7667146796882462 0.5122085389609098 0.7694472944467471 0.5099424122123656 0.7727898337372878 0.508253136418591 0.7805571919156737 0.5050444282940973 0.7855831295605118 0.5029260578818101 0.8028623862568146 0.5019603301938557 0.8033192896790723 0.506259376030556 0.7964657383452024 0.5132686898947413 0.7908998239286049 0.5181284808405765 0.7781065281053808 0.5212748839529441 0.7708791466987541 0.5239851519804292 0.7749912774990763 0.5247328121259421 0.7815125354349406 0.5260412173805901 0.790899823928605 0.528034977768625 0.7867046197787815 0.5331439887629645 0.784793932740248 0.5385645248179345 0.7769019645376097 0.5424274355697521 0.779311091673152 0.5441096708971567 0.7855831295605118 0.5435177732819587 0.7965838090678904 0.5400373208480171 0.8077998869556928 0.5319586889276797 0.8099495587388139 0.5258403923141812 0.8138436891739379 0.5262148486028643 0.8147807255922214 0.526504227496746 0.8151114443280862 0.5252640322372529 0.816820157796721 0.5243545557136248 0.8195210274729502 0.5247679541334558 0.8207336628377877 0.5259668095509656 0.8216706992560713 0.528199161018053 0.8216706992560713 0.5295220359615121 0.8205131836805445 0.5305968718530727 0.8201273451553689 0.5337386998437882 0.8193556681050177 0.5349788951032812 0.8163791994822346 0.5367151684665713 0.8121900954946139 0.5401877151931517 0.8075600331925068 0.5414692502946277 0.8056308405666289 0.541179871400746 0.8029299708903999 0.542874804922053 0.8021582938400487 0.543701601761715 0.802874851101089 0.5451071563891403 0.8064025176169801 0.5437429416036981 0.8108672205511547 0.5422133674503234 0.8130168923342758 0.5420893479243741 0.8144500068563567 0.5425027463442051 0.8156626422211943 0.5441563400235291 0.8181430327401802 0.5441563400235291 0.8207887826270985 0.5434122228678333 0.8220565377812469 0.5438669611296474 0.8235998918819492 0.5453965352830221 0.8244266887216112 0.5472981680142446 0.82365501167126 0.5491998007454671 0.8201824649446797 0.5522589490522164 0.8175918348470722 0.5531270857338615 0.8175367150577614 0.5560208746726784 0.8182532723188018 0.5572610699321714 0.8191351889477745 0.5586252847176136 0.8191351889477745 0.5594107417152925 0.8173713556898289 0.5605682572908193 0.8172059963218965 0.5623458704960925 0.8169303973753427 0.5630073079678222 0.8146153662242891 0.5650743000669771 0.8129617725449649 0.5660664562745714 0.8111428194977087 0.5674306710600138 0.8116940173908168 0.5677200499538955 0.8118593767587491 0.5684641671095912 0.8092687466611416 0.5692082842652869 0.8071190748780205 0.5690842647393377 0.8052450020414534 0.5687948858454559 0.8051347624628317 0.5711099169965095 0.8044733249911021 0.5724741317819517 0.8035914083621294 0.5737970067254109 0.8029850906797106 0.5745824637230897 0.803426048994197 0.5758226589825828 0.8040874864659265 0.5768561550321603 0.8043079656231699 0.5780963502916532 0.8035362885728187 0.5787991276053659 0.8025441323652243 0.5795432447610617 0.8023787729972919 0.5807007603365885 0.8017173355255622 0.5817342563861659 0.8018275751041838 0.5828504321197095 0.8028197313117782 0.5833878500654898 0.804804043726967 0.583429189907473 0.8084970696107905 0.585537521848611 0.8074497936138854 0.58805925220958 0.8057961999345613 0.5893407873110561 0.8087175487680337 0.5907876817804646 0.8103711424473576 0.5936814707192815 0.8098750643435604 0.5946322870848927 0.8060717988811154 0.5954590839245546 0.7987408669027792 0.5954590839245546 0.7916855338709969 0.5947149667688589 0.7877169090406194 0.5934334316673828 0.7865042736757818 0.591821177830042 0.7849057997857688 0.5919865371979744 0.7840790029461069 0.5930613730895349 0.783968763367485 0.5947149667688589 0.7837482842102419 0.5966165995000815 0.7820395707416071 0.5990556501770843 0.78429948210335 0.601039962592273 0.7860081955719846 0.6037270523211743 0.7863940340971602 0.6053806460004983 0.7837482842102419 0.6061661029981772 0.7800552583264185 0.6053806460004983 0.7787323833829594 0.6048845678967011 0.7762519928639733 0.6061661029981772 0.7641621237197672 0.6049271530208242 0.7598779291282959 0.6039083506484622 0.7527724356595142 0.6040650894749794 0.7475397099362361 0.6040714373974533 0.7434645004467878 0.6054037174228498 0.7368814697330636 0.6049335009432981 0.7358365442229488 0.6035228515046429 0.7366724846310406 0.6003097055610394 0.7319703198355234 0.6007015526273325 0.7327017676926039 0.6022689408925049 0.7320748123865348 0.6035228515046429 0.7257007667748337 0.6025040491322808 0.7179683179999831 0.6031310044383498 0.7158784669797531 0.6043065456372291 0.7114897798372704 0.6038363291576774 0.7087729735109715 0.6028175267853153 0.7043842863684887 0.603914698570936 0.6986371960628565 0.6041498068107118 0.687352000553615 0.6062657809686947 0.6817094027989943 0.6071278445145395 0.6820228804520286 0.6014068773466601 0.6828588208601206 0.59913416436216 0.6796195517787643 0.5992909031886773 0.6792525912519872 0.5960847131101559 0.6849409431413704 0.5946471676598497 0.6882179284689498 0.5932096222095437 0.6885378982627273 0.5906920627741529 0.6907019451771668 0.5873996199686131 0.696452126978391 0.5832261009193374 0.7004092413362228 0.5815566932996271 0.7037480565756433 0.5806756170558912 0.7060975932256061 0.5795626786427509 0.7148774407070452 0.5746935730852628 0.718401745681989 0.5639351684249075 0.7174903908492967 0.5595681127176463 0.7185672210530842 0.5551701528685505 0.7147245995172262 0.5513221417599297 0.7141759929778363 0.5509929778362957 0.7104820422792774 0.5496214614878209 0.7022163704191354 0.543065613342111 0.6916831248628483 0.5415843756857581 0.6838563382342184 0.5379635725257844
15 0.7383165054386422 0.4791217971821443 0.7423205482165772 0.47549309437544435 0.7445965676321985 0.47007081282646435 0.744225158241496 0.46923428473941814 0.7365772844922531 0.4707196785452969 0.7297473159137986 0.4741605550489167 0.7134156014532644 0.4762401063771471 0.7240799672390611 0.47854817982935877
