30 0.7066927232113772 0.49463848040656955 0.674667300788515 0.4898346670431403 0.6463019266425514 0.4761094860047708 0.6243416369811601 0.45689423255105355 0.619766576635037 0.43356142478582543 0.6170215404273631 0.41709120753978196 0.6215966007734862 0.39169962261879837 0.6297477881712241 0.3570861778936324 0.633283154256459 0.339660999077711 0.648793343109545 0.3190231070181445 0.6705460343473465 0.2997826778720054 0.6986524514409744 0.2880783356007267 0.7342432493311972 0.2852117091424075 0.7591489032864238 0.283993497807641 0.805481541052044 0.2921879993861704 0.8347186130864405 0.30599439451352434 0.8552928489624974 0.31777043741626737 0.8688285304599033 0.33279504387838776 0.8818227846974126 0.34863179123035265 0.8877784845562712 0.3664988908069283 0.8888613390760637 0.3819295677139709 0.8845299209968939 0.4018270195151575 0.8715356667593842 0.4241608939858771 0.8498785763635349 0.4383733595581532 0.8298457677473743 0.45055547290581843 0.816783780642862 0.4626935352328563 0.8039827097118527 0.4711026383079392 0.8053992937972008 0.4852567642304081 0.8044794199212965 0.5052325143864441 0.7980107201212288 0.5198637066527442 0.7819665560590583 0.522821759213569 0.7628029293182879 0.529867362546376 0.7448121675766324 0.5270268499454549 0.7329143148878152 0.5170810486348629 0.7257268706655179 0.5071063200327508 0.7211186191538627 0.4933126425329789
29 0.44091115418129284 0.28105603028482945 0.43810062700251484 0.27352783248453133 0.4358254383339803 0.27031580142307077 0.4296690454661809 0.2706169293350827 0.428732203073255 0.2745315921912377 0.4338179189205675 0.28456918925830194
29 0.6224543545505687 0.2799693094621908 0.6227775875600141 0.2717268677213338 0.6174442429041656 0.27087838107153966 0.6121108982483169 0.2713632305857077 0.6137270632955437 0.2780299114055186 0.6176058594088882 0.2806965837334428
28 0.17969845675768498 0.3468304117910854 0.17563321107846655 0.3433459154946125 0.16256634996669342 0.35118603216167643 0.16517972218904797 0.3542349664210902 0.17214871478199373 0.35445274743961974
28 0.2929880635950921 0.3621698338146468 0.2822442000143008 0.3556364032587602 0.27004846297664586 0.3593386805737626 0.26975808828527315 0.3626053958517059 0.27498483272998236 0.36478320603700143 0.2796308277919462 0.3626053958517059
28 0.2889228179158738 0.3776322861302451 0.2863094456935192 0.3750189139078904 0.29995705618803786 0.3708810745558289 0.3028608031017652 0.37262332270406534 0.3011185549535288 0.37436557085230177
28 0.25407785495114527 0.3824234685378952 0.26482171853193665 0.37828562918583375 0.2604660981613455 0.37610781900053813 0.2485607358150633 0.37828562918583375
28 0.2593045993958546 0.3865613078899567 0.2537874802597726 0.38373015464907245 0.24565698890133592 0.38808577501966357 0.24681848766682687 0.38939246113084086
28 0.4239470494041968 0.3532408120549351 0.4297545432316517 0.35476527918464207 0.4352716623677335 0.35411193612905334 0.43352941421949714 0.35781421344405573 0.42539892286106046 0.35868533751817394 0.4132031858234055 0.35824977548111486 0.41291281113203276 0.35411193612905334 0.408266816070069 0.34997409677699176 0.41436468458889647 0.34823184862875534
28 0.43614278644185167 0.4405710004852859 0.4439829031089156 0.4359975990961653 0.4416599055779337 0.4325131027996924 0.4326582901453789 0.43403756992939935 0.42859304446616053 0.43621538011469485 0.4280122950834151 0.4407887815038155
28 0.453565267924216 0.40224154122408456 0.4593727617516707 0.40006373103878895 0.45821126298617976 0.3965792347423161 0.45530751607245246 0.39222361437172515 0.45269414385009776 0.3924413953902547
28 0.3611093500648977 0.5294296494359755 0.35812005915020984 0.523152138515131 0.3523407633818132 0.5146326594082705 0.3437714627597079 0.5192660603260367 0.3405828857840407 0.5233016030608654 0.3451664651865622 0.5265898230670221 0.35313790762573 0.5291307203445068
28 0.38920567709236564 0.5430046946530583 0.37983923222634347 0.5373250419151514 0.3662877800797583 0.5374745064608858 0.36847992675052943 0.5340368219089947 0.3774477994945931 0.5311969955400412 0.38621638617767773 0.5317948537229787 0.3961806892266374 0.5392680810096986
28 0.4495893535690613 0.5297023500826972 0.45457150509354105 0.5238732327990558 0.43862862021520566 0.5219301937045087 0.43663575960541373 0.525068949164931
28 0.3362662762889856 0.5710180177569328 0.3329835390944055 0.5680367747209786 0.33056466306032756 0.5660951492478835 0.3237042368592234 0.5689700311016882 0.32534533050477554 0.5710602322877071 0.33371965685563304 0.5730765580448709 0.33711441622880195 0.5729275699043402
28 0.46256287155256925 0.6213730300417555 0.46456423123245405 0.6149400882135544 0.45541515841012375 0.6118308329965906 0.4508406219989585 0.614404009727871 0.4524131188902966 0.6218018928303022
28 0.23725412585676153 0.6111417263754804 0.23063265696185462 0.6137489297528499 0.21987277000763078 0.6076654552056542 0.2207004536194942 0.6053065569118437 0.22914282646050052 0.5969883366126167 0.23692305241201617 0.5954985061112626 0.23692305241201617 0.5974849467797347 0.23278463435269933 0.60369257386871
28 0.23870395366139557 0.5672529633905599 0.2431734451654577 0.5655148278056467 0.2441666654996938 0.5627834718864977 0.24433220222206642 0.558438132924215 0.23688304971529614 0.5579415227570969 0.22877175031903507 0.5583139803824354 0.22463333225971827 0.5600521159673485 0.22877175031903507 0.561914404094041 0.23456553560207868 0.5637766922207337
28 0.19273869313330297 0.5166191774707088 0.17697518489765823 0.5169172269961727 0.17141159375566598 0.5147315304761043 0.17061679502109567 0.5079757412322565 0.17498818806123242 0.5062867939212947 0.18479070578759973 0.5076776917067927 0.1918114279429709 0.5075783418649714 0.19525555579277562 0.5057900447121882 0.1981698178195335 0.5074789920231502 0.1983022842752952 0.5099627380686824 0.1956529551600608 0.5119497349051082
28 0.24572527543799094 0.503008249141192 0.2522161317703153 0.497842057366485 0.24797720518594024 0.49257651574995664 0.24585774189375273 0.4887018719189263 0.24214868113242458 0.4888012217607476 0.23724742226924098 0.4921791163826715 0.23658508999043232 0.4948615621118463 0.2383071539153347 0.4958550605300591 0.23949935201719014 0.498537506259234 0.24228114758818628 0.5013193018302302
28 0.19798515833139266 0.407701536897062 0.19363586320633475 0.399220411403199 0.19254853942507025 0.39530604579064693 0.18885163856877102 0.39318576441718117 0.18667699100624208 0.3967739328953541 0.18711192051874787 0.39970970710476805 0.18972149759378262 0.4065598469267343 0.19407079271884053 0.4081908325986309
22 0.48744948096294505 0.7957490600205753 0.4832551116525392 0.7887834109872227 0.489546665618148 0.7872105224958205 0.49164385027335106 0.7885587126313083 0.49164385027335106 0.7923785846818564
20 0.6431267957027131 0.69641363465913 0.6314486471068194 0.6890304007027948 0.6144992917952764 0.6745178457794322 0.6085470385075915 0.6541101202216554 0.6179005793882392 0.6436936769682069 0.6261203577378992 0.6368911017822813 0.618467460653733 0.6400798089006838 0.6028782258526536 0.6428433550699661 0.5929578037065121 0.6232859514104302 0.5816201783966362 0.6018153234798526 0.5688653499230257 0.5824705002948768 0.5620627747371002 0.5661018037537434 0.5819036190293831 0.5631256771099009 0.6023113445871597 0.5609998723642992 0.610247682304073 0.5633382575844611 0.6179005793882392 0.5514337510090914 0.6414261519062319 0.5352776349425181 0.6624007587295023 0.5295379621293935 0.6935792283316612 0.527624737858352 0.710869106929222 0.5297505426039536 0.7210729697081103 0.5291128011802732 0.7261749010975546 0.5335769911460367 0.7321271543852393 0.5367656982644393 0.7548024050049914 0.5306008645021942 0.7576368113324602 0.5297505426039536 0.7628317405793357 0.5308753646960696 0.7820016889994402 0.5238353663969622 0.7978664738988372 0.5205632545114616 0.8052700401852226 0.535337335449025 0.8097650625733849 0.5481283182741639 0.8173008354005984 0.563299018834212 0.8241755755236704 0.5799570429785788 0.8298604567792878 0.5892776041069745 0.8297282502384593 0.6063322478738262 0.82655529325858 0.6255682995643449 0.8325045875958537 0.6290387212610881 0.8364707838207031 0.6295344957891942 0.8379250557698144 0.6259649191868298 0.8440065566479166 0.6249733701306175 0.845460828597028 0.6291378761667092 0.8432133174029467 0.6306251997510277 0.8383216753922992 0.6381609725782412 0.8268197063402366 0.6424246335199543 0.8143922915023755 0.6463908297448034 0.7917849730207351 0.65095195540338 0.7850424394384913 0.6544223771001232 0.759923196681113 0.6563063203069265 0.7526518369355558 0.656504630118169 0.7392989763118968 0.6622556146442004 0.7244918437391263 0.6678082893589894 0.7034710037474254 0.6737575836962632 0.6823179572148962 0.679706878033537 0.6594462256515989 0.6876392704832355 0.6577275406208308 0.6900189882181451 0.6557444425084062 0.693092790292403
