19 0.5894799517589708 0.6146169994822211 0.610193742157529 0.6142933465072438 0.6382436666555767 0.6120277756824014 0.6576628451542251 0.6023181864330773 0.658957457054135 0.5702765419103074 0.6615466808539548 0.5249651254134612 0.6615466808539548 0.4929234808906914 0.6601938054381978 0.4858743216586896 0.6612201469767435 0.4574441038471237 0.6615466808539548 0.4256036620953769 0.6619782181539248 0.3764084098988011 0.6537790094544954 0.36475690279961204 0.6507582483547057 0.3511634778505581 0.6330652190559372 0.34404311240105384 0.5912061009588507 0.33692274695154933 0.5575461915611934 0.33789370587648176 0.5200024464638066 0.3479269481007835 0.5195709091638366 0.3556946195002428 0.5122347750643472 0.36669882064947695 0.5066247901647377 0.37608475692382354 0.5079194020646476 0.40586083062175116 0.5083509393646175 0.473504302392043 0.5079194020646476 0.5256124313634161 0.5109401631644374 0.5968160858584602 0.5191393718638667 0.6039364513079646 0.5368324011626352 0.6097622048575592 0.551073132061644 0.6126750816323564 0.576533832759872 0.6123514286573789
20 0.8049703257026398 0.5814740185430385 0.8157299161182766 0.5838949263865567 0.8180970260097168 0.5882525605048896 0.8243375884507862 0.5940627393293335 0.8372490969495502 0.5903506806359388 0.8503757972566273 0.5861544403738405 0.8530203281516867 0.5810178824443879 0.8575393561262543 0.576660248326055 0.8672229875003272 0.5668152230957474 0.8609824250592579 0.550030262047354 0.8549570544265012 0.5361503904111824 0.8474253411355555 0.523723063481122 0.8439822722025516 0.5112957365510614 0.832361914553664 0.4901531413843351 0.8276276947707838 0.4812764792914347 0.8373113261448569 0.47465933118581805 0.8377417097614823 0.46658963837409045 0.8394632442279844 0.4546464930127335 0.8394632442279844 0.4359248056895255 0.8327922981702894 0.4339880794147109 0.8091211992558884 0.4360861995457601 0.768019563868156 0.44125080294526575 0.7346648335796817 0.4451242554948951 0.6998037606330185 0.451257222031808 0.6821615066259167 0.4540695280177729 0.6760017333721865 0.45243150314020086 0.669715931896874 0.45534984935173706 0.6633176904218181 0.4584240044354553 0.6629178003296269 0.46899609874775483 0.6613182399608629 0.4860164207966342 0.6633176904218181 0.4958387211860756 0.6716154098347812 0.49673847389350534 0.6749145030953569 0.4966634945012195 0.6752144206645001 0.5001125465463669 0.6738148053418317 0.5082103209132346 0.6757142832797389 0.5187824152255341 0.6791133490633624 0.5353528609206986 0.6838120576466067 0.5542476677767233 0.6858115081075615 0.5634701330278782 0.6891106013681373 0.5660194323655958 0.6923097221056652 0.5699933401567439 0.693609364905286 0.5796656817616136 0.692809584720904 0.5868637034210515 0.6913099968751878 0.5993102825404965 0.6909101067829968 0.6075580156919357 0.6975082933041482 0.6072580981227924 0.70320672711787 0.6043339018236459 0.7092050785007351 0.6038090460776451 0.7157032924988388 0.601484684916785 0.7270001876032343 0.6005849322093553 0.739496752984203 0.5953363747493483 0.7639900211309016 0.5907626318199138 0.7785860094958733 0.5881383530899104 0.7927821077686537 0.5841644452987623
31 0.38167598642602746 0.20494405230886728 0.3760631042727035 0.19918346273045587 0.3804943270253276 0.19608160680361894 0.3828576458267272 0.19320131201441326 0.3902430170811008 0.1923150674638884 0.3970375586351246 0.19652472907888138 0.3926063358825003 0.1856682333349522 0.40176419623792353 0.18345262195864012 0.40649083384072277 0.18345262195864012 0.4008779516873988 0.1894347726746827 0.4056045892901979 0.1974109736294062 0.40885415264212227 0.20117751296913672 0.41683035359684584 0.2022853186572928 0.42746528820314383 0.20184219638203035 0.43957729706031645 0.19918346273045587 0.43898646735996655 0.19076413950046997 0.441645201011541 0.18832696698652668 0.4493259871160895 0.19142882291336355 0.44725808316486493 0.19497380111546292 0.44784891286521483 0.1969678513541438 0.4581884326213379 0.1969678513541438 0.46498297417536155 0.1945306788402005 0.4726637602799102 0.1940875565649381 0.47059585632868545 0.19851877931756223 0.467937122677111 0.20073439069387433 0.47059585632868545 0.20295000207018637 0.4812307909349835 0.20693810254754816 0.48713908793848243 0.21513586463990284 0.5019098304472295 0.21557898691516525 0.5075227126005535 0.21292025326359074 0.5172714026563267 0.2111477641625411 0.5231796996598255 0.21801615942910849 0.521111795708601 0.2266570437967256 0.5175668175065017 0.2328607556503995 0.5214072105587758 0.2450466182201159 0.5225888699594756 0.2581187253403572 0.5284971669629744 0.26897522108428634 0.5412000055204971 0.2711908324605984 0.5438587391720716 0.2727417604240169 0.5349962936668232 0.2827120116174212 0.5320421451650739 0.28935884574635745 0.5007281710465298 0.2873647955076766 0.4531663801683638 0.28869416233346384 0.39644672893477456 0.29356850736135043 0.3775401785235782 0.29024509029688234 0.36365568056535585 0.2898019680216199 0.3654281696664055 0.28448450071847087 0.3609969469137813 0.27761610545190346 0.36897314786850477 0.27695142203900985 0.36040611721343147 0.2672027319832367 0.3692685627186798 0.26587336515744947 0.34888493805660864 0.2592265310285132 0.34563537470468425 0.24925627983510887 0.34888493805660864 0.2282079717601441 0.3273196539938377 0.21668679260332127 0.3373637588997858 0.21136932530017227 0.33470502524821133 0.20427936889597362 0.3459307895548591 0.20051282955624314 0.34268122620293473 0.19054257836283875 0.35242991625870795 0.19076413950046997 0.3612923617639563 0.19430911770256926 0.3621786063144811 0.20361468548308
28 0.372349157668542 0.39321836338790284 0.3656197421660777 0.39466038099557366 0.36049256844991434 0.3939393721917382 0.36049256844991434 0.38889231056488993 0.3576085332345725 0.3887721424309174 0.3560062914482714 0.38708978855530135 0.36401750037977665 0.3840855852059869 0.3653111272766381 0.3805724802911555 0.37204054277910253 0.37864979014759426 0.3770074923166357 0.3810531528270458 0.38325623528320985 0.38814307273142795 0.381974441854169 0.3899455947410166 0.3746041296371841 0.39246912555444075 0.37204054277910253 0.3900657628749892
28 0.39780009813973294 0.43399647775925776 0.39738858079682976 0.435848305802322 0.3993775812875284 0.4366713404881284 0.4021210302402162 0.43589974547018495 0.40431578940236645 0.43363640008421744 0.40273830625457097 0.4310129770232098 0.39978909863043166 0.4286981919693794 0.3971142359015609 0.4295212266551858 0.39642837366338896 0.4315273737018387
28 0.3829040539121452 0.47982867127977147 0.3722087316433365 0.4778232983543698 0.37421410456873816 0.4723085228095154 0.3795617657031425 0.47030314988411376 0.39025708797195124 0.4677964337273617 0.39114836482768534 0.4704702642945639
28 0.4407447462731562 0.5542682012526536 0.4352427862776257 0.5597643069785654 0.42563976568486817 0.5563750055928863 0.4257809865759381 0.5548921862366517 0.4304412759812469 0.5483254148018984 0.4319947057830165 0.5474780894554786 0.4373610996436751 0.5493845714849231
28 0.4528887825304666 0.5244839945157678 0.4525411117025056 0.5283952913303286 0.448832622870922 0.5322196704378991 0.44524002431532544 0.531437411074987 0.4467465979031563 0.5228325580829533
28 0.4208126465977201 0.6725841985592723 0.42481705402833536 0.6664195186989831 0.423868641742137 0.6645226941265864 0.4176512723103923 0.6624678008398233 0.4144898980230643 0.6646017284837695 0.4144898980230644 0.6699760647722267
28 0.198297886473855 0.6582442653318878 0.201483889765869 0.6613441604268204 0.201483889765869 0.6644440555217528 0.19838399467093648 0.665671097330164 0.19313139464896742 0.6640565686348865 0.18607052248828773 0.6619253907571203 0.18434835854665851 0.6596004694359209 0.18658717167077646 0.6555318571238219 0.18839544380948714 0.6500424595598787 0.1965757225322258 0.6446822242915579 0.19760902089720334 0.6451342923262355 0.19795345368552916 0.6469425644649462
28 0.1974761977487381 0.6181363106992557 0.20208056505376046 0.6122529524761717 0.19730566562632978 0.6090554751810171 0.18622107766979443 0.6099507688236605 0.18349256371126266 0.6104623651908851 0.18093458187513906 0.6134040443024273 0.18315149946644615 0.6146830352204891 0.18536841705775328 0.613915640669652 0.18588001342497795 0.6159620261385508 0.19048438073000035 0.6158341270467447
28 0.15649763428016908 0.5632518107291433 0.1542669588346898 0.5661795722513349 0.15337468865649806 0.5701947880531976 0.1489133377655395 0.5720350952957179 0.1393214333499786 0.5725369972709508 0.1310679342017052 0.5701111377239921 0.12694118462756854 0.5648411669840472 0.13251787324126676 0.5633354610583488 0.13898683203315668 0.562498957766294 0.14478658819140283 0.5614951538158284
28 0.12490469460432935 0.481350948763114 0.12382439300638225 0.48939533744782715 0.12073781701224766 0.48951108404760724 0.11665865527387138 0.4780909315685722 0.11428349273462907 0.4735851085161861 0.11763666337826528 0.4711750171160725 0.12043097224796213 0.4706510842030045
28 0.14743267858644044 0.4526058289655767 0.14343450425189289 0.4531680722313724 0.14018598760507303 0.45241841454364473 0.13685417565961674 0.4457339668280731 0.13418872610325172 0.4397991768002292 0.13677088036098034 0.4386746902686376 0.1423516653696196 0.44004906269613836 0.14326791365462008 0.44385982260875395 0.14668302089871277 0.4497946126365979 0.14834892687144088 0.4517312283298944
28 0.10616452695693358 0.4031564314820262 0.10322484464404379 0.4006996969776826 0.10801232726789287 0.39629017350834794 0.11195990065948772 0.3917546636541751 0.11422765558657408 0.3912507181148226 0.11775527436204185 0.39641615989318607 0.1183432108246198 0.39836894885817714 0.11750330159236558 0.40107765613219704 0.11355572820077071 0.40189656763364484
28 0.19954509378684418 0.4255754592777834 0.19882782170277932 0.4185282610518461 0.2015534556222258 0.41696819426900505 0.20671781462749275 0.4163226493933467 0.20901308529650037 0.417775125363578 0.20793717717040305 0.42062628189773593 0.20564190650139552 0.4214870083986137 0.20600054254342795 0.4243381649327715
28 0.22351528828155273 0.4055771315831224 0.23127622979981177 0.40580100489614906 0.23402240910627264 0.403427947778066 0.22769425679138455 0.3992639041557694 0.2210676067257942 0.40096534133477235 0.21605284451399606 0.4034727224406714 0.21354546340809702 0.4067860474734666 0.2145603557604847 0.40947252722978694
