11 0.386688781249649 0.7350601323855163 0.3911615928954757 0.7196289322074142 0.4036854655037906 0.6968175928136976 0.43365330353082976 0.6867537666105876 0.46004289224120753 0.6810509317621585 0.5011927593828136 0.6729998707996704 0.5414480641952543 0.6679679576981152 0.5781251196910335 0.6662906533309303 0.6054092707305767 0.6683034185715522 0.6309042971117891 0.6736707925465444 0.6479009813659308 0.6797090882684104 0.6657922279492376 0.6934629840793278 0.675394558519838 0.707151521205208 0.6744999961906728 0.71922811264894 0.671369028038594 0.7266082518645542 0.6668962163927674 0.7400266868020344 0.6664489352281846 0.7497550521317077 0.6566087496073658 0.7641798696894989 0.6320082855553187 0.7806174524879121 0.602935009857445 0.7913522004378963 0.572519890665823 0.7983968787800734 0.5282390553721383 0.8007451048941324 0.49245656220552425 0.8004096440206954 0.4611468806847372 0.7960486526660142 0.4307317614931154 0.7819592959816601 0.4114986714160604 0.7695472436644909 0.39405470599733605 0.7470713651442117
24 0.8610523173079969 0.6935554137672155 0.8080838847529828 0.6618689407209125 0.785067839654673 0.6557208190850626 0.7658352540245786 0.6552478866515357 0.7434497855043048 0.6602136772035682 0.7280006593424256 0.6687264610070526 0.7169655692267978 0.6822050353625696 0.7116056683134928 0.6956836097180866 0.7128668214695647 0.7053787246053883 0.716019704359744 0.7131821097585823 0.7280006593424256 0.7252418868135186 0.7418733440592152 0.7330452719667125 0.7582683350881481 0.7368287314349279 0.7762397675621707 0.7389569273857991 0.7932653351691394 0.7370651976516913 0.8046157135737855 0.7339911368337664 0.8235330109148619 0.7240595557297013 0.8389821370767409 0.7141279746256363 0.8578994344178175 0.7025411300042268 0.859791164151925 0.7004129340533558
27 0.3123610692226429 0.7254937963874711 0.25643435258463654 0.7273580202754047 0.2228783226018327 0.7295329481446603 0.19802200409605214 0.7304650600886272 0.19180792446960696 0.7264259083314379 0.18683666076845085 0.643467945318395 0.19843627607114844 0.6338361218974051 0.21956414680106195 0.6332147139347607 0.2618198882608889 0.6329040099534384 0.27136944319573003 0.632593305972116 0.29517709548091786 0.6331090840318051 0.3029692744002863 0.6339537384070378 0.30822948683985923 0.6364812209980726 0.3101684906578135 0.654878318806875 0.31220163314496974 0.6721572773778108 0.31282791525759757 0.6979914145237086 0.31329762684206847 0.723590695877371 0.31439362053916714 0.7248824027346658
21 0.16353764101166263 0.28987935195986436 0.16003587522636503 0.27252211868405246 0.1694948420325741 0.2711560985732384 0.19617456943852285 0.2820812045194809 0.21624894722723925 0.2884572843461348 0.2375614988570703 0.2836700069925757 0.28554187420633825 0.2793080325995264 0.33029499687672287 0.277836036417512 0.34476435101904 0.26527997607500636 0.35692575770988155 0.2543289761339601 0.3622498888716308 0.2543530524691121 0.36858058478639405 0.2573849808423474 0.38373951459213307 0.2733828913537454 0.38524734637559327 0.28771760319212164 0.39508956416763163 0.3100238301903162 0.4006451129987796 0.33188675253477834 0.40573300305206006 0.3528517679680894 0.4114035001913314 0.37415156643534947 0.41452933877457065 0.3843425939847394 0.39901446609468083 0.39406657716735183 0.3844233578023577 0.3966919110806888 0.36818752268906413 0.39413780626537537 0.35463295179924154 0.3899724622600641 0.34964292611936476 0.38422183567571105 0.3392565420515391 0.3702578317506301 0.32383460361775923 0.3575348445109807 0.30350642430402075 0.34398318689049473 0.28445574839019355 0.3346543190355585 0.26838956853389884 0.3299589263045765 0.2502955362370889 0.32669941613385994 0.2124264797135365 0.3247863606054462 0.18600366944919083 0.32908604600767366 0.18209443308467563 0.3296041216043832 0.17467456562547024 0.305469651080887 0.16831935585142702 0.29247186723877283 0.16658319486510917 0.29010594388401395
14 0.7725817409826198 0.3321981613185546 0.7833703145572415 0.29264005821160904 0.6784814048039763 0.28095243683910237 0.6718883876194855 0.3259048267333588 0.6724837721443307 0.32995054182384176 0.6709150728762596 0.33447563586635404 0.6734491255400666 0.33411362834295305 0.692514855105852 0.3333896132961511 0.6995136672249377 0.33194158320254713 0.705673332282991 0.3334089290523092 0.7183435956020255 0.33304692152890814 0.7261870919423802 0.3327754158863574 0.734030588282735 0.33295641964805794 0.7454941598570997 0.33404244221826085 0.7575610773037993 0.33521896666931394 0.7622671751080119 0.33304692152890814 0.7635945360271489 0.33286591776720764 0.766973272912225 0.3353094685501643 0.7715587015419707 0.33295641964805794
15 0.7618080092859235 0.35961196485285174 0.7792180749706543 0.3720813362216454 0.7934911918833615 0.3893737663274253 0.7858056673919038 0.3986669770645452 0.7837666506900886 0.4013725953804155 0.7832961083742851 0.4103128993806826 0.7949028188307721 0.4152535936966197 0.8047842074626463 0.4212530082231149 0.8038431228310394 0.4328989305392523 0.8016472586906228 0.443368497065881 0.8013335638134206 0.44560357306594783 0.7881583789709213 0.44313322590797916 0.7858056673919038 0.4441919461185372 0.7853351250761004 0.44466248843434075 0.7698072286545837 0.4464270221186039 0.7633764836719353 0.44783864906601456 0.7307522164428903 0.46277836759277674 0.7274584202322655 0.4619549185401206 0.7258899458462538 0.46336654548753126 0.7180475739161949 0.46536635032969625 0.714596930266969 0.4665427061192051 0.7108325917405406 0.4672485195929104 0.7103620494247371 0.466660341698156 0.7080093378457194 0.4673661551718613 0.702362830056077 0.4668956128560577 0.7011080505472675 0.4650134435928436 0.7061271685825053 0.45854348675054496 0.7075387955299159 0.45066190296083575 0.7001669659156604 0.44760337790811283 0.7026765249332793 0.4384278027499439 0.7103620494247371 0.437251446960435 0.7116168289335465 0.4364279979077788 0.7109894391791418 0.434192921907712 0.7149106251441714 0.4333694728550558 0.718204421354796 0.42642897369695376 0.7247920137760455 0.42595843138115014 0.7271447253550634 0.42113537264416395 0.7273015727936644 0.4174886696966865 0.7327912331447056 0.41443014464396355 0.7378103511799433 0.408901272433272 0.7360850293553303 0.4046663915910402 0.7387514358115504 0.40454875601208934 0.7407904525133656 0.4018431376962189 0.7368692665483363 0.3980787991697908 0.7389082832501515 0.3925499269590992 0.731379606197295 0.38666814801155497 0.7327912331447056 0.38455070759043913 0.7305953690042891 0.3798452844324038 0.7310659113200926 0.3773749372744353 0.727772115109468 0.3684346332741681 0.727772115109468 0.3660819216951504 0.7396925204431575 0.36337630337928006
28 0.567178775677986 0.6204962217035941 0.5539732162908385 0.6100968436862154 0.5525247908818444 0.607084491922946 0.5609896685468025 0.609037925230244 0.5677181610497178 0.6008986197831689 0.5586021389489938 0.5992707586937539 0.5603385241110366 0.5942243893165674 0.5551293686249085 0.5934104587718599 0.5490520205577591 0.579736425620774 0.5494861168482698 0.5748528423525289 0.5540441278986318 0.5711087618468744 0.5751775849266352 0.5674723757700708 0.5821231255748059 0.5710536701667839 0.5838595107368486 0.5713792423846669 0.596448303161658 0.5653561563538313 0.6025256512288073 0.5699141674041933 0.6029597475193181 0.5718676007114913 0.6066495659886588 0.5734954618009064 0.6068666141339142 0.5686118785326613 0.6363851618886396 0.5697513812952518 0.6524467246375343 0.5695885951863103 0.6661207577886202 0.5715420284936084 0.6845698501353238 0.5775651145244438 0.6960734018338564 0.5860299921894019 0.699763220303197 0.5870067088430508 0.7047553276440697 0.5834254144463379 0.7017166536104951 0.5785418311780929 0.7073599053871338 0.5777279006333853 0.7090962905491764 0.5746349645634968 0.7110497238564745 0.5731698895830234 0.7110497238564745 0.5694258090773688 0.7188634570856663 0.5643794397001822 0.7199486978119432 0.5697513812952518 0.7472967641141153 0.5598214286498203 0.7676992897681167 0.5459846093897927 0.7707379638016912 0.5500542621133303 0.7798539859024153 0.5507054065490962 0.7805051303381814 0.5611237175213523 0.787450670986352 0.5638910813733577 0.8017758485732039 0.5523332676385112 0.8115430151096941 0.5461473954987341 0.8139305447075028 0.5412638122304891 0.8191397001936308 0.5336128651102386 0.8206590372104181 0.5389848067053081 0.8226124705177162 0.5365430150711856 0.8250000001155248 0.5402870955768402 0.8230465668082267 0.5463101816076757 0.8072020522045874 0.5551006314905167 0.807636148495098 0.5568912786888732 0.8167521705958223 0.5546122731636922 0.8202249409199074 0.5572168509067562 0.8195737964841414 0.5601470008677032 0.8074191003498428 0.5632399369375918 0.8098066299476514 0.5681235202058368 0.8091554855118853 0.5723559590383158 0.8061168114783108 0.5761000395439703 0.809589581802396 0.5814719811390398 0.8082872929308641 0.5839137727731623 0.8111089188191833 0.5870067088430508 0.8137134965622473 0.5839137727731623 0.8299921074563974 0.5917275060023544 0.8254340964060354 0.6013318864299029 0.8319455407636955 0.5956343726169504 0.8380228888308447 0.5951460142901258 0.8388910814118663 0.5966110892705994 0.8336819259257381 0.6055643252623819 0.8247829519702694 0.6119129835111006 0.8102407262381621 0.6146803473631061 0.8202249409199074 0.621191791720766 0.8189226520483754 0.6226568667012395 0.8243488556797588 0.625424230553245 0.818054459467354 0.626400947206894 0.8087213892213747 0.6252614444443035 0.8002565115564166 0.6262381610979525 0.7224064061803217 0.6240739371326808
17 0.552919647768721 0.5748009405227681 0.5312330787097278 0.5447586639733978 0.5335293036689153 0.5422710869342781 0.5304676703899985 0.5338515954172571 0.5179660011677554 0.5288764413390176 0.5182211372743317 0.5145250353440954 0.5233238594058597 0.5028525584682255 0.529447125963693 0.5001736293491734 0.53531525641495 0.5034266147080224 0.5419487951859363 0.5007476855889703 0.5360806647346793 0.49519847527093375 0.5393974341201723 0.487544392073642 0.542459067399089 0.4802730130362148 0.5478169256371933 0.47989030887635026 0.5528799429510416 0.48088164125579275 0.5600237539351806 0.4845173307745063 0.5699740620916598 0.48566544325410005 0.5827308674204794 0.486239499493897 0.5814551868875975 0.4827951620551157 0.5773730091823752 0.47877676837653754 0.5791589619284099 0.4726535018187042 0.5834962757402086 0.4728448538986364 0.5868130451257016 0.46901781229999046 0.5970184893887573 0.46997457269965204 0.6039071642663199 0.46404265822175084 0.6107958391438825 0.4630858978220894 0.6245731888990077 0.45945020830337585 0.629931047137112 0.4583020958237821 0.6378343654501997 0.4605961079114268 0.6412595246689444 0.4593467872130104 0.6387081636031806 0.4571407061149324 0.6464440372627519 0.45580926698712304 0.6521182135144409 0.4551472797577594 0.6581706681829089 0.45684953263326605 0.6637187516290048 0.45845721590457794 0.6719147839925556 0.4582680766961883 0.6741844544932311 0.45921377273813646 0.6801108163561063 0.4597811903633054 0.6853143983984278 0.4592903326583567 0.691240760261303 0.4624111295967856 0.691240760261303 0.46562649613940926 0.695654008457061 0.4668559009939419 0.6904842034277443 0.47338120368338416 0.687079697676731 0.4761237222050338 0.6824142638697869 0.47688027903859237 0.6819098926474144 0.4801902151854109 0.6800185005635183 0.48198703766511236 0.6819098926474144 0.48539154341612567 0.687079697676731 0.48558068262451537 0.6935104307619785 0.4746106085379168 0.7124243516009414 0.47177352041207227 0.7314270849854122 0.4669675965619298 0.7428742981231495 0.46192079592462804 0.7543643229602713 0.4561205430020425 0.7662962718295903 0.4511488976398263 0.7773443726345151 0.4496574040311615 0.7877295873911444 0.44916023949493983 0.7956842199706904 0.44916023949493983 0.8027550044858424 0.45081745461567857 0.8027550044858424 0.45496049241752545 0.8047436626307288 0.4547947709054515 0.8111515610975853 0.4471715813500536 0.8239673580312981 0.4453486447172408 0.8294914084337606 0.44634297378968396 0.8301542944820561 0.4498231255432353 0.8330268006913364 0.45181178368812175 0.8325848766591395 0.4533032772967867 0.8303752564981545 0.4536347203209344 0.8312591045625486 0.4657323907023272 0.8297123704498591 0.46838393489550917 0.8317010285947455 0.4718640866490605 0.8283865983532681 0.47915583318031096 0.8299333324659576 0.48379603551837946 0.8308171805303515 0.4879390733202262 0.8277237123049725 0.4972194779963632 0.832363914643041 0.5006996297499144 0.8347944968201246 0.5064998826725 0.8334687247235335 0.5101457559381253 0.8277237123049725 0.5219119832953703 0.8244092820634951 0.528706565290399 0.8272817882727757 0.5325181600680982 0.823083509966904 0.5358325903095755 0.822637357227107 0.5388734597687808 0.8201232508485254 0.5399462896458475 0.8191696242911326 0.537312979947592 0.8141788091294453 0.5442874648472021 0.8113722885747301 0.5500624206040201 0.8017293717969907 0.5560532625573547 0.7873369586958866 0.5677111171692488 0.7806444866038733 0.5650665112619209 0.7800687900798292 0.5547579453782552 0.7797821136671255 0.5545488852945071 0.7708496092558047 0.5539937939489464 0.7677870363147805 0.5497827561550381 0.7472422761687427 0.5637557451984613 0.7200158283236554 0.5736898495717447 0.7189808652798465 0.5682861482949347 0.7109798048257855 0.5733017384303163 0.7109399985548699 0.5771828498445997 0.7089496850090835 0.5786158755975658 0.7073176279015388 0.5816312006194321 0.7015457186187585 0.582526841715036 0.7046108014792695 0.5874827224440439 0.6997544364275509 0.5909757227168988 0.6961718720451354 0.5899905175117346 0.6845484409377434 0.5814819271034981 0.6662375563165094 0.5755109864661392 0.6525043928505838 0.5734808666494371 0.6365420782133776 0.5736301401653711 0.6068067938393301 0.5725255161474597 0.6065679562138359 0.5773022686573469 0.6031048106441677 0.575839388201194 0.6026669416640946 0.5738689777908654 0.5963775508594098 0.5692414987969123 0.5839181880627875 0.5751825847310844 0.5821667121424956 0.57494374710559 0.5752404210031592 0.5714208921295484 0.5541032911469086 0.5750333112151504
12 0.5485373435477814 0.4757668578682997 0.5558664313182908 0.4721654957741699 0.5518227966862856 0.469132769800166 0.5520755238507858 0.4664791345729126 0.5422191644352732 0.45889731963790276 0.5240228085912495 0.446766415741887 0.5179573566432416 0.4499886870892662 0.5093646330502304 0.44581868887501075 0.5068373614052272 0.4367205109529989 0.5088591787212298 0.41795551898884953 0.5141664491757366 0.4181450643622247 0.5240228085912495 0.42326278944335644 0.5212428097817459 0.4156809745083466 0.5252864444137512 0.41340643002784366 0.5303409877037577 0.41378552077459413 0.5113864503662331 0.396726437170822 0.5067179648231582 0.3751102939096123 0.5251670478316822 0.36866575121485384 0.551956127268717 0.3868621070588775 0.5638343040002325 0.3809862004842449 0.5653506669872345 0.37567893002973807 0.5772288437187499 0.3751102939096123 0.5802615696927539 0.3728357494291093 0.5870852031342627 0.37112984106873204 0.5939088365757715 0.36544347986747466 0.6032597416622837 0.37056120494860634 0.6052815589782863 0.3730252948024846 0.6133688282422968 0.36733893360122716 0.6169070085453014 0.36904484196160436 0.6308070025928195 0.3593780279194668 0.63889427185683 0.35805121030584003 0.6462233596273395 0.35786166493246474 0.6515306300818464 0.35577666582533707 0.6616397166618594 0.35805121030584003 0.6634088068133618 0.34762621477020156 0.6608815351683585 0.3459203064098243 0.6671997142808668 0.3398548544618165 0.6684633501033683 0.33682212848781246 0.6841324343023887 0.33606394699431147 0.6886815232633947 0.33606394699431147 0.6869124331118922 0.3392862183416907 0.6970215196919055 0.3404234905819422 0.7078887877654196 0.3409921267020679 0.7131960582199265 0.3423189443156946 0.7129433310554262 0.34838439626370254 0.7149651483714288 0.34895303238382824 0.7182506015099331 0.3519857583578322 0.7230524176354394 0.35710348343896386 0.7263378707739436 0.3620316631467202 0.7273487794319449 0.3650643891207242 0.7270960522674446 0.36866575121485384 0.7286124152544466 0.37226711330898354 0.7303815054059488 0.37738483839011516 0.7296233239124479 0.3796593828706182 0.7324033227219515 0.3843980172049993 0.7303815054059488 0.38667256168550224 0.7384687746699593 0.3927380136335101 0.7364469573539567 0.3982348294613922 0.7402378648214616 0.4020257369288972 0.7384687746699593 0.4043002814094001 0.7349305943669546 0.4039211906626497 0.7374578660119581 0.40828073425028033 0.7324033227219515 0.4135880047047872 0.7268433251029442 0.4171893667989169 0.7270960522674446 0.42079072889304653 0.725074234951442 0.4253398178540524 0.7179978743454327 0.42628754472092867 0.71597605702943 0.43007845218843366 0.7147124212069285 0.43330072353581284 0.710668786574923 0.43349026890918807 0.7109215137394236 0.43671254025656725 0.7025815173109126 0.43766026712344347 0.7003069728304097 0.4433466283247009 0.699801518501409 0.44808526265908205 0.7073833334364188 0.45054935251296024 0.7056142432849167 0.4585102581947206 0.6992960641724085 0.4659025277563551 0.6949997023759028 0.4653338916362294 0.6967687925274052 0.462680256408976 0.6917142492373984 0.4609743480485988 0.6914615220728983 0.45813116744797017 0.6857401625543252 0.45505643043491095 0.6799145928891707 0.45545362836662606 0.6743538218451597 0.45485783146905345 0.6722354328760126 0.4538648366397658 0.6639384094135197 0.4541296352609091 0.6524638024973062 0.45095205180718845 0.6387825404048979 0.45300424112104976 0.6405478645458538 0.45512263009019677 0.6377233459203244 0.45631422388534204 0.6297793872860228 0.4539310362950516 0.6109786851848422 0.45863121182034666 0.6039173886210186 0.45962420664963444 0.5969443582642427 0.4657807745912182 0.5867054782466984 0.46478777976193053 0.5834638551493647 0.4686083987432933 0.5790068644182559 0.4682998378465243 0.5771554990376414 0.47441962896577744 0.5768812226849578 0.4749853239431874 0.5813382134160666 0.4788937619689289 0.5823667497386302 0.48192794412049145 0.5698871756915256 0.4814136759592096 0.560218934259428 0.4803851396366461 0.553087749089654 0.4766309820592891
16 0.19839509251400567 0.5258237437472267 0.2935633380526389 0.5281262013005807 0.3031569111916141 0.5310042732422733 0.30354065411717307 0.5402141034556894 0.3027731682660551 0.5724485092026459 0.30162193948937804 0.6233903825706038 0.29931948193602403 0.6297221408423275 0.2943308239037569 0.6323124055898507 0.19762760666288767 0.6334636343665276 0.19072023400282562 0.6323124055898507 0.18189414671496845 0.6239659969589423 0.18074291793829145 0.6121659019980029 0.18112666086385043 0.5436677897857205 0.18189414671496845 0.5373360315139969 0.18726654767279452 0.5310042732422733
19 0.1830667920161066 0.3296627936319812 0.21317934714944647 0.3261882680396727 0.24470155142516054 0.32699168590711575 0.2716788642145632 0.33123430473961235 0.2938911772728019 0.33940490988876976 0.3147237441406994 0.35200487819220816 0.33670719286305617 0.36859847289909725 0.3556808355984459 0.39300800245528594 0.38449894669891577 0.4530223436900735 0.3825562561372001 0.4673693487151454 0.40707419402089834 0.4805619673019109 0.4254307152904172 0.4948352221005043 0.4077444514685131 0.515508010804677 0.40053417897138643 0.5157324621325962 0.36706379576934867 0.5058698002937702 0.36088739152110444 0.5100603569508806 0.33911369780930484 0.5222211965239602 0.31919308441340305 0.5281278900308846 0.3048317119651948 0.5288227951493463 0.2626741347785189 0.5267380797939611 0.22702173721052346 0.5148664972409988 0.20204394997197833 0.5047903730233042 0.16152836369171875 0.4866355466346296 0.12566258248030618 0.4657883930807788 0.10630223172856842 0.4429438174802137 0.09753889725412951 0.4183328813139376 0.1002409236758246 0.3912315816939316 0.11350116934874274 0.3669099025477724 0.13388505282361898 0.3495372745862302 0.15700975974626613 0.3379549490533848
23 0.4816684181815934 0.19773432780193423 0.500301734513991 0.2149343121087627 0.4938517403989302 0.22487805303614788 0.469843428970649 0.21466556235396847 0.4619601028300192 0.2221905554882059 0.45515177570856624 0.23320929543476793 0.4558684417213508 0.2455717841553009 0.46303510184919605 0.2555155250826861 0.4526434446638204 0.25954677140459903 0.46375176786198047 0.27674675571142754 0.4676934309322954 0.2823905005621056 0.4605267708044502 0.2866904966388127 0.4691267629578644 0.302277982416876 0.47987675314963213 0.30389048094564114 0.49241840837336137 0.3060404789839947 0.5035267315715214 0.3071154780031715 0.5221600479039188 0.310609224815496 0.5329100380956866 0.3095342257963193 0.5400766982235319 0.30577172922920054 0.547243358351377 0.3079217272675541 0.5648016756645978 0.3084592267771425 0.5755516658563655 0.31007172530590765 0.5880933210800946 0.31034047506070184 0.6052933053869232 0.3079217272675541 0.6135349645339451 0.30684672824837733 0.6189099596298289 0.31034047506070184 0.6318099478599503 0.3041592307004353 0.6246432877321051 0.29582798830181534 0.6146099635531219 0.28910924443196045 0.6185516266234368 0.28561549761963595 0.6278682847896355 0.28991549369634306 0.6293016168152046 0.273253008899103 0.6267932857704587 0.2676092640484249 0.6275099517832432 0.26196551919774674 0.6221349566873593 0.2587405221402164 0.6282266177960277 0.2533655270443326 0.6242849547257128 0.2520217782703616 0.6242849547257128 0.24772178219365448 0.6386182749814032 0.2361655427375041 0.6357516109302652 0.22165305597861756 0.6224932896937515 0.21385931308958595 0.6106683004828071 0.20794681848411362 0.5999183102910393 0.21251556431561489 0.591318318137625 0.20445307167178906 0.5827183259842107 0.20230307363343553 0.5701766707604816 0.19074683417728516 0.5608600125942829 0.18913433564852 0.5515433544280841 0.1937030814800213 0.5483183573705538 0.1990780765759052 0.5379267001851783 0.19477808049919804 0.5289683750253718 0.19773432780193423 0.5253850449614492 0.19182183319646195 0.5192933838527808 0.1880593366293432 0.5153517207824659 0.18590933859098965 0.49886840248842196 0.19155308344166774 0.4938517403989302 0.190478084422491
