34 0.5045386220815767 0.41098218305730927 0.5277946991931495 0.38815969382408805 0.5247201669648398 0.380473363253314 0.5554654892479359 0.35895163765514676 0.5790369029983097 0.35895163765514676 0.6081267079277005 0.3786404690402832 0.6446269238689145 0.38277926242454624 0.6630741172387722 0.3851442872155536 0.6791449700199973 0.3902882161359947 0.6862400443930196 0.4032958524865354 0.6878167275870246 0.42398981940784997 0.6897988973771558 0.4611798342464412 0.6897988973771558 0.4895601317385298 0.685068847795141 0.5167579168351148 0.683492164601136 0.5634671564575108 0.6882222141831508 0.5995337845203735 0.6913755805711607 0.6107676522776587 0.6559002087060499 0.6255490572214548 0.5936212225428551 0.6267315696169585 0.5770660490058034 0.621410263837192 0.5486857515137148 0.6296878506057177 0.5376489691556803 0.6326441315944771 0.5258238452006433 0.6202277514416883 0.523458820409636 0.5599196192709998 0.5195171124246236 0.4907426441340336 0.511633696454599 0.4552672722689227
35 0.6469821582196553 0.3814784739476647 0.6544347064914477 0.3767171236629083 0.6632673562950536 0.3698856210804319 0.6740321482431983 0.37009263631020395 0.6872811229486072 0.36595233171476366 0.714607133278513 0.35808575298342715 0.7383448796257038 0.35208231132003864 0.7446933466720455 0.35125425040095065 0.7584943619901798 0.354980524536847 0.7687071133255992 0.35601560068570703 0.7904860786316676 0.36307294462148415 0.8020501587071923 0.3686849246581359 0.8190561588182583 0.36715438464814 0.8176956788093732 0.3941939248247348 0.8102130387605041 0.4074586049113662 0.8156549587960452 0.43092688506463717 0.816335198800488 0.4467424651679285 0.8122065653045094 0.4617129030154403 0.822410165371149 0.48416082316204734 0.8237706453800342 0.5203836033986178 0.8251311253889196 0.5489536835852086 0.8278520854066901 0.5765034037651354 0.8326137654377886 0.6152770840183657 0.8196892053533786 0.6234399640716773 0.7904388851623452 0.6275214040983332 0.7557466449357705 0.6300723041149932 0.7278568047536225 0.6305824841183251 0.7190136846958681 0.631092664121657 0.7176532046869827 0.6346639241449809 0.706089124611458 0.632113024128321 0.6945250445359332 0.6208890640550175 0.6945250445359332 0.6009920439250703 0.6891394757433638 0.5855115524630207 0.6870826553749009 0.5557641338072024 0.6882901820100062 0.5225571513418074 0.6927177796720589 0.4854257073123201 0.6927177796720589 0.4546337781171356 0.6907052352802168 0.4199173873578591 0.6886926908883747 0.40180448783127987 0.681447531077743 0.3897292214802272 0.6629321226727954 0.3830878249871482
11 0.48534740269804205 0.6913141576245218 0.49513592174405296 0.6705135546517488 0.5253171888025866 0.6491011692385998 0.6117824403756833 0.6442069097155942 0.6411479975137159 0.6509365165597267 0.6574621959237342 0.6582779058442351 0.6745921042542534 0.6778549439362568 0.6860120431412661 0.6913141576245218 0.6941691423462752 0.7194561498818034 0.6909063026642716 0.7475981421390847 0.6745921042542534 0.7732930046348634 0.6493050967187252 0.7947053900480124 0.6207552495011932 0.8008232144517693 0.5644712649866304 0.8002114320113937 0.5253171888025866 0.7977643022498908 0.5000301812670583 0.7800226114789962 0.4877945324595448 0.7592220085062229 0.4886102423800457 0.7304682338085655
27 0.6974319820282788 0.7206797147625548 0.6843806233002643 0.6552189936423567 0.6917220125847724 0.6497129516789755 0.7041474915107995 0.6484024817661944 0.8108873096683891 0.6486120494720014 0.8284909969561589 0.6444206953558655 0.8391090940503695 0.6477737786487741 0.8446975662052171 0.6534321067055573 0.8441387189897324 0.6699879554642933 0.8486094967136103 0.6995370019830502 0.8497271911445801 0.7154641476243658 0.8472123786748985 0.7198650694463082 0.8393885176581118 0.7215416110927626 0.8156375110000095 0.72300858503341 0.7754005114851066 0.7238468558566372 0.7396342896940818 0.7253138297972846 0.7108536580966167 0.7259425329147049 0.7019121026488605 0.7242659912682509
14 0.20426147849334841 0.3346525297486353 0.19246107822365338 0.33418898291930804 0.19209998802060718 0.29654532925173605 0.2932052448735583 0.2987118704700136 0.2953717860918358 0.3090029412568318 0.29369252950186453 0.3287874684477409 0.277152352452672 0.32892943717615836 0.2579620924730192 0.3309671294705687 0.23023415373828462 0.33210912402415393 0.2158688442090299 0.33239306148098907
16 0.8079728668588363 0.33372539986969785 0.8066081671521259 0.28747709833595536 0.8014705776279729 0.2813499750091583 0.7913140051970339 0.27732786137209875 0.7544513070726027 0.27614641829874503 0.7053796662586018 0.2756006779357102 0.6587308864894982 0.2731978085235429 0.6493699498307169 0.2730188912132334 0.6435566743307851 0.2770609964830226 0.6438661282222917 0.2983116051534426 0.649516555137402 0.2992885849429399 0.6536732634962644 0.31384372807653466 0.6471203496028114 0.31848155279118323 0.646855137678759 0.3329607589308937 0.7429580336242715 0.3346389706697167
32 0.45515648226766797 0.3095112346279343 0.4416417616913215 0.28634314221134033 0.44405510465138337 0.27946511477516406 0.43150572125906167 0.26245104690672794 0.4363324071791854 0.24507497759428248 0.44067642450729677 0.23964495593414323 0.44115909309930923 0.22914691405787416 0.4517778021235814 0.2204588794016514 0.46336184833187827 0.21973487651363288 0.4706018772120639 0.21901087362561428 0.4759112317242 0.20778882886132663 0.4836339291963981 0.20706482597330808 0.4807379176443238 0.2172008664055679 0.49376996962865777 0.21611486207354005 0.5024580042848806 0.21394285340948438 0.5087326959810414 0.20996083752538225 0.5101807017570785 0.2157528606295308 0.5236954223334249 0.21285684907745656 0.5347967999497096 0.21502885774151223 0.5396234858698333 0.2153908591855215 0.5492768577100807 0.21213284618943798 0.5632742468784395 0.2081508303053359 0.5709969443506376 0.21430485485349368 0.5738929559027118 0.22371689239773493 0.5854770021110087 0.22335489095372568 0.5960957111352809 0.22806090972584628 0.6004397284633923 0.23819695015810616 0.6004397284633923 0.24833299059036598 0.6086450945276027 0.2602790382426722 0.6144371176317511 0.2671570656788485 0.6081624259355903 0.2733110902270063 0.6120237746716893 0.28308512921525686 0.6134717804477264 0.29358317109152593 0.6076797573435779 0.30299520863576723 0.6023704028314417 0.30806322885189713 0.5849943335189963 0.30878723173991574 0.5632742468784396 0.30987323607194356 0.5541035436302045 0.31276924762401775 0.5434848346059322 0.3145792548440642 0.5265914338854992 0.3153032577320827 0.512111376125128 0.3127692476240178 0.5000446613248187 0.3127692476240178 0.4821859234203609 0.3142172534000549 0.4739805573561505 0.3142172534000549
21 0.16282977588703965 0.3579045417949397 0.19181562288705498 0.3349178890567525 0.20440081081403366 0.3358943260510871 0.21655202674353036 0.3329650150680834 0.23911857061259562 0.3332904940661949 0.25917206706120494 0.33168700469070783 0.2774235279101532 0.32993378554511926 0.2936969979281809 0.3294617650059223 0.2971135275452254 0.3283154294107298 0.3601589453597623 0.32536192935065855 0.3672363045480546 0.347380380158679 0.3630423139179555 0.36094531860290585 0.36094531860290585 0.36880905103434164 0.355702830315282 0.3821773961677826 0.35989682094538106 0.42208583825731966 0.3630423139179555 0.44135198271433745 0.366449931304911 0.46238746696842836 0.36618780689052977 0.46985801277829237 0.36461506040424263 0.47457625223715394 0.3617316918460494 0.47752515189894246 0.3475769734694649 0.47988427162837316 0.33787837013736066 0.47988427162837316 0.3349950015791675 0.4832263579117334 0.32267515410325137 0.4771319652773707 0.31192805311362237 0.47398647230479635 0.3017052009527557 0.47182394588615145 0.2849292384323593 0.47182394588615145 0.26317291203872006 0.4749694388587258 0.2450863274464176 0.48263657797937576 0.2353877241143133 0.49030371710002574 0.23198010672735778 0.4940389900049577 0.2086510338474314 0.4981674495314616 0.19004020042636657 0.49934700939617693 0.17693397970730682 0.4861752575735219 0.18296284123807427 0.47280691244008083 0.186632583039411 0.46631933318414637 0.1895159515976042 0.4637636201439296 0.18689470745379222 0.4271972643377529 0.1821764679949307 0.37588641022263386
24 0.212566871108825 0.5379914108991395 0.21037546006646596 0.5341564415750112 0.23350702106914453 0.495624130746865 0.24129870477530993 0.487588956924882 0.2556646216085524 0.48119734138466824 0.2673521471678005 0.4764492841262237 0.2822050442326783 0.4738926379101381 0.2973014314133738 0.4737100203232749 0.3104498976675279 0.4755361961919074 0.3201895023002347 0.47809284240799294 0.33139004762784746 0.4828408996664375 0.33382494878602414 0.48430184036134355 0.3340684389018418 0.48704110416429225 0.3362598499442008 0.4903282207278308 0.3391817313340128 0.49671983626804456 0.3391817313340128 0.5009200407658994 0.3382077708707422 0.5025635990476687 0.33212051797530046 0.5054854804374808 0.32505930461658805 0.5089552145878824 0.31556319009969896 0.5168077708230022 0.3075280162777159 0.5264865029267547 0.29754492152919143 0.5387218812465925 0.2756308111056013 0.534704294335601 0.25688207218764075 0.5334259712275582 0.24202917512276292 0.5336085888144214 0.2244978867838908 0.535434764683054
31 0.12963334544332814 0.617274414666144 0.13594164502099765 0.5900526812338637 0.1552169528971092 0.5641831890843455 0.18514440459949305 0.5497267081772618 0.2177015214032229 0.5391705366694061 0.2516452960474959 0.5352296959599316 0.2876908524034886 0.5390129030410271 0.298144169833086 0.5413717860842389 0.3139419899972357 0.5218726938274247 0.3294186197175535 0.5086407172677269 0.3443790655367445 0.5045684723632753 0.34928886435771456 0.5046551158718806 0.3525235553456477 0.5051316551692101 0.3586699064414723 0.5071757846441691 0.3687147574045169 0.5103708351558889 0.37704239415254037 0.5143958595841003 0.38129874182375256 0.5189760597955132 0.38203897620135474 0.5277200783809379 0.38240909339015566 0.5342433938335565 0.37566894663306394 0.5533714619061672 0.3688217786402446 0.5625318623289931 0.36289990361942787 0.5679448262152084 0.37900697371259623 0.5727976029198653 0.39945928932609204 0.5891661372751378 0.41195147073774435 0.6055076536566598 0.41543766089913575 0.6244638126592253 0.41456611335878796 0.6362297044539212 0.40439805872139645 0.6630297913196173 0.39016278222904854 0.674577796229226 0.3750559581963527 0.6839469322879652 0.3567534598490481 0.690919312610748 0.3355458030339173 0.6954949371975739 0.30998040851704745 0.701159996209835 0.28877275170191674 0.7037746388308785 0.25826858778974243 0.7057356207966612 0.22108255940156807 0.701159996209835 0.18680168948121978 0.690701425725661 0.16181732665791512 0.6752314568844868 0.1377045113749583 0.6495208044442257 0.13189419443930603 0.6329614011776168
