9 0.4208063826917388 0.8071665352398107 0.4225858350051121 0.7989590894331674 0.44347100698987385 0.7913560097634977 0.458345911398152 0.7731963524693984 0.4652765753791275 0.7811842213017361 0.4793231216093598 0.7864797320479144 0.5159878364540273 0.7805377704292631 0.5338291749901206 0.7692542900071251 0.5455620384527504 0.7383807314296912 0.543306516969702 0.7326969686247959 0.5206295096329385 0.7104659738719087 0.5121122719494848 0.704837791392645 0.49234827188854413 0.6999870925356056 0.4726465270335359 0.6993897495323015 0.45335072284423455 0.7042237957850996 0.4363857286673425 0.7116541198674383 0.44251603082317204 0.6858135375419071 0.46310346148533116 0.6917734513671256 0.4950944109763924 0.6972983146868227 0.5450321223556155 0.6979635028808322 0.5924533089587801 0.6977866396813353 0.6053698638972203 0.695935414155969 0.609795428688641 0.6967966772421466 0.6473594068551514 0.6801098016440092 0.6557804544847358 0.6832930644213973 0.6720136717528472 0.708615818764982 0.6753849650153997 0.7186467404960498 0.6781563460906681 0.7410906710577748 0.6812601973843764 0.7757631727283916 0.6778365382699488 0.8059226829375852 0.6757970301130121 0.8137053540297061 0.6550518346746155 0.8106708519533623 0.6269156657722474 0.805073283852383 0.6066424063409948 0.804888846130617 0.5697794019371565 0.804027163987303 0.542326352988971 0.8026882784275736 0.5248427465312646 0.8033118646913137 0.5085379850527427 0.8042721081745843 0.4699106042804209 0.8110755323476952 0.4559557505596816 0.8066639619071013 0.4513886990404153 0.8094022394920752
4 0.3282332347308713 0.29151658042259204 0.3292144168969983 0.28685596513348854 0.34654863516524287 0.22406030650135744 0.3538494432948568 0.21426590227498868 0.3677833912161877 0.20933096238618398 0.38036264975627804 0.21049212471296153 0.4220825057836473 0.21670191923486432 0.42575951981844296 0.22468491023146014 0.42711420919968357 0.23252275593720875 0.4309847502889421 0.24326350745990127 0.43543587254158944 0.2509562078748027 0.43949994068531095 0.25342367781920505 0.4456928064281247 0.2743245997012013 0.4545950509334194 0.29827357269098875 0.453442696445774 0.3055564654125394 0.4516491663717554 0.3167392586871227 0.4404675759576256 0.32469001562517846 0.4300835813323666 0.32496489248839144 0.4184690221182137 0.324046372966287 0.40810345821571464 0.322518830858448 0.4026123624822585 0.3215146189596386 0.3899725095191837 0.31944894420766046 0.38270068794815965 0.31805174495555893 0.37640824543495977 0.3123902832743127 0.3653547762104946 0.29999708921951906 0.34481813945237527 0.2990012288323603 0.3278716368542771 0.29689452619905266
21 0.4611383999299041 0.32583165614630183 0.45438170746575607 0.3053312369653074 0.4559173193894261 0.29934235046299446 0.4413348668627562 0.2522242584627964 0.43642090870701217 0.25015118236584194 0.4241360133176522 0.21675162302601955 0.4192220551619082 0.21398752156341355 0.41154399554355825 0.1854251397831517 0.4047873030794103 0.16653711312201083 0.4146152193908982 0.12438456581726946 0.4628334337941361 0.12346319866306747 0.5531274149059318 0.12139012256611298 0.6805832045705411 0.11908670468060797 0.6897968761125611 0.13060379410813291 0.6962464461919751 0.14834011182652135 0.6983963028851131 0.16377301165940478 0.6950179566530391 0.18312172189764675 0.6824259388789451 0.21421786335196413 0.6603131271780973 0.25590972707960435 0.6507923332513432 0.26742681650712935 0.6397359274009193 0.28608450137971975 0.6246869305489534 0.3146468831599816 0.621513587833018 0.3190175354469089 0.6043650877551491 0.34363621273056594 0.5648364306320658 0.3428501452839143 0.534971219258945 0.34248067914935104 0.4997674880151996 0.34236567208014745 0.4827542051170014 0.3427884799463016 0.47542545156823013 0.33537764412952664
12 0.3393934946600543 0.7808184164897392 0.33194567188464946 0.766965466127486 0.32956236859651983 0.75489999323133 0.3370101913719247 0.741270477552339 0.3474371432574916 0.7309924821222803 0.36620565665151183 0.721161356058746 0.3825908667574026 0.721161356058746 0.42251119683357286 0.7231722682081052 0.427277803409832 0.7233957028913675 0.43859849402844747 0.7111067953119493 0.4534234505666497 0.7047129910088106 0.4724898768716862 0.699573993293781 0.49036465153265796 0.7002442973435676 0.5088352520156622 0.7044895563255484 0.5195601168122452 0.7114160315066749 0.5320724590749254 0.7230346350363067 0.542201498049476 0.7333126304663654 0.5439889755155732 0.7391219322311811 0.5356474140071198 0.7607950965076093 0.5290933299647634 0.7690621797883088 0.5138997715029375 0.7784464364853192 0.4802356125581073 0.7847026076166591 0.4668295315623785 0.7802339139514162 0.45819005714290884 0.771073091937668 0.4424006728590505 0.7902884746982127 0.42065303035486823 0.7976618192458637 0.3947346070964592 0.8016836435445822 0.3652412289058558 0.7965446458295528
15 0.1764941182261993 0.5345182762454441 0.17608218190171285 0.5070215265859768 0.17814186352414488 0.4751994455194021 0.18308509941798173 0.46902040065210604 0.19173576223219618 0.4646950692449988 0.21562806905240753 0.4653129737317284 0.25476201987861585 0.4656219259750932 0.29883920659866087 0.46809354392201175 0.3264389403392499 0.46778459167864683 0.3363254121269235 0.47272782757248366 0.3404447753717876 0.48014268141323896 0.340856711696274 0.483232203846887 0.3342657305044916 0.4841590605769813 0.33673734845141 0.492500771147831 0.3392089663983284 0.5107289535063543 0.338797030073842 0.5240138999710408 0.338797030073842 0.5385346554091865 0.338797030073842 0.5428599868162938 0.3198479591474675 0.5431689390596586 0.28812886216201444 0.5425510345729289 0.24940684766029256 0.5422420823295642 0.21809968699932597 0.5416241778428346 0.18514478104041374 0.542551034572929
2 0.33616206281307565 0.48522552785936635 0.37927870901636057 0.48301711427334454 0.38558846211928033 0.48491004020422035 0.3864297625330029 0.48932686737626424 0.4169269025304484 0.49248174392772415 0.42155405480592284 0.49831826554792485 0.4191779311373019 0.523078532232047 0.4139198035515354 0.5547850415742187 0.3983557458976667 0.5552582730569376 0.3977247705873747 0.5522611403330508 0.3811090874163527 0.5514724211951858 0.37984713679576876 0.5439007174716821 0.3758509598305862 0.5426387668510982 0.34030601735080507 0.5432697421613902 0.3398853671439437 0.5109322575089265 0.3375717910062065 0.49121427906230225
0 0.19099367998772443 0.39347508840047835 0.18441017650056518 0.351727503743245 0.1844101765005651 0.3286160455917382 0.18874357490397273 0.3047823543729967 0.19981781526823642 0.28744876075936654 0.20944758949803094 0.28492094502404547 0.22341076213123304 0.2841987119568109 0.23689244605294532 0.280587546620638 0.2431517993023118 0.283115362355959 0.2575964606470036 0.2841987119568109 0.26770772358828787 0.28492094502404547 0.27685600910659264 0.2870876442257493 0.28215238493297967 0.2841987119568109 0.29130067045128444 0.28672652769213197 0.2927451365857536 0.2914210426291568 0.2999674672580995 0.2914210426291568 0.2994859785466098 0.28744876075936654 0.31441212860279133 0.28961545996107035 0.3244991325105741 0.2970188103950422 0.3432771922586735 0.299654868791485 0.36568654610319634 0.30117211202645827 0.3759391571100765 0.31293141721326423 0.3789736435800233 0.3182417685356712 0.3884142681531911 0.32013832257938796 0.39043725913315563 0.3287360342442372 0.3912801720414742 0.3348050071841308 0.3939774933480936 0.33733374590908644 0.39448324109308464 0.3474487008089092 0.394314658511421 0.3702073493335101 0.39161733720480174 0.38348322763952747 0.38757135524487263 0.4033338266304295 0.3789736435800232 0.4209085607688714 0.36363262864862556 0.43380512826614537 0.3348050071841308 0.4480925020621449 0.3022685689230346 0.4578281461532242 0.2744524429485222 0.4594718263244453 0.2543911157305405 0.4577017092169764 0.22842939815432894 0.44708100657216254 0.2110653922429667 0.43608099311860543 0.19943319410817062 0.4190120067251547 0.1937013863316044 0.40270164194919056
6 0.25582013513819685 0.6829887051349313 0.23835882515826123 0.6727356343385938 0.22491181638278668 0.6657065161150504 0.20535253089118732 0.6553156456976381 0.20535253089118732 0.6513426658321569 0.2110573224929038 0.6485921413099008 0.22817169729805323 0.6458416167876446 0.23713636981503627 0.6449247752802258 0.2375438549294446 0.6403405677431324 0.24610104233201935 0.638506884728295 0.25465822973459407 0.6290328558183016 0.26036302133631056 0.6275047866392703 0.2624004469083521 0.6223093514305642 0.2615659877027391 0.6176181399945153 0.2675550815303865 0.6138490321135628 0.2705511907011349 0.6141700438104286 0.26998050324004 0.6111739346396801 0.28553173655487724 0.6037906656117642 0.29694548577677626 0.598761482360865 0.3072178600764853 0.5974774355734014 0.3180609218372893 0.5929832718172786 0.31820359370256307 0.5904151782423513 0.3292866650517847 0.5876654130625222 0.3328534616836281 0.58862844815312 0.3369909457765665 0.588307436456254 0.34084308613895753 0.5867023779719246 0.339987054947315 0.5835992649022207 0.34326850784861096 0.5825292259126678 0.3496887417859291 0.5890564637489412 0.3619585221994705 0.5997568536444715 0.37194555276863206 0.6083171655608958 0.3710895215769896 0.6209436256376214 0.356251647588521 0.6320720311289729 0.3375616332376615 0.640953354742263 0.3147341347938636 0.6540078304148098 0.296852056387222 0.6706430874772527 0.2786428817105006 0.678664833275731 0.2620882165078547 0.6831128909306521
3 0.5786099728163834 0.42512550673952526 0.5708014289958903 0.4325270126130405 0.5732588862221011 0.4341320887847576 0.5547542367018496 0.4477377088386368 0.5283229012182457 0.44750985249826086 0.5234619659568932 0.4399905932658562 0.5125248616188501 0.4240406494395435 0.5141059201607844 0.41961819610418644 0.5247279433046023 0.4049887733197464 0.5467445003663337 0.3990500967438846 0.5450063511246181 0.39470472363959547 0.580155591345979 0.38891089283387664 0.583380200698907 0.3889122926675414 0.5853561658948225 0.38390180949218383 0.613772427283705 0.37529224685283713 0.6214881009058517 0.37818562446114223 0.6328734241775561 0.37712707167761594 0.6475520227757867 0.3745159748115845 0.6558322578824809 0.3753628170384055 0.6598782818550701 0.3791736070590999 0.6602546561781018 0.3839723796777523 0.675121441937848 0.3828432567086576 0.685189455078942 0.3814318529972893 0.6881063560824365 0.3831255374509313 0.6855658294019736 0.3862306256159415 0.6743686932917847 0.38467808153343647 0.6677821426387327 0.3913116789768675 0.663265650762354 0.39222909138925693 0.6609133112434068 0.39582817085324623 0.6531035440405022 0.3942050565851727 0.6451996832568395 0.3980864167914355 0.6420945950918292 0.3954047497398357 0.6331557049198299 0.3974512851213197 0.6242168147478305 0.394275626770741 0.6197944164522098 0.39201738083255167 0.6244050019093462 0.3883477311829941 0.6224290367134306 0.3874303187706047 0.6155602053181048 0.3887711522964045 0.6118905556685471 0.3877125995128783 0.6066213151461054 0.3907471174923202 0.6013520746236636 0.39018255600777285 0.596741489166527 0.3934993547294884 0.5958946469397061 0.3966044428944987 0.5921309037093905 0.39787470623473026 0.5921309037093905 0.39963896087394063 0.5955182726166746 0.40232062792554046 0.5918486229671169 0.4026029086678141 0.5915663422248432 0.4090953657401084 0.5978706121356216 0.4112124713071609 0.5968355827472849 0.41276501538966603 0.5981528928778953 0.4149526911422869 0.5974001442318322 0.41699922652377114 0.5933541202592431 0.4196103233898025 0.5954241790359166 0.42208027988469704 0.5932600266784851 0.4241268152661812 0.5926013716131798 0.42589106990539155 0.584038855764212 0.4233505432249285
3 0.7029970842752388 0.49475957602371123 0.6915837377272679 0.4949180947257663 0.6780568084852283 0.48524845390040205 0.6729842100194632 0.4839803042839609 0.668545686361919 0.47906622452025116 0.672138776941836 0.4670872186981208 0.6764298948307118 0.4667991789950646 0.6857341985114849 0.46243069494982353 0.7011511448543675 0.46515845047963306 0.7099259353175359 0.47083180638254357 0.7068245007572779 0.4774696327889489 0.7083373956647208 0.4834266564870049 0.6988818024932031 0.4912558876330213
3 0.5286964825326677 0.5414627883822192 0.525809402764571 0.5273882745127488 0.5261702877355832 0.5146670792845737 0.5418687839746078 0.5055998443878957 0.5658676345469097 0.5034345345618234 0.5952797596843926 0.5206216813062727 0.5916709099742721 0.5438987619365505 0.554138872989018 0.5529659968332286
3 0.542770996402138 0.6152186543328089 0.543853651315174 0.6019561316481156 0.5546802004455359 0.5964075252188051 0.5582890501556566 0.5974901801318413 0.5588303776121746 0.5872049584579977 0.5779572810758138 0.5740777676374339 0.6048432114162122 0.5815210201645578 0.6122413533219595 0.6058807557078717 0.609354273553863 0.6095347160393689 0.5849945380105489 0.6257745397349115 0.5774159536192958 0.6267218627838181 0.5445754212571983 0.6177899597512697
1 0.6364978879580845 0.5787345082012869 0.6364978879580845 0.5731352410666181 0.6405178746188724 0.5665309772667523 0.6504721273027282 0.5636595582233324 0.6594692403054441 0.5655259806015553 0.6851205837599954 0.5661002644102393 0.6856948675686794 0.5645209839363583 0.6902891380381513 0.5645209839363583 0.6908634218468354 0.5632288453668193 0.6945005526351672 0.5616495648929384 0.6962234040612191 0.5540403044278756 0.701009102466919 0.5515995982409686 0.7008176745306911 0.5485846082453777 0.7079005081711267 0.5485846082453777 0.7115376389594589 0.5462874730106417 0.7260861621127865 0.5493024630062326 0.7364232706690983 0.5564810106147825 0.7369975544777823 0.5616495648929384 0.7421661087559381 0.5639467001276743 0.7433146763733061 0.5686845415493172 0.744463243990674 0.573278812018789 0.742166108755938 0.577011656775235 0.747143235097866 0.578016653440432 0.7488660865239178 0.5844773462881268 0.7477175189065499 0.5900766134227956 0.745228955735586 0.5939530291314126 0.7375718382864662 0.6011315767399624 0.7291490090924344 0.6080229824441702 0.7170890491100708 0.616780810526601 0.7123033507043708 0.6169243814787719 0.704263377382795 0.619795800522192 0.6994776789770951 0.6213750809960729 0.6937348408902553 0.6248207838481769 0.6874177189947315 0.6251079257525188 0.6830148764614876 0.6212315100439019 0.6780377501195596 0.6206572262352179 0.6761234707572796 0.6226672195656119 0.6726777679051757 0.61950865861785 0.6688492091806159 0.617929378143969 0.6648292225198279 0.6117558272006162 0.660617807922812 0.6025672862616723 0.6621492314126359 0.5945273129400965 0.666360646009652 0.5958194515096356 0.6705720606066679 0.5984037286487134 0.6747834752036836 0.5978294448400294 0.6753577590123677 0.5951015967487805 0.6678920694994759 0.5879230491402307 0.6640635107749159 0.5883537619967437 0.6518121228563243 0.5850516300968107 0.6395607349377326 0.5811752143881939
16 0.660646207765381 0.3805138758530575 0.6605382655571832 0.37848995944934916 0.6588111902260186 0.3777613495440141 0.6593509012670076 0.375818389796454 0.670037179878588 0.3746040399542289 0.6799678630327841 0.3785709161054974 0.6821267071967398 0.38140439907068924 0.6747866370392905 0.38253779225676593 0.6710086597523681 0.38180918235143096
1 0.6689781616411372 0.4662810212340641 0.6642906119656392 0.46727544362776 0.6608366279942196 0.46264957223746594 0.6482542578126194 0.4659801996384776 0.6361653139126509 0.46746047848337186 0.632851979272927 0.46592937005894197 0.6275981368691711 0.46620112052810186 0.622706628424295 0.4619889882561251 0.611111941740144 0.45764098074956855 0.6116197225889601 0.43887700769305565 0.5942276925627338 0.4255612347042261 0.5973075312132115 0.4217567281359891 0.5949523604804933 0.4198544748518705 0.5978617099105499 0.41729919413526706 0.5992063410084707 0.41477801082666543 0.5974415126924496 0.412571975431639 0.5987810357928833 0.4111419680502081 0.5921419197468991 0.4086838143243216 0.5923099986341392 0.40332629979354306 0.596596010258762 0.4023808560528176 0.5924780775213794 0.3993554360824956 0.5926461564086194 0.3982209035936249 0.5961758130406617 0.39708637110475414 0.5969321680332421 0.39380883280357204 0.601218179657865 0.39040523533695987 0.6069328618240286 0.3911615903295404 0.6119752284412319 0.38819919994193347 0.615420845629654 0.3892707028480891 0.6224801588937386 0.38775799286292817 0.6237407505480395 0.3883252591073636 0.6190345417053165 0.39191794532212093 0.6234886322171792 0.39437609904800736 0.6329010499026252 0.39765363734918957 0.6416411520391108 0.3957627498677383 0.6452482491219727 0.39829885082493505 0.6532763715439667 0.39441778561791674 0.6609659586831058 0.3960500093031114 0.6634324300296222 0.39238657392078563 0.6681235618063296 0.391552326259464 0.6744590078140482 0.38476953005654413 0.6857210657648041 0.38632575278909875 0.6883333333333332 0.38315860215053754 0.6919919690520208 0.38235234689644315 0.6950761526778408 0.3790512925080822 0.6984549684230569 0.37916647940848724 0.701065871498906 0.3766611643246764 0.7116246707027067 0.3769491315756891 0.7136212436430618 0.3778130333287273 0.720033314432279 0.3762580101732585 0.7249842684539076 0.37798618788915195 0.7319659387476771 0.3791450307043064 0.7328243408329768 0.38077599466637546 0.7374246180779829 0.3815168068113761 0.7398281439168215 0.3830190104606503 0.7445207419831257 0.38323361098197517 0.7457797317082318 0.3857229770293437 0.7511018246370889 0.38653845901037825 0.7547643402010334 0.3905300287070211 0.7585413093763514 0.39091630964540597 0.7618032373004895 0.39460743861219394 0.7613454228549965 0.3959808819486732 0.7651796188360013 0.3974401654936824 0.7674686910634666 0.3995003304984012 0.7695288560681854 0.4004016526879658 0.7694716292624988 0.4022472171713598 0.7723329695468305 0.40550914509549796 0.7755948974709688 0.40748346989168693 0.7787423717837337 0.40838479208125145 0.7758238046937155 0.408985673540961 0.7750798562197889 0.41100291844141496 0.7750226294141024 0.41336352417598876 0.7787995985894205 0.4148228077209978 0.7825193409590515 0.41525200876364754 0.7834349698500378 0.4183851763749909 0.7858957224945631 0.42031658106691483 0.7894437844471345 0.42070286200529966 0.7895010112528211 0.4238789497209079 0.7927057123712727 0.4262824755597465 0.7896726916698811 0.42860016119005523 0.794536970153245 0.4295873235881498 0.7938502484850054 0.434823576308477 0.7904738669494938 0.4354244577681866 0.7881275679163419 0.43490941651700693 0.7888715163902681 0.4377850635027603 0.7922478979257795 0.4400169089245391 0.7968832691863971 0.4404031898629238 0.7972266300205169 0.443622197682797 0.7973410836318903 0.4450385611235413 0.7998395746816597 0.44635021711305867 0.7998395746816597 0.4472332046840044 0.7973377765639802 0.44899917982589577 0.7941001554705126 0.44789544536221365 0.7952774722317736 0.4514273956459965 0.7977792703494531 0.45341411768062445 0.7988094225155564 0.45573196005435684 0.7982207641349259 0.45650457417893436 0.7951303076366159 0.4567253210716708 0.7913040281625179 0.4605883916945583 0.7882528543019085 0.4643181327878116 0.7849438167504565 0.46627347315912404 0.7870495679195622 0.46755196494036677 0.7849438167504565 0.4692816891149893 0.7854451860764342 0.47266593206533775 0.7813339576034183 0.47665181820685937 0.7806320405470497 0.4801864719550011 0.7782254677823575 0.48432276889431597 0.773612869983364 0.4859020822711453 0.7710057494882805 0.48755660104687126 0.7686994505887839 0.4897375576148736 0.76498931757655 0.4901887900082534 0.7624824709466622 0.49417467614977484 0.7595745288559925 0.4968820705100536 0.7534578230790663 0.49643083811667377 0.7488452252800728 0.49936384867364253 0.7421268763119735 0.49831097308908956 0.736712087591416 0.49613001652108724 0.7314978466012496 0.49597960572329397 0.7302945602189034 0.4978597406957098 0.7277877135890156 0.4968820705100536 0.7186627918562241 0.4971076867067435 0.7162562190915318 0.4962052219199839 0.7144512895180126 0.4962052219199839 0.713749372461644 0.4980853568923997 0.7107411565057788 0.49778453529681316 0.7055269155156122 0.4987622054824694 0.7032172912519822 0.4945544441789081 0.6991797337310947 0.4912173604793137 0.7084980085601952 0.4835296771182722 0.7069862825365085 0.4775548948876611 0.7087862240638279 0.47359394897713986 0.7101199915079932 0.47070208244661266 0.7013995756243616 0.464913782947005 0.6856726902069012 0.4619115600231193 0.6762469468785232 0.4659726515635374
5 0.7258964454283191 0.5087569017814084 0.7366859879697804 0.5074082089637257 0.741081727523709 0.5098058850840506 0.7488741749147646 0.5125032707194158 0.7540691398421348 0.5117539969318144 0.7584648793960637 0.5137021087795782 0.7562670096190992 0.5198461538379104 0.7544687525288556 0.5223936847157555 0.7572660413359011 0.5324339534696154 0.7598635237995863 0.5430736412535565 0.7618615872331902 0.549367541069409 0.7614619745464695 0.5538631837950179 0.7624610062632715 0.5591081003082283 0.7636598443234338 0.5592579550657485 0.7648586823835963 0.5657017096391214 0.7628606189499922 0.565551854881601 0.7546685588722162 0.5595576645807891 0.738484245060024 0.5549121670976599 0.7324483144501781 0.5523496818944045 0.7287960366892164 0.5504940891610126 0.7264397284563379 0.5485501348688878 0.7113593557659155 0.5458109265481667 0.7078349931567017 0.5481951103791832 0.7002948068114905 0.5481067488204503 0.7004126222231344 0.5513761264935693 0.6955821903457335 0.5534968039031599 0.6946819653932874 0.5565687244994257 0.6864118702681019 0.5520497082345923 0.6729494547579549 0.5448515884796346 0.6684599745471399 0.5403325722148011 0.6717680125972143 0.5355477314638009 0.6956331442441781 0.5322692294677451 0.6950424231638078 0.5273957805546894 0.6965782979727709 0.5248261438550782 0.7036669509372157 0.5263324826100227 0.7154813725446235 0.5327122702780229 0.7179624010821791 0.5366110294084675 0.7268232172877351 0.5398895314045233 0.7303675437699575 0.5396237069183566 0.7293042458252909 0.5325350539539119 0.7268232172877354 0.5205729520764114
5 0.6107870571838774 0.43952239630525847 0.6001163781547486 0.4328720083187944 0.5963590968064637 0.43749346437718467 0.5920006504424533 0.43783161969853024 0.5901971553952766 0.44166404667378084 0.5859890002851975 0.44222763887602357 0.5727599687325382 0.43498046169093363 0.5566788045618791 0.44783036390206776 0.532199678779224 0.45508388691785356 0.5314298739014052 0.460905702994099 0.5446555042473677 0.4669924987783204 0.546609290548476 0.4662034696951805 0.5399964753754946 0.4622583242794815 0.5416496791687399 0.45910220794692225 0.5479619118338585 0.4567351206975028 0.5460081255327502 0.4539171596862892 0.5479812235314596 0.4510781384582963 0.5556556553441161 0.4512337012653096 0.5582630601017571 0.4545545220928852 0.5661400010354346 0.4523175080970503 0.5727251512898047 0.4541695816060919 0.5748287409543953 0.46246961473920434 0.5751945826351935 0.46836881184207757 0.5833345600329566 0.46836881184207757 0.5867185955803413 0.4659679758118385 0.5921147603721167 0.4658993804966887 0.6016266440728737 0.46185225690285703 0.609949542311036 0.45663901295148074
16 0.5899669372838464 0.4412886575409704 0.5912349275865108 0.4374846866329775 0.5966527043342583 0.43687950944306947 0.6010330344707351 0.43134646084962514 0.5936556363461427 0.4268508588674517 0.5832811702334346 0.42425724233927475 0.5792466556340481 0.4252082350662729 0.5716387138180622 0.43238390746089606 0.5767106750287194 0.43601497060034383 0.5860476945301567 0.44154801919378817
5 0.6241598608540945 0.5155757058241867 0.6260982455151319 0.514329601399234 0.6212522838625381 0.5111104983014394 0.6146063935961236 0.5014531890080559 0.6076835912352752 0.5004147686539286 0.6002069646855589 0.49750719166237223 0.5974378437412194 0.4931458261750378 0.5932841623247104 0.4943919305999905 0.5817923104057019 0.49376887838751415 0.5781924531780608 0.49366503635210135 0.5795770136502305 0.4955341929895305 0.5791616455085795 0.4988571381227377 0.5876074643888146 0.5038415558225486 0.6028376295826813 0.5072683429911686
5 0.5592006283532384 0.4801065366320011 0.5651120804114551 0.4873537494918342 0.5768213027575384 0.4876947948028851 0.5819369824233029 0.4840285577090873 0.57738971160929 0.4783160487489835 0.5676130793591623 0.4801917979597638
5 0.6003609027657925 0.5553846817624727 0.6166318480825125 0.5501151142451259 0.6231032467880261 0.5411013803338748 0.6299444397052834 0.5361091584753357 0.6245824236350006 0.5300075539815657 0.6049833304125879 0.5265407332464691 0.5951837838013816 0.5287594985169309 0.5925952243191762 0.5447068738983752 0.5879727966723807 0.5476190033158564 0.5890821793076116 0.5508084783921452 0.5966629606483562 0.5495604229275105
16 0.5318771028551327 0.4550809469253116 0.5264228921451596 0.45508094692531165 0.5270289155573789 0.45835996645928356 0.5279379506757077 0.4591716049577915 0.5255954479404197 0.46071847729302184 0.5257685974867681 0.46406242790687435 0.5256820227135939 0.4656532393639498 0.5233526681301485 0.46599095315275263 0.5190749601386473 0.4691992341463786 0.519862958979187 0.4724919435872051 0.5206509578197267 0.4768822228416405 0.5209350794294696 0.4839290135151806 0.5210576668113802 0.4866412593399545 0.5235707081405494 0.4877445457771506 0.5219770721757104 0.4904108213337082 0.5257772810149418 0.4936287401088638 0.5243062324320135 0.4950078481553589 0.524919169341567 0.49891532095376223 0.5255933999420757 0.5054430990405063 0.5282290286531556 0.5074198205738162 0.5414637614683543 0.5055462179139969 0.5475047229024805 0.5046998082028321 0.5660470809535605 0.5032511864800915 0.5684340472610333 0.5047445658920904 0.570609810514681 0.5025333075338961 0.5747309272001568 0.5018852287002931 0.5788520438856327 0.49999084441745334 0.5788932751139655 0.49874453896821663 0.5793711580216085 0.49560140772704075 0.5778457741052655 0.49340162445647173 0.5931749242126931 0.4941351845133528 0.5974461839967762 0.492907346302098 0.5821304329709109 0.48415580036637385 0.5768658383836643 0.4878579539710237 0.5648264305443936 0.487460068748022 0.5589845288482402 0.4800153644496979 0.567539061142778 0.48009825720448984 0.5774419822485994 0.4781088310894812 0.5821386353300653 0.4838651268434225 0.5975486890569931 0.49287792926205043 0.6003857154738809 0.49749917932393406 0.6077885812804474 0.5003916164130268 0.6147038331716115 0.5011562836894535 0.6214291879947793 0.510979156310657 0.6264013258339461 0.514319135859141 0.6242410967121041 0.5157836378464501 0.6166748000003285 0.5128327821288575 0.6029689939567118 0.5075147564400094 0.5874905126834792 0.5040774959338027 0.5789910251219775 0.49887127352398974 0.5789216072866581 0.4999646044302728 0.574733397889045 0.5019430127368802 0.5706608848836309 0.5025677732547562 0.5685783498240441 0.5047891439849819 0.572674002107898 0.5072187682211665 0.5790141644004174 0.5108979134931029 0.586117922881452 0.5149935657769568 0.5955356092064719 0.520581701520181 0.5947410448230013 0.5283388794346024 0.6051066854105525 0.526313777062888 0.6247314038133827 0.5298421938990134 0.6302760588415796 0.5360925322944353 0.6232528291391969 0.5411835337294161 0.6168680748643035 0.5501809966615354 0.6003013177194486 0.5554988248931243 0.5964704651545124 0.5497021400909186 0.5889431759041119 0.5509874919383642 0.5875748548467633 0.5475309860114808 0.5924810464776905 0.544517182581054 0.5916399850552458 0.5440616076438964 0.5783699048344522 0.5476711629152216 0.567015575631449 0.5503695683122315 0.5539791235835566 0.5531030179351767 0.5382325847300091 0.54651470345936 0.5338585231290197 0.547813131983291 0.5291400195195777 0.5508148586098333 0.5284302747609884 0.5593006633307974 0.5297784186494003 0.5626183611811862 0.5325168359227372 0.5661256417658831 0.5332330373634561 0.5684006345775784 0.5347075697414068 0.5688745914133482 0.5351288647065354 0.5712443755921974 0.5333594258529948 0.5734245770367387 0.5334858143425333 0.5762051238065884 0.5394682028473616 0.5815450374895953 0.5456835720515367 0.586743268375326 0.5518732524335113 0.5865612189523267 0.5508836748257115 0.5876859708615584 0.5510553387189933 0.5888447021412101 0.5493530691504195 0.5898800532893481 0.5493816797992997 0.5922189738353117 0.5514130358698003 0.5934635370616043 0.5582795916010694 0.5934635370616043 0.5586515300365132 0.5871334309968403 0.5779923286795883 0.5739153112141472 0.6051152238181019 0.5814256065452229 0.6124263376190628 0.6060629130261328 0.6095987648865876 0.6097221247975712 0.5854184408275571 0.6259331226757184 0.5770466078353267 0.6269726714744225 0.5711696919599861 0.6254341392523405 0.5723339866145347 0.6280538022250748 0.574163592500254 0.6298002442068978 0.5761595261937659 0.6295091705432606 0.5776564764638997 0.6310892847172909 0.5824245402872893 0.6315051042367725 0.5833116219288502 0.6328357266991137 0.5931804051912145 0.6317961779004097 0.5931804051912145 0.6298002442068978 0.5952317814873239 0.628594367600401 0.5972831577834334 0.628594367600401 0.5997226322977257 0.6287606954081937 0.6022175494146156 0.6295091705432606 0.6057104333782614 0.6310892847172909 0.6184248716675016 0.6310201333246525 0.6254961539937933 0.6302795432036734 0.6410747274395224 0.6295446064424086 0.6450659231692925 0.6329371228127133 0.6548221793976196 0.6339349217451558 0.6644564758921505 0.6318729367406143 0.6729269974128443 0.6277974971410353 0.6762033312085844 0.629655418134961 0.6866716172388757 0.6303146804231281 0.6975394561710864 0.6284567594292024 0.7091264903267522 0.6304944792289919 0.7163983531416873 0.6276776312704594 0.7226313784116318 0.6282769606233386 0.7283849401992727 0.6307941439054315 0.7316612739950128 0.6282769606233386 0.7465246419464188 0.6297752840055368 0.7639451484701095 0.6318729367406143 0.7786486952607476 0.6326520648993573 0.7907951034791009 0.6329517295757969 0.7923933150867789 0.6315133391288867 0.7894366236125745 0.6273779665940198 0.7811259232526485 0.6276776312704594 0.780806280931113 0.6243213868943355 0.777450036554989 0.62390185634732 0.7846022596151162 0.6149979555438948 0.7852339823399319 0.6103192591132292 0.7763108988519113 0.6091347790041999 0.7759950374895034 0.6114445152168069 0.7612258834028252 0.6107771682209544 0.7455117806230365 0.615692760673426 0.7424321323395604 0.6158704326897804 0.741247652230531 0.6145082805643968 0.7439324738109974 0.613916040509882 0.7474069487974834 0.6103033761773428 0.7418793749553465 0.607164503888415 0.7298659246061276 0.6076018007121293 0.726069182813057 0.611075819452789 0.7265065421040693 0.6128795520919472 0.7220263867882459 0.613591441178148 0.7169767202034617 0.6172078377360478 0.7161034695910555 0.6181760068932808 0.7175082640544918 0.6200269185174028 0.7176601337262146 0.621194416618772 0.7164831437703626 0.6209950876746357 0.7137874570972825 0.6170369843553596 0.7124965648876386 0.6169800332284635 0.6995876427911983 0.6215361233801483 0.6938165952657309 0.6249816665573599 0.6871343297099266 0.6253233733187363 0.682806044065826 0.6214506966898042 0.6782119864962106 0.6208242342939475 0.6761997133458831 0.6228744748622057 0.6725906835184422 0.6196084443968437 0.6686379928315412 0.6180107526881721 0.6636841799854889 0.610516110318143 0.6622738863603604 0.6116267165479318 0.6600879312414111 0.6095641621211813 0.6557160210035127 0.6090881880227004 0.6581840348474876 0.6050159651801418 0.660581534010206 0.6042226750160069 0.6600879312414111 0.6021601205892564 0.6619918276353346 0.5942272189479083 0.6645284564339384 0.5949768006167859 0.665358921156839 0.5945532253141907 0.660426431842621 0.5918281190995608 0.6554939425284032 0.5952027324948798 0.6518046729364361 0.5978309372546944 0.6444808100195076 0.6065717046420985 0.6386101900154224 0.6072237882694306 0.6333526763050896 0.6070800921836392 0.6313501341601977 0.6043176568141232 0.6322300089670422 0.6029008088168876 0.632172732393825 0.5935782141262707 0.6310449958086715 0.5921809733037747 0.6313371708583164 0.5910002505112091 0.631587488626428 0.5887205708373366 0.6336257904524786 0.5880232570547403 0.6334469920466848 0.5864140714025952 0.631587488626428 0.5856899378591297 0.6314086902206341 0.5825252060765774 0.6302286207423942 0.579306834772287 0.6301571013800766 0.574452458054982 0.6361647278147522 0.5740501616419458 0.6361975452306278 0.5730290535445366 0.6403199608963506 0.5663088346183891 0.6386164833485313 0.5644435267035268 0.6342555808261136 0.5644435267035268 0.6336082593579422 0.5648523613150035 0.6336423289088986 0.5681230382068168 0.6259598597217159 0.5685611837479412 0.6252103296006752 0.5655204763250835 0.6251421904987625 0.5648305679182167 0.6287535629001396 0.5639873465320462 0.6312747096709123 0.5627352905343989 0.6331826045244701 0.5635018554309176 0.6343068997060308 0.5639617943688289 0.6387359413303613 0.5641917638377845 0.6405756970820061 0.5661337282422985 0.6502514495536204 0.5634251989412656 0.6595195657310158 0.5651895046991456 0.6847594728200103 0.5657449289284078 0.68535195343677 0.5642637273865085 0.6902892919097674 0.5642637273865085 0.6904867854486872 0.5630787661529891 0.6942885360728952 0.5616345946496374 0.694930390074385 0.5572280200624872 0.672540613842687 0.5450621150289039 0.668001983211282 0.5402293138936116 0.6713811385863458 0.5351801952864992 0.6955023511383805 0.5319648584996094 0.6946590751450585 0.5274145298508922 0.696601837809334 0.524272718354759 0.7038264864671092 0.5257753238529096 0.7159687531188319 0.5323776813447839 0.7185186291156938 0.5363846293398523 0.7267753704388652 0.5394353738360977 0.7297502257685372 0.5393443068362098 0.7264718137725723 0.5225424453568884 0.7257432777734687 0.5085636608740927 0.7368534517597951 0.5071521223758299 0.7410209396271131 0.5095514591373145 0.748680946595769 0.5120172357168267 0.7556825187976964 0.511449902856723 0.7521811620020036 0.5105180901610951 0.7551742573273539 0.5086968198923677 0.7511539796695377 0.5049154156627635 0.7484432518277109 0.5022893980659938 0.7482173578408919 0.5002139970620952 0.7416664322231441 0.4983927267933679 0.736753238009833 0.49627497066694076 0.7317270968031124 0.4961902604218837 0.7304282063789038 0.498096240935668 0.7277174785370771 0.4972914936076258 0.7185687720709117 0.4975879794653256 0.7161968852093132 0.49640203603452643 0.7146721007982858 0.4963173257894693 0.7139944188378291 0.4981809511807252 0.7107189560289551 0.4979691755680824 0.7054669208354157 0.49940924973405293 0.7033889601871366 0.49564047901937053 0.6915621313168995 0.4953281507921636 0.6778771843299848 0.48560792766138056 0.6700481567679969 0.48473340862520103 0.6653840552417065 0.4881065534790362 0.6743791081852667 0.4912298357511058 0.6807922477839164 0.495415033995679 0.6776273217482192 0.49960023224025235 0.6718804823676112 0.49685174384083114 0.6700481567679969 0.49947530094936954 0.669548431604466 0.5029733770940874 0.6741292456035013 0.5045350182301223 0.6727133576401632 0.5088451477655783 0.6752119834578187 0.5112188422923513 0.6808755353111716 0.5177777350636974 0.68020923509313 0.5178402007091387 0.6710476070950593 0.5134676055282413 0.6667999432050444 0.5125930864920619 0.6665500806232791 0.5175278724819318 0.6752952709850739 0.5228999179898915 0.6704645944042729 0.5243990934804849 0.6606366661881605 0.524586490416809 0.6530575012079383 0.5260856659074025 0.6498925751722412 0.5225875897626845 0.6503923003357724 0.5219629333082706 0.6544733891712766 0.5224001928263603 0.6620525541514989 0.5178402007091387 0.6653007677144512 0.5112188422923513 0.6593040657520776 0.5098445980926406 0.6569720149889323 0.5114062392286753 0.6553895519710836 0.5037854304848256 0.6585544780067809 0.5004747512764318 0.6631352920058162 0.5009744764399628 0.663884879751113 0.49778872852245193 0.6614695414607126 0.49722653771347936 0.6620525541514989 0.49354106463243724 0.6597205033883536 0.49366599592332006 0.6568054399344219 0.4949777744775893 0.6496427125904757 0.49260407995081645 0.6538903764804903 0.4909799731693402 0.6560558521891253 0.48323423313460756 0.6547311913781289 0.4743799232897759 0.6551158267895891 0.4647303844471387 0.6471898885509421 0.4664737531002924 0.6460708016915576 0.47318593574107654 0.6404063133170887 0.4724049860570958 0.6385103735737158 0.468297116613121 0.6361333176827291 0.4678890142870473 0.6327414224097135 0.46614318583770115 0.6275538178745134 0.46664199396608574 0.6223795287231116 0.46219561176119506 0.6100755948896242 0.45760657698005647 0.5917859635155213 0.466385600039626 0.5870639132334801 0.4661361959754336 0.5836055102100134 0.4689295214943876 0.5744274406477363 0.4686801174301952 0.5742028494509906 0.4618606120854172 0.5723828721151714 0.4544152502570654 0.5663438564099528 0.4525539097999775 0.5581818601492076 0.454651680879228 0.5554895859837944 0.45153109036931743 0.5480001687600086 0.4513108133921472 0.5466295564576165 0.4539174242886609 0.5486365244718335 0.45700130196904326 0.5417834629598728 0.45927749739980167 0.5404128506574806 0.46203095961442875 0.5471190608513279 0.4661427965216053 0.5443357652904629 0.46715411252886396 0.5311773576947391 0.46088178329590235
16 0.760524209918248 0.5438632431392124 0.7620188529773735 0.5485340026989789 0.7674514293594108 0.5462954475938571