9 0.6236490130149634 0.6804487040946242 0.6216717634345758 0.6661136446368148 0.6188157362629051 0.658534187911996 0.6196945138541884 0.6496365648002522 0.6221111522302175 0.6437048160590897 0.6260656513909926 0.6399150876966803 0.6319974001321551 0.634312880552249 0.6174975698759801 0.6364549009310022 0.6102476547478924 0.6222846122715583 0.5993263172552363 0.5981179980672217 0.5808719878382862 0.5617036516284183 0.5975687620726696 0.5556071320888901 0.6028414276203696 0.552146945323212 0.6074550099746071 0.5511583205330182 0.6151443138983363 0.5526412577183089 0.630303227347974 0.5570900692741806 0.6480984735714616 0.5579139232660089 0.6955524635007619 0.558737777257837 0.720377930454516 0.5567605276774495 0.7329005111303036 0.5585730064594714 0.736195927097616 0.5575843816692777 0.7555290341058495 0.5598911728463964 0.7590441444709828 0.5562662152823526 0.7829908338334538 0.5516526329281152 0.8003466912612996 0.5488515293558995 0.8078163007872081 0.5457208841869525 0.8080359951850289 0.5425902390180057 0.8117707999479832 0.5409425310343494 0.834399322923529 0.5406129894376182 0.8357174893104542 0.5417663850261776 0.8365962669017375 0.5467095089771463 0.8370356556973791 0.5546185072986963 0.8361568781060958 0.5905385413424028 0.833300850934425 0.6157484734923436 0.834399322923529 0.6210211390400436 0.8324220733431416 0.628765366563228 0.8256115470106957 0.6483730915687375 0.8205585758608165 0.6538105279148031 0.8216570478499208 0.6572707146804813 0.8271494077954415 0.6561173190919218 0.8317629901496789 0.6572707146804813 0.8245130750215915 0.6627081510265469 0.8141874383240123 0.6653444838003969 0.8049602736155372 0.6694637537595375 0.7669531427925329 0.6724296281301189 0.7539911733211035 0.6666626501873218 0.7326808167324828 0.6686398997677094 0.6992872682637159 0.6694637537595375 0.6691891357622616 0.6749011901056032 0.656886249484295 0.6750659609039689 0.6439242800128657 0.6775375228794531 0.6325001713261823 0.6819863344353252
19 0.700899245026069 0.4968515535889757 0.6688738226032068 0.4920477402255464 0.6405084484572431 0.4783225591871769 0.618548158795852 0.45910730573345965 0.6139730984497289 0.43577449796823153 0.6112280622420551 0.4193042807221881 0.6158031225881782 0.3939126958012045 0.6239543099859161 0.3592992510760385 0.6304514371046709 0.3422442923893072 0.6439871186020767 0.3223468405881206 0.6667270635177185 0.3056979523463115 0.6943398537724262 0.29473405033341277 0.728449771145889 0.2874247823248136 0.7533554251011156 0.2862065709900471 0.7996880628667357 0.2944010725685765 0.8289251349011323 0.3082074676959304 0.8494993707771892 0.31998351059867347 0.8630350522745951 0.3350081170607939 0.8760293065121044 0.3508448644127588 0.881985006370963 0.3687119639893344 0.8830678608907554 0.38414264089637706 0.8787364428115856 0.4040400926975636 0.865742188574076 0.4263739671682832 0.8440850981782267 0.4405864327405593 0.8240522895620661 0.45276854608822453 0.8071836674619791 0.46363773008340414 0.7825397321002935 0.47870844440074267 0.7721134517549649 0.4811254457535233 0.7699246995472024 0.492853486752481 0.7634559997471349 0.5141462902610366 0.7544716944692632 0.525736044069491 0.7390186893913241 0.529239923127861 0.7178157289355469 0.5316656855528863 0.7106282847132498 0.5270836898611717 0.7055970737576416 0.5136072319443643 0.7016439794353783 0.49986124486922073
11 0.43164866541900393 0.8074859902600844 0.43350508308059 0.7999674987306608 0.42570812890192855 0.7994105734321851
17 0.26209681510686783 0.6301807234747225 0.26209681510686783 0.623927238622921 0.2514848408129017 0.6219374934428024 0.24617885366591857 0.6219374934428024 0.24845284815748275 0.6253484851801486 0.25300083714061117 0.6281909782946038 0.2541378343863932 0.630464972786168
17 0.29107129492021466 0.5724781132512816 0.286144306855159 0.5744678584314002 0.27136334265999185 0.5761733543000733 0.2838703123635948 0.5687828722024898 0.29107129492021466 0.5679301242681531
17 0.2508973922359142 0.6048825347560711 0.2508973922359142 0.6017557923301704 0.25430838397326044 0.5997660471500517 0.24559140508893113 0.5974920526584875 0.24218041335158486 0.5991975485271607
17 0.21792447210823365 0.58526933226633 0.2164084757805242 0.5801528446603106 0.2118604867973958 0.5804370939717561 0.20958649230583165 0.5849850829548845
17 0.21602947669859682 0.5036897798814652 0.21451348037088735 0.4999945388326734 0.20541750240463066 0.49971028952122787 0.19935351709379284 0.4974362950296637 0.19821651984801075 0.5011315360784555 0.20352250699499386 0.5028370319471286 0.20541750240463066 0.5059637743730293
17 0.2649203582672266 0.37378784455086156 0.27666932980697484 0.371798099370743 0.2725003399057739 0.3678186090105056 0.2683313500045729 0.3644076172731594 0.2637833610214445 0.36952410487917875
17 0.35777513333943056 0.47952858840859575 0.34678415996353706 0.48492932532606076 0.34413116639004554 0.4806655856543779 0.3395831774069171 0.4772545939170316 0.3460261617996823 0.47526484873691294 0.35171114802859277 0.4764018459826951
17 0.47829684139233186 0.44200767929778695 0.4839818276212423 0.4383124382489952 0.4828448303754602 0.43433294788875787 0.47981283772004135 0.43433294788875787 0.46882186434414774 0.4383124382489952 0.4692008634260752 0.4422919286092324
17 0.5101327642742304 0.4832238294573876 0.5059637743730294 0.47896008978570476 0.49307780558749914 0.4783915911628138 0.49383580375135383 0.4721381063110123 0.49989978906219157 0.46957986250800254 0.5169547477489229 0.4712853583766757 0.5226397339778334 0.47753884322847723 0.5230187330597608 0.48180258290016004 0.513922755093504 0.4832238294573876
17 0.4559358955586175 0.5051110264386928 0.4578308909682543 0.49629929778388165 0.4525249038212713 0.49573079916099055 0.4498719102477796 0.49658354709532715 0.4506299084116344 0.5036897798814652
17 0.4881508175224434 0.6449616876698897 0.500278788144119 0.6384239535066426 0.4980047936525548 0.6350129617692964 0.48663482119473384 0.6395609507524247
18 0.6147488529975391 0.2841338623926944 0.6156056611490404 0.277707801256435 0.611036017674367 0.2747089727261806 0.6050383606138582 0.27556578087768185 0.6090367986541974 0.28327705424119315
18 0.4300613159967755 0.2720875293445303 0.4348915273276659 0.2807560336080033 0.4385141858258337 0.27959160766216357 0.43661660280298387 0.2728638133084234 0.4333389593998797 0.27001743877414874