8 0.6783132717672292 0.6617059085504197 0.7047788055530071 0.6495300949506002 0.7041943893763493 0.6188977214852562 0.7049045850996012 0.5742909405171229 0.7044348280804591 0.542249295994353 0.7050478082415317 0.5074745544794984 0.7020478232655772 0.42608654276681934 0.6994856987958515 0.41795821331119515 0.6908278534663581 0.4008416107185764 0.6731348241675896 0.3937212452690721 0.6312757060705032 0.3866008798195676 0.597615796672846 0.3875718387445 0.5600720515754591 0.3976050809688017 0.5596405142754892 0.405372752368261 0.5523043801759997 0.41637695351749515 0.5466943952763903 0.4257628897918418 0.5479890071763002 0.45553896348976936 0.5484205444762701 0.5231824352600613 0.5479890071763002 0.5752905642314343 0.5510097682760899 0.6464942187264785 0.5592089769755192 0.6536145841759828 0.5769020062742878 0.6594403377255774 0.5925520082307225 0.6620008967360181 0.6166034378715246 0.6620295615253972
9 0.3799503256979677 0.7497600852708882 0.35941247025483425 0.7632380529054444 0.3578721310965992 0.7686292399592669 0.36095280941306934 0.7859580554894108 0.36352004134346105 0.8009763622822021 0.37686964738149764 0.7971255143866146 0.4128108944069811 0.7948150056492619 0.4651824257869712 0.790193988174557 0.509338814989708 0.7890387338058809 0.5355245806797032 0.7898089033849982 0.5688985957747948 0.7909641577536746 0.5766002915659699 0.7898089033849982 0.5827616481989099 0.7817221228042645 0.5827616481989099 0.779411614066912 0.5694120421608732 0.7832624619624994 0.5683851493887165 0.7786414444877946 0.5801944162685183 0.7524556787977994 0.5812213090406748 0.7289655066347156 0.5822482018128317 0.6943078755744281 0.5812213090406748 0.6631160076201691 0.5632506855279331 0.6615756684619342 0.5570893288949932 0.6692773642531091 0.5252556529581365 0.6750536360964905 0.4698034432616762 0.6746685513069317 0.3922730389638477 0.6769790600442842 0.38303100401443774 0.6765939752547254 0.3671141660460093 0.668122109884433 0.34092840035601424 0.6781343144129605 0.35273766723581595 0.7131770302628069 0.36095280941306934 0.7486048309022117
17 0.20129317122873783 0.34183968358771144 0.2030704685196068 0.33810735927688657 0.2028927387905199 0.33557471063739824 0.20786917120495305 0.3371742781991804 0.2071582522886055 0.33424173766924653 0.21213468470303862 0.3318423863265734 0.2164001982011242 0.33690768360554996 0.21675565765929797 0.3390404403545928 0.21000192795399586 0.34077330521319005
17 0.2256421441136429 0.3931591428615533 0.22350938736460008 0.38689416991124015 0.2240425765518608 0.38289525100678484 0.21782203603381936 0.3819621699290787 0.2164001982011242 0.384494818568567 0.21782203603381936 0.3908930888156953 0.22013252251194904 0.3947587104233353 0.2245757657391215 0.395291899610596 0.22706398194633806 0.3948920077201505
17 0.19870183711915212 0.42561826873084935 0.19674681009919628 0.4253516741372189 0.19425859389197972 0.4221525390136548 0.19194810741385004 0.41068897148754985 0.1940808641628928 0.4080230255512464 0.19710226955737006 0.40775643095761605 0.20012367495184732 0.4084229174416919 0.20119005332636872 0.41348821472066855 0.20101232359728183 0.4172205390314933 0.19976821549367355 0.41921999848372093
17 0.20745965005687647 0.5059481866093521 0.18629372098237687 0.5043720004016766 0.18284112262270671 0.5033587378395995 0.1807395410124727 0.49660365409241886 0.18764473773181303 0.4955903915303417 0.19004654528636616 0.4953652220721023 0.19605106417274903 0.4960407304468204 0.2068591981682382 0.49626589990505976 0.21046190950006788 0.5002063654242486
17 0.23503507964880777 0.5586236793221042 0.23945242158896982 0.5535821477599628 0.23465096295835886 0.5495489225102497 0.22389569562579045 0.5486846599567395 0.22235922886399492 0.5514214913761879
17 0.22700877886022947 0.6049558892168622 0.22301005754540187 0.6039562088881553 0.21398730175809855 0.5992654011919151 0.21449995833692262 0.5962663602057946 0.21952399280939833 0.5906527706676712 0.22495815254493326 0.5872692372474324 0.2293669991228201 0.5859619629714311 0.23028978096470337 0.5863464554055492 0.22854674859670163 0.5921907404041433 0.22731637280752387 0.5941901010615571 0.22813662333364237 0.6004188784942693 0.23100750017505706 0.5998805890865041 0.23213534464846997 0.6003419800074458 0.2299821870174089 0.6036486149408609
17 0.45210531111234176 0.6308209602387262 0.44346073547496745 0.6309456416181114 0.44346073547496745 0.6244622098900807 0.44395946099250827 0.6219685823023766 0.45360148766496416 0.6223426264405322 0.4539339713433247 0.6269558374777848
17 0.4867141148592032 0.5220271812659294 0.484815170233402 0.5192883188248699 0.48072513565475317 0.5162207928908834 0.4778036823842897 0.5168781198767378 0.47575866509496545 0.520164754806009 0.473713647805641 0.524218271218777 0.4729832844880251 0.5262998066739821 0.47590473775848857 0.5290386691150416 0.48145549897236894 0.5270666881574788 0.4845230249063556 0.5260806976786974 0.4868601875227263 0.5239991622234922
17 0.5122679655587336 0.4948570452791693 0.5054325672267564 0.5002737760328115 0.5023372925103894 0.49717850131644453 0.5042718392081188 0.492729043911667 0.5047877183275133 0.48934358719064064 0.5085278419431234 0.48953704186041347 0.5123969353385821 0.4929224985814399
17 0.45371568550745833 0.44233410243581717 0.44791204541427027 0.4478475605243458 0.4394000399442611 0.44562283182195705 0.4401738586233528 0.44165701109161193 0.44430089157850877 0.4387551910450178 0.4517811388097289 0.4376911903612667 0.4568109602238253 0.4368206443472885 0.45693993000367394 0.4396257370589961
17 0.47937054688577196 0.39918620024775886 0.48106618765501613 0.4023739752788104 0.4827402955873675 0.4053051263191581 0.4786901372943852 0.4081980965284312 0.4744471143207846 0.40935528461214044 0.4726349236183248 0.40844043120851675 0.4747589427637505 0.4035674634496252 0.46962549730532954 0.39937453739014833 0.47367565559831193 0.39691551271226616 0.4810045134618036 0.3957583246285569 0.48378291435577714 0.39549840498833805 0.4827784495963663 0.3974445554596965
17 0.28880866531901683 0.3736603706882386 0.2882692393471845 0.376087787561484 0.28578787987675597 0.37705875431078206 0.279962079380967 0.3781106349558552 0.28136458690773103 0.3747122513333116 0.2849247983218242 0.3731748873135895 0.28298286482322793 0.37058564264879446 0.2866509614316876 0.36880553694174784 0.293987154648607 0.3680773118797742 0.29387926945424053 0.37058564264879446
17 0.3248423202374149 0.3715566093980926 0.31987960129655774 0.36880553694174784 0.32225307557261984 0.36718725902625093 0.3267842537360112 0.36686360344315155 0.3343362173416635 0.36637812006850246 0.3351992988965952 0.3696955897952712 0.3304523503444709 0.37010015927414536
17 0.323363062623615 0.35881421817176906 0.31455105318650717 0.35908215089114054 0.3113358605540489 0.3599752599557123 0.3081206679215906 0.3605111253944553 0.30478639408052277 0.358278352733026 0.3076443430871524 0.3555990255393107 0.3113177578050528 0.35402114990838845 0.31523486499856235 0.35434995612981673 0.3191717859822764 0.35558401634612075 0.322129002407311 0.35578979228252905 0.32538744316997764 0.3569386891361684
17 0.46379395357500586 0.3594045030277952 0.46379395357500586 0.3632253490411099 0.45088798481892034 0.36398951824377285 0.4507181694405508 0.3622064567708926 0.45224650784587667 0.35953186456157227 0.4520766924675071 0.3552015724131488 0.45666170768348485 0.35303642633893717 0.46141653827783213 0.35341851094026855 0.4598881998725063 0.350616557197171 0.46752989189913585 0.3480693265216279 0.47313379938533084 0.350616557197171 0.47534139930413494 0.3517628110011655 0.47500176854739584 0.3544374032104859 0.4761904761959827 0.3586403338251321 0.46956767643957037 0.36118756450067535 0.4660015534938099 0.36182437216956115 0.46617136887217947 0.35889505689268647