13 0.5050970203941046 0.3253990419846635 0.4737152528548261 0.2936436819746791 0.4692321432063576 0.26188832196469475 0.45976780061514655 0.22303470501130204 0.44432597849264427 0.19763041700331457 0.43635600578425604 0.15952398499133333 0.42589541660449654 0.1356140668661686 0.42440104672167367 0.11735665915363437 0.4622418717305195 0.11815246744709086 0.5048971962597835 0.11878911408185598 0.5772262821870547 0.11968956733584517 0.6226404088003011 0.1195304056771539 0.6627491467905046 0.1206445372879929 0.6869417189115795 0.1203262139706103 0.7206839905541317 0.12080369894668416 0.7228061460033488 0.12780681192910062 0.7221694993685837 0.1389481280374905 0.7141053086615586 0.1588433353739009 0.7009479448764125 0.18144429090806316 0.6882150121811098 0.20866093454427262 0.6669934576889386 0.23731003310870366 0.6602025602514439 0.24654140931279808 0.6449230410170808 0.27837374105105483 0.643225316657707 0.28012451929665894 0.6347366948608386 0.2820344592009543 0.6334634015913083 0.28569517735085387 0.6330389705014648 0.2973139784353175 0.613939571458511 0.3223023588498491 0.5632200562222219 0.3372635547668297
12 0.5690988110742103 0.7239309354641622 0.5661138061818507 0.7149759207870833 0.568435476653686 0.6995533955098914 0.579048827382076 0.6873646255327561 0.5946371862643988 0.6794046124864636 0.6175222237724897 0.6736833531094409 0.6394122596497941 0.6726883514786544 0.6589806250552632 0.6756733563710139 0.6808706609325674 0.6816433661557333 0.7001073591277744 0.6863696239019695 0.7077357049638047 0.6901008800174191 0.7090623738048535 0.6943296369482621 0.7067407033330181 0.7025384004022511 0.6994440247072501 0.71298591752551 0.6898256756096467 0.7296521948411849 0.679875659301781 0.7403484623721404 0.6622972971578851 0.7493034770492195 0.6463772710653001 0.7535322339800625 0.6254822368187822 0.7547759860185457 0.6025971993106913 0.7505472290877029 0.5873405076386308 0.7438309680798935 0.5750688208589297 0.7336322013643312
4 0.6418598949129937 0.3547225002105807 0.6344617848723083 0.28527239461483705 0.6343191130070346 0.283132316635731 0.6423087374623638 0.28067122695975905 0.6461608778247547 0.27949418407125076 0.6949546557483728 0.28088523475766963 0.7540208079716999 0.2816342620503568 0.7819844935653522 0.28216928154513327 0.7892607586943129 0.2840953517263287 0.7951103051705359 0.28751947649289844 0.7978210706107371 0.29212064414797645 0.7989624455329272 0.29875488588320526 0.7993904611287482 0.3109533303641097 0.8009598516467594 0.3286089736917346 0.8016732109731279 0.3371692856081588 0.8029572577605917 0.3540759016430966 0.8023865702994967 0.355573956228471 0.7971077112843684 0.3556809601274262 0.7926848834608826 0.3550389367336944 0.7872633525804806 0.3554669523295156 0.7715694474003696 0.3543969133399626 0.7607263856395654 0.3535408821483202 0.7490272926871191 0.3536478860472755 0.7440337774025383 0.3538618938451862 0.7356161373513879 0.3533268743504096 0.7257717786475 0.3538618938451862 0.720350247767098 0.3521498314619012 0.7119326077159475 0.35311286655249896 0.7053697019133556 0.3543969133399626 0.6875357187541384 0.355252944531605 0.6592866894299385 0.355573956228471
15 0.8150920697207298 0.35278900362894255 0.8034576929441832 0.3527890036289425 0.8019602968763803 0.3361455545991204 0.8002482869605422 0.3171132697930917 0.7993854162289431 0.29921534307583514 0.7987696517733669 0.29556693867654654 0.8038189203090913 0.2960287620182286 0.8094839533003918 0.2971371380382657 0.8137943044894247 0.29921534307583514 0.8176120441139968 0.30184773612342314 0.8211834779563384 0.30452631150517934 0.8227228890952787 0.3078514395652905 0.8221687010852602 0.31210021430876583 0.8215166861438612 0.31952180961036214 0.8209377288524305 0.32415336493129326 0.8198817472095719 0.33184223126835843 0.818825765566713 0.3384421165362255 0.8171537946321866 0.3453059972148074 0.8165818045756381 0.3492329289491882 0.8157898183434944 0.3526978687148185
9 0.320729246618981 0.34194250949796773 0.27587336333323387 0.316529554039316 0.30911189555216884 0.2930528237584663 0.3091506200557248 0.2793004818979435 0.3075370990742231 0.252193329408715 0.31915445014103533 0.24541654128640786 0.31592740817803194 0.21685721991382784 0.3110868452335268 0.20523986884701567 0.30560087389642104 0.16796753417432647 0.3330307305819498 0.17183998452993052 0.35465191173407257 0.17619649117998512 0.38789044395300754 0.18200516671339123 0.414997596442236 0.18708775780512155 0.44131919112434465 0.19286338821451657 0.4429648928517036 0.1991890542290523 0.4597777794206198 0.22333738683392873 0.47178817922261923 0.2935314118950838 0.47529492303898124 0.2972402815138452 0.47299067067166756 0.3041324467264723 0.47415475518927136 0.31149112385561073 0.4772436794645713 0.317523083915677 0.4897108189403069 0.3433664251205872 0.4863915942686284 0.35713159956534213 0.4740976095078334 0.35843025992739797 0.4500291041310663 0.3542745467688194 0.43063577605769976 0.34882017324818515 0.40933774611998486 0.34622285252407353 0.3805940634398167 0.34414499594478426 0.3662222220997326 0.3423268714379061 0.3608544259365687 0.3428463355827284 0.34042216957355775 0.3425866035103173 0.3310718149667559 0.34258660351031733
2 0.47083800170574597 0.8011792138029127 0.44987087530300984 0.781024194408733 0.4345146700503017 0.7633054960402237 0.4383537213634787 0.7584328539888836 0.4424880843161309 0.752674277019118 0.46670363875309384 0.744257895294076 0.49269106302690774 0.7342911274617895 0.5117750712104482 0.7271310842977069 0.5185672389183769 0.7308963077010152 0.5291984579394825 0.7377623033188125 0.5383531187632123 0.750165392176769 0.5551858822132963 0.7647833183307894 0.5566624404106723 0.7667766718972467 0.5424874817158646 0.7727567325966187 0.5197484854762774 0.7822805329696925 0.4943516844814139 0.7924687845315855
0 0.2416357716425437 0.6599487834258163 0.22786506091806225 0.644008456069269 0.2128457066202615 0.6192265214778979 0.20383409404158112 0.5905824672099494 0.19610985468842645 0.5683752790696298 0.19053123737781477 0.5493865239931246 0.19224773501184914 0.5365127917378669 0.20125934759052957 0.5188114098868873 0.221857319198942 0.5065813642443925 0.23945141994779426 0.5004663414231451 0.2617183521838674 0.4985352815848565 0.28892059191628816 0.5008253711954146 0.3099923556821397 0.5059449194343011 0.3316576902582969 0.5115096457809167 0.35050356348550205 0.5198567353008403 0.36875586590240167 0.5326556058980565 0.3831499580523143 0.545231887441408 0.3927954837197817 0.5621486555351198 0.40600243424908283 0.5835172047061241 0.4137188547830566 0.5992097330035804 0.41876420667065484 0.6229154672401634 0.416686708834585 0.640500002495469 0.41178974964956316 0.6519633387694975 0.4006602969563317 0.6658751546360367 0.37795621346213965 0.6772271963831329 0.3429355356541047 0.6905825396150107 0.3110311046001745 0.6932536082613862 0.2843204181364191 0.6874662928609058 0.2604291930216156 0.6748900113175541
6 0.3153038523456065 0.493073956165549 0.31066330347389454 0.4935575240680768 0.2899795522159086 0.4896125013095176 0.26402807478024365 0.4839305784548145 0.2599983422591776 0.4842932543817105 0.2582252599499086 0.481633630917807 0.24017205825553295 0.47498457225804797 0.22792167139149236 0.4668848098907054 0.22792167139149236 0.4621700228410583 0.2325961611159289 0.4523777728148679 0.23291853971761417 0.445728714155109 0.2408363407939259 0.4376074318044786 0.24585786919559294 0.433097190504203 0.24637530908866842 0.42882831138633004 0.251919307943049 0.42622263192477106 0.2513279480652484 0.4253910320966141 0.25709370687380406 0.41701959382649956 0.26655546491861337 0.40759479577405267 0.2687730644603656 0.4003875972633581 0.26921658436871604 0.39489903839752144 0.2733561035133201 0.392459678901594 0.2729865035896948 0.38569600029924983 0.27690426278012364 0.377435442006223 0.28074810198582745 0.37105984332368536 0.28414842128318074 0.36884224378193325 0.286366020824933 0.3637417648359032 0.2851833010693318 0.3603044855461872 0.2956060189155671 0.350713367528109 0.3022588175408237 0.3503252876083024 0.3101682559064065 0.3545387267376316 0.31719065445528843 0.35659000631375226 0.325839292668122 0.3563682463595771 0.3330095311864541 0.3608034454430815 0.33907096993391006 0.3641852847442536 0.3559247264512267 0.37172512318621104 0.36649528426691214 0.3761048822811716 0.3793573616090749 0.38198152106681493 0.39968535740846994 0.39234879892450647 0.39680247800419216 0.3986689576185002 0.38889303963860933 0.40133007706860285 0.37736152202149786 0.4111429550408563 0.37181752316711747 0.41857191350572603 0.3651647245418609 0.42045687311621543 0.3560725664206769 0.4308241509739069 0.35075032752047164 0.4331526304927467 0.35119384742882204 0.4431872684191754 0.35015896764267107 0.4470680676172417 0.3489762478870698 0.4515587066892899 0.34594552851334187 0.4576016654405647 0.3438018489563148 0.4634228642376641 0.3414364094451125 0.4664166236190296 0.335966330575457 0.4718497424963224 0.3324920912933786 0.47750462132779053 0.3229564132638442 0.4808310206404188 0.31992569389011616 0.4848226998155728 0.3194821739817657 0.4900340587386905
1 0.6381125637747258 0.4680340157611292 0.6300314009126632 0.4707277367151501 0.6186579124401305 0.47454384140001304 0.6015522411987163 0.47790419611657187 0.5882048949648855 0.4745726518222588 0.578799783931371 0.47202864637876707 0.5758703231176533 0.47214428298983485 0.5730950444520261 0.47630720098827584 0.564615026307054 0.47156609993449583 0.571553222971122 0.46566863277003795 0.565385937047506 0.4626620808822752 0.5669277585284099 0.45803661643956306 0.5643066620108731 0.4554926109960714 0.562764840529969 0.449363870609478 0.5660026656398676 0.4480918678877322 0.5673903049726812 0.4413849444457997 0.5690863086016756 0.44103803461259633 0.5710906765268507 0.43791584611376566 0.560452108308613 0.43097764944969746 0.5402542469087703 0.42137981073106995 0.54010006476068 0.41663870967728994 0.5441088006110304 0.40669396112545914 0.548580082905652 0.3983681251285775 0.5575226474948953 0.40021831090566223 0.5760245052657437 0.40357177262662847 0.5844167897211354 0.4069164728956792 0.5849414485868689 0.40632623167172915 0.5826679268353572 0.40298153140267834 0.582109011531282 0.3986751555992185 0.5877928159100613 0.3974946731513181 0.5812345800883929 0.3918545903446834 0.5834206586956158 0.3847716956572816 0.5859565098799941 0.38083675416428053 0.5929519614231071 0.37742647153701303 0.5974115617818415 0.3782134598356132 0.605806103633577 0.37604924201446266 0.6141132023410236 0.37618040673089603 0.6198844498640917 0.3770985597459296 0.6253059248100042 0.3772953068205797 0.6287162074372717 0.37939394228351353 0.6339627960946065 0.3804432600149805 0.6351870001146512 0.3826730601943476 0.6392968278962299 0.38221398368683096 0.645242961707876 0.3844437838661981 0.643231769389231 0.38641125461269865 0.6473415971708099 0.39132993147894996 0.6528505152610111 0.3955272024048176 0.6566980136097232 0.40123286756966914 0.6566105704654344 0.403724997181903 0.6650925554614588 0.40956182706318783 0.6684153949444374 0.41664472175058975 0.6660544300486367 0.41874335721352357 0.670776359840238 0.4216289809750577 0.6800453331348626 0.424449022378375 0.6890519769966204 0.42621974605022545 0.6915606379589307 0.42665402553262766 0.6938821063270624 0.4270414910288248 0.6906973901227796 0.4315290456803142 0.6877056870217867 0.43637849990047195 0.684231451162569 0.43992511567342324 0.6806607087517065 0.4449917096347822 0.6783445515122284 0.44940688437253784 0.6732297042750468 0.44701834721932576 0.6671497915214161 0.4457155087721192 0.6635790491105538 0.4454983690309181 0.6577886560118578 0.45237446083561944 0.6512262105000023 0.4559934565223045 0.6461113632628209 0.46185622953473415
1 0.7912670308429849 0.4837447246328924 0.7767657227080139 0.4958816890502052 0.7664676922933243 0.4933597224180364 0.762684742345071 0.48831578915369855 0.7500749091842266 0.4799617746846392 0.742088681515692 0.4739721039332381 0.731370323328974 0.46593333529319986 0.7196011457121859 0.4612046478578831 0.7196011457121859 0.4547421083629505 0.7269568817226787 0.44559997932133816 0.7347329455051992 0.43771883359581054 0.7404073704275792 0.43409350656206774 0.7454513036919169 0.433305391989515 0.7454513036919169 0.42999531078479336 0.7494444175261844 0.4270004754090928 0.748393598096114 0.42148367340122334 0.7603729395989162 0.4161244943078646 0.7631050701170992 0.41738547762394895 0.7696201505835354 0.41738547762394895 0.7750844116199012 0.41880408385454393 0.7845417864905346 0.42353277128986055 0.7897958836408864 0.4288919503832194 0.7918975225010272 0.4334630149040255 0.7956804724492804 0.43472399822011 0.8053480112059277 0.4446542418342749 0.8078126031014351 0.4561790703741097 0.802190423772408 0.45678484015570187 0.7964753365564126 0.4647729734235132 0.7946568997149597 0.4711050302821442 0.79530634144405 0.4740275180630508 0.7912798027236899 0.48026215866231825
16 0.7924250364711625 0.484764694246886 0.7958896833671278 0.47914471468889597 0.8001600620993641 0.48216620907491214 0.8079756609111927 0.489417795601351 0.8133740642142083 0.4946751958330192 0.8058001849532609 0.4986031385348404 0.7998377693648557 0.49135155200840136
16 0.8099490915240234 0.5290796484955314 0.8070392415185481 0.5265067284906901 0.8090914515224096 0.5227162659835578 0.8099335046600885 0.5202243952148219 0.8138664691645304 0.5201292428477788 0.8150807946106023 0.5227799159296895 0.814776125793461 0.5260022850134096
5 0.5706223122687265 0.5532730091969318 0.5614116609811464 0.5519251090085054 0.5557954101960366 0.5502402337729726 0.5459108088142434 0.5495662836787594 0.5441136085630083 0.5409734199775413 0.5450122086886258 0.5347393816060695 0.5578172604786761 0.5300217309465772 0.571970212457153 0.5264834929519581 0.5840139260917859 0.5234925103542959 0.5854074175884942 0.5185528600706685 0.6121901706914095 0.5207054316007963 0.6226807879271716 0.5279148580790892 0.6115210120765526 0.5347705449058833 0.6121825680785391 0.5354133317002826 0.6189220690206708 0.5387830821713485 0.6236397196801631 0.5414788825482012 0.6234150696487587 0.5467019957783533 0.616226268643818 0.5487238460609929 0.6101607177958995 0.5515881339613988 0.6067909673248336 0.5525990591027187 0.5919640652521437 0.5514196464378457 0.5827534139645637 0.5529360341498253 0.580057613587711 0.5509141838671857 0.5751153128968144 0.5493977961552061
5 0.6438851483753066 0.6011893404741651 0.6174733373974246 0.5914042923037793 0.614894765652528 0.5832279077002697 0.6193241323281546 0.5720810217052246 0.6243882215338368 0.5697155017270468 0.6220643705044405 0.5646493893948216 0.643967958582604 0.5642333019074005 0.6600909523818289 0.5747198605968455 0.6633321131831333 0.5864690685015741 0.6784575302558874 0.5891700358359945 0.685145380497968 0.5905665076710146 0.7335827280285734 0.6058269731104897 0.7441131728645485 0.6068077141833075 0.751097814687928 0.6059805855463284 0.7549577483271641 0.613011178960651 0.7623100028780897 0.6127354694149914 0.7680080001550571 0.61411401714329 0.7687432256101496 0.6369979094330461 0.744480785592095 0.6445799219386885 0.7082709319287855 0.6358950712504072 0.686949393731101 0.6299673160187235 0.6902596326635471 0.6167353783902074 0.6968173213544145 0.6032926615986318 0.6847100215493542 0.592728930598266 0.6775363375285806 0.5949707068547578 0.6788173525322901 0.5987497011157011 0.6841976155478704 0.6029770506279427 0.6817561849742413 0.6137342882772624 0.6892714729960043 0.6176413840385766 0.6858554329861122 0.6295548235730759 0.6624555589183503 0.6262882353136163 0.6542762345477258 0.619070107915163 0.6499190406575572 0.6046913680776064
16 0.6893857599128872 0.6172334369005411 0.6821343513255639 0.613536147948052 0.6846729076202456 0.6030051058193331 0.6789797848671801 0.59863348602273 0.6776654435903479 0.5950425178913846 0.6846596168134912 0.5928597725566453 0.6965356290648685 0.6032806212515298
5 0.7953107293457916 0.4782126386698543 0.7968289186588503 0.4747324228056754 0.7955569526009127 0.46944220033743533 0.7972914517708276 0.46553957720512706 0.8021480494465888 0.45799450581599777 0.8142895436359923 0.457907780857502 0.814867710025964 0.4612033292803401 0.8201868408137026 0.4642387028276909 0.8199555742577139 0.46874840066946943 0.8226151396515833 0.46970237521292246 0.8213431735936458 0.4755996723906328 0.8246965386554811 0.47880849585497515 0.8242340055435038 0.4905163652518999 0.8242340055435038 0.49676056226359305 0.8230776727635606 0.5023109596073204 0.8230776727635606 0.5049127083621926 0.8274717373273447 0.5063870326566202 0.827240470771356 0.5152329784231856 0.8261997712694072 0.5192223265139895 0.8258528714354242 0.5274611975710848 0.8149142047914631 0.5260602076644235 0.8152137710172789 0.5227533262297444 0.8139932187456352 0.5200243555846542 0.8098249175915312 0.5201798032796275 0.8089933518005294 0.5227226134034212 0.806899641577061 0.5264919354838709 0.8098924731182797 0.5292204301075268 0.8148387096774193 0.5261021505376343 0.8258602150537634 0.527513440860215 0.8263978494623656 0.5310215053763441 0.8271493886943782 0.5352420845903342 0.8264112416628173 0.5379063340323741 0.8264112416628173 0.539151957148133 0.8256174548008002 0.5420536592077561 0.8242795633060961 0.5454445221339886 0.8240027581692608 0.5494927972602051 0.8215576461272156 0.5539562800916745 0.8189743818553802 0.5586877289561856 0.8134886477876914 0.5665734716784883 0.8112791160104278 0.568859194206692 0.8073235815033227 0.5645692517760509 0.7972233296208394 0.568487452937359 0.7908381129135225 0.5713608004556517 0.7884001210798195 0.570751302497226 0.7856138446984446 0.5694452354434566 0.777349564518698 0.5711943238110523 0.7687495093051492 0.5725437959965988 0.7624519724392652 0.573218532089372 0.7648135487639717 0.5677363013355894 0.7612149562691812 0.5622540705818067 0.7591907479908613 0.5583743380483605 0.7526681114885627 0.5572476706191095 0.7471577667309145 0.5607900351061691 0.736024621200156 0.5568259605611263 0.7309641005043566 0.5524401759581001 0.7342253249527605 0.5450180789375942 0.7343377809682228 0.5393671641606184 0.7286025241796501 0.5327884872560791 0.7227456602206653 0.5224968629614616 0.7192447191983973 0.5152535367084935 0.7210555507616394 0.5127183725199547 0.7342142601211981 0.512989997254441 0.7227632379419947 0.505222006144521 0.7205902400661043 0.5070328377077631 0.7179343537733495 0.508753127692843 0.7099666948950847 0.5081193366457083 0.7069486422896811 0.5095680018963018 0.6998260381409293 0.5073044624422494 0.6963250971186613 0.5122842492411649 0.6965665413270936 0.5152721213205143 0.6980152065776872 0.5178072855090531 0.696928707639742 0.5203424496975919 0.692341267679529 0.524869528605697 0.6876331056150997 0.5246884454493728 0.6830456656548866 0.5268614433252632 0.6764059499229993 0.5250506117620212 0.6727842867965153 0.5205235328539162 0.6712148994417055 0.5149099550078658 0.6672310700025732 0.5100207097871124 0.6683175689405183 0.5035922577376033 0.6713356215459217 0.4958056820156626 0.666227831645192 0.4918169974449837 0.6619383451462368 0.4899986281682528 0.6627775925047282 0.4949641750393256 0.6628708422112273 0.4993002863915301 0.6586746054187712 0.5059443279795854 0.6589543545382683 0.5113294985299041 0.6576901799376007 0.5136893206764861 0.6575036805246026 0.5164868118714567 0.6554521869816241 0.5190045539469303 0.6492044566461896 0.518934616667056 0.6460339666252228 0.5164168745915825 0.6437027239627473 0.5143886934752288 0.6367089959753207 0.5150181289940972 0.6268245270864243 0.5129200105978692 0.6196442996859997 0.5094930838840301 0.6099463302101015 0.5071152163683051 0.6028926559827826 0.5051170083718975 0.5981350178960979 0.5056879249422997 0.5916646300982066 0.5089706952221122 0.5861457699176522 0.5076861329387073 0.5825299649717718 0.5075434037961069 0.5808172152605653 0.5055451957996993 0.575869271650413 0.5024051546624873 0.5741565219392065 0.4989796552400742 0.5759541698622144 0.49584067353979466 0.5805517263620744 0.4921926124040363 0.5845496015793439 0.4871952683824493 0.5923454582530194 0.48279760564345287 0.5965432272311525 0.48114848211632916 0.6000080524194528 0.48209797748043065 0.6000144388585341 0.4785456635071617 0.6055448329090902 0.4775961681430603 0.6194041336622913 0.4747976554909716 0.6383940409443217 0.4684510285835563 0.6465896851397239 0.4625541626380837 0.6513205041468264 0.4563074826111 0.6555182731249594 0.454058677801386 0.6602490921320616 0.453658890279659 0.6634473923058772 0.4519597933123194 0.6729090303200818 0.4520097667525353 0.6779730055952897 0.45280934179598925 0.6786632681966076 0.44940577610658794 0.6816695710176017 0.44423316684105385 0.6852948185370359 0.43972371260956256 0.6884779627004414 0.437004776969987 0.69139584485023 0.43196479871126153 0.6939600443151958 0.4279195530036002 0.6954631957256929 0.4251343018606203 0.6979043578266756 0.42110344661719784 0.7012300577661066 0.4183290224951818 0.7064631178986897 0.4169756448746862 0.7160269864168582 0.410614770058357 0.7275758087784204 0.401141126714888 0.7380419290435863 0.39518626518470745 0.7468839961641573 0.39369754980216226 0.7615004744655096 0.39396822532626147 0.7683575877426871 0.4035772064317801 0.7660117332004949 0.41508091620599236 0.7643876800559001 0.4162989560644384 0.7614859144770569 0.41587248645257413 0.7573159893832715 0.4161094140147209 0.7480916096303518 0.42075319423280033 0.7483443323633083 0.4230276988294107 0.7437321424868486 0.4281453341717839 0.7413944572069991 0.43084630838025867 0.7379827003120838 0.4329786564395809 0.7349808881213314 0.436989195623759 0.7328959255744387 0.4385055320214992 0.727272844766152 0.4441444080005957 0.7200070661936467 0.45267380023788434 0.7187434525288632 0.4547587627847771 0.7186170911623848 0.45978162710229165 0.7189329945785807 0.46215090272376075 0.7243785189840007 0.46395554926427357 0.7316662986215549 0.467147983707273 0.7384065405438802 0.4732090682712855 0.7475995727164243 0.4808394610961754 0.7562864691599603 0.4847880503886918 0.7612880155971475 0.4881443512873307 0.7619461138125669 0.48972378700433716 0.7620777334556509 0.49229037004447285 0.7670792798928383 0.4950543825492343 0.7699749120406836 0.4947582383522955 0.7793199066996389 0.5012734106849475 0.7818206799182326 0.5060117178359671 0.7872170852846715 0.5125268901686191 0.7887824864472956 0.5048708420757039 0.7897361368017254 0.48770513569596863 0.7918023792363232 0.48579783498710927 0.7994113616746994 0.4916142557139048 0.805242359897051 0.49909110020869407 0.8137471222187284 0.4946627810118936 0.8082554173453196 0.48922667267570424 0.8004496549881149 0.4817827668516151
16 0.5602630184369071 0.47897817247477437 0.562026351518303 0.47801635443037654 0.5625072605405019 0.4759724910860312 0.5597821094147082 0.47404885499723565 0.555453928214918 0.4723656734195394 0.5524081710743249 0.47248590067508917 0.5520875650595256 0.47464999127498425 0.5551333222001188 0.47513090029718313 0.5586599883629106 0.47801635443037654
16 0.6644338329085357 0.5007807842634732 0.669835733989093 0.49568580938067486 0.6651704557831573 0.49273931788218917 0.6646793738667429 0.4957471946202267 0.6647612208528119 0.49697489941126244 0.6634516690757072 0.49728182560902134 0.6632879751035691 0.4991847680351267 0.6628787401732238 0.5005966285448178
16 0.5836959324337208 0.596297973291198 0.5787758757283218 0.6042457571999195 0.575369682624584 0.6042457571999195 0.5717742565706385 0.6058069290391327 0.5678003646162779 0.6025426606480506 0.5685572964171084 0.5937433284633947 0.5570140864544415 0.5802604807610993 0.5577710182552722 0.5741577181169025 0.5551217569523651 0.571744998001755 0.551904796798835 0.571744998001755 0.5479309048444742 0.5666357083461482 0.5507082622982911 0.5631784769822576 0.5523094641846636 0.5583748713231403 0.5447065545283916 0.5542263027993571 0.5434591846672593 0.5499439976936944 0.5450895033924771 0.5491242309682081 0.545752060551567 0.5496211488375254 0.5474339364169488 0.550041617803871 0.5558433157438586 0.5505003112217025 0.5613986026931503 0.5520675137326265 0.5679732083487344 0.5561575300416236 0.5700118457613186 0.5569984679743145 0.5721014491092172 0.5551636943029886 0.5713369600794982 0.5535582673405787 0.5754675656593797 0.5497843838516245 0.579697738290492 0.5511222396536329 0.5823989328621658 0.5529952377764445 0.5807680229320986 0.5560531938953208 0.5840783350250729 0.554790187594023 0.5889686893100733 0.5549072439465894 0.5909976660878928 0.5531904174422807 0.5952637198258719 0.5526831732478259 0.599893948882947 0.5543609809679458 0.6030812820037229 0.5537168702202034 0.6097404878386175 0.5537558890043922 0.6143186918501073 0.5527804193996715 0.6179604450410651 0.5513367243846846 0.6160875434000012 0.5490346161175433 0.6240994004201084 0.5468495642029686 0.6242034505112786 0.5413869344165319 0.6193295573742909 0.5384686141049478 0.6126328699728966 0.5347405613247903 0.623835438266454 0.5281293545921222 0.6125399737394234 0.520678532553321 0.5852065557745498 0.5183537830872365 0.5838753424280586 0.5234551108869605 0.5714125484737402 0.526245961890985 0.5577624491963202 0.529787304404121 0.5445747406559812 0.5346178082627282 0.5449493598196105 0.5315994287244602 0.542268657856803 0.5287846916635125 0.5417920886189708 0.526952878655594 0.5461407829141919 0.5265060949951262 0.5478087752466052 0.5253891358439562 0.5444727905817782 0.5237807146662719 0.543281367487197 0.521814866560213 0.54310265402301 0.5138621174038842 0.5526936099343878 0.5111814154410768 0.5529162273396099 0.5078546310684716 0.5492228157464085 0.5060674964265999 0.5471378253308916 0.5018677300182016 0.5514269484713836 0.5011081977954062 0.5548820754456688 0.502001765116342 0.5564904966233533 0.5013315896256401 0.5606009062996581 0.49476386981676185 0.5615540447753229 0.49342351883535807 0.5662601659989182 0.493244805371171 0.5675707314029576 0.49592550733397844 0.5697748641279324 0.49574679386979115 0.5753149815177345 0.48797275817764957 0.5807955277528074 0.48833018510602394 0.5817486662284724 0.48868761203439826 0.5754164794132174 0.4960317524801075 0.574040629677469 0.49894907958363044 0.575660057356326 0.5028062905947747 0.5806242919069977 0.5053896958391997 0.5825509024495235 0.5078900461171812 0.5864349587439075 0.508056849601935 0.5917509070459736 0.5094302838595426 0.5985578986576637 0.506105558137406 0.6034079494005311 0.5055601544275072 0.6121178417072057 0.5077075286141263 0.6174317879111763 0.5091056253177817 0.6198202538870966 0.5096539790144426 0.6270108759871578 0.5132066926779081 0.6369201902129366 0.5152314562021373 0.643892495475681 0.514643647576851 0.6493890894493332 0.519240237771886 0.6518833927923525 0.5192983659234346 0.6558706054366503 0.5192833043031065 0.6581317216296111 0.516580370648742 0.6580464787183589 0.5137834113656362 0.6597252519857787 0.5115219664290722 0.6602067192995701 0.5092119697412155 0.6654554690291843 0.5124818460254056 0.6673025008052379 0.5103517079959365 0.6709746903010644 0.5149226955679227 0.672777941181484 0.5207248071427613 0.6766094108117869 0.525526237176755 0.6834302937627191 0.527187279147883 0.6878266541069509 0.5248919656778276 0.6925605636146951 0.5250476812975199 0.6974534504500679 0.520539294621833 0.698731724695515 0.517906092430686 0.6970599993222869 0.5152683325692984 0.6966996457838154 0.5123459177689432 0.698400172521481 0.5102712434832006 0.7068851144971572 0.5099853799723696 0.7102134771376453 0.508397603298329 0.7181931204318778 0.5090744191052272 0.7211202115162818 0.5070847897329654 0.7228851607160561 0.5054495888792746 0.7339034741845833 0.5128852045194434 0.7210337110166226 0.5126200259831029 0.7192688840113383 0.5151628661927424 0.7224337368969269 0.5218446409186299 0.7284209024693837 0.5328441935676593 0.7341038961972344 0.5393585724225238 0.7339781588419517 0.5449667212025547 0.730521180331353 0.5526174836143344 0.735853778917413 0.5571170527877742 0.7473546680011282 0.5610229619803508 0.7528246682124066 0.5574783459373155 0.7588782406004723 0.5585520040532514 0.7644271935264851 0.5677422022500499 0.7619565379759352 0.5735066946555988 0.7708807020989397 0.5726412798160949 0.7791489022178686 0.571275658537735 0.7854802691820706 0.5697392277308206 0.7886582399356504 0.5711584032430099 0.790837091369917 0.5715632454387002 0.8071004632584814 0.5649233268432154 0.8114027290009896 0.5694468928415145 0.8195531083676616 0.5602020385233184 0.8237771582825484 0.5581274677410762 0.8291906297013978 0.5579581882792788 0.8315332250134368 0.5566833655628367 0.8351750954951818 0.5589324920421764 0.8354539370252254 0.5617982067266538 0.8330490918409359 0.5669756642812366 0.8310491041349054 0.5690521331362621 0.8265715439004669 0.5722418481726312 0.8271240217559808 0.574595649777066 0.8240671319125892 0.5779828682893511 0.8262572984714421 0.5838820155763599 0.8232083738567773 0.5895895651224977 0.8247055597525166 0.6027938312132644 0.8201796551556505 0.6036666842426598 0.821214147634934 0.6075460310399736 0.8169468661578893 0.6129771165562127 0.8155244389988741 0.6159836103241308 0.8100933534826349 0.6198629571214446 0.8099640419227245 0.6218996141900343 0.8204382782754713 0.6251000752978182 0.8214727707547551 0.6280095853958035 0.8169468661578893 0.6293673567748632 0.8121623384412022 0.6284945037454678 0.8103519766024557 0.6311130628336543 0.807895056964157 0.6332467035721769 0.8033203701327863 0.6335884877150608 0.7994898055699774 0.6305311608140574 0.7958690818924846 0.6338286055917741 0.7906966194960664 0.6411023808367373 0.7790585791041251 0.6405204788171401 0.7710412623896769 0.6394536584478788 0.7700067699103932 0.6330527362323113 0.7693602121108408 0.6135590185758099 0.7626104076597842 0.6123167157648729 0.7554251699268809 0.6127546323976047 0.7516582423737315 0.6055150685063956 0.7443844116067936 0.6062338609533219 0.7344337903488019 0.6054430160340636 0.6862660059350465 0.590483107330132 0.6641776878315188 0.5862232474759286 0.6615090487851256 0.5748569724903397 0.6502331091524789 0.5677088326397235 0.624331687728735 0.5835226331706344 0.6151412491995749 0.5827928415702831 0.6111688298705491 0.5900511614001985 0.6455703663770065 0.6026343333929463 0.6499265273804151 0.6050439663859669 0.6539618985418804 0.6196133154633999 0.6622144076683923 0.6269136119983912 0.6855965168601769 0.630325707118007 0.7154325113944898 0.6388162693923991 0.7233676163238283 0.6402445882796802 0.7142969190806318 0.6409912773294524 0.7102084698959303 0.6438659681624455 0.7021593355635498 0.6451116675234091 0.6854222467136789 0.6405121621906202 0.6589664286484326 0.6412880243936345 0.6444380990150895 0.6324362672757252 0.6365002427842693 0.6328367346783272 0.6338560678845134 0.637285785925254 0.6244673229830606 0.6394442801350869 0.6185332553294924 0.6421146105791926 0.6128730677214737 0.6421830805905799 0.6106820273570793 0.6401289802489601 0.6136034145096051 0.6378694698731785 0.6155205748284502 0.6373901797934672 0.6133295344640559 0.636089249577108 0.6083084002956519 0.6348567893721361 0.6001036468649233 0.6233913062508509 0.6011991670471205 0.6219534360117172 0.6076809947917874 0.6220219060231045 0.609506861762116 0.6226381361255904 0.6109675553383789 0.6220219060231045 0.6085939282769517 0.6185299354423508 0.6094155684135996 0.6163388950779565 0.6138889424909049 0.6148325548274355 0.6130673023542568 0.6141478547135621 0.6054899544273931 0.6134631545996888 0.5992820067282755 0.6104504740986466 0.5971822597123976 0.6078486136659282 0.5938044058172894 0.6055206332787592 0.593074059029158 0.6029872428574281 0.5960867395302004 0.6017547826524565 0.5960867395302004 0.5997006823108364 0.5913394854073458 0.5961402417186956 0.5888745649974022 0.5946339014681744 0.5849489510111955 0.5956609516389844