7 0.22498363928863097 0.6070069537518161 0.18817868707671973 0.5985851987466558 0.15057420857818346 0.5788428475349242 0.12425107362920805 0.5464089848299367 0.1169310844677603 0.5214636236967931 0.12043201514044773 0.5009831792615718 0.13653629623480995 0.47420105961551295 0.17364616136529673 0.447418939969454 0.22405586452306234 0.4347155546416588 0.2621474696534751 0.4340848323412352 0.296178734909357 0.44059212515771357 0.32558655255993146 0.45056977757487277 0.34239101978883113 0.45949715079022563 0.3599987674770745 0.4760491530591803 0.376387300520677 0.49858338599413365 0.3927758335642794 0.5254708230187939 0.4016529556295641 0.5421154268912026 0.39823867791214695 0.5508218350706166 0.4040429500317561 0.555687180817936 0.40677437220568985 0.5631132348533183 0.3998119207095519 0.5784640022734058 0.37966768217679053 0.5966450311186523 0.352353460437453 0.609704643387773 0.3212835332089567 0.615082130792705 0.29806644473051985 0.6166185557655427 0.296700733643553 0.630190309692276 0.2888478948934935 0.6481152677087162 0.27382507293685787 0.6619430924642558 0.25743653989325543 0.662967375779481 0.23490230695830194 0.660150596662612 0.2267080404365008 0.6483713385375225 0.2222694794038585 0.6286538847194383
9 0.39595297355662223 0.32140193862473615 0.39002805284020814 0.3259567457875072 0.3846625799143441 0.3253376527575999 0.38548803728755393 0.3210040015482482 0.3803289287049923 0.31264624564449833 0.3770270992121529 0.29747846641176723 0.3733130970341582 0.2970098810980719 0.3733130970341582 0.28308028792515555 0.3735194613774606 0.25707838066904504 0.3722812753176459 0.24082718863397595 0.37888493430332476 0.22720714197601327 0.36753489542168916 0.22287349076666152 0.3654712519886645 0.2179207465274024 0.3811549420796518 0.21312277554562012 0.3889967871251454 0.21451573486291176 0.4193323455906078 0.21374186857552752 0.46390704374394004 0.20677707198906933 0.49135350140316775 0.20368160683953238 0.5049735480611304 0.20522933941430085 0.5450082306618085 0.2035268335820555 0.5580091842898638 0.20306251380962498 0.5908211148749556 0.2066222987315925 0.5943293087110976 0.21513482789281912 0.6009329676967764 0.2467085724180962 0.5974247738606345 0.25197086317230905 0.5813283550830424 0.2671386424050402 0.5821538124562521 0.2730200261891604 0.5761692465004807 0.27952050300318804 0.5732801456942462 0.29174759034385905 0.5743119674107584 0.3033555846546227 0.5798838046799251 0.31929723017473804 0.5835983628593694 0.32394042789904354 0.5712165022612216 0.3248690674439046 0.5435636802586914 0.3247142941864276 0.5080690132106674 0.3239404278990435 0.46184340031091536 0.3225474685817519 0.42036416730712 0.3208449627495065 0.397251360857244 0.31945200343221486
12 0.699611897577856 0.282342376296129 0.721099777958189 0.31917874266241425 0.6867749820259685 0.32252750324116747 0.6323576226212292 0.3248297761390603 0.5885446717158748 0.3246204786028882 0.5829015807937743 0.3194064320934643 0.5769104793786863 0.3059533055179338 0.5743571135496215 0.2935619713474726 0.5767602813887414 0.28274771607143373 0.5827682009865406 0.27407378215211087 0.5949342381720844 0.26506190275541175 0.6120568090258127 0.25875358717772234 0.6270766080203112 0.2559373748662539 0.6499067024919488 0.25695121129838255 0.6632743235970525 0.2599927205947685 0.679045112541276 0.26607573918754035 0.6928633276162145 0.27621410350882686
6 0.16017390776539664 0.377243327484307 0.15498155262968516 0.37190301149742466 0.15919873773525478 0.3705851411519341 0.16025303401164723 0.36373221535538347 0.15638728099820837 0.36215077094079484 0.15744157727460079 0.357406437697029 0.16939026840704816 0.355034271075146 0.16939026840704816 0.3481813452785953 0.1806360953552339 0.3460727527258104 0.1929362185798121 0.3381655306528674 0.1894218976585041 0.32867686416533565 0.19434194694833531 0.32498682719796224 0.19047619393489648 0.3207696420923925 0.2059392059886519 0.3197153458160001 0.2122649836470064 0.3210332161614906 0.227376563608631 0.31866104953960767 0.23229661289846226 0.3223510865069812 0.24389387193877887 0.3210332161614906 0.2502196495971334 0.3183974754705096 0.2639255011902347 0.3215603642996868 0.2677912542036736 0.32498682719796224 0.27657705650694375 0.3197153458160001 0.2909857722843068 0.3205060680232944 0.3060973522459314 0.3255139753361584 0.3278861419580414 0.3255139753361584 0.3296433024186954 0.332103327063611 0.33702337635344226 0.3357933640309845 0.3405376972747503 0.34343701203482946 0.3387805368140963 0.357406437697029 0.3345633517085267 0.37374802998111145 0.33421191961639585 0.385345289021428 0.3155860187334631 0.39588825178535214 0.2934457969292224 0.39641539992354835 0.26287120491384236 0.398260418407235 0.26427693328236557 0.4011597331673142 0.2639255011902348 0.40643121454927633 0.254436834702703 0.4035318997891972 0.24635389658369453 0.4037954738582952 0.2502196495971334 0.39931471468362745 0.23299947708272392 0.398260418407235 0.1908276260270273 0.39325251109437104 0.1661736469408688 0.3870915936523048 0.15694766564604162 0.3783864338821856
0 0.4388033702071132 0.6803631208246038 0.44251222149183983 0.6891054131386022 0.4483404163678387 0.6899001669853293 0.4525791035503834 0.6970529516058734 0.44357189328747587 0.7085768823834168 0.43456468302456847 0.7077821285366896 0.42396796506820683 0.7129480285404164 0.4101196622408226 0.7161488196890453 0.3884980434282221 0.7297412634618183 0.38356434807642076 0.7295993122177807 0.3751377920161577 0.7347488742546082 0.36858380396928647 0.7347488742546082 0.35703630122003693 0.7389621522847398 0.35422744919994925 0.7518360573768084 0.35204278651765875 0.755347122401918 0.35110650251096287 0.7651781044722249 0.35578792254444236 0.7766475835542498 0.3673354252936918 0.7958414056915158 0.3916788094677852 0.8159715118354776 0.4359962524513913 0.83142019794596 0.45971544728768743 0.8339949789643737 0.4931095768598412 0.8272069199158285 0.5190134343784278 0.8143330148237599 0.5502229012682912 0.7888192756412965 0.5658276347132228 0.7621351814504633 0.5677002027266147 0.7387280812830659 0.5661397293821215 0.7251519631859752 0.5614583093486419 0.7118099160905585 0.5474140492482035 0.690743525939901 0.5271278957697922 0.6713156328009611 0.5108989729870633 0.6687408517825472 0.4993514702378139 0.6664001417658073 0.48374673679288227 0.6680386387775252 0.47500808606372047 0.670613419795939 0.4622122046388765 0.6741244848210486 0.4478558498695393 0.6762311238361144
2 0.639492867181324 0.677217427884592 0.6189235452172436 0.657706821021604 0.6080339041774362 0.6440947697218449 0.6074289241196692 0.6386499492019413 0.5789948614046168 0.6168706671223266 0.5765749411735485 0.6114258466024229 0.5814147816356849 0.6059810260825194 0.5892795223866569 0.6009899406059409 0.598354223253163 0.6028048807792422 0.5989592033109302 0.6077959662558206 0.6050090038886009 0.6123333166890736 0.6207384853905448 0.6091571713857965 0.6382829070657898 0.6018974106925916 0.6588522290298704 0.5978137953026638 0.673976730474047 0.604166085909218 0.6963609926114287 0.596452590172688 0.715691408338447 0.5934854366694983 0.71508642828068 0.5875868811062692 0.7241611291471861 0.5866794110196186 0.7259760693204873 0.5998377272760526 0.7259760693204873 0.6098198982292091 0.740495590706897 0.6325066503954744 0.740495590706897 0.6424888213486313 0.7429155109379653 0.6638143683849205 0.7380756704758288 0.6706203940348 0.7205312488005836 0.6865011205511855 0.7041967872408726 0.6923996761144147 0.6884673057389289 0.6955758214176917 0.6461187016952337 0.6955758214176917 0.6467236817530008 0.6892235308111375 0.6412788612330971 0.6819637701179326
17 0.6552589643199176 0.5556492353090496 0.6457285328409087 0.552388824539915 0.6457285328409087 0.5467458059010283 0.6514133516178612 0.5467458059010283 0.6609437830968701 0.5441123972028811 0.6689694096055089 0.5429837934751037 0.6741526267256717 0.5444885984454736 0.6728150223075651 0.5476236088004106 0.6738182256211451 0.5486268121139906 0.6654971109720773 0.5526113729005881
17 0.7386082367335959 0.5284493201370043 0.744868213912393 0.5319370217080484 0.7557784598525822 0.5343515843341557 0.766152136320303 0.5359612927515607 0.7797452296228339 0.5348881538066241 0.7829646464576439 0.533144303021102 0.7801029426044795 0.5311321674993459 0.7752738173522645 0.5312663098674629 0.7652578538661894 0.5268396117195994 0.7575670247608101 0.523083625412321 0.7545020496998179 0.5226319638307255 0.747069360775323 0.525133349526469 0.743162434545781 0.5254906903401466 0.7382073085961177 0.5276347352222124
17 0.8265058921260662 0.46387431374621274 0.8245921263546201 0.4718711207197554 0.8258224043505497 0.47556195470754437 0.8291031456730288 0.47709980220245657 0.8284196578975124 0.4791502655290059 0.8285563554526156 0.4834562385147598 0.8265058921260663 0.48745464200153116 0.8254123116852399 0.49309341614954205 0.8240453361342068 0.4948363099771091 0.8266425896811695 0.496989296469986 0.8280095652322024 0.49401612464648936 0.8318370967750947 0.4945287404781267 0.8381251843098463 0.49442621731179925 0.8389453696404662 0.487864734666841 0.8399022525261891 0.48314866901577735 0.8342976527669541 0.4718711207197554 0.8289664481179255 0.4630541284155928
17 0.8185595386710657 0.39439420379249157 0.8182297392495491 0.39662034988772876 0.8140247966252124 0.3996503820729127 0.8103145531331505 0.3990320081575691 0.8056149113765386 0.3951980898824384 0.8048728626781262 0.393281130744873 0.8082533067486716 0.3908076350834983 0.8103145531331505 0.38932353768667355 0.8131178482160418 0.39031293595122335 0.8166631919973453 0.3927864316125981
17 0.4058190046863917 0.5352123088567702 0.4104788183073018 0.5383795259272324 0.41453643618462743 0.539367385123136 0.41745305444063197 0.542334138768048 0.42135234891349715 0.5417017475757802 0.41965282637346873 0.5366320958193911 0.4187791113195481 0.5359768095289507 0.41324558264471734 0.5318266630228274 0.40742081561857957 0.5321543061680477 0.40465405128116416 0.5328095924584882
17 0.43921412831245576 0.4135432951097519 0.4281801092354649 0.41369654537471007 0.41448975223253176 0.39316100987031044 0.40999441112709106 0.38856350192156425 0.4108117458735348 0.38335299291298525 0.41694175647186316 0.38228024105827785 0.4234804344434132 0.3864179982121494 0.4334927850873494 0.40067027285326257 0.4353317882668478 0.4011300236481372 0.44023579674551044 0.3862647479471912 0.46720784337815474 0.3836594934429016 0.4704771823639299 0.38488549556256735 0.4723161855434283 0.3957662643746 0.47395085503631584 0.4120107924601698 0.47323623195102393 0.42695629201435703 0.46251495364710216 0.4246110030845978 0.45431795741380776 0.41865873022075945 0.4470615333239197 0.4127770437849609 0.44738747577689336 0.4095587882208385 0.4404401304321213 0.4104782898105877
17 0.5328495694296584 0.4012155543604495 0.5270047744894889 0.39528480655351267 0.521503791016388 0.3896119173468774 0.5084389552677735 0.38832262434536935 0.5001874800581222 0.3896119173468774 0.48987313604605814 0.3901276345474806 0.4805902264352005 0.39812125115683034 0.4809340379022693 0.40173127156105276 0.49193600484847094 0.40559915056557677 0.4967493653874342 0.4066305849667831 0.5063760864653607 0.4053412919652752 0.5132523158067367 0.40611486776618 0.5218476024834569 0.40869345376919597 0.5294114547589704 0.4094670295701007 0.5325057579625897 0.411272039772212 0.5383505529027593 0.4089513123694976 0.5376629299686218 0.4048255747646719
17 0.5411592491662959 0.4141209120843732 0.5442535523699152 0.4043222852729123 0.5535364619807728 0.4043222852729123 0.5507859702442224 0.40045440626838824 0.5569745766514609 0.3929765068596418 0.5418468721004335 0.39117149665753054 0.5315325280883695 0.3813728698460697 0.5308449051542319 0.3746685462382281 0.5380649459626767 0.37234781883551366 0.567288920663525 0.368222081230688 0.5734775270707635 0.3726056774358152 0.5762280188073139 0.3805992940451649 0.5796661334780019 0.3824043042472761 0.5913164251381008 0.3761371013995569 0.5999274711904798 0.37613710139955686 0.6043920840048268 0.37353274392452107 0.6088566968191739 0.3739047949923833 0.6098488330001399 0.3767571865126606 0.6093527649096568 0.3812217993270077 0.615140225965292 0.38283402062107746 0.6197701948098001 0.3768812035352813 0.6296915566194603 0.3734087269019003 0.612825241543038 0.37006026729114 0.6009038136050844 0.36808252313839224 0.5885021113430092 0.36758645504790927 0.580565021895281 0.366718335889564 0.5780846814428661 0.36485808055025276 0.5805650218952811 0.36163363796211323 0.5956124206399322 0.36212970605259615 0.6009038136050844 0.3606415017811472 0.6047070022987874 0.3606415017811472 0.6043762902384655 0.36374192734666594 0.6177701286815067 0.36411397841452825 0.6280222025514888 0.3636179103240453 0.6300064749134208 0.36088953582638866 0.6371167842103439 0.36163363796211323 0.6419121090850131 0.3653541486407358 0.6488570623517752 0.3718030338170148 0.6515027588343512 0.37502747640515444 0.6538177432566052 0.3724231189301186 0.6523295389851562 0.36944671038722054 0.6548098794375712 0.36200568902997543 0.6746526030568916 0.3639899613919074 0.693668546525407 0.3656021826859772 0.7019363480334571 0.3679585061157715 0.7057395367271603 0.37019081252294506 0.7035899083350672 0.3746554253372922 0.7108655736621513 0.3765156806766035 0.7110309296923123 0.3793680721968807 0.7140073382352103 0.3751514934277751 0.7118577098431174 0.37205106786225633 0.7178105269289135 0.36647030184432255 0.7219444276829384 0.366718335889564 0.7265743965274464 0.37105893168129034 0.7320311455227596 0.37552354449563746 0.7358343342164626 0.3778798679254317 0.7384800306990387 0.37986414028736376 0.7374878945180725 0.3873051616446089 0.7409603711514536 0.38321259989812406 0.7445982038149956 0.37986414028736376 0.7492281726595038 0.37874798708377694 0.7429446435133857 0.37552354449563746 0.7445982038149956 0.3703148295455658 0.74856674853886 0.368702608251496 0.760637738740613 0.36944671038722054 0.7636141472835112 0.3739113232015676 0.7703937445201121 0.3746554253372922 0.7776694098471963 0.380236191355226 0.7859372113552464 0.38643704248626354 0.7908978922600767 0.3918937914815766 0.7895750440187886 0.3949942170470955 0.7932128766823306 0.3984666936804765 0.7932128766823306 0.40007891497454634 0.7854411432647637 0.40417147672103115 0.7920553844712037 0.40615574908296315 0.8013153221602196 0.4016911362686161 0.8059452910047278 0.40751993633179145 0.8175202131159981 0.4226500130915232 0.8046224427634399 0.4286028301773193 0.8003231859792538 0.42934693231304377 0.7991656937681267 0.43480368130835684 0.8042917307031178 0.43641590260242663 0.805945291004728 0.4419966686203605 0.8028035264316687 0.44695734952519056 0.8009846100998977 0.44695734952519056 0.8024728143713468 0.4509258942490547 0.8031342384919908 0.4583669156062998 0.8013153221602196 0.46010315392299034 0.7935435887426526 0.46059922201347336 0.7937089447728137 0.47114066893623724 0.7937089447728137 0.47560528175058425 0.7861025673854075 0.4868908308090728 0.7900711121092716 0.4902392904198331 0.7904018241695936 0.49457988621155935 0.7884175518076616 0.4990444990259064 0.7832915148726706 0.5071056054962553 0.7746930013042984 0.513802524717776 0.7695669643693073 0.5133064566272929 0.7665905558264092 0.5074776565641176 0.760472382710452 0.5103300480843949 0.75848811034852 0.5135544906725344 0.753362073413529 0.5135544906725344 0.758984178439003 0.5154147460118457 0.764606283464477 0.516282865170191 0.7657637756756042 0.5192592737130891 0.760803094770774 0.5204994439392966 0.7495588847198259 0.5206234609619173 0.744763559845157 0.5191352566904682 0.7388107427593608 0.5231038014143323 0.7265743965274464 0.5258321759119889 0.70573953672716 0.525336107821506 0.6948260387365339 0.5190112396678476 0.6928417663746018 0.5192592737130891 0.6911882060729918 0.5264522610250927 0.6791172158712386 0.523351835459574 0.6645658852170704 0.5223596992786078 0.6596052043122405 0.5176470524190193 0.6523295389851562 0.5166549162380532 0.6495184864724192 0.5136785076951552 0.6455499417485551 0.5145466268535005 0.6440617374771062 0.5161588481475703 0.6351325118484119 0.5161588481475703 0.63976248069292 0.5177710694416401 0.639266412602437 0.5214915801202626 0.6228961656164977 0.5294286695679908 0.6172740605910236 0.5312889249073021 0.6017305937558894 0.5281884993417832 0.5989195412431522 0.5337692653597171 0.5929667241573562 0.5345133674954416 0.5675018955125617 0.5254601248441267 0.5658483352109517 0.5294286695679908 0.5660136912411128 0.5391019973324095 0.5661790472712738 0.5420784058753074 0.5617144344569267 0.543814644191998 0.5524544967679105 0.5369937079478566 0.5486513080742075 0.5317849929977851 0.5504702244059785 0.5239719205726777 0.5494780882250124 0.5212435460750211 0.5445174073201823 0.5188872226452268 0.5450134754106654 0.5149186779213627 0.5491473761646904 0.5068575714510138 0.5435252711392163 0.5036331288628743 0.5438559831995383 0.5030130437497705 0.5379031661137423 0.4981763798675612 0.5367456739026153 0.4918515117139029 0.5420370668677672 0.4887510861483841 0.5463363236519534 0.4868908308090728 0.5326117731485902 0.47907775838396544 0.5269896681231161 0.4746131455696183 0.5255014638516671 0.4720087880945826 0.5268243120929551 0.4690323795516845 0.5347614015406832 0.4660559710087865 0.5403835065661573 0.4701485327552713 0.5458402555614704 0.47287690725292786 0.5489820201345295 0.469280413596926 0.5405488625963183 0.4632035794885092 0.5430292030487335 0.4592350347646451 0.5441866952598604 0.45353025172409045 0.5493127321948515 0.44807350272877744 0.5534466329488765 0.4493136729549848 0.5683286756633669 0.4415006005298775 0.5724625764173918 0.43951632816794545 0.5641947749093418 0.43629188557980586 0.5607222982759608 0.4283547961320777 0.5663444033014348 0.4251303535439382 0.572297220387231 0.4247583024760759 0.578250037473027 0.4266185578153872 0.58039966586512 0.4326953919238041 0.5830453623476961 0.4324473578785626 0.5856910588302721 0.43021505147138905 0.587675331192204 0.4273626599511118 0.6025573739066944 0.4282307791094569 0.6042109342083044 0.42599847270228347 0.6038802221479824 0.42128582584269497 0.5995809653637963 0.4193015534807628 0.5956124206399322 0.41992163859386655 0.5838721424985012 0.4221539450010401 0.578250037473027 0.41992163859386655 0.5734547125983579 0.41062036189731016 0.5708090161157818 0.4128526683044837 0.5641947749093418 0.41186053212351775 0.5607222982759608 0.41558104280214025 0.5517930726472665 0.41843343432241753 0.5465016796821145 0.4178133492093138
17 0.4645730935648297 0.5354055682227025 0.45477766407853776 0.5322974030972445 0.44422874001637735 0.5273525949431067 0.44422874001637735 0.5222665065559936 0.4446054873043117 0.5164740170040037 0.44140313535687015 0.5125181704806935 0.4466775973879503 0.5105402472190385 0.44893808111555616 0.5108228076849892 0.45176368577506343 0.5126594507136689 0.45571953229837364 0.5132245716455704 0.45628465323027506 0.5164740170040037 0.4653265881406984 0.5195821821294617 0.4696591819519428 0.5211362646921908 0.46683357729243563 0.5291892379717864
17 0.45887819670398045 0.49250289215211684 0.4649061533109293 0.4990017828689836 0.4575595811962103 0.4987192224030329 0.45115487730132725 0.4937744142488951 0.45228511916513015 0.49151393052128933
17 0.45586421840050595 0.4861452816682255 0.44927114086165576 0.4908075293564125 0.44418505247454265 0.4930680130840183 0.439664085019331 0.49052496889046177 0.4375919749356923 0.4828958363097921 0.43344775476841507 0.4833196770087182 0.42930353460113774 0.48529760027037333 0.42402907257005745 0.48388479794061967 0.41856623689501005 0.47780974792267905 0.425912809009729 0.4738539013993689 0.43514311756411933 0.4701806153420094 0.4423013160348711 0.47088701650688625 0.44606878891421414 0.4687678130122558 0.45228511916513015 0.4687678130122558 0.45379210831686734 0.47399518163234416