2 0.34996242709271946 0.28842363993445724 0.33010087640891345 0.28842363993445724 0.32817879085886775 0.2786530383883914 0.33437217763123733 0.27000365341318555 0.35508798855950807 0.24229358673335943 0.3721731934488035 0.22115064568285636 0.3790072754045218 0.21922856013281058 0.3918211790714934 0.22355325262041353 0.43310994394364016 0.2383386082056718 0.44058472108270696 0.2423429531016004 0.4399440258993584 0.24586677661001763 0.43738124516596405 0.2570789423186178 0.43652698492149933 0.265087632110475 0.432896378882524 0.2743777122690294 0.4322556836991754 0.28014396891916665 0.4314014234547106 0.2825465758567238 0.42627586198792194 0.2899145704652325 0.4100449173430913 0.30977612114903846 0.4036379655096055 0.3139406398408042 0.39488179800384154 0.30689299282396987 0.38762058592589094 0.2903950918527439 0.3797186786645918 0.2870314421401639 0.35451800145288104 0.2884730063026982
12 0.18898365469744235 0.4850569585419023 0.19966120196872983 0.4739687363755653 0.21814157224595807 0.4622645018666541 0.241139366368731 0.45733640312605994 0.26701188475685056 0.45795241546863413 0.2974018269905148 0.4690406376349711 0.312596798107347 0.4829009153428923 0.31711422195289163 0.4936811313379421 0.3195782713231887 0.5186296312122002 0.3191675964281392 0.5389580385171514 0.3113647734221984 0.5435781310864584 0.29863385167566336 0.5346459521191314 0.27235065839249434 0.5146255509854675 0.24237139105387956 0.49737720539338776 0.21649887266576 0.4902930634537836
21 0.3381933205056383 0.654595745749133 0.30073315615796076 0.663351876763393 0.27209190319053594 0.6684663862218617 0.22844808914493617 0.6766496013554117 0.18207653672148644 0.6812526598680335 0.1377507880814242 0.6786954051387992 0.10092631998044942 0.667443484330168 0.07228506701302459 0.6510770540630682 0.04705348701791223 0.6301075652833462 0.03205092593973732 0.6055579198826964 0.027277383778499843 0.5784510197528122 0.03273286053419981 0.551344119622928 0.04909929080129972 0.527817376113972 0.08183215133549954 0.5022448288216282 0.13843272267588672 0.4848554966628346 0.17184751780454902 0.4838325947711409 0.19391633735894903 0.48727919101306744 0.21340471354456444 0.4912081436894658 0.2415129635558234 0.49908192429071624 0.2642028757370234 0.5134073349474908 0.28958481139734876 0.5304247690833908 0.3056087606778572 0.5437887427833349 0.32509388300295555 0.5563835669178144 0.3284268644533013 0.5634982003983602 0.3491939027208402 0.5755161623587416 0.36406412765315205 0.5855151067097788 0.365730618378325 0.5976292123658432 0.3689354082344266 0.6106086112830551 0.36419231924739615 0.6188769691117975 0.36111572098553857 0.6250301656355127 0.34996305228630464 0.6424321745541448 0.34214336503741655 0.6530079810792805
9 0.37486818801275684 0.6868097452421498 0.3802929271568878 0.6976002217082532 0.3800597769469758 0.7188005928753871 0.3795120064454354 0.7396574220405964 0.3736261096231811 0.7638484579800618 0.36844652041959725 0.7728538801181108 0.37059572831006904 0.7852116920739945 0.36541156778052886 0.7951137127132506 0.3576153274351602 0.8043051401157523 0.36703504801374526 0.8046595796105126 0.39152152162581233 0.8014721955285189 0.4449643219403926 0.798815399284145 0.47910138067797875 0.7961620315342379 0.4925212254327186 0.7956323008202351 0.4932275330513891 0.8011061848649318 0.4849872775002331 0.8099350300983131 0.48263291877133135 0.8154089141430095 0.48310379051711166 0.8249440669950618 0.4953464559074008 0.8219422596157121 0.5160648127217361 0.8184107215223594 0.5212444019253197 0.8136431450963335 0.5400792717565337 0.8042845691489491 0.540550143502314 0.7921007627268826 0.541727322866765 0.7836250713028363 0.5443171174685567 0.7619061120287178 0.5466714761974586 0.7474268058459721 0.5497321425450308 0.7135240401497872 0.5560889111130654 0.7115816941984433 0.5581304087014914 0.704989871145293 0.5662151599098626 0.6859779612956851 0.5688047365757832 0.6795037472110446 0.5655063460286723 0.677325774692923 0.5419616159081662 0.6727364894187982 0.5012037819424285 0.6706248521135295 0.45555779338896135 0.667107456559854 0.4249551298234506 0.6660471380082312 0.40541738086803325 0.6655285499012468 0.39904746973787447 0.6598562322996544 0.3738061181688516 0.6626656059874256 0.3672099138177152 0.6675943310930169 0.3684093783962027 0.6710980126688239
20 0.23676158884399479 0.4344152366735796 0.22045403042871958 0.42716743293345727 0.21834008767118396 0.4172017027907892 0.22196398954124508 0.40995389905066687 0.2126022430435871 0.4088214297162727 0.21048830028605145 0.40315908304430226 0.2056564311259699 0.3972702425054529 0.21199825939857692 0.3947788099697858 0.22015203860621452 0.3968172547716952 0.2267958587013266 0.40270609531054463 0.22317195683126545 0.3907019203659672 0.21290423486609222 0.37371488035005546 0.22951378510387246 0.36986448461311544 0.23283569515142846 0.36306966860675083 0.22437992412128588 0.35582186486662853 0.22739984234633678 0.3533304323309615 0.2579010164193514 0.34630912245771805 0.2736045911896164 0.34585613472396043 0.27300060754460614 0.3433647021882934 0.266054795626989 0.3370228739156864 0.2739065830121215 0.3295485763086852 0.2835703213322845 0.33249299657810993 0.29685796152250876 0.3256981805717453 0.30259580615010556 0.3259246744386241 0.30380377344012593 0.32818961310741235 0.3201113318554011 0.3266041560392605 0.3297750701755641 0.3313605272437158 0.34306271036578834 0.337475861649444 0.3524244568634463 0.3347579352468981 0.36239018700611436 0.3347579352468981 0.36722205616619596 0.3363433923150499 0.3681280316337113 0.34585613472396043 0.3666180725211858 0.35536887713287085 0.37567782719633863 0.3589927790029321 0.3829256309364609 0.36442863180802376 0.3835296145814711 0.37167643554814606 0.38473758187149154 0.39183438970036105 0.3826236391139558 0.3963642670379376 0.3826236391139558 0.4045180462455752 0.3729599007937928 0.40995389905066687 0.37205392532627746 0.414936764122001 0.37990571271141 0.4190136537258197 0.3747718517288234 0.42195807399524443 0.3578603096685381 0.4251289881315479 0.3240372255479674 0.4289793838684879 0.2838723131547896 0.4305648409366396 0.25518309001680556 0.4328297796054279
0 0.481779323937185 0.33741581502060547 0.45517504510968476 0.3209631689035987 0.4351051505556059 0.29820950938007884 0.43370492535415844 0.2863075951677762 0.4353435966831011 0.2721645853555112 0.4387204995857854 0.2655163077658514 0.4393536688800388 0.2574433992641217 0.4427305717827231 0.2443051364083655 0.44997231178268715 0.2299987461375156 0.47192218065013525 0.21369463681049283 0.501681137480041 0.1996066200133566 0.5331285457612888 0.1918502961587535 0.5757619449076785 0.19121712686450024 0.5968675880494556 0.19359151171795014 0.6219833033881703 0.19865686607197663 0.638867817901592 0.20688806689726966 0.6578628967291913 0.218126821870266 0.6741142419483596 0.23395605422659885 0.6834007249307414 0.2518430867892548 0.6882550228533504 0.2643481803507578 0.6897324178732747 0.2846095977668638 0.6914208693246168 0.2994890761818166 0.6905766435989455 0.3070871077128563 0.6869886842648437 0.3159514778324027 0.6768579755567906 0.3192756166272326 0.6584960660234445 0.3211751245099925 0.6430889465299472 0.32070024753930254 0.6211390776624992 0.3203836628921759 0.5926464594211002 0.3192756166272326 0.5681639133766386 0.3188007396565426 0.5470582702348616 0.316584647126656 0.5303848121528578 0.31911732430366924 0.5180137742369327 0.31856959593964923 0.5141014026685943 0.3273409331408079 0.5076399448323666 0.34556529731314084 0.48887711013375096 0.3400690129935572
4 0.7652091164716341 0.7232473128782595 0.7113713307291911 0.7259194088617995 0.7030581432248434 0.7226535137708059 0.7002870807233941 0.716418623142545 0.6947449557204954 0.6953387548279488 0.6888069646459614 0.671883690083539 0.6860359021445122 0.6611953061493775 0.6915780271474107 0.6519914199838496 0.7224555807349883 0.6472410271242223 0.7600628575403712 0.6439751320332284 0.8139006432828143 0.6383340405124209 0.8277559557900606 0.6377402414049675 0.8348815450795015 0.6398185382810545 0.8420071343689425 0.6448658306944085 0.8451740629420272 0.6573356119509303 0.8515079200881971 0.6804937771416135 0.8598211075925449 0.7078085360844705 0.8594252415209093 0.713449627605278 0.8095461164948224 0.7196845182335389
15 0.5535220226279196 0.8090682027088251 0.5582828567804731 0.811952169551237 0.566705871050375 0.8129134918320411 0.5929069609987521 0.8121799955250046 0.6469241177296452 0.8123173272794051 0.6610235111814375 0.8116306685074022 0.6681647624102677 0.809433360436993 0.6725593785510859 0.8060000665769786 0.6749397956273626 0.8009187916641572 0.6745735776156278 0.7862242939432956 0.673474923580423 0.7513420283255495 0.6731087055686882 0.7222276963926274 0.6720100515334838 0.7168717579710049 0.6659674543398583 0.7104171655141779 0.6568120040464867 0.7061598811277601 0.6255003640431553 0.7067092081453623 0.600048212227582 0.7062972128821606 0.5685534632183833 0.706846539899763 0.5592149039191441 0.7091811797245726 0.5526229797079166 0.7145371181461951 0.5511581076609771 0.72044238358542 0.5515243256727119 0.7398061609559011 0.5524398707020491 0.7753750853456503
17 0.596418675100358 0.4686707051750247 0.5989251548696854 0.4690735322808095 0.5996412919466362 0.47122194351166163 0.596418675100358 0.4787413828196443 0.5949864009464565 0.48075551834856817 0.5912266812924651 0.48075551834856817 0.5881830987154245 0.4779357286080747 0.5858556532153347 0.4720275977232312 0.5933750925233172 0.4688049808769529
17 0.5514255492520591 0.4773501203549683 0.5557223717137635 0.4773501203549683 0.561093399790894 0.4765444661433987 0.5648531194448853 0.47721584465303996 0.5678967020219258 0.48043846149931824 0.5668224964064997 0.48352680264366815 0.5616305025986069 0.48648086808609003 0.5532158919444359 0.4837953540475247
17 0.6208281371841402 0.35911244691625305 0.6149770178861157 0.3540841412695132 0.6114419666435593 0.3495129543179316 0.6082726103571294 0.35051861544727964 0.6055908473455348 0.3572839721356204 0.6097353901816355 0.360118108045601
17 0.645207800925909 0.35755824335271524 0.6408194614523905 0.36075807421882244 0.6367968169349987 0.3569182771794938 0.6392347833091756 0.35152427657662755 0.6430136311891497 0.3513414290985642
17 0.652887395004566 0.3544498362256398 0.652887395004566 0.3562783110062725 0.6553253613787429 0.3568268534404623 0.6566662428845401 0.3562783110062725 0.6583728193464641 0.3551812261378929 0.656788141203249 0.35271278518403876 0.6552034630600341 0.35216424274984903 0.6539844798729456 0.35335275135726024
17 0.8206015771146556 0.4299016692631977 0.8245546959124781 0.42199543166755277 0.8331197866410934 0.4215012918178249 0.8380611851383716 0.423971991066464 0.8347669194735196 0.4274309700145587
17 0.8443202899015907 0.4672092279176476 0.8476145555664428 0.4605383399463221 0.857497352560999 0.45806764069768297 0.8723215480528335 0.46004420009659425 0.8759452402841706 0.4674562978425115 0.8644153104571884 0.4681975076171032 0.8617798979253066 0.4674562978425115
17 0.8467041637794126 0.6295525475898149 0.8431371381388318 0.6261638732312631 0.8445639483950642 0.6234886040008273 0.8578808441199 0.6199215783602464 0.8593076543761322 0.6218834424625659 0.8516979996762263 0.6249154142570598 0.8512223962574821 0.6290174937437278
17 0.8433365884699134 0.5945824135576748 0.837706401531355 0.5933348153156079 0.8389859894719365 0.58940008239832 0.8360429372085992 0.5853693803854885 0.8348913080620758 0.582298369328093 0.835019266856134 0.581050771086026 0.8414172065590413 0.5816265856592877 0.8424408769115064 0.5852734112899448 0.8450000527926691 0.5909355879270177
17 0.5883456413452001 0.6168541451111177 0.5892175379381221 0.6128371929508694 0.593950690871128 0.6126503579666719 0.5980610605234751 0.6124635229824742 0.5983101738357385 0.613491115395561 0.6000539670215828 0.6116227655535851 0.6067800264526962 0.6126503579666719 0.6127587459470194 0.6142384553323513 0.6101430561682529 0.6175080675558093 0.6020468735196904 0.6181619900005009 0.5980610605234751 0.6191895824135877 0.5923314543414154 0.6181619900005009
17 0.6008613091794714 0.5825514807281068 0.6027296590214475 0.5798423734572417 0.6006121958672079 0.5780674411073645 0.592765126530909 0.5802160434256369 0.5952562596535436 0.584326413077984 0.599242072649759 0.5864750153962563
17 0.6190465809747042 0.5544328156063686 0.6160572212275427 0.5526578832564913 0.615434437946884 0.5512566208750094 0.6197939209114945 0.5492948535409347 0.620541260848285 0.547239668714761 0.6263954236864763 0.5440634739834019 0.6291356701213744 0.5441568914755007 0.6341179363666436 0.546305493793773 0.6333705964298533 0.547706756175255 0.6295093400897697 0.5504158634461203 0.6225341673463927 0.5535920581774794
17 0.6586504654792457 0.591447430700919 0.6491222357903697 0.5928766651542504 0.6419760635237126 0.5912687763942527 0.6457873553992631 0.5844799127409286 0.6481694128214821 0.5832293325942636 0.6567448195414705 0.5884103074875898