8 0.42696048846255485 0.31105981978329067 0.39706641593242054 0.15476895336343982 0.398225733935143 0.13390122931443668 0.40384312728905736 0.1254798518828175 0.5801604707060182 0.12117275653986455 0.5821376485516571 0.12593916741774383 0.5867981391878057 0.13271806288850552 0.5900463599342123 0.1414035227104189 0.5918823107908769 0.1490297801150257 0.592588445735748 0.15877444235424562 0.5907524948790833 0.16703622120923636 0.5858095502649864 0.1779460061074934 0.5851034153201153 0.18874987076401983 0.5843972803752443 0.1994478151788155 0.5832674644634508 0.21417072877937599 0.580584151672941 0.23768502244358047 0.5766297959816633 0.25908091127317195 0.572957894268334 0.27867615599334233 0.5708394894337211 0.29212802669313503 0.5698509005109016 0.3097107868204231 0.57013335448885 0.3183962466423364 0.5603886922496302 0.3275053874311723 0.5424528646499065 0.33756781039558414 0.5205626813589054 0.3439230248994232 0.5005084489245688 0.3457236690088443 0.4853971611043292 0.3452999880419217 0.4691560573722962 0.3404276569223118 0.4551745854638503 0.33576716628616315 0.4417580215113011 0.3289882708154015 0.43088354336028767 0.3201968907517575
0 0.19805323188572427 0.3580278435153928 0.19716510080103494 0.3490355162829131 0.20116169068213702 0.342374533147743 0.1891719210388308 0.3363796483260899 0.19228037983524351 0.32605512446657625 0.1962769697163456 0.3203932888016817 0.24690044154363833 0.3057391259043075 0.30917397250239387 0.2925347192946687 0.33041327571286805 0.29087156521319585 0.3521726447277167 0.2973170925894431 0.36296090331491043 0.3006084257177394 0.37850330975408797 0.31487086927369057 0.3799661244777753 0.3248820075389255 0.37960042079685347 0.3357159790862345 0.3766747913494789 0.34545283959077816 0.37100638429519067 0.349429867120803 0.37027497693334693 0.35491542233463025 0.3653379772409023 0.36136094971087745 0.3525383484086385 0.36766933820677894 0.3461385339925066 0.3704121158136926 0.32639053522272804 0.37192064349749515 0.3117623879858551 0.37370344894198904 0.29859705547266946 0.37507483774544587 0.2927457965779202 0.37507483774544587 0.29036872265192837 0.3715092268564581 0.29000301897100655 0.3690407270102358 0.2856145747999447 0.36972642141196416 0.2836032045548746 0.37274347677956926 0.2762891309364381 0.37507483774544587 0.2576382432094251 0.3679436159674703 0.24045017020609938 0.3609495330698404 0.22253068984092997 0.3586181721039638
15 0.18904704444029147 0.3995054944663617 0.19740271491279052 0.3658216978740999 0.17964691515873 0.35602989653913997 0.19550791864870182 0.35849590048145763 0.1978377051668591 0.3595151820831515 0.22235105768901653 0.35976130917885774 0.24014797479774164 0.3615344852871448 0.2573420272837159 0.368556483821493 0.2761986090176978 0.37551285620131464 0.2830700867691846 0.37724217337989235 0.2961847137491409 0.3760207505396755 0.30971169114497565 0.3746830426365768 0.3246171178185831 0.3728191925935677 0.33971835370245124 0.37183820679796215 0.3511334611422256 0.370099186523934 0.3653428917573614 0.3687168883573988 0.37907669289583995 0.3674237707177368 0.3940590214105438 0.36559556991683545 0.4012529172449849 0.36492671596528614 0.4072577393877828 0.3661306530780749 0.4136192836380738 0.3691182007283283 0.4168297826055103 0.37250706074951134 0.4191484763042144 0.3806224886949759 0.4221211605333222 0.3888270971673138 0.4244398542320264 0.3969871153762149 0.42675854793073065 0.4040769672626373 0.4284232510990311 0.4102750138803273 0.43139593532813897 0.41986192051920024 0.43371462902684305 0.42762062635717185 0.4360927764101295 0.43560228351232666 0.43615223009471166 0.43858983116258005 0.4343091658726647 0.4402396709097349 0.43139593532813897 0.44175573986658 0.42461821528577287 0.4431826282965518 0.4126680246847592 0.4447432875168334 0.3972695203779802 0.44679443963491783 0.38514096872322 0.44831050859176286 0.37087208442350206 0.4496036262314248 0.3567815611775307 0.45103051466139665 0.34465300952277034 0.45236822256449505 0.3342486147208926 0.45388429152134013 0.32556837677189754 0.45473150652663585 0.3158179725004237 0.45602462416629774 0.3064242903364427 0.45731774180595985 0.2973873302799547 0.45927971339717105 0.29013398076093144 0.45927971339717105 0.2831184459802367 0.45776364444032597 0.27903746090014114 0.45557596499191144 0.2719072464016053 0.45047137961227773 0.2722313470606296 0.44390834126703443 0.2638047299259963 0.43977605786447393 0.2528386349192554 0.4354972080275388 0.24638294977535 0.4351475616489615 0.24046346942696706 0.4314636311645173 0.2277829607638932 0.4320929946459566 0.2123985201064874 0.426918228243011 0.19981125047770082 0.41782742239999854 0.19365747421473853 0.4086666872812705
4 0.24511791960786813 0.5388851823806324 0.23355492472042175 0.4831068718156214 0.23644567344228334 0.47699688019895936 0.2438315123181753 0.47198642714165556 0.26206132658099546 0.4700464776813428 0.28612205074093444 0.46786970911999354 0.3146097947973059 0.4652767712507849 0.3259495764119781 0.4642395961031015 0.36396288646159597 0.4612433576639319 0.38372775991331287 0.46167211673285996 0.3916273471408268 0.46429805415800873 0.39380824724423635 0.47598144756913124 0.4000393903968351 0.5346320824929662 0.39754693313579553 0.5388381041209703 0.3931851329289764 0.5400064434620827 0.3654565458999124 0.5423431221443071 0.3000295427976263 0.5477174831134235 0.2638889125125539 0.5505214975320929 0.25267285483787627 0.5472501473769786
12 0.6171363689229087 0.36489412289489437 0.622034276612773 0.34122090239388336 0.6296532441303399 0.31264977420300794 0.6465238150620948 0.29836421010757025 0.673734413339119 0.29183366652108444 0.6993123757195218 0.29020103062446295 0.7216250663066817 0.29713973318510417 0.7296923315239309 0.3003762610877217 0.7394192361753931 0.3076666104378693 0.7466588167215437 0.31387425112547407 0.7515183617410893 0.3226640550711839 0.7552013831760672 0.33621855729358513 0.7501391066756117 0.3524762602139673 0.7346823699314139 0.36490431205558566 0.7132378883223468 0.3735726171215883 0.694996153966582 0.37660130202416775 0.6780076685360225 0.37587024015113135 0.6654751792839702 0.37513917827809495 0.6469549451670485 0.3733637423007209 0.6308019590199593 0.37169274373378053 0.6225862160658361 0.37023061998770784 0.6185479695290639 0.3674108099059961
2 0.7471316394470966 0.3582290862683574 0.7395038214180332 0.36859365171161484 0.7568855511705085 0.3714771305697381 0.7810139710180696 0.3720516167565848 0.7886737868426918 0.37140531979638225 0.7925994424528109 0.3683892673154372 0.807823326404248 0.368461078088793 0.822664219564454 0.3567559220317918 0.824387678124994 0.34296825354747135 0.8234302011469165 0.327385315729255 0.823142958053493 0.31560834889889794 0.8228557149600697 0.3017488696412216 0.8223769764710308 0.2996663572139024 0.8168236099981795 0.2921980367848955 0.7952924051068478 0.2917379440307162 0.7941177636648726 0.29287957647284446 0.792522775450384 0.2930176042990983 0.7920933555464833 0.2905791127019474 0.7906210587331092 0.28694437994393013 0.7811761508960722 0.2847514055616336 0.7706246904002243 0.2860856745487539 0.7527011623493661 0.288549183598109 0.7352108227396851 0.2913479030904232 0.7392191214537278 0.30624343141949895 0.7463545733758454 0.31279380381226407 0.7485159524695587 0.3146213466683298 0.7528181373211895 0.32078567123186047 0.7557076644603447 0.3271907897236541 0.7568523675022337 0.33615647029995854 0.7543178927290523 0.347526235775644 0.7507704138367015 0.3535231643793798
6 0.20557681763283683 0.6056306645296197 0.21029304365856652 0.6020971879294765 0.21623377178681097 0.5961627982003849 0.21778330029080434 0.592843584138559 0.22874234633989737 0.5829959507784069 0.23225751205375741 0.5842365975009457 0.23742687339766924 0.5837713549799937 0.24471756602078543 0.5923312695921357 0.2495767656840626 0.6000077711878447 0.2526783824904097 0.6041949538764132 0.26260355627072035 0.6095452428673619 0.2757337340842564 0.6137324255559304 0.2810064826550464 0.6141201276567239 0.2822471293775852 0.6179971486646578 0.2912418181159918 0.6184623911856098 0.30778377441650967 0.6259838119410015 0.3214308883644368 0.6358314453011534 0.32856460701903517 0.6385453600067073 0.327220573069618 0.6452138361403535 0.3321831599597733 0.646532023283051 0.34004058920251945 0.6523475547949518 0.3436591421432576 0.6525026356352691 0.346864146176483 0.6600240563906609 0.3604078728975319 0.6587058692479634 0.3552385115536201 0.6636684561381184 0.3513831282578909 0.6637172751407793 0.3509033683084113 0.6668615130017335 0.34364989406916197 0.6729888234995246 0.33441681181516 0.6783357539747343 0.33131407537616747 0.6784084743600232 0.3285991809920491 0.6834261809449564 0.3193879321887901 0.6838625032566896 0.31832136653788634 0.682335375165623 0.3117280516050273 0.6827716974773564 0.3052316971858868 0.6816081713127342 0.29844446122559076 0.6794265597540676 0.2889423308811762 0.6746997347102901 0.2806037267013839 0.66946386696949 0.2678049388905399 0.6625554303670459 0.2552970326208513 0.6565923587733573 0.23813502169267406 0.6487385571621577 0.22601495747785966 0.6427754855684689 0.21457361685907478 0.6370305751306468 0.20759245987134173 0.6339035985632246 0.206331973193001 0.6313583850781136 0.20032042134245306 0.627286043501936 0.19731464541717902 0.624013626163936 0.19576327719768277 0.619577682661314 0.19392102743703102 0.6134691702970475 0.1988660136366753 0.6093241083355809 0.20061130288360857 0.6093241083355809 0.20051434236989008 0.6064880133093143
9 0.41302448013903664 0.6908396569660821 0.4177582850689969 0.6893603429254693 0.4505004358345557 0.6917272453904496 0.4579956269736595 0.6902479313498369 0.47456394422852066 0.6935024222391847 0.5017833225757924 0.692023108198572 0.5483324043870687 0.6967569131285323 0.5617448516886228 0.7023783064828603 0.5775242014551571 0.6976445015528999 0.5858083600825876 0.6967569131285323 0.6007987423607954 0.698236227169145 0.6236787995222702 0.6929106966229397 0.6426140192421115 0.6967569131285323 0.6532650803345221 0.6958693247041647 0.677328588728487 0.7085914254534331 0.6544485315670123 0.7192424865458438 0.6351188281030077 0.7254556055164165 0.6284126044522305 0.7290059592138869 0.6323574418938641 0.7426156483875228 0.6414305680096213 0.769539163926672 0.647517994776542 0.7922277806195275 0.6532162634448417 0.8148905470205602 0.6438529035432842 0.8168397572047076 0.6244898151876744 0.809386324083906 0.5981290679354004 0.8011253856844259 0.5768424551307472 0.7991761755002788 0.5445412577934537 0.7998259122283278 0.5134776542238727 0.8000115512934847 0.4968938977365266 0.8011253856844259 0.4819190131472065 0.8069730162368668 0.4674391660649715 0.8145842179082982 0.4545681908807626 0.821916960981994 0.4449149594926059 0.8181113601462784 0.4371181187560179 0.810036060811955 0.4288262405123448 0.8005684684889551 0.4254847373395213 0.7938854621433084 0.42288579042732527 0.783675313559681 0.4209056403989855 0.7665037000326715 0.4181829341100183 0.751281296689809 0.41546022782105096 0.7323461120438094 0.41149992776437133 0.7207436704715058 0.41100489025728637 0.7082130335734179 0.409767296489574 0.6976316068594768 0.409272258982489 0.6928049911653986
16 0.781183372145672 0.5225650971760689 0.7798124136536664 0.5162088350767708 0.7740793145052798 0.5134046017976686 0.772209825652545 0.5112546896170237 0.7749517426365561 0.5102264707480195 0.780061678834031 0.5103199451906563 0.7852962476216884 0.5130307040271217 0.7896583882780697 0.5215368783070649 0.7893223426889249 0.5242348931272471 0.7864998699837448 0.5244997391291044 0.7839172522459223 0.524232571776916
3 0.7207462553288252 0.47711864137916904 0.6979693101415152 0.4639078839213207 0.7013066959125683 0.44652466143092284 0.7068142883989195 0.4391865730966732 0.7246840104697962 0.43318881693617767 0.7371797209607338 0.4341365253161084 0.763221148637493 0.451319790709202 0.7569030927712886 0.46121807823292216 0.7501638331806706 0.4572166428509927 0.7458113946950631 0.4574272447131996 0.7438457773144662 0.4592173605419574 0.739072135104445 0.4580590502998199 0.7359833077920784 0.4598491661285779 0.7417397586923982 0.46363999964830055 0.7445477835218223 0.472801180654297 0.7473558083512464 0.472801180654297 0.7491810244903722 0.4714322685499526 0.7491810244903722 0.46943155085898797 0.7510062406294977 0.4680626387546436 0.7554990803565765 0.4718534722743663 0.7580263027030584 0.47311708344760717 0.7549374753906918 0.4752231020696754
16 0.720210056435544 0.48260758792279806 0.7218955754180341 0.4788941789144996 0.7451768063636787 0.48047435296058405 0.7407523190346421 0.47763003967763196 0.7488638791378758 0.47707697876150235 0.7487585342014702 0.4788941789144996 0.7485478443286588 0.48079038776980093 0.7460195658549238 0.48110642257901787 0.7459142209185181 0.4841087532665783 0.7494238775896619 0.48693063230092987 0.7550071592191603 0.48708864970553833 0.7495292225260674 0.48874783245392694 0.7458421497518704 0.49048602390461987 0.7327793776375721 0.48930089337005656 0.7248785074071498 0.4871676584078425 0.7252998871527723 0.4855084756594538
16 0.7569174603541895 0.4616662610718255 0.7612623836415051 0.4554035100942777 0.7679224436342246 0.45251164193954435 0.7709019441572833 0.45330033325447167 0.767659546529249 0.45849255107774306 0.7687987673174771 0.46177876488994024 0.7617881778514567 0.46618229139828427 0.762226339693083 0.4696656780392133 0.7568807652252423 0.4720317519839952 0.7509668791900158 0.4679123290158796 0.7491099686651562 0.4693668397055834 0.74894192947065 0.47136024461933523 0.7472582278103665 0.4726702353469405 0.7446286298390344 0.4726702353469405 0.7419707566206989 0.4635726746235417 0.7362308814789739 0.459861548454323 0.7391149566733382 0.45827106581037214 0.7438934734169416 0.45952224549028015 0.7460706674362165 0.45763487275279174 0.7500857525107236 0.4573803955297597
16 0.6427117759393378 0.5028147836379482 0.6399035392253587 0.4972685161278396 0.642524560158406 0.4891948355751499 0.6474857783531022 0.48715886395751506 0.6515109176431387 0.48765030538246135 0.6522597807668666 0.49214348412482795 0.6487026809291598 0.49754933979923754 0.6484218572577618 0.500427782431066 0.6437414627344634 0.5025339599665504
16 0.650949270300343 0.512222376629778 0.6531958596715262 0.5012000475274103 0.6602164514564738 0.5037274605699914 0.6611525303611336 0.5072377564624652 0.6594675883327461 0.5080802274766589 0.6588123330994843 0.5110990819441864 0.6520725649859345 0.512222376629778
16 0.6949921475836577 0.5069241181270271 0.6962598835370636 0.5027247427813702 0.7047114565597693 0.5030416767697216 0.708409019757203 0.5070825851212027 0.7019646953273899 0.5088257220571358
16 0.676020197153674 0.5192963399138748 0.6817250089440003 0.5183455379488203 0.6808798516417298 0.5146215635856907 0.6808798516417298 0.5100260207545944 0.6853169274786504 0.5066189803798162 0.6905991606178413 0.5080451833273977 0.689120135338868 0.511452223702176 0.6942967238152753 0.5094713862749793 0.6957757490942487 0.5096298532691551 0.6964096170709516 0.5135915281235484 0.697360419036006 0.5146215635856907 0.7026426521751971 0.5135915281235484 0.7196514428833924 0.5074905488477827 0.7220812701274203 0.5081244168244856 0.721658691476285 0.5105014217371215 0.7229264274296908 0.5112145232109124 0.7244054527086644 0.5125614926614062 0.7273635032666114 0.512640726158494 0.7328570257313701 0.5153346650594813 0.729370751859504 0.5170778019954144 0.7250393206853673 0.5185832384400839 0.7184893515927704 0.5206433093643684 0.7166933923254455 0.52206951231195 0.7111998698606867 0.5224656797973893 0.6993676676288988 0.529834395026561 0.6958813937570325 0.5305474965003518 0.6890144906760841 0.5391839476829292 0.6827814555718387 0.5385500797062263 0.6825701662462711 0.5376785112382597 0.6864790187692723 0.5306267299974397 0.680245983665027 0.5236541822537074 0.676654065130377 0.5201679083818413
3 0.5361269268918976 0.5654126654443912 0.5371975312523994 0.5477476934961109 0.5348422016592953 0.5254255925796476 0.54340703654331 0.526228545850024 0.5447484104123967 0.523642529773827 0.5500846544882058 0.5216387728056419 0.5541130801483284 0.5201261009951637 0.5547421727086136 0.5200327478928545 0.5713866284488364 0.5175628226740925 0.5720347145606111 0.5176225930510969 0.5852748637260753 0.5188436787877723 0.5939329170806416 0.5223143820599762 0.604222158406862 0.5268836175173437 0.6077421620184638 0.5260713089915895 0.612209858910112 0.5294220816603257 0.6136990912073281 0.5361236269977981 0.615052938750252 0.5449574822153755 0.6168129405560528 0.5437390194267442 0.6210098679391164 0.5373420897864295 0.6252067953221799 0.5264774632544666 0.6294037227052435 0.5242436148086425 0.6326529568082604 0.5167297609454158 0.6640577609956771 0.510843868240008 0.6859079588331205 0.5305121775270274 0.6819789333598477 0.537430344430435 0.6823756633967062 0.5390371010797121 0.6760279828069694 0.5470113748205689 0.6535730627207755 0.547546960370328 0.6472253821310389 0.5482015649311446 0.6442102338509137 0.5523672303181595 0.6407983555339303 0.5556402531222424 0.6319116027082987 0.557961123837865 0.623104195890039 0.5611151276308904 0.6199303555951705 0.5623648272469949 0.6332604848336177 0.5678992112611716 0.6350854430031672 0.5697440059325639 0.635164789010539 0.5742667283527514 0.635164789010539 0.5786109222563526 0.6344506749441935 0.5826575686323098 0.6328637547967593 0.5880134241299001 0.6297692605092625 0.5931907511109042 0.6307214125977232 0.5971778879813326 0.6215966217499764 0.6007484583130596 0.612392484894858 0.6032478575452684 0.6079491084820423 0.6009864963351748 0.6003318917743582 0.5986061161140234 0.5994590856932693 0.5964042644094584 0.5939842111846213 0.5927741845722028 0.5931907511109044 0.5912269374284544 0.5908897168971247 0.5893226332515333 0.5888267207054602 0.5900367473178788 0.5778769716881642 0.5856330439087488 0.5715292910984274 0.5852164773700473 0.5649435724865755 0.5810508119830325 0.5670859146856116 0.577361222640248 0.5674032987150985 0.5733145762642908 0.5735129412827201 0.5693274393938624 0.5795432378429701 0.5693869488993912 0.5907310248823812 0.5649832454902614 0.5933494431256475 0.5615316941695919 0.5918418689855851 0.558496709387624 0.5859803717213801 0.5566027508051001 0.5664607930523692 0.5601398556645852 0.5613516415886685 0.5653472600410496 0.5507403270102127 0.5666245479069749 0.5427490901054498 0.5678035828601367
1 0.6003867816173899 0.41796170887825496 0.6091013768727993 0.41684581558335493 0.6105892345993326 0.4209905621072692 0.6101641323917517 0.4284829885158834 0.6131398478448183 0.44346784133311185 0.6135649500523993 0.44936613446329754 0.6205791364774849 0.44761258785702607 0.6224920964115992 0.4500037877746689 0.6254678118646658 0.4530326410036832 0.6267431184874087 0.4576556275111259 0.63184434497838 0.45574266757701165 0.632489443900665 0.4624630906984063 0.6356644835321703 0.462619416262777 0.6375304045257675 0.46516385398131843 0.6386047226735961 0.46558792693440876 0.6422160801598761 0.4714843092457411 0.6458913790866583 0.474749670984536 0.6417071926161678 0.4768276284546783 0.6397847285621586 0.47831188379049416 0.6400674438642189 0.48140761634805296 0.6408590467099873 0.48547871669771936 0.6389931257163902 0.4879383398256429 0.6393323840788626 0.49133092345036483 0.6365052310582607 0.4924335131283995 0.6338987722462207 0.4954553604127397 0.629397360734294 0.4962806191899263 0.6310978939721329 0.49830625437029336 0.6398006228951914 0.4986063484710884 0.6425827544658729 0.5035296272292625 0.6436311828537478 0.5031882154986472 0.6436584252921606 0.5096141548460921 0.6414227239191416 0.5106621398646948 0.6388516673401697 0.5107459786661829 0.6390193449431462 0.515147515744314 0.6334300915105987 0.5157763067554756 0.6282445241702821 0.52134281780285 0.6212503222683758 0.5174728022646031 0.6167161173346819 0.5158342640655645 0.6127422050842547 0.5155274546638772 0.6105890915852301 0.5168567714371989 0.6103692892146562 0.5186701409944344 0.6145455342555625 0.5196592516620175 0.6114683010675261 0.5228738613316627 0.6045793901663545 0.5255486634323056 0.5993182341829114 0.524188019643484 0.5953270124023684 0.5219429573919285 0.5952596252851264 0.5215813995898342 0.5941477877853898 0.5156159637739086 0.5998624916984401 0.5181331547832284 0.6005881683858115 0.519561830761491 0.6018171523970071 0.5199114555232982 0.6058493243692546 0.5210585389291946 0.6078449352595262 0.519629862950932 0.6043072614085903 0.5173848006993765 0.6005881683858115 0.5156159637739086 0.5955084315742113 0.5133709015223531 0.5920614673091967 0.5130987727645888 0.5912450810359038 0.5098332276714173 0.5887052126301037 0.5094930667242119 0.5821741224437604 0.5134389337117943 0.5772758048040031 0.5104455173763869 0.5672977503526454 0.5057512963049527 0.5691119420710741 0.4990161095502863 0.5621273039551237 0.4982677554664345 0.5605852409944593 0.4952063069415861 0.563850786087631 0.4930973090689128 0.5607666601663022 0.48955963521797685 0.5601316930648521 0.4850695107148659 0.5536006028785089 0.48343673816828014 0.5575011150731306 0.4803072574539907 0.5594060163774806 0.4723474912893849 0.5606098378480587 0.4702571971260353 0.5673226359623559 0.4706068220278216 0.5703993350980753 0.46599177332424235 0.5755271669909412 0.4658519233635278 0.5756204002980841 0.46711057300995845 0.5797226658123769 0.4665511731671004 0.5825196650266674 0.4646631986974544 0.5821467317980953 0.4638240989331672 0.5834540361009919 0.45968682086863843 0.5808435035009873 0.4554913220472028 0.5830811028724197 0.4517153731079107 0.5880224681509996 0.4519950730293397 0.5901668342152889 0.4506664984025518 0.5938961665010095 0.4501070985596937 0.596506699101014 0.45087627334362357 0.596599932408157 0.44521234993468534 0.5970660989438721 0.4363318774293131 0.5983713652438742 0.42864012959001435 0.5991172317010184 0.42199725645607444
16 0.6348213995082322 0.42712381790546744 0.6365880934860897 0.42511174976401883 0.6424116403019895 0.42594602192022923 0.6428696720740266 0.42717289273818565 0.6409066787652962 0.42854698805429686 0.645094397823921 0.4310988793556462 0.6447672322724658 0.4322766753408845 0.6456832958165399 0.4341415189841783 0.646403060029741 0.4369878592818372 0.645748728926831 0.4403249479066787 0.6422153409711163 0.4400304989103692 0.639990615221222 0.43762583210717454 0.6369152590375446 0.4376749069398928 0.6310262791113537 0.4338470699878687 0.628092425683408 0.4337233715639617 0.6257368337129314 0.4349011675491999 0.6191935226838304 0.43382152122939827 0.6154638353972429 0.43387059606211653 0.6130428103164755 0.43382152122939827 0.6117341481106553 0.43362522189852526 0.6107526514562902 0.4272945684778699 0.615791000948698 0.42822699029951683 0.6174922618162643 0.42611677249263175 0.6205021848896506 0.42606769765991354 0.6229886430807091 0.42449730301292926 0.6238392735144922 0.4224852348714807 0.629073922337773 0.4224852348714807
16 0.5620645191903476 0.4621718425952593 0.5585158178727457 0.457462988923826 0.5591065005647747 0.45009260926419126 0.5642653362522034 0.44889522584746727 0.5688889448011206 0.45009260926419126 0.5697078758744133 0.4571558897713412 0.5676605481911814 0.46063634683283533 0.5650672664590878 0.4630931400527136
16 0.5499228757065672 0.4590447115882105 0.5519502665701451 0.45351546377845253 0.5512130335288441 0.4470185976019868 0.5495542591859167 0.44356281772088807 0.5403388461696532 0.44577451684479125 0.5416290039919301 0.4513037646545493 0.5419976205125807 0.45337723258320856
16 0.5641857981348607 0.43852956930325915 0.5566115847291682 0.42926309096260423 0.556504264901991 0.42813623277724544 0.5590799407542401 0.4255605569249965 0.5587579812727089 0.4206506748316469 0.5654118105576854 0.4189603875536085 0.572387599324193 0.4279752530364798 0.5753925544851501 0.4316777870740877 0.5768950320656286 0.4319192566852361 0.585695257894146 0.42869966186992486 0.5981002575445966 0.4273385886077508 0.5966982592141222 0.43652792254406014 0.5962213478939805 0.4448122420199073 0.5877411024933159 0.4440610391792973 0.5805295552234592 0.4422080721724591 0.5830001778992434 0.4389528598631488 0.5806631023951233 0.43624852963695254 0.5831337250709074 0.4347461239557325 0.5742528381552507 0.4332937984638862 0.5755883098718908 0.4347461239557325 0.5759221778010508 0.4362485296369525 0.5745199324985787 0.4369496522881886 0.5714483475503065 0.43699973247756263 0.5713815739644744 0.4376507749394247 0.5761892721443789 0.4382517372119128 0.5756550834577228 0.4404552655443689
16 0.5519760820356795 0.48287425654674926 0.5464875752125101 0.47750009361572926 0.5464875752125101 0.4741841207433979 0.5497654334541252 0.47246896236115743 0.547402326349705 0.46898147365060194 0.5522809990814112 0.46417903018032886 0.5599801544861347 0.4628069034745365 0.566307183185066 0.4665802519154654 0.567145705060828 0.47029642841031966 0.5605137593161651 0.47001056867994623 0.558989174087507 0.4725833062533069 0.557388359597416 0.48001565924301526 0.5532120409193365 0.48336702167573875 0.5599203786150165 0.48530642254038175 0.5605310573731627 0.4895874822190612 0.5636794689426269 0.4930867709815078 0.5604551920341394 0.4951778093883357 0.5620673304883832 0.498421052631579 0.5689710763394974 0.4991038406827882 0.5670744428639166 0.5057752489331436 0.5768878575385108 0.5107034411134094 0.5818735994165471 0.5149532464731674 0.5828054494764019 0.5144043405137627 0.5825588871245764 0.5137926762178879 0.5868183973447132 0.5110953058321479 0.5896443812233286 0.510896159317212 0.5897202465623519 0.5138549075391181 0.5950877192982456 0.5135846372688478 0.6028070175438596 0.5168990042674254 0.6031104788999526 0.5183499288762446 0.6052157420578473 0.5184352773826457 0.6061071597913704 0.5192745376955903 0.606733048838312 0.5195874822190611 0.606638217164533 0.5201706970128023 0.6059174964438123 0.5206685633001423 0.6019155998103367 0.5197866287339973 0.6007396870554766 0.5194452347083927 0.6000189663347558 0.518022759601707 0.5940066382171645 0.515448079658606 0.5949570887432173 0.521667687893953 0.5877316982393892 0.5194218648553237 0.5853101243086796 0.5184497139023094 0.571597212590217 0.5173136151116811 0.5539378524411503 0.5198249913857017 0.5495130466250185 0.5215291395716445 0.5510278450125232 0.517552793804445 0.5463239973881668 0.5163867976772211 0.5401204124415038 0.5080664276979299 0.5384756142017602 0.5067740862238457 0.5410602971499286 0.5048943168069958 0.5442715699037136 0.5051880307783786 0.5465429579490738 0.5023096338588273 0.5400420887158016 0.4984326094365747 0.5412952683270348 0.4944380994257689 0.5376140532190373 0.49091353176917557 0.5385539379274622 0.48721273572975254 0.541451915778439 0.4847455383701373 0.5463863104976696 0.4864490794041573 0.5474828426574986 0.4843930816044779 0.5522605899253253 0.4843930816044779
16 0.7378521587526476 0.5645433467100285 0.7386352534981928 0.560664104232496 0.7338924579126185 0.5588196837269949 0.7337695928726106 0.5529133811974941 0.7361760261575246 0.546040484510308 0.7426754127007194 0.546303973153951 0.7542689130210124 0.5402437343501614 0.760592640468445 0.5406389673156259 0.7667407088201156 0.5376088479137311 0.7720104816929764 0.5423516434993056 0.7672676861074017 0.546040484510308 0.7526879811591543 0.5547356097505279 0.7607682995642071 0.5607958485543175 0.7604169813726831 0.5642212009216768 0.7560255039786327 0.5665925987144641 0.7537419357337264 0.5665925987144641 0.7526879811591543 0.5630355020252833 0.7458372764244358 0.5680417862545009 0.7424997536049572 0.5685687635417868
16 0.7693768185953986 0.5580165979920862 0.7862322581938009 0.5503772428291194 0.7901642833769624 0.5547946002864559 0.7804164987353271 0.5610088129954985 0.7741779165646805 0.561155029765123 0.7703762805544427 0.5603508375321881
16 0.7980322133110209 0.6727349036497455 0.7915954442394593 0.6701142190991812 0.8004230132518866 0.6641831961689567 0.8059402438846536 0.662803888510765 0.8074115053867247 0.6652866422955102
16 0.7641364426382283 0.6670331835015291 0.7643203503259872 0.6619297451662197 0.7595387504442557 0.6601366452105705 0.7525502583094178 0.6659297373749757 0.7477686584276863 0.6611021605713048 0.7404123509173303 0.662067675932039 0.7422514277949194 0.6638607758876881 0.7461134892378561 0.6649642220142415 0.7496077353052751 0.6659297373749757
16 0.546671876384536 0.5995775785650784 0.5348271528073663 0.5869725440938881 0.5345652457777917 0.5682756664041232 0.5393667300213049 0.567775511795424 0.54963657131993 0.5694760374650015 0.5513704406300876 0.5671753262649848 0.5565568147008064 0.5662004844065847 0.5611989187884258 0.568660799573023 0.559589656038051 0.5659219581613275 0.5619421734866106 0.565640383076414 0.5666461722953982 0.560394805457404 0.5860192200210628 0.5567275432281847 0.5915792938001448 0.5586378820703432 0.5930651384356443 0.5614739336577386 0.5905652741920145 0.5648918896368607 0.5794154372115774 0.5693385508135828 0.5734423102577717 0.5692058146590537 0.5672037109949077 0.5732210833335564 0.5669382386858497 0.5773524961432721 0.564792337520964 0.5810193324121361 0.5695665541847325 0.5847373771803142 0.5650838854274932 0.5838341528784824 0.5623407597700782 0.5865438257839778 0.5627421927931145 0.5893036778173526 0.5581257130281966 0.5889524239221958 0.5573897524859633 0.5895043943288708 0.5568545084552482 0.5914112011882934 0.5549142488439059 0.5933681871755956 0.5513682571404183 0.5928663958968001 0.552706367217206 0.596930905255043 0.5501269506116412 0.5989407868357939
1 0.5507995406535835 0.6265439238214551 0.5490073065928593 0.6237764337300524 0.5453827812454409 0.6236010534713063 0.5440966593479698 0.6211457298488615 0.5462012224529225 0.6186904062264167 0.5454997014179382 0.613955139240273 0.5430443777954934 0.6115875057472013 0.5429274576229961 0.6098337031597407 0.547604264522891 0.6088691117366374 0.547604264522891 0.6049230559148511 0.5462012224529225 0.6027308026805254 0.5480719452128805 0.6010646902224378 0.5467858233154094 0.6001000987993345 0.5503915871540499 0.599203242910313 0.553272638345112 0.5968762400252244 0.5522753513943597 0.5937181646811757 0.5555442363996033 0.5938428255500197 0.5577050247928999 0.5915573762878791 0.5581482634376786 0.5893965878945826 0.5631346981914398 0.5895212487634266 0.5635225320056214 0.587526674861922 0.5629130788690506 0.5865709415341178 0.5647968431093604 0.5847841357473533 0.5697278730325244 0.5855736545833655 0.5774845493161529 0.5861138516816897 0.5841885338184319 0.5893134806486865 0.5888979444192065 0.5911418400583989 0.5916681859490739 0.5928039849763194 0.5939397840035652 0.5932195212057995 0.5992032429103131 0.5964607037957443 0.5992586477409105 0.5988292603037809 0.609563946232017 0.602984622598582 0.6143287616633889 0.6053947327295666 0.6165449548872829 0.6026937472379459 0.6208111268432787 0.6026937472379459 0.624855679476885 0.6006991733364414 0.6312826398261773 0.5998265472545331 0.6368785277165094 0.603275497959218 0.6489013759561338 0.6059349298278907 0.6584310068188777 0.6059764834508388 0.6759943381182368 0.6058518225819948 0.678265936172728 0.6041896776640743 0.6776010782055599 0.603150837090374 0.677157839560781 0.6023613182543618 0.6826429177899185 0.6004082979758053 0.6766545513696901 0.5967868734385601 0.6775895875991277 0.5951505600370443 0.6839270553764272 0.5967089537527737 0.6808102679449685 0.5933584072639555 0.6807063750305864 0.5902416198324968 0.6859010207496843 0.5893065836030592 0.6941085609858589 0.5895403426604185 0.7004460287631583 0.5901637001467103 0.7024199941364158 0.590787057633002 0.7055367815678744 0.5918779332340126 0.7080302115130415 0.5886832261167674 0.7122898210027018 0.5882936276878351 0.7164455375779801 0.5907091379472156 0.7218479691258417 0.595618078151763 0.7239258274134809 0.5981894277827166 0.7254842211292103 0.6003711789847377 0.7282893298175231 0.6027866892441182 0.728393222731905 0.605903476675577 0.7293282589613426 0.6075397900770927 0.7296399377044885 0.6110461759374838 0.7330684038790932 0.612916248396359 0.7296399377044885 0.61642263425675 0.7290165802181968 0.6200069398029276 0.7318216889065097 0.6254613178079804 0.7316139030777458 0.632552009214549 0.7243413990710087 0.6341104029302783 0.7218479691258417 0.6357467163317942 0.7188350746087651 0.636370073818086 0.7172766808930355 0.6385518250201071 0.7121859280883197 0.64135693370842 0.7094847123143889 0.6418244518231387 0.7042900665952909 0.6422140502520712 0.7004460287631585 0.6433049258530816 0.696601990931026 0.6415906927657794 0.6882905577804695 0.6368375919328049 0.6841348412051912 0.6341104029302784 0.6814336254312602 0.6319286517282573 0.6720832631368839 0.6329416076434814 0.6667847245034042 0.633720804501346 0.6644990803870011 0.6306040170698873 0.654940932263861 0.6304481776983144 0.649954072373527 0.6270197115237098 0.6346818139593792 0.6282664264962934 0.6306750952833408 0.6320548437683458 0.6242712374331922 0.6351955786362702 0.6197328489637092 0.634921563079678 0.6154325422416426 0.6338992103758989 0.613279873596696 0.6328636879576949 0.6124516568848459 0.6314269065664816 0.6109418258350644 0.6277457501511721 0.6065938708231248 0.6272650623220284 0.6024750105009724 0.6267859524663504 0.5968647931243467 0.6269417918379234 0.593436326949742 0.6279547477531475 0.5894883962032277 0.6295910611546632 0.5881377883162622 0.6319286517282573 0.5865793946005329 0.6334870454439867 0.5818003205389628 0.6306040170698873 0.581280855967053 0.6283443461820797 0.5786835331075041 0.6285001855536527 0.5765017819054831 0.6299027398978091 0.5699565282994197 0.6316948926708978 0.5637229534365022 0.6320065714140437 0.5624762384639187 0.6292793824115174 0.5594633439468419 0.6281105871247203 0.5535414478270704 0.6279547477531474
16 0.5443861795170638 0.6077735988076169 0.5450314432430083 0.6043859642464082 0.5466446025578696 0.6049304055151739 0.5467252605236128 0.6079550792305388
16 0.5674715520372835 0.6378543876887778 0.5567909369548945 0.632529786934469 0.5524558637743954 0.6329067498197299 0.5517647651514171 0.6283360748359428 0.5589898871189157 0.6285245562785732 0.5620684173485455 0.6295612042130404 0.563073651709241 0.6321999444098659 0.5706757365620002 0.6323413054918388 0.570361600824283 0.6359695732624738
16 0.5686485124159039 0.6414494696318941 0.5716642154979903 0.6430515618942525 0.5844181264493136 0.6511562639273595 0.585674669400183 0.6525227543864299 0.5832872377935312 0.6532766801569514 0.5785752017277713 0.6534651615995819 0.5763134244162066 0.6532766801569514 0.5731720670390333 0.6503080974355229 0.5702191911044905 0.6492243291403981 0.5683343766781865 0.6483761626485612 0.5623513041309028 0.6455113478326863
3 0.5666363323091331 0.6485721056875197 0.5587073163336322 0.6488770678404235 0.5545395002439458 0.6512405245254287 0.5512865706129711 0.6535277406722078 0.5497617598484517 0.6597032242685114 0.5554543867026576 0.6661074294794931 0.5660264080033254 0.666259910555945 0.5701942240930118 0.6670985564764306 0.5714140727046273 0.668394645626272 0.5731421915710827 0.6690045699320799 0.5809695534956156 0.6687758483174019 0.5911183063786938 0.665427417636273 0.5937613117038607 0.6671809500154705 0.5986407061503229 0.6668759878625665 0.6029101762909773 0.6657323797891769 0.6199880568535947 0.6666472662478885 0.6225294081277938 0.6643600501011097 0.6216145216690822 0.6611579474956188 0.6237492567394093 0.6584895286577098 0.6241558729432811 0.6558211098198009 0.6286286511858714 0.655439907128671 0.6284253430839355 0.6545250206699593 0.637574207671052 0.6549062233610892 0.6523140450614062 0.6469009668473623 0.6521765720904039 0.6411693052641492 0.6475697819325755 0.6300379756097184 0.6458242250043569 0.6282695617981693 0.635361109952691 0.6286011393878347 0.6277377804940751 0.6341605612124099 0.6243483206886061 0.6355605554798862 0.6210079834890131 0.6354131876622573 0.6161448455072529 0.6346026646652972 0.6123132822488964 0.6335342479874863 0.6104466232255945 0.6280079548263952 0.5989028108446487 0.6288553197777624 0.5870151402225682 0.6348237163917408 0.5794993815234842 0.6302553140452388 0.5771414964414188 0.6300711042732025 0.5709029254951203 0.6323184634920462 0.570853802889244 0.63537634570785 0.5694292473188294 0.6391710670117992 0.5680538143542911 0.6400921158719811 0.5690853890776948 0.6410868486409774 0.5769450060179132 0.6458763027139232 0.5862291785285464 0.6524341705984179 0.5833800673877171 0.6536131131394505 0.5760607991121387 0.6535025872762287 0.5718362550067712 0.650444705060425
16 0.6219467912296262 0.5620450660272089 0.629454293218 0.5598742220787634 0.6299970042051114 0.5611631606731529 0.6290924858932591 0.5617737105336532 0.6355145659074102 0.5625199381409314 0.635424114076225 0.56889679223949 0.6328914628030385 0.567065142657989 0.6280070639190364 0.565369170823266 0.6225799540479227 0.562859132507876
16 0.6424246740804314 0.6013577414056429 0.6372711070160031 0.60282057139384 0.6319344489760746 0.5996321443445608 0.6312108343265929 0.5970542671557818 0.6300349605211848 0.5931196124992244 0.6325296554782975 0.5906052317239445 0.6349718549202987 0.5813791449430513 0.6434743270517101 0.5857886717133312 0.6454642673377852 0.5912157815844448 0.6427507124022285 0.5913514593312227 0.6457356228313409 0.5950147584942244 0.6384994763365226 0.5968464080757253
16 0.6603255160680658 0.572768239979874 0.6503486662217874 0.572153058162158 0.6443788453635624 0.5624520992675424 0.6441979417011919 0.5576355392569289 0.650620021715343 0.5565501172827061 0.6487205332604533 0.5545827899544274 0.6420270977527465 0.5553290175617056 0.6477255631174158 0.5486808079695914 0.6767606009278739 0.5471205138816462 0.683906295591507 0.5471205138816462 0.6907806347615842 0.5497662299438142 0.693041930541215 0.5491556800833137 0.6945796116713638 0.5454245420469231 0.7009112398543297 0.5440677645791447 0.7020871136597377 0.5458315752872567 0.7014539508414412 0.5505124575510922 0.7000971733736627 0.554107917840705 0.7052529277512208 0.55505766206815 0.7074237716996662 0.5557360508020391 0.6980167812564025 0.5598742220787633 0.6953032263208457 0.5606882885594303 0.6901474719432877 0.5591958333448741 0.6887906944755093 0.5605526108126525 0.6903283756056582 0.5617058716602642 0.6861675913711377 0.5632661657482093 0.6838158437603218 0.5632661657482093 0.6834540364355809 0.5650299764563212 0.6766701490966888 0.5684219201257673 0.6731425276804649 0.5676756925184893 0.6718762020438718 0.568693275619323 0.6728711721869093 0.5701178919604903 0.6680772251340921 0.5710676361879352 0.6638259890683864 0.5682862423789895
16 0.6948960268466461 0.5865469221370077 0.6997478145184591 0.5831464968930605 0.6978329598417364 0.5806966092919595 0.6963686592065957 0.5740227775510295 0.7126135722490718 0.56836065577353 0.7222055153907639 0.5676962066757355 0.7244156482950612 0.5692919601144208 0.7253167563782248 0.573938298668233 0.7264431414821793 0.5782467216908587 0.7262178644613884 0.5834844124242468 0.716981506608962 0.5882152298608555 0.7098852804540489 0.5870325255017033 0.7057176555694176 0.5904961596963632 0.7023385002575543 0.5897358497511939 0.7034648853615088 0.5880462720952623 0.6952422741026413 0.5885531453920418
3 0.6830367908079313 0.59620123867361 0.6776390228925857 0.5948567180359492 0.6764150991073729 0.5959582494426408 0.672913297109996 0.5937713253486734 0.6709550190536556 0.5842706169659592 0.6682623867261874 0.5727963314795892 0.6748715751663364 0.5698130172531329 0.6933528243230499 0.5611843545673827 0.6955558871364328 0.5611384574254372 0.7046129231470074 0.558155143198981 0.717096945756178 0.5561356689533798 0.7363125491840189 0.5679312344333682 0.7360677644269764 0.5790842399261199 0.7343542711276786 0.582067554152576 0.7338647016135934 0.5885390511668888 0.7348438406417637 0.5897782739994167 0.7420649909745191 0.5874375197601973 0.7413918328926521 0.5851426626629233 0.7466547051690672 0.582342937004249 0.7570580573433761 0.5830772912753766 0.7743153827148762 0.5832608798431586 0.7844127539428818 0.5873916226182517 0.7880845252985204 0.5907880111222172 0.7926742394930684 0.5974889938462573 0.7989774469869141 0.6025835766022056 0.7936533785212386 0.6090550736165182 0.7880845252985202 0.6146086277919214 0.7801290206946371 0.6214014047998523 0.7754169141215678 0.6234208790454534 0.7719287313337113 0.6225947304904348 0.7645851886224345 0.6230537019098896 0.7630552838909185 0.6250731761554907 0.7614641829701421 0.6257616332846729 0.7471442746831523 0.6261288104202368 0.7437172880845564 0.6239716447487992 0.7401067129181785 0.6253485590071637 0.7316004426109497 0.620988330522343 0.7318452273679923 0.6160314391922311 0.7342318787491571 0.6131858163916114 0.7323347968820774 0.6107073707265556 0.7309884807183434 0.6079994393517723 0.7289690064727422 0.6057045822544982 0.7289690064727422 0.602813062311933 0.7249912541708006 0.5990494966724036 0.7270973604967937 0.5972213240304753 0.7337563064300251 0.6014715065166488 0.7330741783766886 0.6026127592212696 0.7401089378700579 0.6081302773966325 0.7471925753470134 0.6113572678028011 0.7516001719993413 0.6108063182212601 0.7549583408773054 0.6087992876027895 0.7476648178454771 0.604785226365848 0.7423652075849401 0.6018337107504498 0.7376952539890211 0.6011647005442929 0.7343370851110571 0.6013221147104474 0.7337570990571716 0.6014197152488143 0.7271505376344084 0.5972043010752687 0.729667113077959 0.5950593921034658 0.7257057465752994 0.5918479945489997 0.7196314752319681 0.5902049539397379 0.7260044812315287 0.5851264647838381 0.7272197314811194 0.5793211820928771 0.725427323543743 0.569537622101364 0.7221412423252196 0.5672971121796434 0.7123825768883921 0.5681186324842743 0.7015285510453905 0.571852815687142 0.6961513272332611 0.5734958562964038 0.6971471094206925 0.58036675338968 0.6992382520142982 0.5829806816316874 0.6945580757333709 0.5868642321626696 0.6945580757333709 0.588208538115702 0.6875876004213515 0.5881338544516447 0.6805175468905889 0.589926262389021 0.6803183904531025 0.5923908233029136 0.68033901405826 0.5936842566678275
16 0.7349607246892192 0.5890927963530025 0.7344541510157855 0.588332935842852 0.7345385799613579 0.5832038773993359 0.7367326474004056 0.5834958963967809 0.7388444561855443 0.5844703115829202 0.7402797482602729 0.5866865714041924 0.738506740403255 0.5881429707153143
16 0.7255336414353438 0.597807724447568 0.7290018371839069 0.5949984858912318 0.7256723692652863 0.5920331785262104 0.7199151643226713 0.5906805821842707
16 0.7341044354230024 0.6029293518576196 0.7345719709650409 0.6015968755628099 0.7380317339761259 0.6014332381230966 0.7422282575041607 0.6020221407058531 0.7546335338862484 0.6087780292883093 0.7515789683449302 0.6106715482335652 0.7471529652136326 0.6112325908840113 0.7402957772637347 0.6080533491981496
16 0.7745619177648342 0.6266823071986416 0.7717432275990558 0.6278636601405619 0.7699497765873647 0.6278972873470312 0.7684701795027196 0.6267875895335473 0.7660938569122289 0.627224743217647 0.7645245872769992 0.6260814181976939 0.7646590961028761 0.6253752468618405 0.7637623705970306 0.624803584351864 0.7647487686534604 0.6233239872672189 0.7718777364249327 0.6227523247572424 0.7742988952907157 0.623828395364257
16 0.6994977881677923 0.6670839890593304 0.6778149014782362 0.6598373556564979 0.6783190587589399 0.651140642564358 0.6735295645922542 0.6520859374656776 0.6677563182921326 0.6484723023052136 0.6600679197614002 0.6520644229302277 0.6619585095640391 0.6540495422229988 0.6575471333578814 0.6555620140651102 0.6552784255947145 0.6544276601835267 0.6565388187964739 0.6504574215979847 0.6525055605508437 0.6502683626177206 0.6542701110333069 0.6469598304631021 0.6542694908410298 0.6419531222921994 0.6533562722229851 0.6402697593520498 0.6557566202628038 0.638711841153129 0.6588032158518047 0.6404428613741522 0.666004259971261 0.6409621674404591 0.673943872718354 0.6370500617409467 0.6761134180620364 0.6376039882116742 0.6781906423272642 0.6379155718514583 0.678332103060542 0.634160944694857 0.6807934937154179 0.6348611678983991 0.6818120001932974 0.6362616143054837 0.6872440347419889 0.6397627303231951 0.6852070217862295 0.6449189193674608 0.6821515023525906 0.6461920524648105 0.6813876224941808 0.6491202585887146 0.6807757386070054 0.6525148012559092 0.6993493742280605 0.643257725916801 0.6963086800541507 0.6419368314117979 0.6879463501536576 0.6372010221314167 0.6837651852034111 0.6343211381095633 0.6813309582357033 0.6321302584863725 0.672168458781362 0.6331720430107526 0.666810035842294 0.6340456989247311 0.6643548387096775 0.630752688172043 0.6548745519713264 0.6306989247311827 0.649677551129418 0.6272434083617414 0.6465592715595255 0.627646634168193 0.6477599884054037 0.6297434083617414 0.6519451649149501 0.6397964630175267 0.6523288789543273 0.6412122575550916 0.6524826358201536 0.6470473306131965 0.6376604739545059 0.6550734390093254 0.6333552817113717 0.6561343613835262 0.6325557460090753 0.6565956319810049 0.6322482322774228 0.6571722202278533 0.6294806086925508 0.6559729166744087 0.6243143780007898 0.655880662554913 0.6247896122755008 0.6585780560951844 0.62567719213862 0.6603927205622374 0.6240193898676404 0.6622692603299926 0.6239984443517921 0.6642757874290247 0.624432016331771 0.6667488949984501 0.6272470747082263 0.6672489382626889 0.6325732493829366 0.6672799559452862 0.634054859054755 0.666613231592968 0.6358327906609373 0.6667799126810475 0.6369439979148013 0.6676688784841386 0.643388999987212 0.6677244388468317 0.6467967022323947 0.6685022839245365 0.6494635996416682 0.6684467235618433 0.6522045775345324 0.6696134911784004 0.6562790041320334 0.6693912497276276 0.6642056158762628 0.6693912497276276 0.6736138372923108 0.6698357326291733 0.6767252176031298 0.6683911631991503 0.6787994711436757 0.6667799126810475 0.6845036683801772 0.6662243090541157 0.6928015785837328 0.6665921145634864
16 0.7536221521630715 0.6433206739646444 0.7613603457508813 0.6428360938049231 0.762124853449394 0.6401842077257069 0.7580156245698878 0.6389657735812022 0.7504661110470741 0.6292183004251641 0.747503643715337 0.6307234249566113 0.7462613187052538 0.6263513965557411 0.7437766686850871 0.6252046350079721 0.7325001801320237 0.6288599374414863 0.7336469416797926 0.6321568768913227 0.7418653994388051 0.6302933893761977 0.7440633590720295 0.6317985139076449 0.7454012475444268 0.6333036384390919
5 0.6785025315291938 0.6595904629348542 0.6790561284755182 0.6537453088031839 0.6890662893345578 0.6491171464546963 0.6989971497114724 0.6439260148940363 0.7046396840165375 0.6427975080330232 0.7104326859030714 0.6433053361204791 0.7177303636042888 0.6389041593625283 0.7187836366745677 0.6372678244140595 0.7242004696074303 0.6356879148086412 0.7364635774971052 0.6321895435395009 0.7417299428484994 0.6306660592771333 0.7442878917334622 0.6325845209408554 0.7527893100864269 0.6435874628357324 0.755798661715795 0.6440388655801377 0.7563252982509345 0.6498506759143549 0.7543692196918452 0.6533490471834952 0.7393224615450049 0.6614178712397386 0.7303696404476347 0.661812848641093 0.7217177545132016 0.6638441609909165 0.712614465834363 0.6653676452532841 0.70253313787598 0.6661576000559932 0.6981695780133961 0.6659318986837907 0.6877873148920763 0.6628285048160047
16 0.6187844441382072 0.5391077072982094 0.6226111575738346 0.5324890549784256 0.6194092136787178 0.5306147463568939 0.6204244641820476 0.5280375720022877 0.6125367487331016 0.5229417954374983 0.6089443238751658 0.524874676203453 0.6133958068513036 0.5290332984574764 0.6146453459323248 0.5320790499674655 0.613630095428995 0.5331333485670771 0.6147234421248886 0.537116254387832