13 0.06694471023764179 0.590409018088608 0.060156654318858936 0.5703191725339124 0.060156654318858936 0.5455045526273831 0.07218798518263073 0.5173061209154179 0.09925847962611725 0.49249150100888867 0.1353524722174326 0.4733165674447525 0.1902454192833914 0.46372910066268425 0.24149363327340861 0.466416442020843 0.2794983269447199 0.4776958147056291 0.3118325286411066 0.4949400047320479 0.334594666371691 0.5146789069304234 0.34639588159748863 0.5308152021460852 0.35698462508436374 0.5456817970200815 0.3654790590040303 0.5603013971725689 0.38112497882982266 0.5780518168151287 0.3869644466896526 0.5832994232131881 0.3814907417653599 0.615633958441582 0.3430728944251815 0.6451802327552187 0.30687510291575926 0.6460837228250587 0.29114729668765726 0.6523931334630764 0.2425008262612019 0.6573309330928295 0.21689742077359386 0.6587025441010941 0.18178417896201712 0.6556849998829116 0.14337907073060507 0.6482783004382823 0.11740990230745975 0.6362081235655527 0.09509836323968703 0.6213947246762938 0.07863903114051042 0.6068556479886877
9 0.4169103107924752 0.34161636187462546 0.40680016924166856 0.33822414332797324 0.40280932389266594 0.3176712897806097 0.3977542531172626 0.3084923454779036 0.3921670696286588 0.30370333105910047 0.38312115350425296 0.3047010423963511 0.38258904079105266 0.29811614757049676 0.37859819544205 0.2943248444889443 0.36556143396864127 0.29532255582619493 0.36689171575164226 0.2725747373368799 0.36689171575164226 0.2586067786153707 0.36875411024784344 0.24703332710326303 0.3754055191628478 0.22687955809079977 0.37114861745724503 0.22089329006729577 0.37114861745724503 0.21809969832299395 0.3756715755194481 0.22069374779984569 0.38445143528725384 0.22089329006729577 0.39535974590786105 0.22129237460219603 0.42010298707167737 0.21929695192769472 0.44218566466949194 0.21809969832299395 0.4820941181595183 0.21710198698574326 0.49247031606692504 0.21530610657869212 0.5246631352155463 0.21510656431124198 0.5693606031243759 0.21331068390419078 0.589314829869389 0.21271205710184038 0.6079387748314012 0.21071663442733907 0.6164525782426069 0.21051709215988898 0.6175168036690076 0.209120296287738 0.642260044832824 0.2099184653575385 0.6449206083988257 0.22368688181159765 0.6494435664610287 0.2466342425683628 0.6465169465384267 0.2627971662318235 0.634810466848019 0.2657903002435754 0.625764550723613 0.27037977239492844 0.6204434235916095 0.27576741361608204 0.6164525782426069 0.2825518507093865 0.6116635638238037 0.29671935169834585 0.6103332820408028 0.3092905145477042 0.6095351129710023 0.31826991658296006 0.6156544091728063 0.3252538959437147 0.6241682125840119 0.33143970623466873 0.6233700435142115 0.3372264319907225 0.6247003252972124 0.34939851030518054 0.6217737053746106 0.3509948484447816 0.6137920146766053 0.3501966793749811 0.6095351129710025 0.34800171443302974 0.6007552532031967 0.34840079896793 0.5275897551381482 0.346804460828329 0.49619510505932757 0.3464053762934286 0.4602774969183039 0.345407664956178 0.44724073544489523 0.34580674949107826 0.4331397485450859 0.34201544640952575 0.42382777606407984 0.3374259742581727
1 0.6878353962826492 0.677441439183267 0.6772376361028869 0.6720916083232907 0.6674550882446448 0.6699516759793002 0.672550165254146 0.6644489928090391 0.6829441223535281 0.6604748327416281 0.6843707439161885 0.6633790266370438 0.6857973654788487 0.6693402667381602
1 0.6927266702117705 0.6711744944615806 0.6947647010155706 0.6658246636016044 0.700878793426972 0.6672003343941697 0.6994521718643117 0.6711744944615806 0.6968027318193711 0.6733144268055711
1 0.6533926756984217 0.658946309638778 0.6509470387338613 0.6531379218479468 0.6434063247597996 0.6543607403302267 0.64503674940284 0.6575706388462126
16 0.6118372908520949 0.6938497687046318 0.6039991341493929 0.686587947053599 0.6042296681700606 0.6808822300420733 0.6104540867280888 0.6814009315885755 0.6120678248727627 0.6833028372590841 0.6139120970381043 0.6867608475690997 0.6215197197201386 0.6900459573636145 0.6238250599268157 0.6922936640651247 0.6215197197201386 0.6954058733441387 0.615756369203446 0.6948871717976366
16 0.6268220021954959 0.6794990259180671 0.6316632166295177 0.6765597171545537 0.6371960331255427 0.6751765130305475 0.6422677815802323 0.6765597171545537 0.6408845774562261 0.6800177274645693 0.6367349650842072 0.6819196331350779 0.6309716145675146 0.6817467326195772
16 0.6596302128739993 0.6230884651086922 0.6569999585361366 0.6235111845558488 0.6532424523391898 0.6266111271683298 0.6477940683536171 0.6288656308864978 0.6455395646354489 0.6263293142035588 0.647230442424075 0.6218203067672227 0.6575635844656786 0.617170392848501 0.6626362178315567 0.6180158317428142 0.6620725919020145 0.6205521484257532
16 0.7980775588763094 0.6910530695470726 0.7809654153813418 0.6876582410795226 0.779309401494732 0.6836010070573286 0.7806342126040198 0.6818621924763884 0.7936615218453498 0.6832698042800067 0.800175176466015 0.684843017472286 0.8016103885010769 0.687906643162514 0.7997335727629191 0.6901422619094372
16 0.8105277858969763 0.680989097971093 0.8053833923334552 0.678202551457519 0.8083842885788424 0.6756303546757586 0.8168153780301686 0.6720935841008377 0.819387574811929 0.6694142124531708 0.826389666051166 0.6700572616486107 0.8252464674814947 0.6730581578939981 0.8223884710573163 0.6772379776643589 0.8169582778513774 0.6798101744461194
16 0.8069581315949503 0.5600959229027598 0.8002763775422523 0.5581684938490968 0.8007903586232292 0.5530608068568903 0.8049022072710433 0.5497841774656634 0.8054161883520201 0.5458329479056546 0.8097850275403224 0.5448692333788231 0.8146678478096018 0.5470857767905355 0.817494743754974 0.5501696632763959 0.8119694471344738 0.5544100071944543
16 0.6131132037318182 0.5474821643831494 0.6126962906382711 0.5426876638073579 0.6029683184555056 0.5426876638073579 0.6006058109254054 0.5439384030879991 0.6018565502060467 0.5473779361097627 0.6082492176404355 0.5491498167573379
18 0.7457230910642062 0.3862342169963347 0.7383812322210987 0.3859720077519379 0.7373323952435119 0.38282549681917755 0.7432758047831705 0.37863014890883034
18 0.6871380799982297 0.3361023388677687 0.6909379594296565 0.3355023579049118 0.6917379340467992 0.3332524292941985 0.6895380038496571 0.32890256731348616 0.685338137109659 0.33025252447991416
16 0.6240763380954005 0.5798696767057776 0.6248213383145074 0.5788918639182 0.6337613409437881 0.5773553009662924 0.6343200911081182 0.5730249871927345 0.6376725920940984 0.572885299651652 0.6417700932991854 0.5755393629322197 0.6373000919845451 0.5794506140825301
16 0.7925233416044416 0.4611659518949797 0.7882995514348018 0.461297945337781 0.7881235601777336 0.45588621418293007 0.7911154115478951 0.45205840434169403 0.7965711405170129 0.45060647647088037 0.8036107907997461 0.45205840434169403 0.8020268694861311 0.4546982731977189 0.7978030793164912 0.4556222272973276 0.794987219203398 0.45799810926775
16 0.5593377457185454 0.512856749626882 0.555084132124689 0.5126048909272457 0.5545244461254973 0.5088270104327022 0.5593377457185454 0.5079874814339147 0.5603451805170904 0.5097504923313684