12 0.32583661128771807 0.6878382774920685 0.3146008660709002 0.6906472137962729 0.28604334697815476 0.6853804582258897 0.23969589795878118 0.6801137026555062 0.2167562514744446 0.6643134359443562 0.2045841941562253 0.6446508818149248 0.20598866230832746 0.6337662536361325 0.2134791591195394 0.6204238061911613 0.22752384064056172 0.6077835928222413 0.24390930241508776 0.6004101350237045 0.26731710495012506 0.5979523157575255 0.2846388788260525 0.5983034327955512 0.30149249665127936 0.6049746565180367 0.325836611287718 0.6218282743432636 0.33285895204822924 0.6379796580924392 0.33005001574402476 0.6629089677922537 0.32911370364262327 0.6815181708076085
4 0.5752737116667841 0.8105750165403568 0.565257338277345 0.7622460149363133 0.5592475142436816 0.7254358427301247 0.5585797560177189 0.7156698786754215 0.5662589756162889 0.7119137386543819 0.6029856780442322 0.7089088266375502 0.6557385778952779 0.7054030959512467 0.6654210721717359 0.7054030959512467 0.6734341708832869 0.7096600546417582 0.6771068411260813 0.7174227440185735 0.6794439949169504 0.7354522161195639 0.6854538189506139 0.7632476522752573 0.6911297638712961 0.7922951351046305 0.6897942474193708 0.8010594618203897 0.6824489069337821 0.8060676485151093 0.659077369025091 0.808822151197205 0.609329381190877 0.8130791098877165 0.5852900850562232 0.8143311565613964 0.5786125027965972 0.8135799285571886
15 0.36602457582145653 0.45631535707324167 0.4048012679565879 0.4403606453940587 0.43562558469089685 0.42754812819726756 0.4408248670316237 0.42030627065125536 0.4389679804813642 0.4113932152100093 0.4181708511184569 0.38799644467673866 0.39143168479471896 0.360421679405384 0.38155152639465967 0.3567891527272727 0.3658066504011368 0.35791488256253357 0.3412770027643617 0.36885997994372033 0.3030674822210495 0.38543278403479553 0.3007657038750669 0.39245320799004263 0.3096659134795332 0.39694167576470873 0.3280801402473944 0.4071845894043316 0.3397424838670398 0.41685205845745876 0.35186518315588183 0.43112308420255124 0.3604584889808838 0.44470357644384884
2 0.1987012689642686 0.37678810810800667 0.19359938972194052 0.3649060998725847 0.1764141122740985 0.3383226238204541 0.17829375199495623 0.3330864845980648 0.20863650748880228 0.3254336657345726 0.2596588014384878 0.31376557340317784 0.26449216072069337 0.31416835334336163 0.2771125988464523 0.3373281999039299 0.2827515180090255 0.34518240873751405 0.2902700768924564 0.3496129880795358 0.29053859685257893 0.3592797066439469 0.3125572335826265 0.3592797066439469 0.3262517515488756 0.35807136682339546 0.32356655194765027 0.36592557565697953 0.31497391322372925 0.3709603249092769 0.3053071946593181 0.378814533742861 0.2988627156163774 0.39130071188855875 0.28865895713172124 0.38707152251662885 0.274427399245227 0.382842333144699 0.26019584135873286 0.378814533742861 0.23710312478819515 0.37639785410175824 0.2150844880581476 0.3755922942213907
13 0.08159785338405565 0.5004283093246122 0.07585115848971917 0.48211071934891464 0.07656949535151124 0.45786685026343266 0.08806288514018418 0.43416173382429457 0.10171128551423335 0.414227885909565 0.13403644429487607 0.3953715432875234 0.1713899611080632 0.3802864691898901 0.20333013157617766 0.3780543263234291 0.23858469876184277 0.3782530705525488 0.27884277940178104 0.38658871608382434 0.299095310766658 0.3934424690762065 0.32404050183803074 0.4073352116283324 0.34355208693346095 0.4241917392582452 0.35688911978350185 0.4436415788312215 0.3672623675557559 0.46327665497155956 0.3786235436872722 0.48328220424662083 0.3798584541363501 0.49439639828832166 0.38578602429192377 0.501064914713342 0.3983821108725179 0.523663775931467 0.3907256660882353 0.5573768311912926 0.35096154962792814 0.5833099506219276 0.28773413463514164 0.5846066065934593 0.2613070510248754 0.579049509572609 0.23932564503128947 0.5768266707642689 0.22154293456456828 0.5740481222538436 0.18820035243946603 0.5694172080698016 0.1575745733023351 0.5623782185100579 0.133370328500409 0.5510787879009954 0.10397945981235593 0.5314437117606574 0.090642426962315 0.5168100229390848
11 0.37726873047461823 0.7971615723249745 0.3752534060596897 0.7880926124577963 0.374850341176704 0.7826512365374891 0.3724319518787898 0.7766052632927036 0.3615492000381758 0.7645133168031325 0.3675951732829613 0.7614903301807397 0.37605953582566115 0.7590719408828257 0.3756564709426754 0.7524213703135615 0.3873453525492609 0.7521190716513222 0.38533002813433226 0.7400271251617511 0.3700135625808756 0.7370041385393583 0.36517678398504716 0.731260463956812 0.37686566559163254 0.7206800107784374 0.38573309301731806 0.709494960275584 0.39258519602807496 0.7085880642888662 0.3982281043898748 0.710704154924541 0.4095139211134745 0.7052627790042343 0.4244273217839456 0.7010305977328843 0.44578976058218783 0.697403013786013 0.4506265391780162 0.7010305977328843 0.4639276803165444 0.7022397923818414 0.4719889779762585 0.7004260004084056 0.4844839893488153 0.6992168057594487 0.5042341686151148 0.7070765709776698 0.4989943251363006 0.7188662188050017 0.5054433632640719 0.7318650612812907 0.5046372334981005 0.740934021148469 0.5122954662748288 0.744259306433101 0.5086678823279575 0.7506075783401258 0.5110862716258717 0.7566535515849114 0.5118924013918431 0.7657225114520895 0.5054433632640719 0.7696523940612003 0.5159230502217002 0.7781167566038999 0.4913360923595722 0.7853719244976428 0.47440736727417276 0.7811397432262928 0.4707797833273014 0.7880926124577963 0.448208149880102 0.7902087030934711 0.4494173445290591 0.7989753642984101 0.4256365164329026 0.8007891562718457 0.4244273217839456 0.7935339883781032 0.40588633716660316 0.7847673271731642 0.40104955857077473 0.7947431830270603 0.39218213114508926 0.8016960522585638
9 0.3487131632426944 0.3379090106126757 0.34653931179748587 0.3390205722460712 0.3316540623744053 0.3409906787873613 0.3224602318483849 0.33770716788521116 0.30363476934272415 0.3291700395396208 0.30777442189487236 0.3047098117195322 0.30952562770935244 0.2843520441262014 0.3118833127944532 0.28453469660440234 0.31432865019966366 0.2743586660724177 0.31694616183108404 0.2612122882269272 0.31665998019511915 0.25713419991442793 0.3175185251030137 0.25359270216936275 0.3218112496424867 0.24629507045225885 0.3281072456337137 0.2356705772170633 0.32882269972362577 0.21517281754108017 0.34055614679818513 0.21968017830752673 0.3554375918683579 0.22128995000982912 0.38291102892098455 0.2227924035986446 0.4271260916775556 0.22547535643581518 0.43828717548018525 0.225582674549302 0.46375734108105787 0.22697781002463066 0.4825022382367563 0.22880221795390668 0.504967496659998 0.23041198965620902 0.5385938388858691 0.2306266258831827 0.5622038238529702 0.23288030626640593 0.5689290922981446 0.2308412621101562 0.576083633197266 0.2327729881529191 0.5895341700876146 0.23674375835193157 0.5931114405371752 0.24833411460850846 0.5911081690854212 0.25584638255258607 0.5799470852827916 0.27194409957560955 0.5723632719297228 0.2835344558321864 0.572077090293758 0.2945882215213292 0.5707892729319161 0.31261766458711543 0.5699307280240216 0.3291446540640862 0.569072183116127 0.34545700731408324 0.5684998198441973 0.3588717714999362 0.5561940094977081 0.35661809111671283 0.5360182041621854 0.35404245639302906 0.5300083898069232 0.3511448673288849 0.506970768111752 0.35071559487493753 0.480069694331055 0.349857049967043 0.44315226329158786 0.3496424137400694 0.422261003866153 0.349320459399609 0.38963629736615885 0.3494277775130957 0.38620211773458046 0.34867655071868797 0.37117758184642524 0.3501790043075034 0.36287831440344426 0.34459846240618863 0.35343432041660383 0.33805205748349254
0 0.6471328312930864 0.30112104464689987 0.6519245397087405 0.30433653318898357 0.6562118577648522 0.3098217783490088 0.6610035661805064 0.3209814150538876 0.6668040553152457 0.3370588577643063 0.6695782022927297 0.3504882510871265 0.67361332516907 0.36675484018237364 0.672604544449985 0.3703486214941143 0.6685694215736446 0.3731858172665411 0.6627689324389052 0.3728075244968842 0.65772502884348 0.37450984196034026 0.6544464915064533 0.37753618411759554 0.6458718553942301 0.38037337989002235 0.6335142915854376 0.38226484373830694 0.6327577060461238 0.3769687449631103 0.6284703879900122 0.375644720269311 0.6278622413848776 0.37724138824841447 0.6222841589708515 0.37743053463324294 0.6185681294668853 0.3759896897829443 0.6129234005408118 0.37618432712363786 0.6079260578481599 0.3736372955476992 0.6030078743217868 0.3736372955476992 0.6007898699863637 0.3678511972813778 0.5968360361710441 0.3625713826133597 0.5916285477313549 0.3617034678734114 0.5861317543783496 0.35815948268528963 0.583238705245189 0.35324129915891656 0.5826600954185568 0.3491910303724916 0.5793813064009748 0.3480338107192273 0.5752346026434445 0.3473105484359371 0.5720522485969678 0.34550239272771177 0.5701235491748606 0.34217538622457694 0.5702199841459661 0.33595533058828153 0.5704047713110265 0.3289751064281897 0.5751777802013528 0.3249422160050342 0.5814612349430484 0.32507815613165747 0.5878655253528533 0.32303905423230916 0.5983178106443274 0.32231404022365207 0.6021845520238324 0.32349218798771984 0.604842936722242 0.3240812618697538 0.6079846640930897 0.3233109344855556 0.6105222131233898 0.32213278672148765 0.6133618513239638 0.3208640122063377 0.6136639404942376 0.31905147718469473 0.6161410716904829 0.31746550904075715 0.6165639965288663 0.3147920198838338 0.6181348602142901 0.31297948486219096 0.620974498414864 0.31143883009379447 0.6249016576284236 0.3090825345656587 0.6294934130165857 0.30618247853103 0.629916337854969 0.30310116899423706 0.6315476193744476 0.30196833460571026 0.6340851684047477 0.3008355002171834 0.6373477314437049 0.300563619963937 0.6387373416269646 0.29920421869770475 0.642724918674579 0.29884171169337614 0.6456853925432624 0.3000198594574441 0.6467729135562482 0.30074487346610124
3 0.7555520555979696 0.4429332813464638 0.7383709373670141 0.4392313662288949 0.7233683428131538 0.4343656598871025 0.7226925502656826 0.4269657314922931 0.7249902449270845 0.4211877052114145 0.7324239629492676 0.41713294992658745 0.7558063850917704 0.4150042034020532 0.7662135903228269 0.41540967893053593 0.7801349168007331 0.4150042034020532 0.7950023528450992 0.4173356876908288 0.7989219496204321 0.4280807891956206 0.7939210847691452 0.43497387317982666 0.7812161848766871 0.43882589070041234 0.777702063629837 0.43365607771225784 0.7693222360411943 0.43000679795591346 0.7655377977753557 0.43081774901287884 0.7652674807563673 0.4348725042977059 0.7689167605127116 0.43831904628980894 0.7699980285886654 0.44075189946070525 0.7660784318133325 0.44014368616798116 0.7614830424905287 0.4400423172858605
3 0.6274215521727705 0.5485031438345135 0.6180691146081783 0.5461650344433653 0.6146052488435144 0.5505814632933117 0.6164526439180018 0.5560370518726572 0.6124114671925607 0.5583751612638053 0.6076775173141867 0.5603668840784869 0.6015580211299474 0.5648699095725498 0.606984744161254 0.570412094796012 0.6066383575847877 0.5737027672724425 0.5978632309809726 0.5719708343901106 0.5910509616438006 0.5630513800461013 0.5883953312242249 0.5609730605873031 0.5875870958791367 0.5539587324138588 0.5763872632400571 0.5497154968521458 0.5664575147146875 0.5473773874609976 0.5635709599108011 0.547290790816881 0.5534102870011206 0.541748605593419 0.5511010431580113 0.5384579331169883 0.5499464212364568 0.5269405794494813 0.5493691102756795 0.5174149485966557 0.5617235648363137 0.5031265023174176 0.5701523048636624 0.502606922452718 0.5933602054869098 0.5118727633731937 0.589896339722246 0.5269405794494813 0.5851623898438721 0.5381981431846385 0.5859706251889604 0.5405362525757867 0.5903581884908679 0.5413156223728359 0.5925519701418217 0.5398434794228538 0.5949615450767475 0.5344744874876249 0.596543104407749 0.5284139325708646 0.5946187919852094 0.5275987538936997 0.5900590856931154 0.5269274161921185 0.5934326549245713 0.5118524707930406 0.5949982903017573 0.5120388732953957 0.6008728164689504 0.504377399807937 0.605265026287944 0.49336784706286324 0.6115367450366954 0.47985273482963847 0.6215531875545781 0.4790447546335934 0.6236599311031916 0.48139090085818576 0.6250644268022673 0.4834976444067992 0.6284479846227677 0.48316248066042883 0.6291502324723057 0.4812951397877942 0.6337467638510987 0.48148666192857725 0.636172710967684 0.4804332901542705 0.6368111181036274 0.47933203784476786 0.6380879323755144 0.4781829050000697 0.6375133659531653 0.4757409977050859 0.6412161273416378 0.4753579534235197 0.6451104108708928 0.4743524621844088 0.646961791565129 0.47626768359223914 0.649515420108903 0.47751257750732906 0.6503742859780207 0.48220539563826476 0.6446021123711918 0.4822287149440045 0.6444074220838202 0.4815334310574707 0.6432590301766568 0.4796672015911383 0.6404500387785055 0.47851806874644004 0.6385986580842693 0.4791405157039849 0.6378325695211372 0.4801938874782916 0.6391093837930241 0.481726064604556 0.64268612658857 0.48451193453934854 0.6453719067389412 0.4860413371249765 0.6447794717777435 0.49311826256877317 0.6456373061015891 0.49604269776370125 0.6463391705483719 0.5003708618521947 0.6564023510847627 0.5056208100283631 0.6587064595395732 0.5079512058841108 0.6559301196932481 0.5134245615811521 0.6598169954781034 0.5144359425251706 0.6635452232717403 0.5134245615811521 0.6649730551927074 0.5140789845449287 0.6606102354341964 0.5200282842156257 0.6544229637766715 0.5180650153242957 0.6529951318557042 0.5206232141826955 0.6510913559610811 0.5219320601102488 0.64672853620257 0.5208611861695235 0.642127744457231 0.523597864018044 0.6376062767075013 0.5240143149949928 0.6337194009226459 0.5250256959390112 0.6212655336119868 0.5249067099455973 0.6154748819325083 0.5241927939851136 0.6110327381783879 0.5258585978929088 0.603496958595505 0.5262155558731507 0.6020691266745378 0.5257396118994949 0.6027830426350214 0.5281193317677737 0.6028623666306308 0.5373407462573543 0.6107154421959506 0.5348420403956613 0.6240418734583121 0.5359724073330938 0.6311017090675392 0.5366268302968705 0.6298325251377905 0.5401964100992888 0.6276114532607303 0.5430520739412233 0.630229145115837 0.5450748358292603 0.635868367966962 0.5517236127154763 0.6349121066246803 0.5526452303964902 0.6288951785924582 0.5463059669339706 0.6277358609867656 0.5481832117142287
16 0.5902773278046965 0.5411748091632781 0.5860153698703084 0.5405294756949247 0.5852574451316247 0.5382445294583657 0.5884229390681004 0.5307526881720431 0.5899641577060931 0.5270564516129033 0.5945698924731182 0.5276747311827955 0.5964516129032258 0.5284543010752688 0.5948924731182795 0.5344489247311827 0.5924910394265234 0.539798387096774
16 0.5750606585307106 0.568209788723551 0.5710188906687105 0.565396905347974 0.5707805025985733 0.5594372035945434 0.5709394279786647 0.5559805765775535 0.5642645620148223 0.5520471734202893 0.566568980026149 0.5502592628942601 0.567443069616652 0.5480541732454907 0.5708473786708371 0.5486073767611256 0.5757450920375737 0.5497761492690968 0.5795256445080149 0.5513266887601377 0.587317461227823 0.5540816525289269 0.5880224351215199 0.5610386317430414 0.5865011756667 0.5612055992441801 0.5834586567570609 0.563570972176979 0.5797111639537246 0.5654354426063617 0.5780785928314791 0.5667155267817588 0.5775591383834918 0.5678842992897299
5 0.5898960086212162 0.4526979727177883 0.5915623815269259 0.45596128632480304 0.5973021104243702 0.45596128632480304 0.6031344155943539 0.46332109999168725 0.6032269918668933 0.4676953288691751 0.6012828901435654 0.47109750688499896 0.5953580087010422 0.4725555831774948 0.5871187204450334 0.46422371864894674 0.5827676356356805 0.4652652017150152 0.587026144172494 0.47095864247618985 0.5918401103445441 0.47845732055188334 0.5949877036108846 0.4785267527562878 0.5969318053342124 0.4775547018946238 0.6050785173176819 0.47491627812725024 0.609244449581956 0.4752634391492731 0.6162802462949524 0.47234728656428115 0.6223902802825545 0.4702643204321441 0.6265562125468286 0.4687368119352435 0.6310924499012603 0.46679271021191565 0.6312776024463392 0.4647097440797786 0.6378505177966383 0.4619324559035959 0.649978009499303 0.4572804982084897 0.663679297835138 0.4505455743812466 0.66654916228386 0.4476988540006593 0.6688635690973457 0.4404779047425842 0.6614574672941916 0.43589537925188265 0.656088043486905 0.4347844639814095 0.6500705857718425 0.43179887919201304 0.6394243144298085 0.43159058257879934 0.6268339413644467 0.4344373029593866 0.612947500483533 0.4390892606544928 0.6025789579591173 0.4441578115760263 0.5972095341518306 0.44874033706672783
16 0.5888881287616446 0.5032527201143017 0.5878486920773734 0.5084262799746516 0.5907780136421377 0.5104106590991693 0.595597220087395 0.5100563056840768 0.5971091279917895 0.5087097627067255 0.6001329438005785 0.5038196855784497 0.5929513812547047 0.5025440132841168
16 0.5952192431112964 0.4971578413747115 0.5934238524748281 0.4992130911822477 0.5914394733503102 0.49892960845017376 0.591250484862261 0.4965908759105636 0.5901165539339651 0.49049599717097336 0.5949357603792226 0.4881572646313632 0.5984320474081347 0.48929119555965905 0.6017393459489976 0.49368517790680544 0.5992824956043565 0.49815003093697036
16 0.6100179064974081 0.47763539526843574 0.6092329790885843 0.48033358323626696 0.6066819650099078 0.4816581482386569 0.6043271827834368 0.4823940176844289 0.6019724005569659 0.4820506119430686 0.5981785847476517 0.4800882934210095 0.5972628361040241 0.47792974304674457 0.6049158783400546 0.47537872896806777 0.6076631242709372 0.47567307674637666
16 0.5866718502183782 0.4633608018774564 0.5954257700704686 0.47240891777126687 0.6012489528671261 0.4709263181521565 0.6030013618847649 0.46775318967119517 0.6029573841024738 0.4633664058876556 0.5972402724046273 0.4560935801412607 0.5914132162510535 0.45606059680454236 0.5897187815994108 0.45259165280231495 0.5971965913708281 0.44851592369080456 0.6024978499081153 0.4438625967525194 0.6124720696745668 0.43870859539682366 0.6262692844197285 0.4338410009833936 0.6393389714786425 0.43117865732324445 0.6502572697212744 0.4314610271053814 0.655958450084422 0.4344864176282783 0.6618209846087908 0.4356562352971317 0.6692432760249641 0.4403355059725452 0.6673608108107172 0.44751576614688693 0.6639185887046658 0.4506621722906995 0.650795116925345 0.4573583699813777 0.631809110621655 0.4648209999378563 0.6314326175788056 0.4670799581949525 0.6242639930264181 0.47020899778619457 0.6252789756047905 0.47272693533638765 0.6273089407615353 0.47389806908066345 0.6219217255378664 0.47852404737055315 0.6237458322013147 0.48075040202523395 0.6253073438603493 0.4829169994521443 0.6279619136807078 0.4826827727032891 0.6288988206761285 0.4809260720868753 0.6335052800702801 0.4810431854613029 0.6359256231417835 0.4802233918403098 0.636407500215745 0.47929743271543196 0.6378353192506004 0.4781408992971991 0.6373784171594467 0.4755494077489365 0.6406909573203111 0.4752067311805713 0.6453456473739397 0.4740287804768155 0.6470590302157663 0.47597775345939314 0.6495719917171117 0.47734845973285434 0.6502475390871253 0.48088766373950187 0.6546613209486654 0.4815497310187329 0.6592222288722567 0.48029915949129653 0.6609883547759583 0.478417172275424 0.6654021366374983 0.4785642983374755 0.670061128602457 0.478674642884014 0.6714833472022866 0.47672522256183375 0.6705025067886112 0.47238500373131936 0.670709892027442 0.4660325664505145 0.6651057835486711 0.46373997661829014 0.6601809609461149 0.4607468732262193 0.661624443433071 0.4581995511904144 0.6637472117962421 0.45456961728939244 0.669181498805959 0.45520644779834357 0.6729175711251396 0.45832691729220465 0.6765687327097933 0.45648010881624607 0.678351858134857 0.45673484101982653 0.6774178400550617 0.4596642613610022 0.6798802513563399 0.46036477492084865 0.6843805202862618 0.46074687322621943 0.6897298965614521 0.46265736475307306 0.6935508796151596 0.4655867850942487 0.6915979327210424 0.46819779018094876 0.6955038265092768 0.4710635274712294 0.7013626671916282 0.4741839969650904 0.7125708841491699 0.47431136306688076 0.7140992773706529 0.4704903800131733 0.716561688671931 0.4702356478095928 0.7176655282207798 0.4732287512016636 0.718599546300575 0.4761581715428393 0.718599546300575 0.4789602257822247 0.7171560638136188 0.47953337324028084 0.7157125813266627 0.482717525785037 0.7135049022289651 0.4849464325663664 0.7181749926279407 0.48723902239859074 0.7191939214422627 0.48921319697633964 0.7176655282207798 0.49176051901214457 0.7181749926279407 0.4927157647755715 0.7232696366995506 0.4926520817246763 0.7248829406555606 0.4920789342666201 0.7283642807711607 0.48685692409322007 0.7300624954616972 0.48239911053056145 0.7321003530903412 0.48239911053056145 0.7315059779486535 0.4877484868057518 0.7331192819046631 0.4909963224014032 0.7365157112857365 0.49335259528452263 0.7360062468785755 0.4951994037604812 0.7326098174975022 0.49424415799705446 0.7268358875496775 0.49736462749091553 0.7214016005399606 0.4959636003712227 0.719109010707736 0.4969188461346496 0.7253924050627216 0.49819250715255203 0.7244583869829263 0.499720900374035 0.7276000841604191 0.5011856105446229 0.7304870491343314 0.501249293595518 0.7318177328728257 0.5032652772190989 0.7380517119795846 0.5052897137331495 0.7411632821037795 0.504300653075807 0.746660784161168 0.5030384714809983 0.7458754267243982 0.4977373087828023 0.7513729287817867 0.5017762898861897 0.7572070125977908 0.5042165076361531 0.7587777274713303 0.5068250162654241 0.7638264538505648 0.5068250162654241 0.7740361005285721 0.5054786892309616 0.7821038131031706 0.5047884924837813 0.7935475928961018 0.4991507480269697 0.8009523915856456 0.5062189649578978 0.7992694827925672 0.5079860191906297 0.79444514425241 0.5136237636474414 0.8119473957004224 0.5225431802507554 0.8109572062007159 0.5321730961421152 0.8085207736422205 0.5344221108114956 0.8081459378639906 0.5369522523145484 0.8188287575435469 0.5411691548196365 0.8216400258802724 0.5438398597395256 0.8233267868823075 0.5410285914028002 0.8212651901020424 0.535687181563022 0.8162049070959366 0.5337192937273142 0.8167500083312881 0.5273063104397192 0.820001393105683 0.5255757346727025 0.81779884212948 0.5225865583478555 0.8199782634264454 0.5183861047563578 0.8200831468062646 0.5147676281525957 0.8170415287915079 0.5131157149204434 0.8179854792098807 0.5111491515488336 0.8194215425034993 0.5048034197769512 0.8170712714768762 0.4970475253890947 0.811117251542764 0.4951673085677961 0.8046931774033272 0.4984576880050685 0.7981520406412359 0.49402696979619487 0.7994055185221016 0.49155918521824055 0.8022258437540494 0.488973887088955 0.7851472076272542 0.4811004791497673 0.7821701976601981 0.48215810111174773 0.7791931876931422 0.4798078300851245 0.7787231334878174 0.47734004550717013 0.7749626998452203 0.47628242354518974 0.7802899808388998 0.4740496660698977 0.7831103060708474 0.4741671796212289 0.7840504144814967 0.47252198990259264 0.787184109183661 0.47287453055658607 0.7911012275613661 0.4711118272866187 0.7954884001443961 0.4686440427086643 0.7906311733560417 0.4677039342980151 0.7791931876931423 0.45806782308886 0.7766862319314108 0.4579503095375289 0.7743359609047876 0.4599480399101586 0.7719856898781644 0.45665766047288614 0.7743932866208114 0.45176754586542 0.7785111829750726 0.451939124880181 0.7785111829750726 0.44988017670305036 0.7849167995261458 0.4440464902011801 0.7805922557658141 0.4392801634841307 0.7772357769930764 0.43400944291131566 0.7693154237077041 0.4303504013967887 0.7659589449349663 0.430901073695441 0.7656442750500222 0.43475577978600727 0.7690531988035842 0.4379024786354491 0.7703643233241848 0.4408525088068009 0.7689483088419361 0.44085250880680077 0.7614486765840998 0.4402231690369124 0.7554175037893363 0.4432518666795001 0.7385826649448224 0.43959382926702406 0.7224226358380524 0.43458385721377424 0.7218503443388409 0.42678638553701675 0.7242348922522224 0.42127807985710564 0.7203242336742768 0.420061960421281 0.7190842687593184 0.41784433086183626 0.7136474995168085 0.41827354948624496 0.7105952781876803 0.41712896648782183 0.7025956917606067 0.4210237393327677 0.6991925422188335 0.4188194265613919 0.6954800154459904 0.41986357471625413 0.6899112252867252 0.4170791796366216 0.6806299083546168 0.4192834924079974 0.6789283335837303 0.42218390394928124 0.6840330578963897 0.42380813441240023 0.6835689920497843 0.42566439779882187 0.6736689206555354 0.4253163484138678 0.6747517409642811 0.4222999204109326 0.6711939028069732 0.42044365702451086 0.6481452990922372 0.4188194265613919 0.6431952633951128 0.4205596734861622 0.6359248984649613 0.41986357471625413 0.629118599381415 0.42160382164102445 0.6257154498396419 0.4206756899478136 0.6193732166027012 0.4231120356424921 0.619218527987166 0.4206756899478136 0.611329408594874 0.4206756899478136 0.6086997021307765 0.42369211795074885 0.5975250122872666 0.42424275872395933 0.5960218047091855 0.4271740135012175 0.5978256538028828 0.42965430600505145 0.5936166725842555 0.4306689711202562 0.5886560875765877 0.43326200419244626 0.585349030904809 0.4305562305519002 0.5776826722565951 0.4330365230557341 0.5584416152571562 0.42965430600505145 0.551977822671407 0.42762497577464187 0.5355928600703223 0.43292378248737795 0.5349915770390898 0.43529133442285584 0.5375470299218278 0.43732066465326547 0.5449127470544255 0.4360805184013484 0.5507752566089421 0.43326200419244626 0.5581409737415398 0.4348403721494315 0.5722711249755029 0.43585503726463626 0.5751272193738571 0.43574229669628023 0.5700163136083811 0.4431831742077821 0.5757285024050895 0.4462271695533964 0.5835451818111117 0.44002643829381155 0.5854993516626171 0.4405901411355919 0.5844471063579604 0.4439723581862747 0.5885057668187795 0.4454379855749037 0.5864012762094659 0.44667813182682076 0.5867019177250821 0.4502858300142155 0.5833948610533035 0.45186419797120075 0.5861006346938497 0.4564865612738004
16 0.6104401533407262 0.4171793800643869 0.6050071195538411 0.4202839707997497 0.5960814211896729 0.4201869523392696 0.5920713248231625 0.4184406200506281 0.5916832509812422 0.416306213920066 0.5973750006627407 0.4150449739338249 0.6050071195538411 0.4113582724355814 0.6090172159203516 0.4134926785661434 0.6118630907611009 0.41601515853862575
1 0.6718558003324776 0.4649578635369245 0.6792042154538094 0.4682180758794871 0.683713102697419 0.48010507949404363 0.6886810453146573 0.4822785543890853 0.6950979711952568 0.4832100436298175 0.7015148970758562 0.48778986573008387 0.7054478516478365 0.48841085855723887 0.7087598133926621 0.4896528442115484 0.7114507823103328 0.4866255041791689 0.713934753618952 0.4882556103504502 0.7124857703555908 0.49213681552016764 0.7194201902588194 0.49594039658649075 0.7187838312659397 0.49691595214662326 0.7249191866841679 0.4984026734317053 0.7242646960545884 0.4998476125947924 0.727232267888961 0.5014753478920041 0.7301670914699757 0.5014585480091583 0.7317083262359865 0.5034662090859355 0.738129776490291 0.5055959811684072 0.7405091215218778 0.5052818600978116 0.739938181566965 0.5089929698047447 0.7386059883388352 0.5098493797371139 0.738415675020531 0.5126089228525257 0.7397478682486607 0.5140838510693837 0.7357512885642713 0.5161297192411545 0.7344190953361415 0.5189844190157183 0.7369566062468649 0.5197456722889353 0.7339750309267649 0.5212206005057933 0.7307397045155924 0.521696383801554 0.7266162492856668 0.5214584921536737 0.7243324894660157 0.522362480415619 0.7206530986454667 0.5235519386550206 0.7186865276896559 0.5246462402352702 0.7175446477798303 0.5268348433957691 0.707669361115667 0.5279531378686577 0.7011922792130589 0.518966395381834 0.7045108161169825 0.5189125950309594 0.7048522869517574 0.5158387483086692 0.7005636435014466 0.5125974488057731 0.6952870250668706 0.5086094509908081 0.6888418242803419 0.5082579029647172 0.6894220682538991 0.5112363599373145 0.6958254913838414 0.5169209599360173 0.7010741339634956 0.5188982445324517 0.7075341583023671 0.5279809648541604 0.7024464578610256 0.5298322781590612 0.7000358224958382 0.5310693147280389 0.691662036490451 0.5323063512970166 0.6907104698989296 0.5309265797393108 0.6911545343083063 0.52754851833941 0.694707049583319 0.5243607702578137 0.694707049583319 0.5220770104381626 0.691091096535538 0.5197932506185114 0.6870310790783805 0.5199835639368158 0.6839860659855124 0.5222673237564669 0.6813216795292527 0.5202690339142721 0.6753585288890523 0.5211730221762174 0.6744069622975312 0.5223149020860429 0.6758660310711971 0.5247413968944222 0.6703469448403736 0.528262193283051 0.6683169361117948 0.5279767233055946 0.667682558384114 0.5231713120184122 0.661909721062218 0.5205069255621525 0.6613387811073054 0.5196505156297833 0.6652719230189268 0.5138459594215034 0.6635591031541884 0.5129895494891342 0.6598162745608712 0.5141790077285358 0.6562637592858583 0.5134177544553188 0.6590550212876543 0.5078986682244951 0.6565809481496988 0.5052818600978116 0.6469384066889496 0.5003337138219008 0.6453524623697475 0.4933396993742193 0.6461771534157326 0.48610779327865733 0.6417365093219665 0.4832055151745174 0.6442546548262744 0.4825344755986281 0.652858212993706 0.4822841693097503 0.6598671062303122 0.48035332429953465 0.6608620173491968 0.4788609576212075 0.6639232823303807 0.4789757550580019 0.6620099917171407 0.48322326021939443 0.6643059404530287 0.48471562689772163 0.6671376105606237 0.4855766076736796 0.6718825712814587 0.4850600192081048 0.6721007266189173 0.47996808323736495 0.6711058155000326 0.4787053114326266 0.6724833847415652 0.4769259511623135 0.6711058155000326 0.4731376357480985
3 0.7696524670269556 0.6625370829699773 0.7555715714701698 0.6616086722739254 0.7535600149620574 0.6587073888487635 0.7517031935699537 0.6606802615778736 0.7382412384772025 0.6573147728046859 0.7322065689528656 0.6553419000755757 0.7377770331291765 0.6511640519433425 0.7416454110293924 0.6531369246724527 0.7438117026535135 0.6520924626393942 0.7452043186975911 0.6464059471260769 0.7563452470502129 0.6414157396347985 0.7628441219225757 0.6395589182426947 0.764391473082662 0.6370057888285523 0.7718187586510764 0.6401391749277272 0.7752229312032665 0.6430404583528891 0.7801744549155428 0.6437367663749279 0.7852807137438279 0.6460577931150575 0.7882206809479919 0.6501195899102842 0.7828049518876896 0.6546455920535368
3 0.7874470053679488 0.6382823535356236 0.777543957943396 0.6356131727844746 0.7795555144515083 0.6338724027293774 0.7784723686394479 0.6303908626191831 0.7812576007276034 0.6296945545971443 0.7841975679317674 0.6309711193042156
5 0.5685403588761947 0.6423453448540494 0.5569440129222908 0.6371269891747926 0.5571759398413688 0.6306910171703759 0.5648295281709454 0.6308649623596845 0.5745704587722248 0.6343438661458556 0.584311389373504 0.6352135920923984 0.5889499277550656 0.6383446054999524 0.5935884661366272 0.6426932352326663 0.6005462737089696 0.6477376457226146 0.607504081281312 0.6506947139408601 0.6184046464779815 0.6550433436735742 0.6260582348075582 0.6599138089742137 0.6348714577325252 0.6614793156779908 0.6364949461660716 0.6646103290855448 0.645772022929195 0.67122024627927 0.6422931191430237 0.677134382715761 0.6359436121120908 0.6846482651184871 0.6289858045397485 0.6865616622008811 0.6206364354529377 0.6811693613323161 0.6088081625799556 0.6719502662989624 0.5988353050595984 0.666557965430397 0.5900220821346314 0.6582085963435863 0.5805130784524302 0.6482937205529984 0.5730914170419317 0.6458584879026784
16 0.5805167854272951 0.6620083816954981 0.5833244802242459 0.6699736897607603 0.5867425434553162 0.6722625713887092 0.5863763223948444 0.6753754504027198 0.5822258170428304 0.6761078925236633 0.5760000590148093 0.672811902979417 0.5705067431077321 0.666677700216514 0.5730702905310348 0.6591701684768415 0.5779532380039925 0.6595363895373134
16 0.5857659539607246 0.6656705923002164 0.5834465539110698 0.6636563764676214 0.585155585526605 0.6619168264303802 0.5888177961313232 0.6610012737792007 0.5899164593127386 0.6593532790070775 0.5957759962802879 0.6642057080583291 0.5966305120880554 0.6660368133606882 0.5915034172414498 0.6646634843839189
16 0.6006025391737897 0.6862982673241962 0.6013349812947333 0.6851996041427807 0.597794844376839 0.680438730356647 0.5927898232170574 0.6788822908496418 0.5914470126619941 0.6809880619473547 0.5941326337721208 0.6842840514916011 0.5975506970031912 0.6868475989149039
16 0.8118874934392921 0.6385358168748894 0.816256997647411 0.6440817260621171 0.8249960060636483 0.6491234616868692 0.827180758167708 0.646728637265112 0.8298696838342424 0.6437035958902606 0.8281891052926583 0.642065031812216 0.8214667911263218 0.641434814859122 0.8194500968764209 0.6376535131405577
5 0.7826928494249473 0.519316836609999 0.7781072702937333 0.5191203117900899 0.7748318566285803 0.5233455954181372 0.7748318566285803 0.534350985333051 0.77653507173446 0.5531191056343774 0.7785003199335516 0.5686445664072024 0.7803345515860373 0.5768986088433878 0.7871474120095553 0.5839735023601181 0.7906848587679205 0.5863318001990283 0.794484338619498 0.586135275379119 0.7982838184710753 0.5888866228578475 0.7971046695516203 0.5901640341872572 0.7988078846574999 0.5950771546849866 0.8005110997633793 0.5963545660143962 0.8026073645090773 0.5962563036044417 0.8040485465217445 0.5934066937157586 0.8066688774538668 0.5901640341872572 0.8061448112674424 0.5846613392298003 0.8088961587461709 0.581615204521208 0.8109924234918686 0.5774881833031152 0.8130886882375666 0.5745403110044777 0.8142678371570216 0.5696271905067483 0.8136127544239911 0.567072367847929 0.8117785227715053 0.5646158075990643 0.8111859571929978 0.5635736067092469 0.8098418496456482 0.5612095981797642 0.8084142927922212 0.5591732906877362 0.8070456524249362 0.5477956200605528 0.8077965575285044 0.547468966328141 0.8096664249419766 0.5466555490709895 0.8139110583398944 0.5466065834603563 0.8140058040638094 0.5406397795701448 0.8074549767335035 0.5378884320914163 0.805620745081018 0.5340561981031873 0.8095512414792014 0.5317961626742318 0.8107303903986565 0.5224612337285459 0.7959255206321652 0.5160741770814977 0.796711619911802 0.5193168366099992 0.796293912102488 0.5233671312741226 0.7897195207636207 0.5238954305781387
5 0.7445002408025523 0.6376600939412875 0.742319087753326 0.640277477600359 0.7340307061662663 0.6379872668986715 0.7333036551498576 0.6326434419280671 0.7293775796612504 0.6204289848524003 0.7357756286056474 0.6129040068325698 0.7398962996631613 0.610320665188511 0.74280747468173 0.6095779343480917 0.7455181122255244 0.6110500267407275 0.7529340325928938 0.6101775655210371 0.7544146205928308 0.6080527277704741 0.7696839374049894 0.6053675465561896 0.77078388223599 0.6043512502509832 0.7685018872208734 0.5998887289075153 0.7691879028080418 0.5991997191904586 0.7733561141041174 0.5998510886734366 0.7746642974553943 0.5974927145911141 0.7770137691111237 0.5997076675967615 0.7796256583459676 0.5992275320470891 0.7853940955384756 0.5948872305479701 0.7882333352419879 0.5864558138315373 0.7915858312981076 0.5870149808155086 0.7940956602520814 0.5864446593300298 0.797677411650695 0.5887771719085203 0.7964895236719862 0.5902969580503709 0.7975450692161161 0.5923357842847814 0.7978312768669905 0.5954633684097991 0.79468887473319 0.5949152341964783 0.7893550757565955 0.5994247842981971 0.796582834291026 0.6023754865558038 0.7973360306691886 0.605420690688555 0.7910087914972287 0.6058410640722366 0.784508051973188 0.6077504074083815 0.7795337747842818 0.6080808223091546 0.7750363834917195 0.6123587185702632 0.7783808181671997 0.6149761022293347 0.7761996651179734 0.6199927542425551 0.7743093324753105 0.6265362133902337 0.7676204631243503 0.6245731756459301 0.7615132345865169 0.6259909251279272 0.7609315937733898 0.62871736643946 0.7552605958454016 0.6310075771411474 0.7494441877141317 0.6307894618362249 0.7478446754780325 0.6319890960132992 0.751043699950231 0.6351517679346773
16 0.5874214358872983 0.5888880152355861 0.5824576288623241 0.5890572359296193 0.5778322632254163 0.5877880807243702 0.572191573424309 0.5874496393363038 0.5723043872203312 0.5854189910079052 0.5745606631407741 0.5826268495563571 0.5838113944145898 0.5829652909444236 0.5865189255191212 0.5849113289258056
16 0.5935133808724942 0.5838960047616063 0.5904674083798962 0.5804269805339254 0.587082994499232 0.5767887356122112 0.5871958082952541 0.5726428286083975 0.5939646360565827 0.5739965941606633 0.5950927740168042 0.5750965286718792 0.5957696567929369 0.5748426976308293 0.5957696567929369 0.5739965941606633 0.5967849809571363 0.5723043872203311 0.6037794363105091 0.5737427631196135 0.6072766639871955 0.5740812045076799 0.6073206315530585 0.5701362041622622 0.6020049416942792 0.564850159128723 0.608233905385817 0.5605515381233385 0.6169742611611061 0.5562829922795927 0.6149633064426616 0.5506245353283268 0.6182214397877998 0.5463552571519388 0.6276213417375657 0.5486584203786745 0.628894635228769 0.5466642180725987 0.634849154790573 0.5529276985550623 0.6362347977074709 0.551663767516 0.6306547762313149 0.5449789766871824 0.6279958398232138 0.5430128617375302 0.6303177279542317 0.5403164755208643 0.6320918380116596 0.5363276387240156 0.6140458205579579 0.5345230369786454 0.6064664932274031 0.530552913138831 0.6049025050480822 0.5275753202589702 0.606105572878329 0.5266730193862851 0.6120006052465382 0.5262218689499426 0.6155130506347709 0.5244889756513624 0.6216943198283185 0.5251720206225127 0.634182882519253 0.5254982144241416 0.6379729438334174 0.5241002409885891 0.6423221945218026 0.5238206463014786 0.6467335773628791 0.5210246994303739 0.6514556209674115 0.5222362764078526 0.6535059820062217 0.5208383029723003 0.6546243607546636 0.5185083472463796 0.6604026509549468 0.5203723118271161 0.661645294008771 0.5210712985448923 0.6635713907421987 0.5215372896900765 0.6667401305294508 0.5232148578127392 0.6677342449725103 0.5280611657226543 0.6707165883016887 0.5286203550968751 0.6760599534331334 0.5251254215079941 0.6761842177385158 0.5243798356756996 0.6750037068373826 0.5225624702094814 0.6754386319062212 0.5213508932320028 0.6811547899538133 0.5204655100561529 0.6838886046722269 0.5225624702094814 0.6869330801540966 0.5204189109416345 0.690536745010187 0.5202325144835609 0.6938297491028217 0.5221430781788157 0.6942025420189689 0.5238206463014786 0.690536745010187 0.5269893860887307 0.6897290270252013 0.5310435090518326 0.6918415202167025 0.5329074736325691 0.6919036523693939 0.5358898169617476 0.6900396877886574 0.5365422045650053 0.6902882163994222 0.5393847505506285 0.6917793880640114 0.539664345237739 0.6932084275759094 0.5369149974811526 0.7006642858988557 0.53640240722145 0.7083686728325663 0.5363092089924133 0.7109782232455975 0.5341656497245663 0.7191796674008383 0.533792856808419 0.7201116496912066 0.5357034205036739 0.7200495175385151 0.539198354092555 0.7226590679515463 0.5391517549780365 0.7220377464246343 0.5358432178472292 0.7230318608676938 0.5311367072808696 0.7289344153733591 0.531090108166351 0.730556304752062 0.5223449039803101 0.7349032784363707 0.5216735767190119 0.737260126092854 0.5196181863209162 0.7384659551264035 0.5209747439836594 0.7392280079764649 0.5279886854628372 0.7420233389178752 0.5285641947743039 0.7464629821777621 0.5288108416220754 0.7475591903900798 0.5283175479265325 0.7474495695688481 0.5257277560249318 0.7433387887726565 0.5256044326010461 0.740653078652478 0.5214525439968927 0.7380221789429154 0.5192738301749111 0.7348859497758198 0.5189203578894402 0.7359140637483668 0.5162532474335698 0.7401869010992952 0.5141989987071618 0.7386256720672251 0.5124939722642433 0.7387900119653378 0.5099672463307615 0.7402690710483515 0.5090839193784062 0.7421590230344398 0.5120832339291248 0.7452963899222002 0.5151391107678525 0.749457751862034 0.5165198421884483 0.7582774622601234 0.5175870325228098 0.7529271573359992 0.5130795838538559 0.7568116252946099 0.5119802061297208 0.7658265226325178 0.5125298949917884 0.7693445313497501 0.5132994593986829 0.7753544629083554 0.5163227481400545 0.7729358319152582 0.5181916902710841 0.7778463857497283 0.5179718147262571 0.781291102618685 0.5154982148469531 0.7820973129497175 0.5128597083090289 0.7858395539343702 0.5139207072285502 0.7903925860606897 0.5141215762929466 0.7950348933267406 0.5160633105821122 0.7960169198637901 0.5188085211288637 0.7958383695843265 0.5226919897071948 0.7901247606414944 0.523361553255183 0.7831612997424177 0.5190763465480589 0.7780726167777078 0.5186076520644672 0.7741940117537572 0.5228621746239411 0.7741047366140257 0.5310308499093965 0.7752653134305383 0.550649061865449 0.7789599681797225 0.574114420992045 0.7735527395790658 0.5724542469787921 0.7729257319566539 0.581389105598161 0.7614305922124365 0.5806053460701462 0.7643222917200554 0.5920519474623972 0.7724733908114095 0.5937762184240297 0.7743544136786451 0.5912681879343823 0.7768279723532865 0.5888557852730597 0.7761776428697698 0.5826544291266684 0.7777570144725959 0.5812608659477041 0.7756202175981841 0.5763137166623807 0.7769208765652174 0.5761046821855361 0.7821235124333509 0.5801460154045327 0.7850035430032104 0.5832815325572024 0.7877906693611391 0.5863473715509239 0.7865829146060367 0.5894828887035936 0.7846319261554866 0.594778428783658 0.7794663381007111 0.5990231324778138 0.7771437328024372 0.5993018451136066 0.7746353190803014 0.5970024658683156 0.773334660113268 0.5994412014315031 0.7692468747883061 0.5988140980009692 0.7678533116093417 0.5995108795904514 0.7699901084837536 0.6043186725578783 0.7627306686322299 0.6022540691403393 0.7578976978056431 0.6018147081561042 0.7589228734355252 0.6037918325851623 0.7586299661127017 0.6071968802129849 0.75335763430188 0.6075264009511613 0.7527718196562332 0.6095035253802195 0.7466541678971623 0.6103292230696618 0.7432783569292029 0.608894503408279 0.7393399107999167 0.6099916419728659 0.7359640998319571 0.6119327332794426 0.7288375879824678 0.6194613126205781 0.7325509800472233 0.6328801612182172 0.7319883448858967 0.6354120194441871 0.7330010881762845 0.6403069453477284 0.7346662378880966 0.6443435171877505 0.7387828754040817 0.6453997597082993 0.7434411757511173 0.6490559838178913 0.7434411757511173 0.6515747159822767 0.7409495267282844 0.6523872102288528 0.7386745428378716 0.6510059700096736 0.7367245566460892 0.6477559930233697 0.7336912447922055 0.6481622401466577 0.7356412309839879 0.6502747251877552 0.7355328984177777 0.6518997136809073 0.7322829214314737 0.654418445845293 0.7278412862168584 0.6523872102288528 0.724266311531924 0.6496247297904945 0.7231829858698225 0.6472684964754241 0.724266311531924 0.6467809999274785 0.724266311531924 0.6435310229411746 0.7279496187830685 0.6427997781192561 0.7309829306369522 0.642231032146653 0.725782967458866 0.6364623229959634 0.7253948633430454 0.6305767847676271 0.7231198794526326 0.6277330549046112 0.7230115468864224 0.6242393296443344 0.7195449047676984 0.6247268261922799 0.7183532465393868 0.6268393112333775 0.7166199254800247 0.6288705468498175 0.7139649953005964 0.629513093055378 0.7147140143892459 0.6309736802782442 0.7135155838474069 0.6333330904074898 0.702430101335396 0.6279401529692141 0.702430101335396 0.6242325084803998 0.6961383409907411 0.6195136882219086 0.6919438340943045 0.6180531009990423 0.682655997395052 0.6233336855740205 0.6852999676977621 0.6252208213831217 0.6928277900968713 0.6249172801573512 0.6957417858642684 0.6272849017183613 0.6963893404792456 0.6281348171505188 0.6953370642299077 0.6286811913569057 0.6933944003849762 0.6331128932531555 0.693232511731232 0.6345091828916999 0.6951751755761635 0.6355412230593197 0.6964405892542477 0.6352922833321493 0.699145997717782 0.6326612813088294 0.7038398107553379 0.6321224507305384 0.7090052489279901 0.6377598724650847 0.7044551240446448 0.64573456502379 0.6999049991612998 0.6491830807248514 0.6927205914507546 0.6480335754911644 0.6903257888805728 0.6456627209466845 0.6898947244179403 0.6446569038672082 0.6878830902589876 0.6407054796264083 0.6843098467920511 0.6400504719539416 0.6806732702070006 0.6377820516447775 0.6762408715017766 0.6395466352770333 0.6732351148210395 0.6394473164776446 0.6700765578890036 0.6415921453868285 0.6661013376675701 0.6418860877271458 0.6630219417213887 0.6402064172110471 0.6618461723601198 0.6385267466949482 0.6570871058978398 0.6403323924997545 0.6555194134161476 0.6382747961175336 0.6524960064871699 0.6299604270628445 0.6555194134161476 0.6273149459999889 0.6597185897063946 0.6267690530822568 0.6627419966353721 0.6309682293725037 0.6642537000998613 0.6357552903433853 0.6723721075943386 0.6336557021982618 0.6709723821642564 0.6292465670935026 0.6701325469062068 0.6237456461532791 0.6692367226309542 0.6142135159744185 0.6690687555793444 0.6121979113551 0.654560443114602 0.6164115888756492 0.6505908496362336 0.6157349536236545 0.6501111501164223 0.625526735960618 0.6406683292663642 0.6285490400861939 0.6341726308472159 0.6273762056494033 0.6360371368749345 0.6302180737077807 0.6412638900540816 0.6373548011308002 0.6451089881121578 0.6409183359872247 0.6436841663896806 0.6476129027568049 0.6413374011997182 0.6483043603574188 0.6420079055397074 0.6496872755586467 0.6443546707296699 0.6502844434864496 0.6451928011546564 0.6503158733773866 0.6490901076308438 0.6526416853067244 0.6536160119257715 0.6603420085862883 0.6535741054045219 0.6645221840809089 0.652777881500785 0.6674137340471126 0.6505987423958197 0.6686080699027184 0.6509759010870637 0.670933881832056 0.6509339945658145 0.6719710682329769 0.6480424445996108 0.6724425165970319 0.6465338098346349 0.672379656815158 0.6459890250583936 0.6711224611776782 0.6402059251259863 0.6669737155739945 0.6365600577772949 0.6643964645171608 0.6350514230123189 0.6612849053143983 0.6264182707820176 0.6596209169289541 0.6182651601681853 0.6541716982138474 0.6009189310824655 0.6473455372101542 0.5914272479383011 0.6402867979433166 0.5928764494337234 0.6390052526560053 0.588048656260404 0.6362896189960132 0.5845548585691861 0.6344791965560185 0.5851265709186582 0.6334786999444424 0.5874134203165463 0.6336692707275998 0.5868417079670742 0.6306201381970823 0.5888744629874192 0.6301913539349783 0.5950362516428399 0.6331928437697064 0.5992923324666872 0.6320494190707624 0.604564790800707 0.6311918505465544 0.6078680177087676 0.6289050011486662 0.6058352626884227 0.6282856461034048 0.5993558560610731 0.6287620730612983 0.5936915131295069 0.6269302338918665 0.5905788570046036 0.6258344518887118 0.5873271163300544 0.6216065967391486 0.5878087952116811 0.6179940051269489 0.5891187143380402 0.6168752002906366 0.588132121541937 0.6145208311181174 0.5905537584050996 0.6127046034707454 0.5944104393353216 0.612637335780102 0.5958454834023809 0.6135118157584663 0.602392871958339 0.6137808865210399 0.5953073418772337 0.6115610527298075 0.59503827111466 0.6102829666075827 0.6006585335219833 0.6086579182806043 0.6181366631605303 0.6060316665729918 0.6179209839340262 0.60210900064095 0.6186758612267902 0.5998039289076883 0.6230433655634967 0.5989142520983591 0.6232506765652129 0.5982672144188471 0.6222884882707327 0.5932526724026286 0.6229355259502447 0.5931717926926895 0.6267903578585409 0.5965279689725881 0.6341337827277072 0.594136773466752 0.6374342590342258 0.5917124545302629 0.6544879555479158 0.5853887217284042 0.637996057569932 0.5783962606017529 0.6317871352322151 0.5795384680129366 0.6172320184324461 0.585170096722049 0.6162859966576969 0.580144356043694 0.618966391686153 0.5774245434412901 0.6278747633983744 0.5728126872893878 0.6328413777158076 0.5707432646571241 0.6348910915610976 0.5732265718158406 0.6363889593711172 0.5741725935905898 0.6411190682448631 0.5731674454549188 0.6412897098672745 0.5689899865389084 0.6407768515040559 0.5685186155747269 0.6351957075399235 0.5687822916675206 0.6338333810604896 0.5675957492499492 0.6318118643490716 0.5661455307395841 0.6321194864573308 0.5651237858800087 0.6344486252770081 0.5633439722536514 0.636821710112151 0.5637065268812427 0.6395463630710189 0.5617948752084887 0.6453614129981967 0.5624726107021499 0.6549753410210373 0.5592770721263762 0.6587990623937579 0.5629642320214997 0.660638718046038 0.5627455606937559 0.6691661702778279 0.5576138499952576 0.6829070521139592 0.5531813074674735 0.685990574921326 0.550252589659006 0.7045479040935292 0.5514988683621043 0.6990283395336069 0.5562793944077964 0.7054667584503637 0.5612461747150088 0.7062945551682323 0.566833802560623 0.7096977194528038 0.567868548457959 0.7164120706088503 0.5711797353294339 0.7161361383695608 0.5744219391410864 0.7276333150066265 0.5749048205598432 0.73204823083526 0.5751807527991327 0.7338877790971907 0.576974312354515 0.7354513951198315 0.5762154986964687 0.7370150111424725 0.5711797353294339 0.7413379495580091 0.5715936336883681 0.7443732041901947 0.5737321085428625 0.74529297832116 0.5706278708508546 0.7431774978199398 0.5689032943552949 0.7428095881675537 0.5643504124070167 0.7458448427997391 0.5640054971079048 0.7464886846914147 0.5603493949373178 0.7496159167366969 0.5609702424757194 0.7480523007140559 0.5582109200828236 0.7415219043842023 0.5580729539631788 0.73867060457821 0.5591766829203371 0.7319562534221634 0.558279903142646 0.7302086825733295 0.5573831233649548 0.7299327503340399 0.5531061736559664 0.7344396435757697 0.5528992244764991 0.7422577236889745 0.5520024446988079 0.7410620173187197 0.549932952904136 0.7337038242709976 0.5515885463398735 0.7303926373995224 0.5477944780496418 0.7280932020721093 0.5482773594683986 0.7264376086363719 0.5506227835023599 0.7232183991779934 0.551312614100584 0.7152163642385958 0.5520714277586304 0.7052155999649112 0.5516588370174634 0.7046458004816384 0.551414239418272 0.6859981674621087 0.5501838145248605 0.6851969790813183 0.5499318278567085 0.676913621781865 0.5495612112684574 0.6556746580568178 0.5597011191149464 0.6550324432247047 0.5590004263453404 0.654280894593848 0.5592822570819115 0.6453490281732828 0.5622739987470525 0.6394811677092868 0.5616019408367672 0.6390475819607155 0.56171033727391 0.6364798486012769 0.5604831915252162 0.6361279652440383 0.5604835185080482 0.6342293906810036 0.5609677419354838 0.6322939068100358 0.5634946236559139 0.628763440860215 0.5640994623655913 0.6294735333210509 0.5717212813935524 0.627410031766406 0.572737978182746 0.6260455264693816 0.5731709462096863 0.6246810211723572 0.5727773389124677 0.6221619344701583 0.5721082065071962 0.6183833044168601 0.5747060146688389 0.6140273836609744 0.575768754371329 0.6136600168502372 0.5761623616685476 0.6084119195539894 0.5762804438577132 0.6082623956140188 0.5828064803790707 0.6020419651994638 0.5863951902336216 0.5963000294321823 0.5886201903434432
5 0.7521890137145472 0.5129518340040772 0.7562931729704369 0.51669810806747 0.749259352279985 0.5156277440493577 0.7450798356378324 0.5144809254585232 0.7404925612744944 0.5087468325043505 0.7407983795653837 0.5046947401500685 0.7469147453831677 0.503318557841067 0.7462363348577348 0.4982826466860621 0.7508672788410309 0.5019252794534108 0.7568536210633401 0.5042972263716843 0.7584913939354814 0.506965666654742 0.7635410079775763 0.5072154347558139 0.7745536186695605 0.505732967931893 0.78206478391076 0.5051399812023246 0.7934727190891231 0.499548963466394 0.7999673356510626 0.5060718174916462 0.794263368061881 0.5133994392213128 0.7919215796781462 0.5142324910625576 0.7900600046991089 0.5136042095071326 0.7860576184941789 0.5136391140379896 0.7817218730722214 0.5123985129800056 0.7810237824550825 0.5148767346708489 0.7778591049907191 0.5175992880776911 0.7735309431644575 0.5179483333862605 0.7758113725137779 0.5160983932508422 0.7716693681854203 0.5140390259302823 0.7692027813381956 0.512887176412003 0.7658054070014528 0.5122937993874348 0.7571025439744536 0.5116306133011528
16 0.7151539649926888 0.6697130133177019 0.707532541235809 0.6684286075268702 0.707201914143064 0.6641662900362973 0.7074458815719179 0.6590280430310577 0.7102327900273806 0.6575376758045292 0.7157764215715899 0.6569833126501083 0.7210878731130239 0.652277546570526 0.7256151722074616 0.6528319097249468 0.7287103664863117 0.6544603514910584 0.7314359853288813 0.655534430102749 0.7370720107321609 0.6575439965375248 0.7374415861684415 0.6598653922466624 0.735455118198433 0.6611473570412607 0.7364252537186698 0.6641963543905759 0.7355937089870384 0.6665177500997137 0.7412391091934352 0.6673644939386186 0.7429841788451238 0.6661180156159838 0.7577757216070554 0.6662426634482473 0.7600193825877981 0.6673021700224868 0.7619306493491713 0.6704183658290735 0.7518757242132513 0.672662026809816 0.749133471903455 0.6731606181388698 0.7468898109227127 0.6758405465325346 0.7424024889612276 0.6760275182809297 0.7370010828964773 0.6739708290485824 0.736668688677108 0.6777102640164866 0.7302700999542499 0.67783491184875 0.7218771459151762 0.6724127311452891
1 0.7424471873281558 0.6405948713869006 0.7334964265994589 0.6383466260623576 0.7329897797657591 0.6398032357092447 0.7348897053921334 0.6438880758059495 0.739153982909107 0.6451230274630927 0.7439686547187218 0.6488562668339479 0.7444330809829467 0.6464813598009801 0.7457841392061462 0.645563062414899 0.7448130661082216 0.6435998059343122
16 0.7906980682667404 0.6619774213010521 0.7919872786124948 0.6593990006095435 0.7949094887295379 0.6599146847478451 0.7943078572348525 0.6560470537105823 0.8004960668944732 0.6560470537105823 0.8068737817294288 0.6581418815075736 0.8122884651815968 0.6581418815075736 0.814780938516722 0.6617516704756856 0.8128041493198986 0.6648457753054958 0.8150387805858728 0.668004340652594 0.814093359665653 0.6700026166885131 0.8091943603517866 0.6712273665169797 0.8054986240272909 0.6685200247908957 0.7961303621814763 0.665490380478373 0.7875356265431143 0.6677464985834431 0.7822928378037133 0.6694869325502114 0.7721510497504461 0.6710984454824043 0.77034615526639 0.6687778668600466 0.7720651023940625 0.6656193015129485 0.7641579456067695 0.6678109591007307 0.7605481566386574 0.6661349856512503 0.7558210520375581 0.6640077885807556 0.760891946064192 0.6624607361658505 0.7700023658408557 0.6629119597868645 0.7773078911334634 0.6592377103014647 0.7792846803302866 0.6602046180607805 0.7843555743569202 0.6590443287496015 0.7870199424048125 0.6614938284065347
16 0.8117729929847536 0.5632877243290713 0.8129002871250307 0.5606361480562227 0.8151225605727513 0.5593482395808391 0.815324585431635 0.5469237107594919 0.8120921876894959 0.5468479514374105 0.8092638396651242 0.5469994700815733 0.8074180279705441 0.5480156676955666 0.8087772983684351 0.5591958498370594 0.8102136745397753 0.5612706154178844
16 0.7573073373960593 0.6398338639423953 0.7560571815660165 0.6386953291686064 0.7540033541309463 0.6384944112673495 0.7513244487808549 0.6405705629136704 0.7481097623607452 0.6408384534486795 0.7455201538556566 0.6380256028310834 0.7519495266958762 0.6352127522134875 0.7485562465857604 0.6319310931596254 0.7497171055708001 0.6311943941883502 0.7554307799851352 0.6312583885739175 0.761804102033378 0.6290130738955011 0.7620194733940733 0.626549763957549 0.7675652859319763 0.6249748608824649 0.7735956840314437 0.6268728209985919 0.7776521406304243 0.630082376424038 0.7789982116347697 0.6335148574851188 0.7773290835893814 0.6354128176012458 0.7773829264295551 0.6359377852929405 0.787720751742928 0.6389260629225874 0.7907897936328354 0.6416316656413217 0.793589621321874 0.6438123006683611 0.7933204071210048 0.6401375268264983 0.7945587924450027 0.6334744753549886 0.7922973931577023 0.6333129468344671 0.7889591370669257 0.634201353697335 0.7871823233411898 0.6316572794991222 0.7895514083088376 0.6290728231707791 0.7851362954145847 0.6291535874310398 0.7822826248853726 0.6277805950066075 0.7824979962460678 0.6241058211647444 0.7795904828766819 0.6241058211647444 0.7766829695072957 0.621925186137705 0.7784059403928577 0.6155448095771078 0.7787735729330832 0.6148790288094773 0.7752421671620133 0.6120941045729158 0.7799301220181225 0.6084356627751005 0.7848868153464817 0.6081550952282123 0.7907787338311352 0.6061209805132725 0.7976535358033116 0.6055349080715782 0.7968118331626468 0.6022382393956411 0.7897041219748108 0.5991519963798703 0.7948478603344289 0.5952240507234348 0.800459211272194 0.5972581654383745 0.8041065893817414 0.5991519963798704 0.8097179403195065 0.5993624220400365 0.8111207780539478 0.5958553277039333 0.8213147322575545 0.5918572401607757 0.8244944977889546 0.5921378077076639 0.824588020304584 0.5968373141180423 0.8211276872262956 0.5973283073250967 0.8188831468511895 0.5989415707197041 0.8174803091167482 0.6025188069425295 0.8183220117574129 0.60525434052469 0.8181349667261542 0.607569022786518 0.8156098588041598 0.6092524280678476 0.8143940661009773 0.6113566846695095 0.8112143005695771 0.6110059752358992 0.8084086251006947 0.6144429276852803 0.8065381747881062 0.6154950559861113 0.8118689581789831 0.6167576099471085 0.8114948681164654 0.6198438529628792 0.8089697601944711 0.6208258393769881 0.8133653184290537 0.6237717986193148 0.813178273397795 0.6276997442757504 0.8085956701319534 0.6323992506861287 0.8014879589441176 0.634994500494845 0.8040130668661117 0.6415878378467192 0.8027972741629295 0.6448845065226562 0.7968118331626467 0.6472693306712061 0.7957830854907231 0.6493735872728682 0.7914810497717698 0.6485318846322033 0.7894235544279227 0.6494437291595903 0.7861502663808929 0.645796351050043 0.7796036902868337 0.6430608174678824 0.7752081320522509 0.6420788310537735 0.7724959790989979 0.6395537231317792 0.7639854301767208 0.6364674801160084 0.7622085023797619 0.6392030136981689
16 0.7043948771100655 0.5187017919794137 0.7045876480845286 0.5160270947087388 0.6953249048882791 0.5087707943516468 0.689156233705461 0.5083732042168169 0.6896381611416186 0.5111201906029154 0.6958550250680525 0.5167948861636718 0.7013971905838655 0.5188189813955342
16 0.6413258972600101 0.48310714294828344 0.6442243688699442 0.4820755477945935 0.6432826350969515 0.47995436827818955 0.6406654583801946 0.4787196518432679 0.6388925322172302 0.47928952096707783 0.6380904941911273 0.4801126652570256 0.6395257201325746 0.4818539320242228
5 0.6168545880811236 0.585858232424542 0.6159509042427392 0.5804361293942363 0.6078177496972806 0.5842316015154503 0.596792806868992 0.5895181519699985 0.5873944949497955 0.5954824653033348 0.5817916551518127 0.5995490425760641 0.5821531286871665 0.6034800672730359 0.589201862626564 0.6071399868184923 0.5929973347477782 0.6107999063639488 0.6005882789902063 0.6082244074245534 0.613782063030617 0.6063266713639465 0.6177582719195079 0.6057844610609158 0.6175775351518311 0.6019889889397018 0.6184812189902154 0.5994134900003065 0.62281890141446 0.5986001745457606 0.6219152175760757 0.5931780715154549 0.6231803749498137 0.5929069663639396 0.6267951103033511 0.5962957807578808 0.6338438442427485 0.5939913869700009 0.6374585795962857 0.5915514406063631 0.6530019416164957 0.5855871272730266 0.6483027856568973 0.5823338654548433 0.6374585795962856 0.5789450510609022 0.6320364765659798 0.5798939190912057
5 0.634776424675176 0.6278459334075547 0.6406225533635095 0.6288360035886434 0.6504289627761979 0.6257243544480788 0.6509947171653914 0.61596509123449 0.6545778282969507 0.6166722842209819 0.6687216880267897 0.6127120034966269 0.6702303663979725 0.6274216176156595 0.6719276295655532 0.6335034772994903 0.6646075720864586 0.6355746350017696 0.663252728931252 0.6309575825481193 0.6598582025960905 0.6264315474345709 0.6555207522789399 0.6271387404210628 0.6521262259437784 0.6299675123670305 0.6553321674825421 0.638453828204934 0.6570294306501228 0.6407168457617083 0.6615554657636713 0.6387367053995309 0.6625290792586042 0.6403902681802837 0.6656737967413203 0.6421827571454317 0.6700764012171225 0.6421827571454317 0.6734726960984558 0.6400129020823576 0.6749821604901595 0.6416167079985428 0.6727179639026041 0.6560509612442091 0.677246357077715 0.6555792536218017 0.6825294824486778 0.6578434502093573 0.6864289321272455 0.6575604256359128 0.6854226225327765 0.6621831603355052 0.683535792043147 0.6635039416782462 0.6811458067562829 0.6679379933288756 0.6783784553714928 0.6688814085736904 0.6747305830915422 0.6710512636367645 0.6665543176364807 0.6725607280284681 0.6639127549509992 0.6726550695529496 0.6622775018599869 0.6698248238185052 0.6554849120973203 0.668032334853357 0.6541012364049252 0.6666172119861349 0.653849659006308 0.6602019883213941 0.6493212658311971 0.6525603248383943 0.6440381404602341 0.6490696884325796 0.6454218161526291 0.6408619758026909 0.6418997325719872 0.6376543639703206
5 0.6364189203610493 0.5740113099204417 0.6403955761781102 0.5730936201165046 0.6408544210800788 0.5688493047732952 0.635348282256456 0.5689640159987873 0.6330540577466132 0.5704552619301853 0.6350423856551436 0.5729789088910123
5 0.7066211490315958 0.5666734539311822 0.71488035726703 0.5655263416762608 0.7214571341952462 0.5632321171664181 0.72772801452215 0.5546287752545073 0.723751358705089 0.5521051282936802 0.7135038225611242 0.5525639731956488 0.7049387177243777 0.5519904170681881 0.6997384755020672 0.5561200211859052 0.7061623041296272 0.5610526038820673
5 0.6593063116479694 0.5627079475019714 0.6562428681797061 0.5597111006308442 0.6627693346990496 0.5565144639683085 0.6710273127439333 0.5525186681401391 0.67715419968046 0.5498215059561247 0.6854121777253437 0.5501211906432374 0.6826151206456249 0.5527184579315475 0.6779533588460939 0.5541169864714068 0.6690294148298487 0.5573136231339425
1 0.6815945785556888 0.6486553905446425 0.6775127552884228 0.6525557291030805 0.6754771974766116 0.6547609167325426 0.6731489985809023 0.6551540427294836 0.6750210271377651 0.6446519625254828 0.6769679368369026 0.6442588365285417 0.6803375882392557 0.6453820536626594
5 0.6882818718561924 0.6247439793946593 0.6876654049409542 0.6208910611744202 0.691980673347622 0.6182710767846575 0.6959877082966708 0.6196195981617413 0.701998260720244 0.6242045708438259 0.7020496329631805 0.6272869054200173 0.6972206421271474 0.6282886641572795 0.6960904527825439 0.6272869054200173 0.6930081182063526 0.6246283918480522
3 0.7063341590965099 0.6641496817905206 0.6957217119755064 0.6710856740160335 0.68965745647779 0.6717679027595266 0.6860189031791601 0.6631263386752808 0.6878381798284753 0.6558492320780211 0.6887478181531326 0.6531203171040489 0.6919315522894336 0.6522106787793915 0.6928411906140911 0.648231011109015 0.6999666908239079 0.6494817638054191 0.7048180952220808 0.6457295057162071 0.709517893232811 0.6378838751660367 0.7061825527090668 0.6342453218674069 0.7039084568974233 0.6319712260557633 0.6990570524992503 0.6325397500086742 0.6955701055880634 0.6352686649826464 0.6937508289387485 0.6339042074956603 0.6960249247503921 0.6291286062912088 0.701179541923451 0.6277641488042225 0.7066373718713957 0.6308341781499415 0.7127016273691121 0.6337905027050782 0.7186142764793856 0.6362920080978862 0.7207367659035863 0.6522106787793915 0.7151273295681986 0.6567588704026788 0.7101243187825826 0.6572136895650076 0.7070921910337244 0.6586918518425758
5 0.7758701506602015 0.5887073305290861 0.7721904424643017 0.5933660817726428 0.7646128172705634 0.5917209394608444 0.7620869422059839 0.5810524408328179 0.7729880872215376 0.5818500855900536 0.7739186727716456 0.5730261404631345 0.7751151399074991 0.5734748156390796 0.7765774886290977 0.5754689275321686 0.7750486695110628 0.5759176027081137 0.7770427814041518 0.5811521464274725 0.7752480807003717 0.5820993495766897