12 0.4145865476923119 0.7169207614177502 0.4149648200898415 0.6896851487956274 0.41383000289725286 0.673230299503095 0.4111820961145466 0.6695421436271826 0.40588628254913384 0.6669888049438586 0.38962056945536616 0.6655702834531231 0.3514150573048884 0.6655702834531231 0.32720562386300167 0.6664213963475644 0.31320954515441085 0.6703932565216238 0.2969438320606431 0.6791880897641843 0.2848391153396997 0.6916710788826572 0.2802998465693459 0.7058562937900128 0.2844608429421702 0.7237296645732808 0.2946741976754662 0.7330919064121355 0.3045092800112328 0.7430215568472843 0.32077499310500046 0.7475608256176381 0.3328797098259439 0.7518163900898446 0.35330641929253587 0.7529512072824331 0.370706949578892 0.7506815728972565 0.3907553866479546 0.7427378525491374 0.4051297377540749 0.7336593150084297
7 0.5299233749884066 0.8166891490767881 0.5095346955928493 0.8142513721925365 0.4947602902337499 0.8109271309867391 0.4645073044900873 0.7984827376325309 0.4373223986293443 0.7798669868800654 0.41604725491224104 0.74861911954557 0.41279688573323914 0.7304466009538776 0.416638231126605 0.713382162764118 0.4263893386636106 0.6947664120116525 0.442050208344256 0.6781452059826656 0.46125693531108547 0.664848241159476 0.48460049577846254 0.6542106693009245 0.5218319972833931 0.6466757225677838 0.5481304388225903 0.6462324904070107 0.5803386425054271 0.6497783476931945 0.6039776910799863 0.654875517542084 0.6181611202247217 0.640470472316962 0.6420956569064629 0.6200817929214046 0.6512557882291045 0.6220763376448831 0.6562790860511982 0.6229628019664291 0.6621888481948381 0.627838355734932 0.6704625151959338 0.6351516863876862 0.665143729266658 0.6415785527188944 0.6562790860511982 0.6493351155324215 0.6344129661197312 0.6681724823652734 0.640027240156189 0.6723831878926166 0.6521422525506505 0.6821342954296221 0.666621169802568 0.7000851979409282 0.6757813011252096 0.7155983235679827 0.6787361821970296 0.7335492260792887 0.6769632535539375 0.751278512510208 0.6642572649451121 0.7736617366292436 0.6450505379782828 0.79094779089939 0.6054551316158963 0.8093419255714689 0.5803386425054271 0.8151039436615176 0.5516762961087742 0.8170984883849961
2 0.650841065059867 0.655107449659448 0.6537241261423954 0.6584916473935294 0.6685824968423585 0.6639721939631881 0.6702875557751411 0.6765774510734025 0.6705311356226815 0.6844329011565798 0.6734540937931661 0.6873558593270643 0.6785692705915141 0.6895480779549278 0.6912354226636136 0.6851636406992009 0.7060937933635768 0.6805965185578188 0.7280601642981901 0.6819626781511735 0.7611870235636815 0.6755687071532386 0.7965061014570364 0.6660690930991638 0.7991854797799802 0.6556560546168125 0.8025955976455457 0.6337338683381787 0.8016212782553841 0.6313589648246598 0.8072236147488128 0.6251476787123803 0.8062492953586513 0.6194844472570665 0.8028391774930861 0.6143692704587186 0.7943138828291728 0.6125424216021657 0.7889551261832846 0.6163788042009267 0.7811605710619925 0.621128611227964 0.7758018144161041 0.6125424216021657 0.7758018144161041 0.5942739330366372 0.7677636794472718 0.5886107015813236 0.755828266917793 0.5833128398973203 0.7438928543883147 0.5875145922673919 0.7139325331408481 0.5971968912071219 0.6873823297589471 0.6079752994607837 0.6722803792114433 0.6140039006874081 0.6627807651573686 0.6167441739722372 0.6564476891213188 0.6151000100013397 0.6383246990682412 0.6167041094002853 0.6312170313301615 0.6208130925959872 0.6348416293407771 0.6250417902750386 0.6414196035081905 0.6195042099810427 0.6568577061459976 0.6224240250451496 0.6707856415984975 0.6349928592223428 0.6658189278233775 0.6418646774188129
9 0.22835391640154207 0.40456820018818085 0.2280004273668648 0.39528911302790154 0.2361306751644429 0.3791169896914146 0.21103295370235386 0.3897216607317339 0.20325619493945307 0.3809728071234704 0.19618641424590688 0.3597634650428319 0.18063289672010524 0.33272155389001773 0.16583121039937443 0.3105142832927612 0.1830608110999719 0.30389390772360886 0.19202020346428256 0.29898347152393856 0.19736137968146775 0.30027569157648343 0.20787143610883219 0.3040231297288633 0.21924297257122646 0.306349125823444 0.23457731719475824 0.3016971336342827 0.2513798742217162 0.2970813900800508 0.2751567231885406 0.29010340179630884 0.2935923959381798 0.28105786142849526 0.29996734819740084 0.28260852549154897 0.31729632923144613 0.2849442390452965 0.32575289305785105 0.2865354272513522 0.33864752605251963 0.279998964585375 0.34853691960770894 0.27600405333579087 0.35429725781879867 0.2693322692052249 0.3634117170135609 0.26386359368836754 0.3634117170135609 0.26030895460241027 0.37186993514630035 0.2552230863717329 0.37274492322899755 0.250465338672067 0.3778490203780644 0.25052002542723556 0.383536442915596 0.25855897843701586 0.3873280579406171 0.26588700362960477 0.39148425133342873 0.27419939041522795 0.39578627607335654 0.2842070666110769 0.396880011176728 0.29169915206917146 0.3990674813834708 0.29858968322041174 0.4031507591027244 0.3096364077644636 0.40504656661523497 0.316636312426041 0.4085381477348286 0.3176722215700458 0.4100777480907437 0.3210659395946955 0.4156193392811592 0.33446419461099597 0.4184946444000513 0.3411766974942933 0.4186232932301774 0.35024644001818006 0.41836599556992526 0.364526460162172 0.41733680492891684 0.37349971606346416 0.42248275813395897 0.37774512745762384 0.42750006250887507 0.3783240471931911 0.4352189923164383 0.3729207963278969 0.43959305254072406 0.37485052877978764 0.43843521306958955 0.37899945355135295 0.43316061103442144 0.37938540004173105 0.42698546718837077 0.38305189170032355 0.42106762100257233 0.38266594520994546 0.41257679821425286 0.38411324454886353 0.40177029648366447 0.38546405726518723 0.3880048716601767 0.38430621779405266 0.3697367377822771 0.3905778482626978 0.35622861061904154 0.39308650045015575 0.3432350787763101 0.39482325965685755 0.33037019576370485 0.39395488005350665 0.31570422912933477 0.39694596535393745 0.3046404297384942 0.3995511041639899 0.2783960683927793 0.4041824620485279 0.2666890248513084 0.40505084165187877 0.24636250969139206 0.4075594938393368 0.23645654977168593 0.40688408748117505 0.22835167347374455 0.40611219450041874
0 0.7183883404791034 0.401493266371708 0.7246708477660652 0.40742441879660496 0.7200693521771242 0.41215415356751073 0.7171267419854889 0.41680669291320815 0.7182854132454921 0.420983969805412 0.7217614270255018 0.4240254818629205 0.7277478952021853 0.4238806479554201 0.7358585940222081 0.42837049908793273 0.7381759365422147 0.4293843364404356 0.7441624047188982 0.43068784160793927 0.7457072997322359 0.4328603502204454 0.7530455510455899 0.4328603502204454 0.7580664598389375 0.4344535232029499 0.7581572277954688 0.437398400651232 0.7620194653288129 0.438846739726236 0.7643368078488194 0.4389915736337365 0.7681990453821637 0.4429020891362475 0.7749579610655161 0.44319175695124824 0.7842273311455421 0.44159858396874374 0.8014142881689239 0.4276945288487045 0.8147390076589613 0.41668715187867356 0.8274843915189973 0.3968449065511177 0.8334708596956806 0.38236151580107697 0.8365606497223562 0.36193993484351933 0.8352088665856858 0.3439805303134688 0.832698412189012 0.3332628211584387 0.8296086221623366 0.3242831188934134 0.8311535171756742 0.3210967729284044 0.8257463846289923 0.32008293557590156 0.822656594602317 0.3173310913333938 0.8139665601522924 0.3134205758308828 0.8104905463722827 0.3154482505358885 0.803538518812263 0.31110323331087625 0.7990969456489172 0.31139290112587703 0.7996762812789189 0.31675175570339215 0.7954278199922402 0.31414474536838477 0.7890551280622223 0.31414474536838477 0.7822962123788699 0.31153773503337745 0.7678128216288291 0.3150137488133873 0.763950584095485 0.31414474536838477 0.7552605496454605 0.31139290112587703 0.7512052002354491 0.3154482505358885 0.7461842914421015 0.31327574192338237 0.7374942569920772 0.3144344131833856 0.7268731037753807 0.3147240809983864 0.720886635598697 0.31834492868589664 0.7187624049553577 0.31993810166840114 0.7110379298886693 0.31964843385340025 0.699837441041971 0.32717979704342154 0.6986787697819679 0.33181448208343456 0.6992581054119694 0.3384768418284534 0.7019616716853103 0.34484953375847127 0.6984856579053006 0.34470469985097085 0.6911474065919466 0.34760137800097907 0.6838091552785925 0.34774621190847943 0.6814918127585861 0.34948421879848435 0.6809124771285844 0.3545534055609986 0.6809124771285844 0.36961613194104104 0.6853540502919303 0.3762784916860598 0.6870920571819351 0.38047867500357163 0.6892162878252744 0.383809854876081 0.6913405184686138 0.38873420773109485 0.6894093997019417 0.3930792249561071 0.6865127215519334 0.3951068996611128 0.6863196096752664 0.4017692594061316 0.687864504688604 0.40539010709364176 0.6923060778519499 0.4036521002036369 0.6938509728652876 0.40524527318614134 0.7027341191919791 0.40452110364863925 0.7129690486553415 0.40234859503613324
17 0.20716533575123608 0.6408370050248802 0.19965880858172164 0.6372982136449661 0.19215228141220717 0.6339202764186845 0.19494042007516968 0.6298989225778733 0.20073116960593798 0.6313466099605654 0.20759428016092263 0.6344028388795819 0.21338502969169093 0.6374590677985985
17 0.4418127419771375 0.6286180323956263 0.45103504678539813 0.6255618034766096 0.45275082442414427 0.6192884914849439 0.45275082442414427 0.6122109087251161 0.4441719362304134 0.6096372422669968 0.4398824921335481 0.610763221342424 0.44052590874807784 0.6176799499486194
17 0.5250279574563265 0.6006294096635794 0.519880624540088 0.6035247844289635 0.5117306807560438 0.6033639302753311 0.5160201248529092 0.5959646392082383
17 0.5261003184805428 0.552534017727476 0.5291029293483486 0.545778143274913 0.5269582072999159 0.5419176435877341 0.519022735720715 0.5478692472721349
17 0.45296529662898755 0.5454564349676481 0.44438640843525673 0.5411133728195718 0.45082057458055486 0.5362877482105983 0.45832710175006935 0.5316229777552571 0.459613934979129 0.5362877482105983 0.45704026852100976 0.5411133728195718
17 0.47355462829394157 0.5230977076127371 0.4688362397873897 0.5239019783808994 0.46368890687115116 0.5200414786937205 0.4615441848227184 0.5155375623920118 0.46712046214864344 0.5118379168584655 0.47334015608909835 0.508138271324919 0.47441251711331467 0.5097468128612435 0.4714099062455088 0.5110336460903031 0.47720065577627724 0.51344645839479 0.475484878137531 0.5152158540847469 0.4694796564019194 0.516663541467439
17 0.44052914421985157 0.4824142282455163 0.438274959119626 0.4825032092363147 0.43708854590898094 0.4710246614233241 0.4395800136513355 0.47191447133130787 0.44503751442030265 0.47422797709206566 0.44871539537330224 0.4774312927608072 0.4461052863098831 0.4801897034755569 0.4417155574304965 0.48223626626391963
17 0.589686446207199 0.4518891334126211 0.5780618030023976 0.4521155875010264 0.5767030784719662 0.44803941390973234 0.5807792520632602 0.4394341585503339 0.5871199665386064 0.44045320194815735 0.5942155279753034 0.4420383805669939 0.593762619798493 0.44600132711408536
17 0.6043304772574034 0.4730625906785095 0.5985936403511377 0.4721567743248885 0.5969329770361661 0.4666086491589606 0.5990465485279483 0.4637779730538953 0.605085324218754 0.4663821950705554 0.6076518038873466 0.46977900639663367 0.6084066508486974 0.47487422338575114 0.607047926318266 0.4794033051538556 0.6002543036661094 0.47838426175603216
17 0.2124385796801075 0.5716187275179654 0.20861792374772162 0.5639774156531936 0.20297790784753297 0.562885799672512 0.19952112390870763 0.5691625915614317 0.20952760373162302 0.5721645355083061
17 0.22935862738067347 0.5710729195276245 0.2244463554676059 0.571345823522795 0.22026182754165943 0.5624764436797564 0.2217173155159017 0.5607025677111486 0.2262657154354087 0.5607025677111486 0.22590184344184813 0.5619306356894155 0.23081411535491564 0.5698448515493576
17 0.23960970775962775 0.5957494214570244 0.2310587159109546 0.5915194095318828 0.23069484391739403 0.5868800416139857 0.23433356385299964 0.5840145496646963 0.23615292382080244 0.5889268215777639 0.24233874771133196 0.5893361775705195 0.24506778766303616 0.5915194095318828 0.24797876361152058 0.59615877744978 0.2481606996083009 0.5982055574135581 0.24506778766303616 0.5982055574135581
17 0.19658174434280373 0.47588991867634284 0.1942042768074389 0.4735437336085486 0.19658174434280373 0.4705406167217719 0.19495505602913304 0.46828827905668946 0.19032525082868573 0.466411331002454 0.18819804303388557 0.46866366866753656 0.18719700407162673 0.4727929543868544 0.18344310796315588 0.47466990244108986 0.18344310796315588 0.4785176459522724 0.18331797809287356 0.48030074660379607 0.1885734326447327 0.4795499673821018 0.19320323784518004 0.47992535699294897
17 0.25213668861895616 0.4679231499208866 0.24450376653173214 0.46745391290732774 0.2403744808124143 0.46782930251817484 0.2402493509421319 0.46604620186665124 0.2466309743265323 0.46435694861783927 0.25287954147683156 0.46609008650779205
17 0.31537351126470065 0.48978245180847224 0.3170853558060382 0.4835964681250024 0.3110160887958415 0.4826627347388183 0.30307935501327654 0.4788110845208088 0.2990331770064787 0.480211684600085 0.29934442146854007 0.4833630347784565 0.3074367774821357 0.48768155168955796 0.3099267331786267 0.48989916848174514
17 0.42222413391587676 0.5967038888810856 0.4147108644893528 0.5960477774505321 0.41315461659257446 0.5932520576610227 0.4218180361252811 0.5894956530980132 0.42934051156190045 0.5914757250525455 0.42711111641816735 0.5935614641592697 0.42547383684165135 0.5960457060982605
17 0.589612227510066 0.5994077458485053 0.5964834143615245 0.5952598952491494 0.5939695655134299 0.593123123728269 0.5839141701210517 0.5938772783826973 0.5750319041911176 0.5929974312858642 0.5698366165717222 0.5927460464010548 0.5735235948822608 0.5961397423459825 0.5817355011193698 0.5975223592124345
17 0.38161859190916464 0.43020525722367936 0.3799430070846682 0.4251785027501903 0.3721934272713725 0.421879695126963 0.36863280951931776 0.42329346982263183 0.36653832848869733 0.4262781052912661 0.3707272905499382 0.4284773103734175