21 0.08260465615894183 0.5782325931125929 0.06453488762417331 0.5556453824441322 0.05765116627759483 0.5311221251469462 0.05937209661423945 0.50272677459231 0.07744186514900797 0.4698139819039817 0.11702326289183426 0.44464537573055407 0.17381396400110682 0.42980235157699426 0.22200001342715622 0.4310930493294777 0.26416280667494946 0.440127933596862 0.3028837392494534 0.4575523532553888 0.33127908980408965 0.4853023549337832 0.3579192587426948 0.522218353504525 0.37578151930141684 0.5409231735235641 0.3828590187680802 0.5831354024854496 0.35084175927603134 0.6129620073806742 0.29354771597447005 0.6225671852282889 0.26355259918718205 0.6207978103616231 0.2514197429586161 0.6210505781997182 0.22647998293323057 0.6225671852282889 0.19985510398721093 0.6215561138759084 0.1604233212443717 0.6177645963044816 0.12469880012692756 0.6058845079140108 0.1011071352380494 0.5932461160092546
9 0.44145980509558747 0.3450712763007568 0.42303793301171694 0.33816307426930536 0.4187394961921471 0.34023553487874075 0.41259887216419033 0.3416171752850311 0.40492309212924416 0.3429988156913214 0.39878246810128737 0.3172081947739026 0.3939210313934317 0.31063881801426696 0.3868593137612813 0.30465170958700905 0.3758065547771987 0.30594310709145406 0.3745507167348837 0.3014430207731588 0.37343441625282603 0.2955824432423556 0.3663180006797079 0.2969429344548635 0.36489072007262563 0.2804704961170087 0.3655884078739118 0.2686446878852094 0.3674023961572556 0.2544118567389731 0.37047222248291445 0.23745804316772112 0.3742397366098593 0.2291904427224809 0.37591418733294596 0.22636480712727225 0.37158852296497213 0.22343451836187067 0.3697745346816283 0.220608882766662 0.36991407224188555 0.21673671546952417 0.3738211239290877 0.21631810278875252 0.3738211239290877 0.2199809637455045 0.3933563823650982 0.22019027008589032 0.417496380289597 0.21998096374550447 0.43954331481023745 0.21935304472434708 0.4670322141809094 0.21725998132048877 0.48330588825593546 0.21657154973749837 0.485311634574605 0.2154808774272092 0.5095911700593609 0.21558553059740215 0.5263284008664614 0.2148137930497503 0.5435271404117953 0.21485821623043222 0.5609194798604268 0.2139158556329303 0.5785763415820412 0.21351907222345584 0.602562028647939 0.2116654195282158 0.6160058636821727 0.21064909228707898 0.6166978940217288 0.20924031623869652 0.6399303411354041 0.21050080007145977 0.6425996010165498 0.21176128390422297 0.6443791076039802 0.219027602469564 0.6460597527143312 0.2231797845069017 0.6454665838518544 0.2251817294177609 0.6473449519163643 0.22933391145509865 0.6487290125954769 0.23823144439225086 0.649816488843351 0.2509845749355024 0.6472460904392848 0.2592147929023682 0.6466529215768081 0.2641084360178019 0.640523509997881 0.26477575098808837 0.6329111762627618 0.2675191569770436 0.6249033966193249 0.2707074396128565 0.6206523531049076 0.27582352105171903 0.6176865087925236 0.284572761773252 0.6157092792509341 0.28798348273249375 0.6143252185718217 0.2936185869260235 0.6115570972135965 0.29940198333517243 0.611260512782358 0.30555611028336943 0.6120514045989938 0.3180126563953825 0.6161047251592521 0.32520482885291385 0.6227127723279277 0.32825491136594065 0.6240453709032854 0.3509090871470228 0.6140508815881022 0.35074251232510306 0.6084983875241115 0.3482438899963072 0.5710184895408036 0.34764165334645775 0.4923951735946954 0.3469753540587789 0.4639664039870629 0.34630905477109997 0.4457542234571734 0.34614247994918024
1 0.6878353962826492 0.677441439183267 0.6772376361028869 0.6720916083232907 0.6674550882446448 0.6699516759793002 0.672550165254146 0.6644489928090391 0.6829441223535281 0.6604748327416281 0.6843707439161885 0.6633790266370438 0.6857973654788487 0.6693402667381602
1 0.6927266702117705 0.6711744944615806 0.6947647010155706 0.6658246636016044 0.700878793426972 0.6672003343941697 0.6994521718643117 0.6711744944615806 0.6968027318193711 0.6733144268055711
1 0.6533926756984217 0.658946309638778 0.6509470387338613 0.6531379218479468 0.6434063247597996 0.6543607403302267 0.64503674940284 0.6575706388462126
16 0.6118372908520949 0.6938497687046318 0.6039991341493929 0.686587947053599 0.6042296681700606 0.6808822300420733 0.6104540867280888 0.6814009315885755 0.6120678248727627 0.6833028372590841 0.6139120970381043 0.6867608475690997 0.6215197197201386 0.6900459573636145 0.6238250599268157 0.6922936640651247 0.6215197197201386 0.6954058733441387 0.615756369203446 0.6948871717976366
16 0.6268220021954959 0.6794990259180671 0.6316632166295177 0.6765597171545537 0.6371960331255427 0.6751765130305475 0.6422677815802323 0.6765597171545537 0.6408845774562261 0.6800177274645693 0.6367349650842072 0.6819196331350779 0.6309716145675146 0.6817467326195772
16 0.7980775588763094 0.6910530695470726 0.7809654153813418 0.6876582410795226 0.779309401494732 0.6836010070573286 0.7806342126040198 0.6818621924763884 0.7936615218453498 0.6832698042800067 0.800175176466015 0.684843017472286 0.8016103885010769 0.687906643162514 0.7997335727629191 0.6901422619094372
16 0.8105277858969763 0.680989097971093 0.8053833923334552 0.678202551457519 0.8083842885788424 0.6756303546757586 0.8168153780301686 0.6720935841008377 0.819387574811929 0.6694142124531708 0.826389666051166 0.6700572616486107 0.8252464674814947 0.6730581578939981 0.8223884710573163 0.6772379776643589 0.8169582778513774 0.6798101744461194
16 0.8069581315949503 0.5600959229027598 0.8002763775422523 0.5581684938490968 0.8007903586232292 0.5530608068568903 0.8049022072710433 0.5497841774656634 0.8054161883520201 0.5458329479056546 0.8097850275403224 0.5448692333788231 0.8146678478096018 0.5470857767905355 0.817494743754974 0.5501696632763959 0.8119694471344738 0.5544100071944543
16 0.6503938794963379 0.6282294206803503 0.6450744093805008 0.6292933147035177 0.6442830779992561 0.6256372575466995 0.6457836720626124 0.6229099505645133 0.648882576642969 0.6196439400045773 0.6546494555890076 0.6173245069428844 0.660709586944035 0.618114394975114 0.662096713751179 0.6226439770587214 0.6567772436353423 0.6231759240703051
16 0.6032279111359165 0.548111884431395 0.6014547544306375 0.5449202023618929 0.6040983045255772 0.543184284967759 0.6120545925820242 0.5426418107820921 0.6123439121477133 0.5474155836159604
16 0.5560300390425089 0.5136718523114574 0.5614793352509111 0.5126879516071626 0.560369293430681 0.5077684480856884 0.5536081296165524 0.5078441327552496
16 0.7924948793325278 0.4614361758818798 0.7873798569599593 0.4607689990506752 0.7854895226048797 0.45759990910245335 0.7896037797306412 0.4519289060372143 0.7929396638866641 0.450010772647501 0.7979434901206988 0.4514285234138108 0.8029473163547333 0.4529296712840211 0.80150176655379 0.45534818729713783 0.7977210978436305 0.45543158440103837 0.7950523905188122 0.45718292358295043 0.7946076059646756 0.45951804249216655
18 0.7456254544336564 0.38546365765149376 0.7408288931314133 0.3863630128956643 0.7374713002198434 0.3822259787724798 0.7408288931314133 0.37952791303996825 0.7377111282849556 0.3761103631121202 0.7456254544336564 0.3768298473074566
18 0.6849489539602839 0.33653873236861637 0.6911844836531997 0.33635886131978227 0.6931031081740968 0.33402053768493883 0.6904649994578632 0.3298835035617544 0.6844692978300597 0.32952376146408613