8 0.4225369083867313 0.35288643019210303 0.40584914162265856 0.35270864250066647 0.3923344210463121 0.34800262372854585 0.38026770624600276 0.3411245962923695 0.3735103459578295 0.3393145890723231 0.36337430552556976 0.319766511095822 0.346556049064884 0.2838091321032754 0.3301453169364633 0.24797098914635674 0.3151825905840797 0.20670282452929883 0.3021505385997456 0.17738070756454716 0.29870331380353893 0.16262004513455927 0.30140225948076793 0.14642637107118558 0.30462385813041265 0.12941230320274943 0.3163449936429497 0.11313080630384684 0.3253186310163396 0.11258244908688603 0.37918044744688006 0.11393406394587928 0.3963745134935364 0.1135219450935561 0.46466134069498854 0.1144588589386738 0.4778419060922495 0.12887251406730363 0.49425263822067017 0.1563846238120089 0.49666598118073213 0.1813627234486492 0.4985966555487816 0.20489281730925238 0.5029406728768929 0.29032515809544246 0.5023894596327604 0.2984327052290231 0.4867098704602874 0.3128527864187892 0.48776374448663407 0.32401485461247176 0.48790940187238907 0.3375995478545242 0.4682285186324054 0.34516516383228024 0.42272343770617377 0.347240781579292
9 0.13844836462806567 0.7257453419827071 0.1330286777565044 0.6887929314947893 0.1295797861109654 0.6559052861605424 0.12711629207843753 0.6403852737556168 0.1276089908849431 0.6359509844970668 0.12120390640037065 0.6296690747141207 0.10198865294665335 0.6396462255458585 0.08770038755799177 0.6385376532312209 0.09213467681654192 0.6182138274628661 0.1029740505596645 0.6115623935750409 0.1236674004328985 0.6045414355823365 0.14091185866059353 0.601585242743303 0.20693349873234015 0.5945642847505987 0.24339321041375248 0.5908690437018069 0.27098434357806445 0.586804278548136 0.28231641612769265 0.5794137964505524 0.3069513564529712 0.5698061697236937 0.32764470632620524 0.570545217933452 0.33207899558475534 0.586804278548136 0.33257169439126094 0.6115623935750409 0.3345424896172833 0.644819563014167 0.3409475741018557 0.6662519610971593 0.3452746235655389 0.6899460049395933 0.35387648388019555 0.6913586276194714 0.3602810429347677 0.6912523391334322 0.35646127280386236 0.700101535268177 0.3491823882857368 0.7033478737389764 0.3360205860368 0.6972919859070104 0.325673911100183 0.6928576966484602 0.3158199349700715 0.6854672145508767 0.30448786242044334 0.6850976904459976 0.2961119827098487 0.6891624555996685 0.2675354519325255 0.6939662689630979 0.23353923428364104 0.7009872269558022 0.20644079992583456 0.7050519921094732 0.18821094408512842 0.7061605644241108 0.15520012404925512 0.7250062937729489
20 0.19573088323956053 0.4639161158308117 0.18587330909488625 0.4620678206786854 0.17742395982802261 0.45361847141182177 0.17988835336419118 0.446753375132495 0.17601573495021203 0.43645573071350496 0.1753116225113067 0.4269502127882834 0.17707190360856995 0.422989580319441 0.1746075100724014 0.4134840623942194 0.17495956629185405 0.40345046013981883 0.17812807226692795 0.3984336590126186 0.17214311653623285 0.3934168578854183 0.16651021702499041 0.3891921832519865 0.16580610458608513 0.38338325563101777 0.17143900409732754 0.38021474965594393 0.17707190360856995 0.38338325563101777 0.18235274690035974 0.3815349604788912 0.18870213362662117 0.3733556207295369 0.19433503313786363 0.37256349423576846 0.2017282137463693 0.36913094609610503 0.24080645410561363 0.36200180765218876 0.24819963471411927 0.36622648228562066 0.2541845904448144 0.3635860606397257 0.26087365861441475 0.3635860606397257 0.2636901083700359 0.3596254281708834 0.3038245173876382 0.3601535125000625 0.30452862982654355 0.3633220184751363 0.31192181043504924 0.3646422292980837 0.32177938457972344 0.3633220184751363 0.3224834970186288 0.36622648228562066 0.3316369587243977 0.3651703136272627 0.33374929604111364 0.36833881960233655 0.340438364210714 0.37441178938789477 0.3467753761608618 0.37441178938789477 0.3478315448192197 0.3849734759714744 0.347479488599767 0.40055196368225426 0.34923976969703024 0.40715301779699137 0.3464233199414091 0.41349002974713917 0.3436068701857879 0.4195629995326973 0.3436068701857879 0.42642809581202407 0.3453671512830511 0.43540552940806665 0.34923976969703024 0.44306275218116187 0.35064799457484086 0.4501918906250781 0.3513521070137462 0.45468060742309935 0.3386780831134508 0.4541525230939204 0.33515752091892426 0.45520869175227835 0.3224834970186288 0.4541525230939204 0.318258822385197 0.45652890257522566 0.3189629348241022 0.45943336638571014 0.31016152933778596 0.46550633617126835 0.29431899946241663 0.46629846266503683 0.2876299312928163 0.4649782518420894 0.28129291934266853 0.46629846266503683 0.27249151385635223 0.46761867348798425 0.26545038946729926 0.46550633617126835 0.25172019690864583 0.4699950529692897 0.2457352411779507 0.47210739028600557 0.21651457496338067 0.4718433481214161 0.18729390874881058 0.47263547461518457
18 0.5022697199560956 0.7886216064724663 0.4860422865990849 0.7669262336147237 0.49239215182574125 0.7634867232836181 0.484278435147236 0.7568722803391846 0.4846312054376057 0.7454954384747584 0.5036808011175747 0.7436433944503171 0.5005058685042466 0.7378226846592156 0.49380323298722045 0.7362352183525515 0.48956998950278285 0.7288270422547857 0.5005058685042466 0.7206251330036879 0.5230831670879136 0.7134815346236993 0.5262580997012418 0.7073962471148205 0.5167333018612572 0.6999880710170548 0.5234359373782835 0.698665182428168 0.5343718163797471 0.7002526487348321 0.5382522895738149 0.6920507394837344 0.5467187765426901 0.6901986954592929 0.5523631011886068 0.697077716121504 0.562240669318961 0.7013109596059415 0.5671794533841382 0.7013109596059415 0.574587629481904 0.6997234932992774 0.5802319541278207 0.7026338481948282 0.5802319541278207 0.7113649128814807 0.590462292548545 0.7190376666970237 0.6024564824211179 0.7185085112614691 0.6105701990996234 0.7301499308436723 0.6077480367766649 0.7388809955303249 0.6116285099707326 0.7425850835792077 0.6190366860684984 0.7465537493458682 0.6186839157781285 0.7544910808791885 0.6102174288092536 0.7608409461058449 0.593637225161873 0.7698365885102746 0.6024564824211179 0.7780384977613722 0.6102174288092536 0.7796259640680365 0.6021037121307482 0.7878278733191343 0.591873373710024 0.7904736504969077 0.5858762787737376 0.7957652048524547 0.5784681026759718 0.7978818265946734 0.5668266830937685 0.8060837358457714 0.5604768178671121 0.7944423162635681 0.555185263511565 0.7933840053924587 0.544954925090841 0.7973526711591188 0.532960735218268 0.7992047151835603 0.5220248562168043 0.7933840053924587 0.5211931512638577 0.7983151210499659 0.5175556939343317 0.7991881108090522 0.5094077895161935 0.7947140382937351 0.5094077895161935 0.7900217183386467
18 0.482028375270829 0.7020669378753422 0.4847616629737981 0.692432098722376 0.4814817177302351 0.6883321671679226 0.4710952244589526 0.6942770679218804 0.46918192306687423 0.7006319618312834 0.4730085258510309 0.7018619412976195
18 0.48722162190647 0.7016569447198968 0.4910482246906268 0.7076018454738546 0.5093612523005198 0.7063718660075184 0.5107278961520043 0.7026819276085102 0.505261320746066 0.6985819960540566
18 0.6171745016589096 0.7257280455955436 0.6166531061837527 0.7289867673152749 0.6237788443442316 0.736416652836262 0.6274286126703306 0.7386325836056793 0.6340329553556525 0.7370683971802083 0.6368137312231564 0.7313330469534813 0.6336853583722144 0.7259887433331221 0.6281238066372066 0.7245549057764403
1 0.7640621491655637 0.6017557923301704 0.7864230949992779 0.5892488226265673 0.7909710839824062 0.5810055925946471 0.7924870803101156 0.5753206063657367 0.791729082146261 0.5642348832193614 0.7921080812281883 0.5514436642043129 0.7924870803101156 0.5437689327952838 0.7875600922450601 0.5343887055175816 0.7811171078522947 0.5284194699772257 0.7735371262137476 0.5252927275513248 0.7610301565101446 0.5258612261742159 0.7568611666089438 0.5224502344368697 0.7462491923149774 0.5187549933880778 0.7356372180210112 0.5184707440766324 0.7276974883182911 0.5228794515367655 0.7165818667344823 0.5322076120266599 0.6957536410171404 0.5466321355938032 0.690536327271655 0.5534334093844315 0.6884237537395024 0.5564945948782263 0.6826755309012408 0.564798154541169 0.678743019031158 0.571563236264752 0.6829563456331078 0.5767418529229643 0.6954633153367108 0.5787315981030831 0.70786339922917 0.5790890493435743 0.7086190123024084 0.5815532039296021 0.7066320122514935 0.5841197831223672 0.7064527356623538 0.5871766518190695 0.7132762721872968 0.5875433267578942 0.7170662630065705 0.5935125622982502 0.7200982556619894 0.5966393047241509 0.722751249235481 0.6000502964614972 0.7261622409728272 0.6017557923301704 0.7409432051679943 0.6026085402645068 0.7572401656908713 0.6031770388873979
5 0.5433473601114036 0.5081713779436093 0.5335843818946012 0.5120319336506142 0.5245233378521051 0.5132502487184181 0.5222674694765962 0.5096482490478769 0.5224918111731067 0.5049370734211549 0.5184536606359166 0.5009830510201563 0.5204727359045116 0.48567173023331006 0.5237256905039148 0.4744826881198457 0.5284368661306368 0.46304126159780684 0.5251839115312336 0.4606856737844459 0.5265299617102969 0.45345065407198026 0.5300072580062107 0.4464680187680889 0.533079223499351 0.43276641878106775 0.5426965767491095 0.4186451641854716 0.552313929998868 0.40736847886093064 0.5682977001886076 0.4018825238381811 0.5752550593865621 0.4038127672721115 0.5776207227681478 0.4084129514280751 0.5886823667640483 0.4134385541089049 0.5949577224924918 0.41670918442500043 0.595808618184484 0.41878324267423184 0.5887887287255473 0.4241279312395588 0.5849596981115817 0.42612221801766575 0.5811306674976161 0.4266806183155357 0.5820879251511076 0.4340195936589698 0.5803861337671228 0.43880588192642667 0.5840024404580904 0.43952382516654526 0.5903841581480329 0.4384867960419295 0.5987114812781141 0.44807635330509415 0.598498757355116 0.4504694974388226 0.608177695851529 0.4533412703992968 0.6105118044601175 0.45286077316279366 0.6077427043591865 0.44274033386256073 0.6038962315467866 0.436376683989105 0.5958638912620693 0.42254635159746123 0.601746732033975 0.42118877295779067 0.5972214699017397 0.41474027441935557 0.5930356024294222 0.4142311824294791 0.5887366034037987 0.4117705711450761 0.5816093155455283 0.40846147321087917 0.5782153689463518 0.4037947966370116 0.5795729475860225 0.40107963935767055 0.5850032621447047 0.4028614613222381 0.5891891296170222 0.4009099420277117 0.5905467082566929 0.3984493307433088 0.6066113888261279 0.39972206071800004 0.607290178145963 0.40252206666232054 0.6077427043591865 0.4049826779467234 0.6156619130905983 0.40566146726655866 0.6207528329893627 0.4092251111956939 0.6313871990001155 0.41261905779487024 0.6476781426761623 0.42042513497297596 0.6439448014170682 0.42322514091729646 0.6451892485034328 0.4288251528059376 0.646886221803021 0.4324736454000522 0.6454155116100446 0.43603728932918734 0.6458680378232683 0.4377342626287756 0.6463900712950071 0.4373899609468236 0.6470551047474554 0.4490166269308931 0.6930807259642077 0.453687453424612 0.7046381422801907 0.45694127186829725 0.7075823016614262 0.45436337369742896 0.724823962631217 0.4553129517663021 0.7344981233597102 0.4570875151603765 0.7510550957722367 0.4447645381035123 0.7460560970711295 0.4354631116704878 0.7532807327938361 0.4333892344610015 0.7613130694938179 0.43594222359428053 0.7763934034461513 0.43704681505144527 0.7828642782577926 0.4519349923514831 0.7918180430325009 0.45631188641416887 0.7976661938142867 0.4424239453029823 0.8020743078478025 0.4284990636292851 0.805918444950665 0.41735748666854666 0.8049927205034965 0.40449117755260106 0.8050463765456599 0.40022552220060553 0.8136550061539191 0.39625798792409683 0.8178160869747593 0.400364317681505 0.8234006954448343 0.40192472298932 0.8292596067427042 0.4033237087726217 0.833749193944137 0.4072657853397335 0.836815253496335 0.4089083172426967 0.8374722662575202 0.41424654592732724 0.8375817683843846 0.4215558128955137 0.8358297343545571 0.429357839434589 0.8350632194665075 0.43502457449981213 0.8348442152127792 0.4437299935855174 0.830683134391939 0.45358518500329675 0.8276170748397409 0.46040169240059403 0.8249890237949997 0.46820371893966933 0.8247700195412713 0.4699283774377808 0.8254270323024566 0.4727206816728184 0.8247700195412713 0.47592361888359663 0.8226894791308513 0.4783052901428933 0.8219229642428018 0.48274012628089413 0.8211564493547522 0.48873536772670995 0.8203899344667027 0.4912812921763029 0.8155718408846773 0.49202043153263647 0.8091108155709881 0.4886299477452482 0.8039999202330829 0.4919713141739505 0.7993835027514244 0.4941425952776119 0.7963319725516843 0.49537494401212245 0.7869426488601755 0.49514021091983457 0.7821306635026772 0.49692995637309956 0.7713925542764143 0.4967710040983707 0.7702375201600995 0.49675390655388374 0.7683526585016365 0.4973997492088255 0.7690638546986609 0.5012138353073504 0.7746876398533443 0.5067634251867503 0.7783375227266227 0.5095008373417091 0.7781487571638206 0.5127208320844091 0.770809639300486 0.5178841620662705 0.7622825299921487 0.5234901794007797 0.7574903095605133 0.5217529994943118 0.7466279432488062 0.5183984451921669 0.7359253176181536 0.5180989314151898 0.7250968673245423 0.5241439686921426 0.7155857332632323 0.5319045722423101 0.6951895104103343 0.5454926591889552 0.6853272977766116 0.5590866121643712 0.6717731124629711 0.5804934727782577 0.6549889634698266 0.5963307116720443 0.6373283197538101 0.6006083002060327 0.6186704320666646 0.5999760351612918 0.606113686923287 0.5963004758931334 0.6246627687918677 0.572666007090459 0.6368418133556799 0.5546960963934053 0.6343963249469395 0.5539998917199591 0.6285118918066244 0.5548226174465538 0.6179485585602071 0.5588524354943635 0.6073961397453712 0.5584631537931207 0.5974076017497697 0.5574850115664527 0.5948728204192222 0.5556383868567808 0.6049139926958153 0.5453595030951156 0.6166254852384035 0.5396259818789624 0.6206604320172783 0.5374372678808639 0.6220494984208235 0.5356521358660296 0.6224651419005259 0.5339877576489507 0.6248407109782337 0.532885000211158 0.6287659522456438 0.5330560706041149 0.634733226577364 0.5302383217494142 0.6399958431220549 0.5270314147924932 0.6500407759399413 0.5238551531935156 0.6654692273461105 0.5109699233081779 0.6735197071489261 0.5110115709741172 0.6803996601749787 0.5039366414298602 0.6934651878962409 0.4922630451031841 0.6997696028100653 0.4903022289000254 0.7145826027131861 0.4897735685339011 0.7196793283911266 0.4910842402444706 0.7126024273947893 0.48724310540357285 0.7024175796153539 0.48647616638025964 0.6988058744420571 0.48332745800650573 0.6898228496160848 0.48086659930545983 0.6762144839132369 0.4816997731254547 0.6711781300416587 0.48422428629676434 0.6637930111198416 0.484891987943003 0.6611764318503449 0.4846104520566913 0.6574967980981739 0.4800055700639635 0.6451385122107733 0.47763016481508846 0.6426230946416821 0.48303502789133357 0.6441408452101737 0.48756282814019836 0.6421353242009059 0.4924242539587606 0.6105670858037374 0.5091274586463871 0.6069144457243544 0.512420482282231 0.6096115982647339 0.5151152055610713 0.6121440416972518 0.5199439768009003 0.6133649818286908 0.5248992363014208 0.6035332047865555 0.5351874204222355 0.5929072357360732 0.5438445653109119 0.5924261387029438 0.5481589753129278 0.5890900884145109 0.5507326320291039 0.5846398321344984 0.5518777206176775 0.5813564986431369 0.5574432110883083 0.5742758874312546 0.5659806769082439 0.5646955632539725 0.5736120316868116 0.5551272084325303 0.589254024955863 0.5531161113303097 0.5945308400402173 0.5461374016772108 0.5941151310508598 0.5371465516967802 0.5930843459585377 0.5277179109986958 0.5863036201742918 0.5237370057073399 0.5806214069444524 0.5246451040923367 0.5673579008854043 0.5247341799828185 0.5614992480066604 0.5297761616545339 0.5599877174204314 0.5388629776756837 0.5476429802283075 0.5473070143307736 0.5355128769051936 0.5509390783482079 0.531874572792436 0.5497049001711924 0.5274648664596525 0.5529279570290839 0.5198656361361146 0.5574862089798605 0.5133881202060636 0.5612285257253707 0.5080722120009418 0.561435545688378 0.5074175183208369 0.5607849439442384 0.5040766910566151 0.5645035179040825 0.5010178640896465 0.5696615398483825 0.5000732263498474 0.5771200064482768 0.4976537512821709 0.5896379320115333 0.49260775023517384 0.5975804622751224 0.48708713281333454 0.6030533886021084 0.48265789021800404 0.6094952462231376 0.48071091086239437 0.6140622348350613 0.4733556555189805 0.6006984416301416 0.4720931854252965 0.6002296851111207 0.4720489022582776 0.593372004599723 0.48224938685322905 0.5869782205430298 0.4857713492245847 0.5821227905450899 0.4867808940756415 0.5711549500651661 0.4861193188960772 0.5665101792203111 0.4841205092767059 0.5617498455944748 0.48111627433601034 0.5605887886125634 0.48059379869415025 0.5588472031396964 0.4825530823511256 0.556413789226319 0.48642852322493385 0.5558009223811797 0.4890232252975684 0.5527906478322422 0.49196961200668343 0.5497943414815715 0.49563851728208264 0.5481860916743038 0.5002315269935678 0.5472585279242022 0.5037631713133032
16 0.6443476731593154 0.48738292432445995 0.643126289617101 0.4831589729076352 0.6453654927778274 0.47786631089137294 0.6572400549938004 0.4803090779758017 0.6607006416967411 0.4849401572400312
16 0.5812225351439069 0.43836029529959314 0.5825886326486697 0.43451814606744754 0.5825886326486697 0.43266110727191054 0.5815640595200976 0.4270899908852994 0.5856623520343862 0.42670577596208487 0.592919745028439 0.42228730434511746 0.595310415661774 0.423183805832618 0.6032508574082083 0.4371436147094137 0.6072303408670996 0.443832272133352 0.6083402950897193 0.4510683198538929 0.6086818194659102 0.4527972870083585 0.6025343806944772 0.4513884989565717 0.6024489996004294 0.450235854186928 0.6000583289670944 0.4490191735967486 0.598862993650427 0.4467138840574612 0.5904956464337543 0.43762079754138333 0.5840920643801782 0.4389015139520985
1 0.5955897930769052 0.41644035735052926 0.5960792876630164 0.41870983224977204 0.5942103083342282 0.4206121862094314 0.5935428157168038 0.4221474192295076 0.5947443024281677 0.4224811655382197 0.5963907842178144 0.4214131773503407 0.5998172463205927 0.42084580862553006 0.6001287428753909 0.42024506526984806 0.5988827566561987 0.41840946057193107 0.5976367704370066 0.4162734841961731
16 0.779040840630536 0.5037619461274448 0.7728407511430944 0.5037619461274448 0.7699990434613501 0.5014369125696543 0.7696545940453813 0.49833686782593345 0.7709385578560677 0.4971503046523296 0.7820571835390493 0.497140843616662 0.7868390256815411 0.49558282537761256 0.796490280144031 0.49565557601158294 0.7964118892892358 0.4981542845081719 0.7940209682179902 0.499330147330096 0.7891215397933061 0.5000650615937986 0.791781515190521 0.5029055575135125 0.7906387913596907 0.5046196432597576 0.7880268511749362 0.5038850350827954 0.7863943885594648 0.5004568635903051
16 0.7910195684771872 0.5247079705816722 0.7939917352782279 0.5216986516956185 0.7933229977479939 0.5199710797425137 0.7885675308663287 0.5189679734471625 0.7860411890854444 0.5188007890646039 0.7852238432151581 0.5216986516956185 0.7856696682353141 0.5230361267560869 0.7886418350363548 0.5240392330514381
16 0.53875676258736 0.42151932434339534 0.531683347746239 0.4199684486663658 0.5289565070263401 0.41690075285647943 0.531683347746239 0.4085741499439306 0.5377213521974441 0.4056525348868959 0.5404481929173431 0.4056525348868959 0.5439541309857847 0.40360740434697173 0.5464861973685481 0.4012701123013439 0.5404481929173431 0.4015622738070474 0.5338258654547311 0.3977641742329024 0.5318781220833747 0.39615728595153327 0.5322676707576459 0.39381999390590555 0.5297356043748827 0.39016797508461215 0.5353840601518163 0.3868081177690223 0.534460781100209 0.3814168456958762 0.5373823961572437 0.3746971310646965 0.5428360775970418 0.37411280805328956 0.5436151749455843 0.3681234971863685 0.5459524669912121 0.3640332361065199 0.5399144625400072 0.35906649050956096 0.5412778828999566 0.35629095620537804 0.5373823961572437 0.3511781298555674 0.5434204006084487 0.34854867630423614 0.5521852457795527 0.35307717964263985 0.558612798905029 0.349132999315643 0.5644560290190983 0.3476721917871257 0.5689358387732182 0.34606530350575665 0.5739999715387449 0.3466496265171636 0.5778954582814578 0.350301645338457 0.5815961706870351 0.3454809804943497 0.5790641043042717 0.33715437758180095 0.5866603034525618 0.33423276252476625 0.590945338869546 0.3408063964030943 0.5944512769379876 0.33876126586317 0.596983343320751 0.3377387005932079 0.5995154097035145 0.339345588874577 0.5993206353663788 0.34270544619016685 0.6026317990976847 0.34241328468446336 0.6014631530748707 0.339345588874577 0.6158764540229086 0.3299964206920659 0.6318479496680315 0.33131114746773155 0.6415866665248138 0.33583965080613537 0.6466507992903403 0.34007599263883553 0.6556104187985803 0.33627789306469047 0.6624275205983277 0.33730045833465266 0.6635961666211416 0.33423276252476625 0.6727505604665168 0.3314572282205833 0.6756721755235514 0.3327719549962489 0.6741139808264662 0.33686221607609745 0.6731401091407883 0.34168288092020466 0.705472649105305 0.3396377503802804 0.7037196800710843 0.3361318123118388 0.7210545960761565 0.33671613532324574 0.7321567332928884 0.33890734661602173 0.7387790607555005 0.3432897692015738 0.7479334546008757 0.35073988759701213 0.7533871360406738 0.3478182725399775 0.7718906980685599 0.34884083780993963 0.7716959237314244 0.3532232603954917 0.7777339281826293 0.35483014867686063 0.777928702519765 0.3583360867453023 0.765268370605948 0.3595047327681161 0.7689690830115253 0.3611116210494852 0.7654631449430837 0.3641793168593716 0.7639049502459985 0.36666268965785115 0.7648984487144319 0.3690805688097402 0.7632441106012674 0.3709074436242452 0.7760699902302393 0.37219173309101466 0.7861324838529324 0.36518336129970097 0.7933500909834383 0.36766224973551603 0.7944388698880896 0.3711663950193401 0.7968407455684337 0.3761393071281329 0.7887276300088828 0.39080781422947775 0.7918348868804201 0.39187957447221977 0.7993123408934408 0.38881721320510076 0.8042176910669773 0.39333540774630826 0.7997282328421441 0.3980675140985146 0.8032605022089592 0.40421470930290404 0.8048966634250635 0.41720335932853236 0.7914630689013039 0.45591209977081093 0.783538814112097 0.4514268750798622 0.7778569644328615 0.43622623119191173 0.7612842778592308 0.43557889989679993 0.7540256731321402 0.43216283960253987 0.7450243398768673 0.43481017021909774 0.7498618007860045 0.44469337048517865 0.7339970775379305 0.4562338843963359 0.7255639777964672 0.45478476393423084 0.7079369321230402 0.4536654989061713 0.7042402689151116 0.45646421356133265 0.6935694210993987 0.4532287789222341 0.6472109811663614 0.44903201459883063 0.6465545800999677 0.43718084636819055 0.6459258056196608 0.43743255163224193 0.6455560587997717 0.436078743326172 0.6472473771066853 0.432549605009317 0.6455424793690743 0.4286112912354353 0.6443149529979942 0.42318971642983194 0.6484067075682609 0.4203766351627736 0.6320055913324418 0.4121138481213532 0.6206801992183109 0.4089562558889757 0.6158352698493363 0.40552260359646153 0.6081476100228537 0.40484484605055904 0.6067524739900627 0.3993910578900824 0.5903809863977496 0.39800777882592037 0.5890940860868101 0.40066907353958514 0.5850926584755752 0.40247854264319505 0.579737806819364 0.40066907353958514 0.5780886007760364 0.40337920992668247 0.5803835372001268 0.4079249493820926 0.5782651343471201 0.4081897497387184 0.5757936643519458 0.40302614278451465 0.5684969434138119 0.4014814740375307 0.551667409637148 0.40708641491944403 0.5438915261489292 0.41584464168076934 0.5414897088552707 0.41881689058167154
16 0.6293656585355369 0.5227542354624436 0.6331767526385113 0.5223320568181277 0.6365657616246074 0.521918282465174 0.6368022041120095 0.5191400832381999 0.6363293191372054 0.5178987601793391 0.6394030714734321 0.5163027733893752 0.6394818856358995 0.5144703441120093 0.6366445757870748 0.5096232731202672 0.6334131951259133 0.5067859632714425 0.629078416190209 0.5041259852881693 0.6267928054786558 0.502470887876355 0.623868000071225 0.5025199992962563 0.6183793487933439 0.5053719455484886 0.6185945900199274 0.5059638589215935 0.6169444072827867 0.5070938753611572 0.6168726602072588 0.5091386670137011 0.6174466368114817 0.5118022771926729 0.6195273020017896 0.5134703966986957 0.6219681667957679 0.5159681557399386 0.624164505842539 0.5197019321194495 0.6262876335877512 0.5212942779283586
3 0.600440037113573 0.47228942003525 0.6136132786336234 0.4735577831632395 0.609234480122763 0.48028618087504915 0.602773082320152 0.48224863020766034 0.5892153996199092 0.492094182648846 0.5773606036514826 0.4966598810961456 0.5693618505249539 0.4996492629568656 0.5642756042569734 0.5007843642581344 0.5603802839444225 0.5041896681619409 0.5611213769025812 0.5075957176108836 0.5568884062170123 0.5130284430486401 0.5520374251847512 0.5191098219992216 0.5487823010904691 0.5260850879155404 0.5495263294548764 0.528875194282068 0.5503633613648347 0.5316653006485955 0.5489683081815708 0.5327813431952064 0.5465818372027341 0.5354214117366244 0.5404656158698768 0.5436856986554072 0.53537394819157 0.5514325740496199 0.5300429138041937 0.5575121440872784 0.5271217990713849 0.556416726062475 0.5242737122068961 0.5534043264942659 0.5233973777870534 0.547543840061568 0.5259467076422442 0.5398767735243267 0.5289408502433733 0.5339067452891485 0.5290138781116935 0.5255815683006431 0.529817184663216 0.5235002740535167 0.5268230420620869 0.5187352056456221 0.5260267823508392 0.5133510540376834 0.5336735015240126 0.5122075040546383 0.5436703751686677 0.5083946240285511 0.5476591526827446 0.5040568284819926 0.5485566276234118 0.5002924197030826 0.5500191793785734 0.4958549047186722 0.5532766810150694 0.4922151452370771 0.5562682641506268 0.48922356210151946 0.5569330604029732 0.4865809969984436 0.5593595667240364 0.48281658821953355 0.5606559194161115 0.480996708478736 0.5617860730451 0.4815700952463846 0.5656751311213247 0.48438716936570136 0.5710932205779458 0.48683029559307334 0.5816824751688877 0.48717325918764004 0.5858279546567319 0.48652401446252824 0.5881547415399433 0.48570489050874466 0.593947966024674 0.4824283946936102
16 0.6904307815767514 0.4944654956535945 0.6902125653480333 0.4904151474738463 0.6919829868161936 0.48820212063864604 0.6857274976286941 0.4854579673629976 0.6798260927348267 0.48634317809707783 0.673601045696373 0.48427671367116376 0.6722780804077882 0.4838375425791698 0.6758634215670392 0.4822492619266851 0.6894820482451949 0.48104453725900215 0.6982514334779492 0.4834612470745253 0.7023021019258109 0.4868135244106867 0.7124287730454651 0.48744207641121695 0.7184473340814432 0.4906412760074431 0.714604116721199 0.48943252216026956 0.699561846623039 0.49011438330482904 0.6933494717223344 0.49193182211125697
3 0.6045502331550839 0.5972950232721789 0.5954202917153599 0.5972950232721789 0.582669856256435 0.5967047253342657 0.5746418043008156 0.5956421890460218 0.5716509614153887 0.5951699506956913 0.5670859906955268 0.5965866657466831 0.5552800319372629 0.593989354819865 0.5615765432750037 0.5805305618354443 0.5653544500776481 0.5799402638975311 0.568974944096849 0.5779332509086262 0.5658266884279786 0.5739192249308165 0.5705490719312841 0.5697871393654242 0.5759011065683637 0.5658911729751972 0.5816402348237966 0.5587760280286256 0.5847884904926668 0.5524008102991631 0.5895108739959724 0.5511021548357541 0.5931313680151733 0.5482687247337709 0.5937610191489474 0.5440185795807958 0.604307675639663 0.5351641105120979 0.6142889501212058 0.525064077865531 0.6126188843181631 0.5192135618483762 0.6106628674824744 0.5150919549446036 0.6077754140583627 0.5121579296910705 0.6108491548001591 0.5092239044375375 0.6178896800480629 0.5054559143449099 0.6183586432545868 0.5057531173998024 0.6168258706046132 0.5069516151633455 0.6166954218684454 0.5092507741383056 0.6171519924450332 0.5118434427696434 0.6217839009445165 0.5161122716024694 0.6240667538274556 0.5199523562734134 0.6263169945263526 0.5216155776595547 0.6292194789060894 0.5229119119752236 0.6366550568676623 0.5220558421441215 0.6370464030761662 0.5191941229944371 0.6364580337911699 0.517961467721798 0.6395203213533157 0.5163503941276867 0.6396297390946208 0.5144277681018953 0.6367487299726456 0.5095076201641267 0.6337075586748326 0.5062368991427468 0.6270020030406116 0.5021842696453657 0.6239421863919864 0.5022330965067799 0.6427568036569365 0.49256537794676214 0.644709878113506 0.48763386494392486 0.6614504612809868 0.4848966715413304 0.6641839950766113 0.48510963185646166 0.6712104404588249 0.48445491845788474 0.673213593747614 0.48442602682391184 0.6787607874704142 0.48659289937188066 0.6828441384052532 0.4895976293050641 0.6865807897324171 0.4921689847286537 0.6892388200579256 0.49436474891059545 0.6896625640228617 0.4951159313938913 0.6836531041564949 0.5006053418487457 0.6799549750079612 0.5038123132197396 0.6732135937476138 0.5106596304713212 0.6653550693069803 0.5106307388373483 0.649907675676127 0.5234008410533779 0.6438596936311296 0.525134339091753 0.63991363912899 0.5266715968202113 0.6319675865131452 0.5314638038101795 0.6287727818531663 0.5328154519355552 0.623693861624482 0.5322625049751742 0.6216459099193674 0.5339827844074705 0.6210724834419352 0.5357645023909203 0.6202533027598894 0.5370547119651424 0.60447342528164 0.5449599487310084 0.5941517486878622 0.5552201867736328 0.5966912088022045 0.5580463601266911 0.6178260703989876 0.5591522540474528 0.628423932052653 0.5551243913565898 0.6343944276813201 0.5545975829187662 0.636208990078268 0.554773185731374 0.6335164136182808 0.5592949581560264 0.6277800550730908 0.5673726875359879 0.6240338617374566 0.5725529705079196 0.6182389689213972 0.5797087851216899 0.60735159453971 0.5935814073177105
16 0.5612874790518947 0.5797105178548453 0.5647457436056416 0.5740748274709615 0.5656423307121685 0.5740748274709614 0.5685455651523511 0.5778212807375206 0.5650873005986042 0.5796144549505745