0 0.3737538372518446 0.3006608489183185 0.36705573981005524 0.28609248698242673 0.35633878390319235 0.28609248698242673 0.3379190159382716 0.2881019162149635 0.3375841110661822 0.2853389510202254 0.34830106697304514 0.27730123409007823 0.34562182799632946 0.27328237562500457 0.34428220850797153 0.26825880254366263 0.3493057815893135 0.26423994407858903 0.35298973518229765 0.2607234429216496 0.3633717862170711 0.2521833686833682 0.379112315205276 0.25067629675896563 0.3918387003446757 0.24891804618049596 0.40690941958870175 0.2521833686833682 0.4115980877979543 0.25017393945083144 0.42384790214634416 0.2538313112352149 0.4315507142044018 0.25601050098301337 0.4367159532046643 0.26800762388959554 0.440065001925559 0.2820736285173531 0.4320272849954117 0.28684602294462797 0.4105933731816859 0.2963908117991778 0.38715003213542315 0.3006608489183185
9 0.21306386033395477 0.43560362102381156 0.20081585085041914 0.4336491514253751 0.20394300220791764 0.4385353254214664 0.21645160763791144 0.44381239333724504 0.21358505222687119 0.44498507509630697 0.1971675076000043 0.4455714159758379 0.19065260893854924 0.4414670298191211 0.19221618461729842 0.4287629774292838 0.190392012992091 0.4127363267221042 0.18450193009240867 0.3914802605668374 0.1764234557522043 0.3727173524218468 0.17121153682304027 0.3477001415618591 0.16756319357262542 0.32600552901921354 0.16417544626866876 0.3037245755970371 0.15818173950013004 0.2880888188095449 0.16886617330491643 0.2880888188095449 0.20769496932718887 0.290825076247356 0.22723966531155418 0.29317043976547985 0.2389664829021734 0.29727482592219656 0.25202299823784347 0.29291848211752 0.2656807247606131 0.29232978700877993 0.2940335836453748 0.2916395568698318 0.31506962219768675 0.29022668860885564 0.335477719300676 0.28798964719564335 0.3383034558226283 0.2888138203478795 0.3510192701714139 0.2883428642608874 0.36200824553456185 0.2872832130651553 0.36593287959282894 0.2871654740434073 0.37111339654974157 0.30105867860967295 0.36938655756410405 0.30235380784890115 0.3599674358242629 0.3080052808928059 0.35525787495434247 0.31259710274097835 0.3536880213310355 0.3203678781763474 0.35588581640366507 0.33014021698143253 0.35761265538930265 0.3450930727434303 0.360438391911255 0.36381357720136465 0.3613803040852391 0.3788841719851106 0.35965346509960155 0.3951321569863364 0.36075236263591637 0.4089076225308541 0.35557184567900374 0.41973961253167147 0.35306007988171273 0.42774586601053644 0.35824059683862536 0.42986516840200073 0.36734574785380514 0.4316312537282209 0.36781670394079724 0.43575211948940146 0.35761265538930265 0.4394020291635899 0.338931397271951 0.44140359253330624 0.30894719306678997 0.4409326364463142 0.28948100813778493 0.4409326364463142 0.25541518451202605 0.4409326364463142 0.2240181120458889 0.43857785601135385
21 0.4738511352108027 0.3372765771287581 0.45470860954970754 0.32424493465947407 0.4482296008644138 0.3070166615644884 0.4411615913895479 0.2840456307711742 0.4397723700042132 0.2788293517818186 0.4363458773635497 0.26230431489330647 0.43377178794716786 0.254528399063051 0.42226824603138846 0.251563102993988 0.42113650926297747 0.2510538214482031 0.41813901136891135 0.2418521474094271 0.4133105115938162 0.2260509300573082 0.40635242217304485 0.20700316026794666 0.39649512882695226 0.18560703529907485 0.3893051030921552 0.17108202363321476 0.3884933259930652 0.1630802207993277 0.3882613896790395 0.15072961207745864 0.38942107124916814 0.13681343323591602 0.3932523938623923 0.12768422094500367 0.40149161183577403 0.11101270501645576 0.4195227661775654 0.09144034005403669 0.43667740283761913 0.07995286014775067 0.45413837229517395 0.0721413738114762 0.46868918017646954 0.06766125664802464 0.5229100853341395 0.0704182518255333 0.6100617662231629 0.07512811858711056 0.616801087768184 0.07685124057305345 0.63150506204823 0.08374372851682507 0.6431457083532667 0.09167008965216245 0.658921847424566 0.1038468183528256 0.6682649977483454 0.1136111762731687 0.6769954824771226 0.12877464974946626 0.6834284712246429 0.1453166208145181 0.6849601352121478 0.15852722270674702 0.6834284712246429 0.17587331736523898 0.6777613144708752 0.19161116483685078 0.6688776633433473 0.2080382611028398 0.6547863546583029 0.23595283727511476 0.6451368715370229 0.2514609351486009 0.6419203771632628 0.25858317269049824 0.6313518956494796 0.2709896509892871 0.6287480668707214 0.2800647601152531 0.6180264189581879 0.3041884679184538 0.6076111038431552 0.3238320585582028 0.6027097790831398 0.33359641647854593 0.5788158208780649 0.3337112912776088 0.5484888739254699 0.33428566527292314 0.5221442533403872 0.334400540071986 0.5016199559078228 0.3353195384644888 0.4907451415965387 0.33842115803918604 0.48507798484277087 0.33773190924480884
2 0.2205014543486363 0.5556990042927178 0.2109702439413362 0.5579997844130518 0.20046341492166708 0.5598323708699708 0.18775748215369514 0.5629477678467332 0.1771500241688394 0.5626040422741415 0.17128574750669848 0.5563732483206169 0.17030836806300834 0.5494094197843246 0.16786491945378296 0.539146935625578 0.17519526528145907 0.5246695026159176 0.17910478305621969 0.5171558981425497 0.20134016540017055 0.5138572425200953 0.21917734024751576 0.5134907252287115 0.2221094785785862 0.5030449824242731 0.2260189963533468 0.4971807057621321 0.2260189963533468 0.4744566336963363 0.24165706745238913 0.47354034046787674 0.2743992788160091 0.477022254736023 0.2780644517298473 0.4891173253516885 0.2888156256104389 0.5131242079373278 0.2893043153322839 0.5228369161589986 0.2968790060208826 0.561871007691374 0.2959016265771924 0.5772647339294937 0.2941912125507346 0.5796470963234885 0.2785531414516923 0.5801968722605643 0.27391058909416405 0.5827624933002509 0.27220017506770633 0.5866109248597808 0.25973858716065695 0.586244407568397 0.22162078885674108 0.5845950797571698 0.2186886505256707 0.5805633895519481 0.22162078885674108 0.5692013535190501 0.2255303066315017 0.556006731029233
17 0.5764933948122166 0.5917166646873716 0.5642827146486489 0.5956851357405312 0.5561413790114854 0.600410031157855 0.5490855351882821 0.6055129182085647 0.545305618854423 0.6002210353411621 0.5417776969428212 0.5953071441071454 0.5473215742324811 0.5898262654230498 0.5490855351882821 0.5826444243887177 0.5541254236334273 0.58151044948856 0.5599212953453445 0.5873693198060415 0.5720170276136933 0.5849123741890331 0.5737809885694941 0.5862353449058838 0.5752929551030378 0.5898262654230498
17 0.5836005224737776 0.5537445111889221 0.5670764407563733 0.5509279063507282 0.5528056429095242 0.5472663200610761 0.5546833794683201 0.5362815611921198 0.5588143998976711 0.5309037800729082 0.5510762054223018 0.5254871738328394 0.5526081748639374 0.5190857300945763 0.5585171998531034 0.5197422884267058 0.5534835859734436 0.5128484259393454 0.5583350007515525 0.5038590495412302 0.5629121905587617 0.49838276887903354 0.5647648626235844 0.49756541355631756 0.5685791874629254 0.5011617769762676 0.5729384158507437 0.5000174795244654 0.5795594141604402 0.5010388128248633 0.5886048130651632 0.4996493087762463 0.5860982567421676 0.49319220172679046 0.5912203500978541 0.48738897893550737 0.5871880638391223 0.48526385509644593 0.5856623339033858 0.4867350946773346 0.5829378161609994 0.48738897893550737 0.5758540700307947 0.4869803012741494 0.5694242081587626 0.4851003840319027 0.5657188640291171 0.48109534295059475 0.5640841533836852 0.4775807150629163 0.5598339057055624 0.47529212015931166 0.5615775970606898 0.47185922780390477 0.5619045391897761 0.4682628643839547 0.5554746773177442 0.46670988927079443 0.5532950631238351 0.46442129436718976 0.5504615646717532 0.4576372451886476 0.5465382591227168 0.4515070802682781 0.544467625638503 0.4431700559765757 0.5465382591227168 0.42747683378042983 0.5483909311875396 0.4239622058927514 0.5518783138977941 0.4268229495222572 0.5567824458340895 0.42723162718361507 0.5577632722213487 0.4241256769572946 0.5584171564795215 0.41897633842418425 0.5600518671249534 0.4148078262783329 0.5638661919642943 0.4150530328751478 0.563539249835208 0.4115384049874693 0.5693152274490673 0.40843245476114876 0.5774887806762264 0.4036917938893964 0.5777067420956175 0.4026292319698657 0.5830467968706948 0.39960501727581677 0.586207237451863 0.3935565878877189 0.596451424163236 0.38906113361278133 0.6038621124225271 0.3891428691450529 0.6101829935848636 0.38693600977371984 0.6120356656496864 0.3860369189187324 0.6167218361665909 0.3871812163705347 0.6158499904890273 0.39437394321043484 0.6155230483599409 0.4036100583571248 0.6106189164236453 0.4073698928416182 0.6036441510031362 0.41390873542334544 0.6024453631964861 0.4177503054401104 0.6047339581000907 0.4188946028919127 0.6053878423582635 0.41660600798830816 0.6161769326181137 0.4175868343755672 0.6216259681028865 0.41390873542334544 0.6288186949427867 0.4137452643588023 0.6312162705560868 0.41186534711655576 0.6274019457167458 0.40924981008386474 0.6255492736519229 0.40728815730934653 0.6270750035876594 0.4056534466639147 0.630344424878523 0.40450914921211234 0.6347036532663414 0.4052447690025567 0.6340497690081687 0.40622559538981584 0.6390628816541596 0.4081055126320624 0.6418963801062415 0.40745162837388965 0.6423323029450233 0.404590884744384 0.6457107049455825 0.4022205543085079 0.6445119171389325 0.39911460408218724 0.6483262419782734 0.39829724875947137 0.6586794093993419 0.3875081584996211 0.6611859657223375 0.38685427424144836 0.6680517504331511 0.38799857169325075 0.6739367087567057 0.3902871665968553 0.6765522457893968 0.3934748523554473 0.6793857442414787 0.39903286854991565 0.6902838152110244 0.40418220708302594 0.7011818861805701 0.40606212432527256 0.7063039795362568 0.40655253751890214 0.7140416099246341 0.4018936121794212 0.7173110312154978 0.3969894802431257 0.723522931668139 0.3952730340654223 0.7289719671529117 0.3955999761945087 0.7296258514110845 0.3981337776949281 0.7332222148310344 0.3983789842917429 0.7388892117351983 0.40410047155075435 0.7415047487678893 0.4061438598575442 0.7436843629617984 0.4078603060352476 0.7429214979939301 0.4118653471165557 0.7481525720593122 0.41276443797154316 0.7525118004471304 0.4141539420201603 0.757415932383426 0.41276443797154316 0.7618841414809396 0.4137452643588023 0.7719103667729218 0.41415394202016015 0.7809557656776446 0.4074516283738896 0.7857509169042445 0.4034465872925816 0.7889113574854129 0.4026292319698656 0.7871676661302857 0.40066757919534746 0.7888023767757174 0.40009543046944634 0.790110145292063 0.39886939748537237 0.791308933098713 0.39739815790448374 0.7930526244538403 0.39772510003357014 0.7981747178095269 0.4052447690025567 0.7990465634870904 0.4096584877452226 0.8061303096172953 0.4135817932942591 0.8111434222632862 0.41513476840741936 0.8125601714893272 0.4172598922464808 0.8137589592959772 0.4202023714082581 0.8133230364571954 0.4253517099413685 0.8052584639397316 0.4255969165381832 0.7843341676782039 0.4271498916513435 0.7779043058061719 0.4333617921039845 0.7761606144510445 0.4336069987007993 0.7702756561274898 0.42723162718361507 0.7642817170942398 0.4267412139899855 0.7630829292875897 0.42731336271588666 0.7617751607712442 0.43066451953902196 0.7662433698687579 0.4342608829589721 0.7671152155463216 0.43736683318529257 0.7733271159989628 0.44137187426660063 0.77986595858069 0.4459490640738098 0.7813916885164265 0.4488098077033157 0.7793210550322128 0.4502810472842043 0.7725642510310945 0.45444955943005555 0.7652625434814988 0.4594354268986226 0.7613392379324624 0.46278658372175796 0.7650445820621079 0.4678541867225967 0.769839733288708 0.47365740951387975 0.7690768683208398 0.47594600441748436 0.7676601190947988 0.4777441861274594 0.7689678876111443 0.4815857561442243 0.7713654632244444 0.48166749167649586 0.7744169230959173 0.48403782211237206 0.7783402286449538 0.49090360682318585 0.7832443605812494 0.5002214575021474 0.7835713027103356 0.5068420356161465 0.7811737270970356 0.5171407126823672 0.7807378042582538 0.5193475720537002 0.7829174184521629 0.5216361669573047 0.7842251869685084 0.5250690593127116 0.7847700905169855 0.5267037699581435 0.7828084377424674 0.5280932740067605 0.7792120743225174 0.5321800506203401 0.7771414408383036 0.5335695546689573 0.7770324601286082 0.5361850917016482 0.7797569778709946 0.5350407942498459 0.7829174184521629 0.534795587653031 0.7845521290975949 0.5355312074434755 0.7882574732272403 0.5311174887008094 0.791526894518104 0.5309540176362663 0.7928346630344494 0.5324252572171548 0.7952322386477495 0.5317713729589821 0.7976298142610496 0.5340599678625867 0.795341219357445 0.5373293891534504 0.7922897594859722 0.5399449261861414 0.7855329554848539 0.5396179840570551 0.7805198428388629 0.5380650089438948 0.7795390164516037 0.5365120338307345 0.7782312479352582 0.5366755048952777 0.7768144987092173 0.5394545129925118 0.7732181352892673 0.5414979012993016 0.7773594022576947 0.5473011240905847 0.7763785758704355 0.5497531900587326 0.7721283281923125 0.5534312890109542 0.7656984663202807 0.5557198839145588 0.7622110836100261 0.5553112062532009 0.756217144576776 0.5519600494300655 0.7505501476726121 0.5546573219950282 0.748370533478703 0.5554746773177441 0.7498962634144394 0.558090214350435 0.7486974756077893 0.5597249249958669 0.7528387425762167 0.5628308752221874 0.748370533478703 0.5650377345935205 0.7476076685108347 0.5675715360939398 0.7537105882537802 0.5678984782230262 0.7587237008997715 0.5683071558843841 0.7607943343839851 0.5683071558843841 0.7635188521263714 0.5706774863202604 0.766025408449367 0.5782788908215185 0.7697307525790126 0.5825291384996413 0.7677690998044944 0.5862889729841345 0.7623200643197214 0.5864524440486777 0.7683140033529715 0.5900488074686279 0.782699457032772 0.5891497166136404 0.7859688783236356 0.5871063283068505 0.7937065087120131 0.5861255019195915 0.7990465634870906 0.5869428572423073 0.8006812741325223 0.5907026917268006 0.792507720905363 0.595443352598553 0.7820455727745991 0.6036986413579838 0.7789941129031264 0.6050881454066008 0.7752887687734809 0.607458475842477 0.769839733288708 0.6043525256161566 0.7637368135457625 0.6039438479547986 0.7518579161889576 0.5974867409053428 0.7518579161889576 0.595034674937195 0.7607943343839851 0.5916017825817881 0.7536468216950282 0.5926909116401357 0.7463843209845542 0.595347924095187 0.741011251353228 0.5958350430452798 0.7392399097165271 0.590698152298847 0.742133101056472 0.5885282587938884 0.7370552550312626 0.5862697982070946 0.7347525109035514 0.5829042490973629 0.7281395021265346 0.5873326031891153 0.7343982425762112 0.5900338991850842 0.7356381817219018 0.5926909116401357 0.732744990381957 0.5966764303227128 0.7291432623873316 0.596100744290785 0.7226483430527617 0.5937980001630738 0.7219988511193045 0.5925137774764656 0.7168029156516486 0.5968978480273004 0.7104260857595251 0.6011047844144651 0.7039096629788262 0.6032307433756702 0.7000938392023042 0.6029854404186081 0.6906087915292354 0.6004506431956328 0.6894095326280427 0.598897057800906 0.6922441445763162 0.5906385249131478 0.6909358621386515 0.5896573130848992 0.6857027323879928 0.5901479189990235 0.6837403087314956 0.5895755454325452 0.6773632321008826 0.5863558350308339 0.6745286201526091 0.5838210378078587 0.6711488905219753 0.5774431609242434 0.6709308434490312 0.5749083637012681 0.6641713841877638 0.5751536666583301 0.6601375133382977 0.5793238169283863 0.656866807244136 0.584475179026691 0.6515246539570053 0.5861922997261259 0.6447651946957379 0.5851293202455233 0.6440020299404334 0.582349220065486 0.6393140178721352 0.5795691198854485 0.6376786648250543 0.5777702315336595 0.6296109231261221 0.5744177577871438 0.6262311934954883 0.5701658398647336 0.6193627106977487 0.566895133770572 0.6112949689988166 0.5656686189852613 0.6014828507163318 0.565178013071137 0.5950504620644805 0.5652597807234911 0.5861105320737718 0.5649327101140749 0.5831668965890264 0.5616620040199133 0.5837120142713866 0.5588001361875218 0.5857834614643558 0.5544664506127576
17 0.5883213432457142 0.6160312543117915 0.5854172477628066 0.6080449917337954 0.5781570090555374 0.5996957172204358 0.5851752398058976 0.5986066814143454 0.6064719400138873 0.5987881873820272 0.6234124969975153 0.5998772231881175 0.627526632264968 0.5991511993173907 0.6272846243080589 0.6015107768972531 0.6272846243080589 0.6038703544771156 0.627526632264968 0.6058669201216147 0.6350288789291461 0.6000587291557993 0.6374489584982358 0.6024183067356618 0.6330928152738743 0.608952521572204 0.6253485606527872 0.6127641468935203 0.6321247834462385 0.6153052304410646 0.6381749823689626 0.6165757722148367 0.6393850221535076 0.6207504094715165 0.6333348232307833 0.6196613736654261 0.6340608471015101 0.623109987051379 0.6364809266705999 0.6260140825342867 0.626316592480423 0.63055173172633 0.6147002105487923 0.6301887197909665 0.6050198922724334 0.6352708868860549 0.5948555580822565 0.6289181780171944 0.6042938684017065 0.6238360109221058 0.6205084015146077 0.619116855762381 0.608650011626068 0.6178463139886088 0.5970336296944373 0.6187538438270175
17 0.6674579451549485 0.6192983617300626 0.6633438098874959 0.6158497483441098 0.65293746774041 0.6158497483441098 0.6464032529038678 0.6222024572129703 0.6476132926884126 0.6236545049544242 0.6565675870940446 0.6238360109221058 0.6635858178444048 0.6254695646312415
17 0.7148915047091073 0.6260140825342866 0.7049691784758394 0.6267401064050135 0.6911747249320279 0.6222024572129703 0.671088064508583 0.6151237244733828 0.6580196348354985 0.6120381230227934 0.6473712847315036 0.6113120991520665 0.6420471096795063 0.6120381230227934 0.635270886886055 0.6091340275398858 0.6454352210762319 0.6045963783478425 0.6517274279558652 0.6025998127033434 0.6655218814996767 0.6047778843155242 0.653179475697319 0.5964286098021646 0.6551155393525909 0.5940690322223021 0.6575356189216806 0.5915279486747579 0.6679419610687664 0.5902574069009858 0.6742341679483999 0.5940690322223021 0.6848825180523945 0.5982436694789819 0.6853665339662125 0.600240235123481 0.6817364146125781 0.6025998127033434 0.6836724782678497 0.6064114380246598 0.6969829158978432 0.6093155335075674 0.7151335126660162 0.6129456528612021 0.7415123799690942 0.6160312543117915 0.7465945470641827 0.618390831891654 0.7461105311503649 0.6207504094715164 0.7419963958829122 0.625106552695878 0.7531287619007252 0.6267401064050135 0.7540967937283611 0.6289181780171943 0.7465945470641827 0.6307332376940116 0.7323160776065534 0.6327298033385106 0.7221517434163764 0.631822273500102
17 0.7503309271722823 0.6209719973167289 0.7504401138613352 0.6181058467290874 0.7571005018935688 0.6176145066283489 0.7588474889184169 0.6146664660239176 0.7633241431695903 0.6097530650165323 0.7667089305302338 0.6110633052851683 0.7682375441769758 0.6127829956377532 0.7688926643112937 0.6168774964772411 0.7729325718062552 0.6161404863261333 0.7783919062589056 0.618597186829826 0.7771908526793225 0.6208901072999392 0.7679099841098167 0.6218727875014163 0.7645251967491735 0.6215452274342572 0.75895667560747 0.6230192477364729
17 0.8348718421700652 0.5967056229270321 0.831596894070048 0.6084087462844469 0.8273587259406139 0.6034963241344209 0.8290925219935642 0.6016180450770581 0.8314042500641645 0.5987283849888074 0.8298630980170976 0.5969945889358572 0.8339086221406482 0.5952607928829069
17 0.8352163984294818 0.5020013750646521 0.8295760670310954 0.5005912922150556 0.8218676141199679 0.5000272590752168 0.8233717024928707 0.5049625490488048 0.8263798792386767 0.5079237230329575 0.8307041333107729 0.5087697727427155 0.8359684426159332 0.510179855592312 0.8433008734338352 0.5115899384419086 0.843488884480448 0.509756830737433 0.8357804315693202 0.506090615328482
17 0.8426978917923846 0.5027907248947724 0.8334554306318944 0.4994390631552538 0.8291896793270527 0.49684914272017144 0.8301037688923759 0.49494478945908144 0.8320335135302805 0.4929642620675478 0.836908657878671 0.49136460532823223 0.8328460375883456 0.48984112271936014 0.8250254935294693 0.4902219933715781 0.8226894868625321 0.4885461625018189 0.8246192315004367 0.4848136301100825 0.8299933253134759 0.4805064148382347 0.8375091728505779 0.4808111113600091 0.8452281514021961 0.4806587630991219 0.851829909373975 0.4845436437517456 0.8514236473449424 0.4901805294045721 0.8590410603893026 0.49368453940497775 0.8599551499546255 0.49635063397050366 0.8539627850263956 0.4984835096229246 0.8462438064747775 0.5007687335362325
17 0.6911956409845375 0.35506864173306213 0.6888715130726863 0.35716035685372816 0.6953790712258696 0.36099516790828257 0.7049079956644593 0.36273826384217095 0.7130424433559385 0.364829978962837 0.7190851759267516 0.3677932420504473 0.7237334317504538 0.3721509818851682 0.7302409899036371 0.37058219554466865 0.728149274782971 0.36901340920416914 0.7321002922331181 0.3644813597760594 0.7351216585185246 0.36099516790828257 0.7330299433978585 0.3601236199413384 0.7195500015091217 0.3557658801066175 0.704443170082089 0.35506864173306213
17 0.5801023267980515 0.368141861237225 0.5698761639859063 0.37337114903889007 0.5766161349302747 0.3784261272471664 0.584982995412939 0.37581148334633385 0.5882367744895306 0.37337114903889007
17 0.6091539256961911 0.3752885545661673 0.6144994198934488 0.3791233656207217 0.622866280376113 0.37738026968683336 0.6177531989700404 0.37058219554466865
17 0.5746354557750577 0.3965000063326755 0.5690706433191045 0.39260463761350833 0.5623928683719607 0.39608264539847904 0.5688851495705727 0.3992824125606521
6 0.5585612908247242 0.7693774569525327 0.5613241632212626 0.7728310474482057 0.5682313442126086 0.7728310474482057 0.5714546953419034 0.7676506617046961
6 0.5493517161695962 0.7628156350107538 0.5493517161695962 0.7673053026551289 0.5447469288420321 0.7648877893081577 0.5424445351782502 0.7624702759611867