11 0.21278783635655937 0.5620946579641409 0.19659396207753577 0.5601822527959173 0.19462813287399897 0.5552898640704123 0.19290044850048801 0.5418463200390302 0.20002714654122072 0.5353675036383642 0.1911727641269771 0.5282408055976314 0.18966104030015496 0.5232197228871152 0.19095680358028821 0.5167409064864492 0.18469394772631098 0.5092902676256831 0.182157485922397 0.4909182451715083 0.19079590778995179 0.4920520380416249 0.19403531599028484 0.49334780132175804 0.19792260583068447 0.4936717421417913 0.20008221129757317 0.48978445230139167 0.1923076316167739 0.48832671861124183 0.18474901248266343 0.4844394287708421 0.18323728865584138 0.47585499703995965 0.1886363023230631 0.46921421022927695 0.1974906847373067 0.4671085948990605 0.20785679097837245 0.47148179596951 0.21325580464559418 0.47439726334980975 0.22211018705983787 0.4737493817097432 0.22448575307341542 0.4713198255594934 0.23873914915488076 0.4628973642386275 0.24457008391548027 0.4658128316189273 0.2486733343025688 0.4671085948990605 0.25061697922276865 0.46451706833879397 0.2583915589035679 0.46532692038887724 0.26422249366416745 0.46889026940924367 0.27242899443834445 0.4718057367895434 0.2771801264654996 0.4737493817097432 0.28625046942643206 0.48233381344062565 0.2905696803602095 0.4810380501604925 0.28841007489332077 0.4739113521197599 0.29208140418703155 0.4661367724389606 0.29661657566749783 0.4650029795688439 0.31432534049598515 0.4690522398192602 0.3097901690155188 0.48103805016049245 0.3173487881496293 0.48476336959087546 0.32425952564367305 0.4782845531902094 0.33332986860460556 0.4807141093404592 0.3372171584450052 0.4844394287708421 0.3445598170324268 0.4946435646018913 0.35082267288640395 0.4993407064923741 0.35625027534502623 0.5077321638813034 0.35730148928707 0.5147278954439561 0.3570855287403812 0.5265517353751717 0.3570855287403812 0.5467980366272532 0.35600572600693686 0.5547345867180692 0.35622168655362574 0.5591077877885188 0.34974287015295963 0.561375373528752 0.34304809320560475 0.5612134031187352 0.33937676391189386 0.5597556694285855 0.33548947407149426 0.5607274918886853 0.3352735135248054 0.5633190184489518 0.32188395963009553 0.5689879827995346 0.307846524095319 0.5719034501798343 0.3043911553482971 0.572065420589851 0.2942410096539202 0.572065420589851 0.28538662723967656 0.5722273909998676 0.2678938229578781 0.5728752726399342 0.24733591801980062 0.5718151642050893 0.24275637797266048 0.5701954601049226 0.2337987696752462 0.567388651888977 0.22614190462744033 0.5647088393539657
8 0.097946320336924 0.6378707130373411 0.09419788364798466 0.6238140754538185 0.09479206609858772 0.6052224875725567 0.10875535368775896 0.5873970140544659 0.13876156744321202 0.5704628142122794 0.16282595669263478 0.5628869879670907 0.18956416696977121 0.5604359853583533 0.20531000191075152 0.5619957142911862 0.2253611157323113 0.5657791132808694 0.2490523741805963 0.5737252496548283 0.26958003402023667 0.581723400376911 0.29687338619085635 0.5938776999005532 0.3326885411714994 0.6095926306374119 0.343544728639954 0.6192614226015043 0.3504994737369327 0.6289302145655966 0.3524868368663869 0.6460279683376489 0.3496031620700786 0.6542973298858858 0.34095213768115373 0.6693094016196084 0.32161455375296893 0.6817770544154116 0.29311706164827545 0.688392543654001 0.2775112921623719 0.6903008578574403 0.23849686844761306 0.6871203341850416 0.19948244473285415 0.6869931132381456 0.17081532469896607 0.6848303571409143 0.1406215533023266 0.675161565176822 0.11873955043622271 0.661421702912059 0.10313378095031914 0.6485723872755679
12 0.3996533763151966 0.7725183922614397 0.3863173511049602 0.7589498874544112 0.38131179624276007 0.7423513197738797 0.39160882365184724 0.7232857299617416 0.4128464426830895 0.7088055351677127 0.4385890112058075 0.7018067743505989 0.4652969260481275 0.7018067743505989 0.4994058293407287 0.7037374669898029 0.510346420962884 0.705426823049106 0.5132424599216897 0.7307671639386565 0.5129206778151557 0.7503154269105956 0.5042325609387384 0.7669676509237288 0.48556919875976784 0.7807238359780562 0.4636880155154576 0.7853092309961653 0.44405930701688506 0.7853092309961653 0.419925649026837 0.782171855457459
4 0.5156726973808697 0.7541635843461804 0.5141233670154409 0.739417914271717 0.5137199748090734 0.7333670311762037 0.5171488085631976 0.7314004941701618 0.5776576395183299 0.7262572435389756 0.645629226291262 0.7211139929077893 0.6569242080695532 0.720508904598238 0.6649920521969043 0.723231801991219 0.6696310625701313 0.7274674201580783 0.6718497197051526 0.7307954058606105 0.6756819456656443 0.7453175252898424 0.6817328287611575 0.7734541316839789 0.6835480936898114 0.7891864277323134 0.6774972105942981 0.7946322225182754 0.6664039249191905 0.7982627523755833 0.642805480846689 0.8008343776911764 0.6040798290354044 0.8031034588519939 0.5701948837005303 0.8058263562449749 0.5429659097707207 0.8076416211736287 0.5336878890242671 0.8053725400128112 0.5278387020319376 0.8026496426198303
15 0.19632694947854787 0.4358662906669775 0.1856152604198149 0.38475785936015056 0.1856152604198149 0.3806555103589337 0.1896727391295933 0.3763710125764732 0.2905456623433304 0.3676001150104755 0.33303083487296337 0.3649778974030707 0.3436354404680319 0.3683128382174569 0.35075942189373116 0.3750682648180913 0.3537780580910613 0.38684094598767893 0.3552270034657797 0.3990664225868661 0.3604190577251877 0.41980445326252436 0.3619887485477993 0.42904148002635467 0.3487067492795466 0.43021874814331346 0.32733480500244894 0.4319393707757916 0.3071703152042835 0.4319393707757916 0.2739653170336516 0.4323016071194713 0.2451071549871752 0.4351089387829883 0.21226439316022297 0.43682956141546647
2 0.7022368601066902 0.37888053626871465 0.6897198411194139 0.3658820934742352 0.6971016728298588 0.3511986673545456 0.7160376759131747 0.34421802215010283 0.7625753106094588 0.31292547468191173 0.7754132788015372 0.3095555080314911 0.7901769422224274 0.31870256036834704 0.8081500976913373 0.3292938841268117 0.8078291484865353 0.3331452745844352 0.8023730120049021 0.33651524123485577 0.8206671166786137 0.35408721019776324 0.8110386405345548 0.3639563982454235 0.7619334121998549 0.38634260528036024 0.744602155140549 0.38634260528036024 0.7272708980812432 0.3844169100515485 0.712186285455551 0.3844169100515485 0.7092977426123334 0.3793619600759176
0 0.6643677832739161 0.38150671171946743 0.6615722706985084 0.381627169272728 0.6574739120420836 0.381963402580996 0.6507448089374609 0.3796872121255366 0.6432742420877327 0.3798889590191166 0.6369646835484161 0.3825636631825225 0.614469735712592 0.38009470549322477 0.5933464310374887 0.38009470549322477 0.5810280428814092 0.37219537166163924 0.5673116112741994 0.36766894923126 0.564019667688469 0.36252528737855627 0.5511453000859527 0.35919707168863113 0.5538695082991337 0.35450117488833854 0.5494886487769841 0.3542725287188595 0.5468251632296984 0.3572255235647631 0.5351289875655307 0.3590494321460566 0.5307752640499547 0.35569869125449183 0.5292643891964103 0.3535848323251875 0.5234029105490446 0.345384061130525 0.5189352560269582 0.3355895877551818 0.5182479245620217 0.3056906690304498 0.5209972504217673 0.29202995616483945 0.5271832336061946 0.2745030038089621 0.53925213886213 0.2612862104984076 0.5571021412822613 0.2494487199771319 0.5767702134343045 0.24117373840096742 0.6031542126626549 0.23169948413260516 0.6225024787634452 0.22774188424835262 0.6396121025054665 0.22858137513289103 0.6552825990168504 0.23133970232494586 0.6728719318357507 0.23913497482423124 0.6863037859883654 0.24681032005429682 0.6944588402953102 0.25520522889968106 0.6998955431666066 0.2661186103986806 0.7083704035248042 0.28314828262788866 0.7141269124473534 0.30221671843383285 0.7203631304467816 0.32188479058587594 0.7249534044214453 0.3361180151488229 0.7249146993475121 0.3376533204645661 0.7230998560367862 0.3387051046560095 0.7191401979042932 0.33858136533936917 0.7164506433479347 0.3416442532441532 0.711006113415757 0.34201547119407444 0.7068814695277436 0.3437478216270401 0.703994218806134 0.34387156094368054 0.7046541618282163 0.34065433871103 0.7026743327619698 0.33978816349454716 0.7026743327619698 0.34387156094368054 0.7004470250624425 0.34987291780074015 0.6969593714918235 0.3511217873194878 0.6895961057217289 0.3658745225681207 0.6907560655295031 0.3674056695143825 0.6895862206648105 0.3681322051816226 0.6873960841606659 0.3699327500960874 0.6848809556517476 0.36971188910344005 0.6815957508955311 0.36813246373987446 0.6793634963816916 0.3666478038981228 0.6773418319163277 0.36810087523260315 0.6775945399744983 0.3698382431325254 0.6768364157999867 0.3715124340179049 0.6761204096351703 0.3718914961051607 0.6754465214800489 0.3792516182993764 0.6726667328401734 0.38291588514284863 0.666306913376216 0.3823157035046937
9 0.35342777885188653 0.33710951590300114 0.32702569087948435 0.34070980062651046 0.305423982538428 0.328333821889447 0.306324225225257 0.29724850748474363 0.3114246285835619 0.28329740418114474 0.3165250319418669 0.2605706068639918 0.3162250082149078 0.2531450196217537 0.3336263843785365 0.2234426706528013 0.33002609965502716 0.21849227915797584 0.3318262420167818 0.21691715459144048 0.3393268351907597 0.21961736813407248 0.3810301332380767 0.22141751049582722 0.41763302792708884 0.22389270624323993 0.4503356141656324 0.2268179375810913 0.47493755977627994 0.22771800876196863 0.5199411188201473 0.23041822230460066 0.5636339243642547 0.23169824050437515 0.567026448820642 0.23003642857750978 0.586761590864849 0.23473966336374605 0.572134678702152 0.2405566262724957 0.5555350265154357 0.24830313062629655 0.5394886960682768 0.2578479306336584 0.5265778554786086 0.2729259480365923 0.5203068757636269 0.2875889741348583 0.5160647424270216 0.3068169045844712 0.5169869453262836 0.33365300895299577 0.5222255213448829 0.3454117719301567 0.5282007973789957 0.35484526054996124 0.5115417527471732 0.3546932918951034 0.491624487877069 0.3536974286515982 0.4733669950794736 0.3523696109935912 0.45721188024038917 0.3519546679754641 0.4398395992147984 0.35145673635371144 0.4172666990286804 0.35021190729932994 0.3962429194435706 0.3497969642812028 0.37223155012794507 0.34921604405582474 0.3630474779933971 0.34431971644192416
1 0.7407535575504166 0.5136988289385854 0.730296583933346 0.5134681604029148 0.7204547264113974 0.5026267392263932 0.7061532771998158 0.49097797817502425 0.6980029889394521 0.48221257381953886 0.6935433972498192 0.47736853457045464 0.6886224684888447 0.47598452335643066 0.682163749490066 0.47206315825002926 0.6753974724437262 0.4716018211786879 0.6740134612297023 0.46975647289332245 0.6666320680882407 0.46998714142899317 0.6647867198028753 0.4667577819296038 0.6709378807540933 0.4645664308407325 0.6624800344461687 0.45926105452030697 0.6618649183510469 0.45683903489576494 0.6597120120181207 0.4526870012536929 0.6554061993522682 0.4509569872361628 0.657097768613853 0.4487656361472914 0.6538684091144638 0.4470356221297614 0.649870154496172 0.44738162493326733 0.6358762633321513 0.4448442710408899 0.6446416676876366 0.4315808302398264 0.651254165710196 0.42835147074043706 0.663248929565071 0.425237445508883 0.6681698583260453 0.426967459526413 0.6764739256101895 0.42685212525857763 0.6797032851095789 0.4239687685626943 0.6821637494900661 0.4239687685626943 0.6887762475126251 0.42385343429485883 0.6923131650595755 0.4205087405276342 0.7075372884138399 0.42270009161650557 0.7199933893400561 0.42569878258022426 0.7329108273376137 0.4316961645076617 0.733679722456516 0.43642486948891046 0.7359864078132228 0.43930822618479387 0.7396771043839536 0.4453056081122313 0.7404459995028556 0.449688310289974 0.7392157673126121 0.45257166698585743 0.7369090819559054 0.45384034393204614 0.7384468721937099 0.45672370062792955 0.7387544302412707 0.4587997174489656 0.7416762316930992 0.4601837286629895 0.7410611155979775 0.46179840841268427 0.7359864078132228 0.4622597454840257 0.736755302932125 0.46687311619743915 0.73168059514737 0.46744978753661576 0.7289125727193221 0.46595044205475644 0.7213774005540802 0.4694104700898165 0.7219925166492022 0.4720631582500292 0.7204547264113975 0.47367783799972396 0.7162844977485235 0.4738642646466413 0.7168103960457054 0.47724087201656956 0.7141793056453422 0.4782847979959147 0.714264779008054 0.4805779618490277 0.718853864468628 0.48201580766633617 0.7267111047818987 0.49075130863344596 0.7351895458137124 0.49991047020993734 0.7394554484928374 0.509072465736694
16 0.5855991680434938 0.4406602523030031 0.5905667278630248 0.4385312980946326 0.5891474250574444 0.43560398605812334 0.5905667278630248 0.4340072704018455 0.5825831495816356 0.432676674021614 0.5774381769114071 0.43520480714405385 0.5822283238802405 0.43706764207637794 0.5809864339253578 0.4389304770087022 0.5719383785397834 0.4361362246102159 0.5630677360049066 0.42881794451894256 0.5648418645118819 0.4253583939303407 0.5667934058695548 0.42442697646417854 0.5662611673174622 0.4200360084094145 0.5724706170918761 0.41777399456302095 0.5772607640607095 0.42482615537824797 0.5813412596267529 0.42708816922464155 0.5910989664151174 0.4273542885006879 0.6049371687695252 0.4245600361022017 0.6058242330230128 0.42615675175847945 0.601566324606272 0.4316121969174287 0.6097273157383586 0.4305477198132436 0.6159367655127724 0.430946898727313 0.6155819398113774 0.4276204077767342 0.6175334811690503 0.4260236921204564 0.623388105242069 0.4273542885006879 0.631767161333927 0.42326270855164727 0.6315897484832295 0.4208676350672305 0.6358476568999704 0.4215329332573463 0.6386862625111309 0.42565778203606397 0.6429441709278718 0.42752061696838817 0.6452505379869397 0.4248594242079251 0.6479117307474028 0.42552472239804084 0.64737949219531 0.42831897479652703 0.6432989966292668 0.4309801675569901 0.6411700424208965 0.4351050163357078 0.6349605926464826 0.4324438235752448 0.631767161333927 0.43337524104140684 0.6195256746357969 0.432576883213268 0.6161548304725438 0.43404053923152264 0.60994538069813 0.43776620909617103 0.6138484634134758 0.4393629247524488 0.6131388120106857 0.4433547138931433 0.6021392152674384 0.4433547138931433
16 0.5575805002440218 0.4556098753991552 0.5507861713357347 0.45293669681228815 0.5504520240123763 0.44875985527030837 0.5462194912498367 0.4466714344993184 0.5485585225133455 0.4427452034498575 0.555464233862752 0.4412415404947448 0.5580260300084996 0.444499476897489 0.558360177331858 0.449261076255346
16 0.5664910955335786 0.4598702537719746 0.5645975940345479 0.4551086544141177 0.5680504497092511 0.4485092447777896 0.5749561610586578 0.4482586342852708 0.5745106312941799 0.4590348854635786 0.5733968068829852 0.46112330623456854
16 0.5671566732492066 0.46071597939469094 0.5600041597806449 0.4609418482410665 0.5511952747719954 0.4730258315221627 0.55405628015942 0.4788419543163352 0.5589501051642253 0.4817782493192183 0.5545833074676297 0.48324639682066 0.5504423786174099 0.48392400335978686 0.5481836901536536 0.4823429214351575 0.5450968159198533 0.48584388855397975 0.5427628378406386 0.489344855672802 0.5451721055353119 0.4922246834640913 0.542838127456097 0.49482217519741106 0.545322684766229 0.4978149374118882 0.5487107174618634 0.5000736258756444 0.5492377447700731 0.5017676422234616 0.5439674716879752 0.5021064454930251 0.5429887066870142 0.5038004618408423 0.5458497120744387 0.5081484371335732 0.5496141928473659 0.5116494042523955 0.5499906409246587 0.5155456418523751 0.5561266402103038 0.5159553648163894 0.5531685197836533 0.5185289295875753 0.5650010014902556 0.5171977753955826 0.5713704786639903 0.5158020480091604 0.5738857892930611 0.5153752730448006 0.5851162203914793 0.5149791850755947 0.5969487020980815 0.5199488273923676 0.5973755694628223 0.5186631058821921 0.5971853517322135 0.5127605947556068 0.5959589537327973 0.5075027975495876 0.5925706838666388 0.5029100537348604 0.577543432099254 0.4910184096197252 0.5795549539893763 0.48933228097653436 0.5767151583797918 0.48516133117495713 0.583577997769621 0.47708566241020106 0.5860628189280076 0.47326968705982186 0.5770701328309898 0.46874376280704655 0.5773067824651219 0.46590396719746197
16 0.6045214903903071 0.5132043128196043 0.6032199174025807 0.5081459268900319 0.6065330122804294 0.5065485418596406 0.6119759538654664 0.5092995938564256 0.6191937677064938 0.5124943639172083 0.6262932567304551 0.516221595654788 0.6209686399624841 0.5190613912643725 0.6083078845364197 0.5156003903651913
16 0.5573828421667785 0.5921303043209086 0.5553588700728158 0.5923123276169325 0.554894956316334 0.5962094023192824 0.5505373287612899 0.5980173193734679 0.5479280732912833 0.5971929967860272 0.5432172458460267 0.5911713823828492 0.5396108242968413 0.5899880253120228 0.5369060081349525 0.5825497808668282 0.5375822121754248 0.5649684758145502 0.5495284835571008 0.5653065778347863 0.5630525643665455 0.5641232207639598 0.5689129993839716 0.5600659965211265 0.5916785354132034 0.5560087722782932 0.5973436753222334 0.5613390791451565 0.5828609401797357 0.5654860289411932 0.5722940195863327 0.5685185470270294 0.5686875980371474 0.573082924300217 0.5683689739037103 0.5831028676154337 0.5658604931540235 0.5823618290479153 0.5623180272627274 0.588609449938628
1 0.6084106470209086 0.5248618332009418 0.612445020099565 0.5246900194227446 0.6134263452399265 0.522923634170094 0.620001223680348 0.5199796587490098 0.6166647182031193 0.5188020685805761 0.6092066471363724 0.5170356833279255 0.599295263218722 0.5137237109792057 0.5984120705923966 0.5142389066778954 0.5983139380783605 0.5203476556766452
16 0.6127442228148068 0.5256605908286368 0.6145111431101701 0.5231924024870779 0.6178071486103665 0.5219564004245042 0.624980807640206 0.5252281705901405 0.6277921064491971 0.529154294788904 0.6232358635518667 0.5367884251753886 0.6193582100222237 0.5367157191717077 0.6188735033310183 0.5311900628919665
16 0.6515508230031611 0.5009517794751668 0.6484128806715428 0.5016382043602083 0.6430522291883617 0.5011479008708929 0.6444904527570199 0.49310692364612096 0.6478898902829396 0.4878116459615151 0.6524660561832165 0.48643879619143204 0.6586111932493023 0.48624267479570593 0.6580882028606994 0.4885961315444196 0.6556039985148349 0.49271468085466874
16 0.6557347461119857 0.5128171239165985 0.6529890465718196 0.5106597885636109 0.6545580177376287 0.5000692331943991 0.6588726884436039 0.4995789297050838 0.6658023110925942 0.5028149327345651 0.6651485731068405 0.5058548143683204 0.6631873591495789 0.5077179676277188 0.6642333399267851 0.5114442741465155 0.6601801644151114 0.5117384562401047
16 0.6928315173018932 0.540216384527665 0.6869478754301087 0.5380590491746774 0.6919162841218379 0.5290374649712747 0.6793645147953646 0.5181527275084737 0.6832869427098874 0.5168779384362538 0.6843329234870936 0.5091311433050713 0.6910010509417824 0.5054048367862743 0.6928315173018932 0.5054048367862743 0.6934852552876472 0.5102098109815648 0.6984536639793759 0.5093272647007973 0.701199363519542 0.5107001144708803 0.7004148779366375 0.5137399961046355 0.7100902001257939 0.5126613284281417 0.7256491641867348 0.5093272647007973 0.7291793493098051 0.5138380568024986 0.73859317630466 0.5139361175003616 0.727610378143996 0.5196236379764199 0.7151893564146735 0.522467398214449 0.7030298298796525 0.5306064361370837 0.7011993635195418 0.5301161326477684
16 0.7611229185667017 0.4896230666427474 0.7540554300312613 0.48962306664274746 0.7507496692646843 0.49116195527546436 0.7363867086926603 0.4903925109591059 0.7304591376629362 0.48714374606781474 0.7331949396766549 0.4845789316799533 0.7290912366560767 0.4841514626153097 0.7248735418849267 0.484664425492882 0.7213397976172066 0.4835530059248087 0.7190599626057742 0.4814156606015909 0.7147282760840529 0.480475228659375 0.7148422678346243 0.4782523895232284 0.7168941193449136 0.47808140189737103 0.722137739871208 0.47944930290423043 0.7237336243792106 0.4808172039110899 0.7261274511412147 0.4784233771490859 0.7288690802377363 0.4773930225121201 0.735930741690374 0.4793638090913017 0.7406044034638102 0.47944930290423043 0.7435681889786724 0.48098819153694733 0.7516616032692574 0.48158664822744834 0.7518895867704005 0.48560485743509785 0.7619208608207031 0.4869727584419573
16 0.7701517764776953 0.4704774346685962 0.7635424951675972 0.4715927508896753 0.7589159982505284 0.4681228782018737 0.7570984458902514 0.47097313076685354 0.7534633411696973 0.47171667491423963 0.7499881966633977 0.4663261044356187 0.7438746114515566 0.46050167528109465 0.7458573958445862 0.45851889088806524 0.7521362130891796 0.4588906629617583 0.7561017818752385 0.45752749869155046 0.7615544389560696 0.4586428149126295 0.7648590796111187 0.4616169915021737 0.767172328069653 0.45666003051960014 0.7713031288884644 0.45219876563528383 0.7739468414125037 0.4510834494142047 0.7789038023950774 0.451950917586155 0.7770862500348004 0.45789927076524345 0.7741120734452561 0.46434332004258927 0.769320344495435 0.4662021804110544
3 0.7344608443057826 0.4363830165732242 0.7390892874373945 0.43263763167066993 0.7455447475946427 0.433551140183488 0.7585774690441816 0.4405851557321877 0.7717319916287627 0.4508164510757508 0.7672353354309184 0.455711973933516 0.7647387928689375 0.46093081024659327 0.7616048351847485 0.4583014728674856 0.7558680990848772 0.45706648106820774 0.7520436083516299 0.45858034198345166 0.7457225750564015 0.45826163442234763 0.7435447400555245 0.46045274890493737 0.7496533016433503 0.4665081925659125 0.7532653206691949 0.4720855748852317 0.7575147548172477 0.4712888059824718 0.7590020567690662 0.4685001148228122 0.7636764343319241 0.4718465442144037 0.7681914581142303 0.4711294522019198 0.7664385665281584 0.4739579818067174 0.7601175332329301 0.47543200427682314 0.7497595374970516 0.47638812696013505 0.7376486501751013 0.47774263409482687 0.7318056782215288 0.4777027956496888 0.7285654846836386 0.47682634985665295 0.723359927852274 0.47471491226433926 0.7240504609013327 0.4723246055560596 0.7232536919985726 0.4709302599762298 0.7254846449263003 0.46853995326795017 0.7275562440734763 0.46738463835894833 0.7307964376113664 0.4678626997006043 0.7337179235881526 0.4679423765908803 0.7370112350528935 0.46762366902977637 0.7370112350528935 0.4645959471992887 0.7364269378575362 0.4625641864972509 0.7411544333472447 0.4619666098201811 0.742057438103706 0.46013404134383346 0.7390828342000691 0.4584608266480375 0.7388703624926662 0.45658841972655195 0.7373299426139972 0.4539590823474443 0.7395077776148744 0.45260457521275244 0.7408357257861408 0.44977604560795487 0.7401983106639328 0.44531413975249945 0.7361613482232829 0.43862128096931646
16 0.7337710415150034 0.4327251910888933 0.7341959849298085 0.43619113581589875 0.7373299426139974 0.43308373709513526 0.7359488765158803 0.43220729130209934
16 0.5688510347351861 0.6404174300343135 0.5630881384644199 0.6441844246829467 0.5680483631797026 0.6463889690008502 0.5768665404513166 0.6520381138154779 0.5812756290871235 0.6530026019545606 0.5845236031699426 0.651532456689851 0.5802106447890568 0.6464263650047672
16 0.5530882085695668 0.6278584813415865 0.5534556326225507 0.6308458342800699 0.556762449099406 0.6308458342800699 0.5687037308213831 0.6366327631145665 0.5712756991922704 0.6313969703595459 0.5651433901595563 0.6308188660218872 0.5626761400263884 0.6277283722431904 0.557278679099642 0.6277275835444375
3 0.5515755315949435 0.6646134490646625 0.5484599981569875 0.6592723040345941 0.5577637387556945 0.6488335208047473 0.566427228780746 0.6479052897306349 0.5771534545260478 0.6533199709962922 0.5827228409707238 0.6556405486815735 0.5854043974070493 0.6522370347431606 0.5811447025186486 0.6461043998941463 0.5771427077670365 0.6440797562584342 0.5691087852170714 0.6400153256006773 0.5717903416533969 0.6325894770077761 0.578597369530223 0.6301141941434756 0.5849918502629992 0.6321253614707197 0.5903549631356501 0.6322800666497383 0.5950992552922258 0.6281030268162314 0.6004623681648767 0.6296500786064193 0.6118074146262537 0.6277936164581939 0.6107760467661285 0.6349100546930576 0.6188207160751049 0.6358382857671703 0.6204160384666859 0.6296091726311602 0.62351499820988 0.6296596991487123 0.6223360461336648 0.6310491783813944 0.6221339400634566 0.6350155100092324 0.6272202761636988 0.6353944588908728 0.6304362016697573 0.6321119978352344 0.6329962118923959 0.6307730451201045 0.6340067422434373 0.6281204029486207 0.6406425582152765 0.6284488253127091 0.6463775104568245 0.6285040516625692 0.649782036784572 0.6336674183766802 0.6538442946223353 0.6401640439628089 0.6534261210213892 0.6463022350338409 0.6442860408864219 0.651544339817131 0.6358628297816479 0.6551286849680986 0.6298889211967018 0.6565176187140984 0.6259461415306375 0.6554423151688082 0.6229591872381646 0.6588474430622275 0.623915012611756 0.6601915724938404 0.6217644055211754 0.6629694399858402 0.6231981435815626 0.6654784815915175 0.6211670146626809 0.6672258498526143 0.616507365966423 0.6674050671101626 0.6141178025324446 0.6648960255044852 0.6055751132559718 0.6649408298188724 0.5919546016822951 0.6688836094849367 0.5811418271435429 0.6696452828295172 0.573614702326511 0.6691524353712591 0.5684771409434575 0.6665985894511948 0.5622642760151136 0.6663745678792594 0.5546176730263829 0.6665985894511948
5 0.7009779919085483 0.6668539180218942 0.6798700046611839 0.6598467865484126 0.679288340963264 0.6545027513237734 0.6989194907680606 0.6434874950444154 0.7114252602733384 0.6425059375541755 0.7204410475910968 0.6379253359330562 0.7283895998817187 0.6347020526672982 0.7344471375901003 0.6338444248182422 0.7406538610938134 0.6320359909916173 0.7478740996005109 0.6336498909214907 0.7519963466858415 0.6433371715720122 0.7522365773349102 0.6439017135973288 0.7545893751886209 0.6507134654954378 0.7429299581681919 0.6591703856677262 0.7279521179467544 0.662660367855246 0.718645498780036 0.6628784917419658 0.7051218178033984 0.6657141022693251
16 0.6936101499389781 0.5883293382977298 0.6984830330345588 0.5826443080195524 0.6966782615176771 0.5748612308529999 0.7058825962537739 0.5701913845530684 0.7229376870883061 0.5685670901878749 0.7256448443636289 0.5753349833761814 0.7260960372428493 0.582305913360137 0.7180648039927255 0.5888030908209112 0.7149358457724181 0.5885349103701127 0.7109089135492167 0.5859584271750521 0.7016413831891019 0.5877202279107823
16 0.7331884287332022 0.5841368610827323 0.7334591444607345 0.5885359916551316 0.7392344133147559 0.5875208076768856 0.7408587076799494 0.5855581186522767 0.7346322459467075 0.5816327406030589
16 0.7252474340589226 0.5989585471651235 0.7298496014269709 0.5948978112521397 0.7166747693537343 0.5901602860203251 0.7171259622329548 0.5918522593174018 0.7214574138734711 0.5923260118405832
16 0.7335493830365785 0.6039667881244704 0.7386929818596915 0.6011919519172647 0.7528604382672132 0.6075537715142728 0.7523190068121486 0.609719497334531 0.7452803978963098 0.6110730759721923 0.7341810530674872 0.6047112563751842
3 0.6818766391111909 0.5959135173924132 0.677035886528868 0.5938855755092122 0.6744651168999414 0.5898473068217142 0.6721953657966273 0.5819592447554652 0.6709076300109245 0.5725209561466345 0.6835609537052048 0.5664841155110379 0.6993521394679586 0.5590079760014842 0.7184002572942803 0.5562691922207567 0.7393217704606431 0.5688135430130542 0.7376489343022946 0.5830069169552073 0.7345821420475225 0.5811632203770891 0.7330193044140416 0.5843046129468807 0.7333244574499418 0.5889313856582824 0.7394927920879166 0.5876316708085186 0.7424368396820362 0.5838853571878456 0.7500179949298686 0.5828291157150364 0.7609547561633135 0.5825941535028683 0.7775636234220972 0.5839287902998515 0.785227440243982 0.5874948205509635 0.7985689155892493 0.6032520541750883 0.7791238508027931 0.6220153117525978 0.7727894999981211 0.6227948233189181 0.764246554361426 0.6249119254451139 0.7493247202890823 0.6259031566907002 0.7368839229045979 0.6241103941001755 0.7317809086465706 0.6219715261120916 0.7317104159077591 0.6175984391756663 0.7354325169614617 0.6122378722937507 0.7301902434243044 0.606097940900625 0.7334224977938348 0.6039414910512388 0.7342149192937364 0.6050124260795408 0.7450886587349117 0.6113080917892959 0.7529189014136775 0.6101958031696113 0.7535864357592773 0.6072785328400586 0.7386648155208513 0.6010468005102751 0.7335566294433494 0.603720499355672 0.7301910219769121 0.6059366883937335 0.725538690601011 0.5990674299915792 0.7299330954937026 0.5947836349563778 0.717637127427325 0.5897096359392415 0.7267207078690173 0.5825326517358846 0.726022622417721 0.574475375789585 0.7232363079341235 0.5681866027260848 0.7061927173846267 0.5698431459485485 0.6959970334761261 0.5744630652195878 0.6979795275694456 0.5826939558748879 0.6922775896982105 0.5888781588092602 0.6822621659029332 0.5886723624299052 0.680821591247448 0.5928397391118441 0.6812331840061581 0.5954121938537817
16 0.6540652471479388 0.5715812020970196 0.6514814983269401 0.5682993999447391 0.6479174874591986 0.561646404520723 0.6476751706983999 0.5581427854748601 0.6506868580692281 0.5557472584432698 0.6471584816679673 0.5553295222527498 0.6530900490136043 0.5476228408138024 0.656619664008569 0.5469424905360699 0.6841848701658955 0.5470349298654016 0.6908435763726133 0.5483074970879898 0.6941966012373624 0.550271542128058 0.6970856661896402 0.550292688405782 0.6970727089682284 0.5452408057989031 0.7028023667893197 0.5447329159750587 0.7060700157422262 0.546268574711887 0.7050747269117579 0.5539020956826382 0.7101174340745143 0.5548637624987184 0.711930941953246 0.5570927130403565 0.6994811169356367 0.558493416806886 0.6719926976980236 0.5707025171017167 0.6687791307222255 0.5699475106418093 0.6664567372212613 0.5720725338929786
16 0.6319603314949473 0.5976726842533143 0.6360469539363801 0.5865916503255832 0.6369900206536337 0.5829136901282937 0.6393162518895262 0.5820177767469028 0.646420687826171 0.58512989691384 0.647740981230326 0.5906468372097742 0.6459805900247859 0.591118370568401 0.6499414702372515 0.5946548707581024 0.6427741631861231 0.5957393974829441 0.647740981230326 0.6042741512740902 0.6362355672798308 0.600124657718174
1 0.5517821527110458 0.627308954927357 0.5454190939328992 0.6220947817619316 0.5444764185583592 0.6091035367565492 0.5488362921656076 0.6060987590002022 0.5490914521114546 0.6005242681614635 0.5525086503441627 0.5976962420378429 0.5531490577755253 0.5974365166259513 0.5572003782824664 0.5963439662285933 0.5560754802678053 0.5935633103861689 0.5626779331568064 0.5891567778367213 0.5658338789818143 0.5831748259775019 0.5744410039591084 0.5847241084734148 0.5761050481213853 0.5841646453498908 0.576391952287295 0.5818407216060213 0.5819418540297618 0.5822936686850996 0.580656570418309 0.5845667767717664 0.5862520998018098 0.5881718472166627 0.5950788515483107 0.5892184862259461 0.6013564923580644 0.5975477052071698 0.6093803458053325 0.6001286826081201 0.6122692891175388 0.6023019456808707 0.6221780461189808 0.6016356134752063 0.6292390050460912 0.5980986301162842 0.632706613047192 0.598117388762889 0.6459826884049956 0.6041266609227176 0.6542968528705956 0.6051815633838903 0.6675151753027105 0.6055291048630042 0.6809317680406981 0.6048340219047764 0.6785661670223009 0.6020084429105796 0.6814574571558976 0.5999056864497821 0.6783033224647013 0.5972115297343852 0.6828592947964293 0.5957330290978868 0.6821583759761635 0.5950102065644877 0.681632686860964 0.5923698864225231 0.683050349963694 0.5883729372906668 0.6929448399988639 0.5886542971968802 0.6986970869703372 0.5884081072789435 0.7107783988049934 0.5864127280896795 0.7141802623272777 0.5886266471696576 0.7171336390599986 0.5924184926035808 0.7211591464319593 0.5925165046352293 0.7236260906190028 0.5965508070739621 0.7297205083553386 0.6058975639231139 0.735090169595868 0.6123679605004089 0.7315136066628334 0.617591281799935 0.7314110413690041 0.6193793746599329 0.7315425196989335 0.6220821091655706 0.7327938474972424 0.6263361132108851 0.7307594660364052 0.6326895438741134 0.7254764551531871 0.6336901141171469 0.7203535355088543 0.6357312774129359 0.7152839796108165 0.6384528284739878 0.7098942412350081 0.6399336724336776 0.7027968629777555 0.6411743795350395 0.69265775118168 0.639853626814235 0.6890823801799061 0.6397735811947921 0.6851334629540662 0.6353310493157223 0.6788365408912403 0.6333699316393762 0.6680570641396234 0.6326495210643919 0.661173140867551 0.6318090420602435 0.6549829462973156 0.6300080156227827 0.6490595704585558 0.6277667382783871 0.6439366508142228 0.6274465558006164 0.6341177214959184 0.6273264873714522 0.63343111193529 0.6300783134200532 0.6306902241724341 0.6313486687033993 0.6278877434261433 0.6347208845464637 0.6229603047513461 0.6343975213834302 0.6232066766850859 0.6305633581646036 0.6243769433703502 0.6291544186685286 0.6208698031793375 0.6289720163681152 0.6192991821017457 0.6351159164657528 0.6117540416309627 0.6342382164518046 0.6128935118245097 0.6270549347587019 0.6012524379553014 0.628948918999327 0.5955858834792847 0.6273552005529472 0.5930913676501686 0.6274706873968879 0.5911203921802497 0.6300575927011565 0.5905968518210525 0.6305426374457067 0.5908740202465099 0.631651311147536 0.5855462271793853 0.6315358243035956 0.5795409112944765 0.6293415742687251 0.5734129383382236 0.6308594710835285 0.5655593040547395 0.6306812216584354 0.5632212116403778 0.6272822470123326 0.5534254863180517 0.6275399795032524
16 0.7633590126551593 0.6675089859974142 0.766128759485024 0.6637950072937318 0.7592463582714207 0.6607105165059278 0.7532032742789884 0.6654946246666033 0.7505174591712407 0.6624101338787994 0.7489227564510156 0.6600810285900495 0.7585749044944837 0.652653071182685 0.7575117278934487 0.6442866358950188 0.7614456437598299 0.6408751932296414 0.7507632561246738 0.6298260769511601 0.7468424600086497 0.6298166911376828 0.7479892438851435 0.6273653168468665 0.744254609935421 0.6253128521075065 0.7344015501634884 0.6293983981744594 0.7334744924750187 0.63153461005562 0.734658414755916 0.6332434538650142 0.7405161288197303 0.6313104082239555 0.748541197087156 0.6331116552985783 0.7524440659884876 0.6437033496825073 0.7549405985134018 0.6507994549821642 0.7430838252699236 0.6593676274923387 0.7339268181904912 0.6617423184173719 0.7412371950626021 0.6642374769904875 0.7518306753203917 0.6665684803943193
16 0.6637100844053972 0.6405067798545846 0.6534093038954255 0.6377988427102106 0.6494801401957456 0.6322236780012052 0.6472500743121433 0.6285599983352874 0.6485897702954688 0.628648029464252 0.655570291471743 0.6312921662734468 0.6611047126135903 0.6324775247593754 0.6686140611517033 0.6334558553787775 0.677745146932789 0.6341433309491681 0.678732291341555 0.636734585022179 0.6758766235876247 0.6379508879544085 0.6712934531183538 0.6390085426780864 0.6678737028451287 0.6404363765550517
16 0.6384122582721156 0.6684677429686491 0.6226336325638424 0.6676163782721595 0.6230511895999273 0.6659461855640155 0.621606244479387 0.6636229029328581 0.6239518139322501 0.6606356210825135 0.6229339253017623 0.6594904963732147 0.6256114149602193 0.656187890327556 0.629572329413639 0.6574159950882533 0.6355569293076955 0.6560433061098607 0.6443531537818314 0.6525451785107355 0.6534262153625412 0.6472576679611666 0.6539779555938005 0.6502002825278831 0.6580240506230356 0.6500163691174634 0.6613344920105918 0.6506600660539326 0.6673423300843049 0.6480392999554506 0.6723409825196704 0.6522767094810271 0.6789253072341563 0.650964988541813 0.6799949008557532 0.6473672259193247 0.6846784791277674 0.6453148713956333 0.6875202007759558 0.6411312256358004 0.6920459056230704 0.6410917572795757 0.6978872223443466 0.6419600611165222 0.6977819733944136 0.6437361371466398 0.6783635421317932 0.6546294034646951 0.6790312776216996 0.6604041179394361 0.7003441899831122 0.6671532068538834 0.6809257587204918 0.6683372575406286 0.6571394960356561 0.6685345993217527 0.6396155458718279 0.6684951309655278
16 0.7544904206226498 0.565111125386583 0.7496753963378001 0.5669167594934017 0.7489875357256787 0.5685504284471901 0.7458921629711323 0.5693242716358266 0.740389278074161 0.5657130034221892 0.7424528599105252 0.5625316480911277 0.738554983108504 0.5605540488312787 0.7364914012721396 0.5560829548524896 0.7386696265438575 0.549462296460821 0.7424528599105252 0.5468828191653657 0.7484143185489107 0.5462809411297596 0.7586175842953784 0.5388004569729392 0.7634326085802282 0.5398322478911213 0.7660694075933603 0.5412079691153641 0.7696233540893208 0.5393163524320302 0.773062657149928 0.5402621607736972 0.7742090915034635 0.543099585798698 0.7738651611974028 0.5447332547524864 0.768247632865078 0.5486024706956693 0.758961514601439 0.555309111663853 0.7567832893297212 0.5562549200055199 0.7594200883428531 0.5580605541123386 0.7642351126277032 0.5613278920199153 0.7638911823216425 0.5654550556926438 0.7611397398731568 0.5679485504115838 0.7562100721529535 0.5677765852585535
16 0.7724674674123401 0.5600905034198558 0.778084995744665 0.5569951306653094 0.7851928887365861 0.5537277927577328 0.7853075321719397 0.5516642109213685 0.7877150443143647 0.5511483154622775 0.7903518433274968 0.55235207153349 0.7926447120345681 0.5551894965584908 0.7920714948578003 0.5569091480887942 0.7832439503355755 0.562669980715311 0.773843188636583 0.5617241723736441
16 0.7855368190426469 0.5239778212834819 0.7846196715598184 0.5187328841160561 0.775448196731533 0.5123701734539332 0.7823268028527469 0.5110804348062056 0.786339323090122 0.5113383825357511 0.7897786261507289 0.5134879469486305 0.7918422079870931 0.5174431454683285 0.794249720129518 0.5231179955183302 0.7945936504355786 0.5249236296251489 0.7885175483618396 0.526471316002422
16 0.7725817967284214 0.6234138831361362 0.7750853074935009 0.6255312140491555 0.7746059118150815 0.6277284442419113 0.7718360701175471 0.6293264298366428 0.7660833219765135 0.6273289478432283 0.7654441277386208 0.6252116169302091
16 0.7889222671435329 0.6728928732055511 0.8013401287021129 0.6647436515577332 0.806384884960286 0.6638705206668957 0.8083251758288141 0.66590782607885 0.7962953724439398 0.6755122658780642
3 0.6126306392888778 0.6021212281101282 0.6095150393555007 0.6000669358999747 0.6016532459438633 0.5975065851672281 0.5953209672688416 0.5890753645237357 0.586369258821335 0.5880644305264425 0.5809218056927404 0.584630389111798 0.5822580003026071 0.5821966776547377 0.5763015346835413 0.581758459370257 0.5756170336605508 0.5841630396941975 0.5688398020664566 0.5834864938069383 0.5693715685387764 0.5769993064485146 0.5691294365979818 0.5733236542770291 0.5729724096525511 0.5691045397423983 0.5934101408086523 0.5635606435452668 0.5978977721605538 0.5615677974774695 0.5918263080622116 0.5548954360166958 0.5760571241001373 0.5584113559218914 0.5682782413562422 0.5596817210583661 0.5628388800459997 0.5636911917900144 0.5509742834878819 0.5651496354608906 0.5399826632230411 0.5644681856891486 0.5406735434045921 0.5478819222737497 0.5391886736618638 0.5229354752435568 0.5489598844788504 0.5238818017156778 0.549551232846601 0.5213212601579835 0.5653318800824156 0.5173869314911705 0.5734612671498792 0.515612587675982 0.5851299789523292 0.515299012536789 0.589825836935118 0.5174128633023017 0.6080278944724294 0.5250379760308512 0.6133667597803261 0.5273670593377314 0.6184356080645743 0.5322722960064381 0.6182307266225653 0.5405259000728362 0.6242137584439751 0.5383071442584895 0.6278982086172347 0.527625042550565 0.6370003727287645 0.5169002516328991 0.669727267956721 0.5110653856433822 0.6901003119996322 0.5284376657476231 0.6825281176339311 0.5463718102979679 0.6562247056267587 0.5467902736708093 0.652797291334915 0.5471489565618162 0.6454642188965518 0.5566540531734989 0.6330807193081696 0.5584941239479758 0.6275300743462072 0.5614364917202574 0.6261818477559996 0.5623704007493716 0.6312708295476426 0.5646071016223922 0.6406152143228593 0.5701000778284415 0.6355260190378749 0.5868341867120414 0.631689419557804 0.5979057517698444 0.629173531909597 0.5979454322631119 0.622110143566059 0.6015036380631463
16 0.639119886790076 0.5682151587984078 0.6395175165057025 0.5620518982061972 0.6273898101790946 0.5618530833483839 0.6268074648570082 0.5623620466344748 0.6322394855348397 0.5645787903669721 0.6386300980969942 0.56850302589342