16 0.567178775677986 0.6204962217035941 0.5539732162908385 0.6100968436862154 0.5525247908818444 0.607084491922946 0.5609896685468025 0.609037925230244 0.5677181610497178 0.6008986197831689 0.5586021389489938 0.5992707586937539 0.5603385241110366 0.5942243893165674 0.5551293686249085 0.5934104587718599 0.5490520205577591 0.579736425620774 0.5494861168482698 0.5748528423525289 0.5540441278986318 0.5711087618468744 0.5751775849266352 0.5674723757700708 0.5821231255748059 0.5710536701667839 0.5838595107368486 0.5713792423846669 0.596448303161658 0.5653561563538313 0.6025256512288073 0.5699141674041933 0.6029597475193181 0.5718676007114913 0.6066495659886588 0.5734954618009064 0.6068666141339142 0.5686118785326613 0.6363851618886396 0.5697513812952518 0.6524467246375343 0.5695885951863103 0.6661207577886202 0.5715420284936084 0.6845698501353238 0.5775651145244438 0.6960734018338564 0.5860299921894019 0.699763220303197 0.5870067088430508 0.7047553276440697 0.5834254144463379 0.7017166536104951 0.5785418311780929 0.7073599053871338 0.5777279006333853 0.7090962905491764 0.5746349645634968 0.7110497238564745 0.5731698895830234 0.7110497238564745 0.5694258090773688 0.7188634570856663 0.5643794397001822 0.7199486978119432 0.5697513812952518 0.7472967641141153 0.5598214286498203 0.7676992897681167 0.5459846093897927 0.7707379638016912 0.5500542621133303 0.7798539859024153 0.5507054065490962 0.7805051303381814 0.5611237175213523 0.787450670986352 0.5638910813733577 0.8017758485732039 0.5523332676385112 0.8115430151096941 0.5461473954987341 0.8139305447075028 0.5412638122304891 0.8191397001936308 0.5336128651102386 0.8206590372104181 0.5389848067053081 0.8226124705177162 0.5365430150711856 0.8250000001155248 0.5402870955768402 0.8230465668082267 0.5463101816076757 0.8072020522045874 0.5551006314905167 0.807636148495098 0.5568912786888732 0.8167521705958223 0.5546122731636922 0.8202249409199074 0.5572168509067562 0.8195737964841414 0.5601470008677032 0.8074191003498428 0.5632399369375918 0.8098066299476514 0.5681235202058368 0.8091554855118853 0.5723559590383158 0.8061168114783108 0.5761000395439703 0.809589581802396 0.5814719811390398 0.8082872929308641 0.5839137727731623 0.8111089188191833 0.5870067088430508 0.8137134965622473 0.5839137727731623 0.8299921074563974 0.5917275060023544 0.8254340964060354 0.6013318864299029 0.8319455407636955 0.5956343726169504 0.8380228888308447 0.5951460142901258 0.8388910814118663 0.5966110892705994 0.8336819259257381 0.6055643252623819 0.8247829519702694 0.6119129835111006 0.8102407262381621 0.6146803473631061 0.8202249409199074 0.621191791720766 0.8189226520483754 0.6226568667012395 0.8243488556797588 0.625424230553245 0.818054459467354 0.626400947206894 0.8087213892213747 0.6252614444443035 0.8002565115564166 0.6262381610979525 0.7224064061803217 0.6240739371326808
5 0.552919647768721 0.570768682458252 0.5312330787097278 0.5407264059088817 0.5335293036689153 0.5382388288697619 0.5304676703899985 0.529819337352741 0.5179660011677554 0.5248441832745013 0.5182211372743317 0.5104927772795793 0.5233238594058597 0.49882030040370934 0.529447125963693 0.4961413712846572 0.53531525641495 0.49939435664350623 0.5419487951859363 0.49671542752445413 0.5360806647346793 0.4911662172064176 0.5393974341201723 0.48351213400912585 0.542459067399089 0.4762407549716986 0.5478169256371933 0.4758580508118341 0.5528799429510416 0.4768493831912766 0.5600237539351806 0.4804850727099902 0.5699740620916598 0.4816331851895839 0.5827308674204794 0.4822072414293808 0.5814551868875975 0.47876290399059956 0.5773730091823752 0.47474451031202136 0.5791589619284099 0.468621243754188 0.5834962757402086 0.46881259583412027 0.5868130451257016 0.4649855542354743 0.5970184893887573 0.46594231463513586 0.6039071642663199 0.4600104001572347 0.6107958391438825 0.45905363975757324 0.6245731888990077 0.45541795023885967 0.629931047137112 0.45426983775926594 0.6378343654501997 0.4565638498469107 0.6412595246689444 0.45531452914849424 0.6387081636031806 0.4531084480504163 0.6464440372627519 0.45177700892260686 0.6521182135144409 0.45111502169324325 0.6581706681829089 0.4528172745687499 0.6637187516290048 0.45442495784006176 0.6719147839925556 0.4542358186316722 0.6741844544932311 0.45518151467362034 0.6801108163561063 0.45574893229878927 0.6853143983984278 0.45525807459384054 0.691240760261303 0.4583788715322694 0.691240760261303 0.46159423807489314 0.695654008457061 0.46282364292942574 0.6904842034277443 0.469348945618868 0.687079697676731 0.47209146414051767 0.6824142638697869 0.4728480209740762 0.6819098926474144 0.4761579571208947 0.6800185005635183 0.47795477960059624 0.6819098926474144 0.4813592853516095 0.687079697676731 0.4815484245599992 0.6935104307619785 0.47057835047340063 0.7124243516009414 0.46774126234755614 0.7314270849854122 0.46293533849741364 0.7428742981231495 0.45788853786011185 0.7543643229602713 0.45208828493752634 0.7662962718295903 0.44711663957531017 0.7773443726345151 0.4456251459666454 0.7877295873911444 0.44512798143042365 0.7956842199706904 0.44512798143042365 0.8027550044858424 0.4467851965511624 0.8027550044858424 0.45092823435300927 0.8047436626307288 0.4507625128409354 0.8111515610975853 0.4431393232855374 0.8239673580312981 0.4413163866527246 0.8294914084337606 0.44231071572516784 0.8301542944820561 0.4457908674787191 0.8330268006913364 0.4477795256236056 0.8325848766591395 0.4492710192322706 0.8303752564981545 0.44960246225641826 0.8312591045625486 0.461700132637811 0.8297123704498591 0.464351676830993 0.8317010285947455 0.4678318285845443 0.8283865983532681 0.4751235751157948 0.8299333324659576 0.4797637774538633 0.8308171805303515 0.48390681525571005 0.8277237123049725 0.493187219931847 0.832363914643041 0.4966673716853983 0.8347944968201246 0.5024676246079839 0.8334687247235335 0.506113497873609 0.8277237123049725 0.5178797252308541 0.8244092820634951 0.5246743072258829 0.8272817882727757 0.528485902003582 0.823083509966904 0.5318003322450594 0.822637357227107 0.5348412017042646 0.8201232508485254 0.5359140315813313 0.8191696242911326 0.5332807218830758 0.8141788091294453 0.540255206782686 0.8113722885747301 0.546030162539504 0.8017293717969907 0.5520210044928385 0.7873369586958866 0.5636788591047326 0.7806444866038733 0.5610342531974047 0.7800687900798292 0.550725687313739 0.7797821136671255 0.550516627229991 0.7708496092558047 0.5499615358844303 0.7677870363147805 0.545750498090522 0.7472422761687427 0.5597234871339452 0.7200158283236554 0.5696575915072285 0.7189808652798465 0.5642538902304186 0.7109798048257855 0.5692694803658002 0.7109399985548699 0.5731505917800835 0.7089496850090835 0.5745836175330497 0.7073176279015388 0.577598942554916 0.7015457186187585 0.5784945836505199 0.7046108014792695 0.5834504643795277 0.6997544364275509 0.5869434646523827 0.6961718720451354 0.5859582594472185 0.6845484409377434 0.577449669038982 0.6662375563165094 0.5714787284016231 0.6525043928505838 0.569448608584921 0.6365420782133776 0.5695978821008549 0.6068067938393301 0.5684932580829436 0.6065679562138359 0.5732700105928308 0.6031048106441677 0.5718071301366778 0.6026669416640946 0.5698367197263493 0.5963775508594098 0.5652092407323962 0.5839181880627875 0.5711503266665683 0.5821667121424956 0.5709114890410739 0.5752404210031592 0.5673886340650323 0.5541032911469086 0.5710010531506343
1 0.5485373435477814 0.4757668578682997 0.5558664313182908 0.4721654957741699 0.5518227966862856 0.469132769800166 0.5520755238507858 0.4664791345729126 0.5422191644352732 0.45889731963790276 0.5240228085912495 0.446766415741887 0.5179573566432416 0.4499886870892662 0.5093646330502304 0.44581868887501075 0.5068373614052272 0.4367205109529989 0.5088591787212298 0.41795551898884953 0.5141664491757366 0.4181450643622247 0.5240228085912495 0.42326278944335644 0.5212428097817459 0.4156809745083466 0.5252864444137512 0.41340643002784366 0.5303409877037577 0.41378552077459413 0.5113864503662331 0.396726437170822 0.5067179648231582 0.3751102939096123 0.5251670478316822 0.36866575121485384 0.551956127268717 0.3868621070588775 0.5638343040002325 0.3809862004842449 0.5653506669872345 0.37567893002973807 0.5772288437187499 0.3751102939096123 0.5802615696927539 0.3728357494291093 0.5870852031342627 0.37112984106873204 0.5939088365757715 0.36544347986747466 0.6032597416622837 0.37056120494860634 0.6052815589782863 0.3730252948024846 0.6133688282422968 0.36733893360122716 0.6169070085453014 0.36904484196160436 0.6308070025928195 0.3593780279194668 0.63889427185683 0.35805121030584003 0.6462233596273395 0.35786166493246474 0.6515306300818464 0.35577666582533707 0.6616397166618594 0.35805121030584003 0.6634088068133618 0.34762621477020156 0.6608815351683585 0.3459203064098243 0.6671997142808668 0.3398548544618165 0.6684633501033683 0.33682212848781246 0.6841324343023887 0.33606394699431147 0.6886815232633947 0.33606394699431147 0.6869124331118922 0.3392862183416907 0.6970215196919055 0.3404234905819422 0.7078887877654196 0.3409921267020679 0.7131960582199265 0.3423189443156946 0.7129433310554262 0.34838439626370254 0.7149651483714288 0.34895303238382824 0.7182506015099331 0.3519857583578322 0.7230524176354394 0.35710348343896386 0.7263378707739436 0.3620316631467202 0.7273487794319449 0.3650643891207242 0.7270960522674446 0.36866575121485384 0.7286124152544466 0.37226711330898354 0.7303815054059488 0.37738483839011516 0.7296233239124479 0.3796593828706182 0.7324033227219515 0.3843980172049993 0.7303815054059488 0.38667256168550224 0.7384687746699593 0.3927380136335101 0.7364469573539567 0.3982348294613922 0.7402378648214616 0.4020257369288972 0.7384687746699593 0.4043002814094001 0.7349305943669546 0.4039211906626497 0.7374578660119581 0.40828073425028033 0.7324033227219515 0.4135880047047872 0.7268433251029442 0.4171893667989169 0.7270960522674446 0.42079072889304653 0.725074234951442 0.4253398178540524 0.7179978743454327 0.42628754472092867 0.71597605702943 0.43007845218843366 0.7147124212069285 0.43330072353581284 0.710668786574923 0.43349026890918807 0.7109215137394236 0.43671254025656725 0.7025815173109126 0.43766026712344347 0.7003069728304097 0.4433466283247009 0.699801518501409 0.44808526265908205 0.7073833334364188 0.45054935251296024 0.7056142432849167 0.4585102581947206 0.6992960641724085 0.4659025277563551 0.6949997023759028 0.4653338916362294 0.6967687925274052 0.462680256408976 0.6917142492373984 0.4609743480485988 0.6914615220728983 0.45813116744797017 0.6857401625543252 0.45505643043491095 0.6799145928891707 0.45545362836662606 0.6743538218451597 0.45485783146905345 0.6722354328760126 0.4538648366397658 0.6639384094135197 0.4541296352609091 0.6524638024973062 0.45095205180718845 0.6387825404048979 0.45300424112104976 0.6405478645458538 0.45512263009019677 0.6377233459203244 0.45631422388534204 0.6297793872860228 0.4539310362950516 0.6109786851848422 0.45863121182034666 0.6039173886210186 0.45962420664963444 0.5969443582642427 0.4657807745912182 0.5867054782466984 0.46478777976193053 0.5834638551493647 0.4686083987432933 0.5790068644182559 0.4682998378465243 0.5771554990376414 0.47441962896577744 0.5768812226849578 0.4749853239431874 0.5813382134160666 0.4788937619689289 0.5823667497386302 0.48192794412049145 0.5698871756915256 0.4814136759592096 0.560218934259428 0.4803851396366461 0.553087749089654 0.4766309820592891
3 0.7618080092859235 0.35961196485285174 0.7792180749706543 0.3720813362216454 0.7934911918833615 0.3893737663274253 0.7858056673919038 0.3986669770645452 0.7837666506900886 0.4013725953804155 0.7832961083742851 0.4103128993806826 0.7949028188307721 0.4152535936966197 0.8047842074626463 0.4212530082231149 0.8038431228310394 0.4328989305392523 0.8016472586906228 0.443368497065881 0.8013335638134206 0.44560357306594783 0.7881583789709213 0.44313322590797916 0.7858056673919038 0.4441919461185372 0.7853351250761004 0.44466248843434075 0.7698072286545837 0.4464270221186039 0.7633764836719353 0.44783864906601456 0.7307522164428903 0.46277836759277674 0.7274584202322655 0.4619549185401206 0.7258899458462538 0.46336654548753126 0.7180475739161949 0.46536635032969625 0.714596930266969 0.4665427061192051 0.7108325917405406 0.4672485195929104 0.7103620494247371 0.466660341698156 0.7080093378457194 0.4673661551718613 0.702362830056077 0.4668956128560577 0.7011080505472675 0.4650134435928436 0.7061271685825053 0.45854348675054496 0.7075387955299159 0.45066190296083575 0.7001669659156604 0.44760337790811283 0.7026765249332793 0.4384278027499439 0.7103620494247371 0.437251446960435 0.7116168289335465 0.4364279979077788 0.7109894391791418 0.434192921907712 0.7149106251441714 0.4333694728550558 0.718204421354796 0.42642897369695376 0.7247920137760455 0.42595843138115014 0.7271447253550634 0.42113537264416395 0.7273015727936644 0.4174886696966865 0.7327912331447056 0.41443014464396355 0.7378103511799433 0.408901272433272 0.7360850293553303 0.4046663915910402 0.7387514358115504 0.40454875601208934 0.7407904525133656 0.4018431376962189 0.7368692665483363 0.3980787991697908 0.7389082832501515 0.3925499269590992 0.731379606197295 0.38666814801155497 0.7327912331447056 0.38455070759043913 0.7305953690042891 0.3798452844324038 0.7310659113200926 0.3773749372744353 0.727772115109468 0.3684346332741681 0.727772115109468 0.3660819216951504 0.7396925204431575 0.36337630337928006
0 0.3881227750986692 0.7401150976129223 0.39217811666483143 0.7211056840215369 0.40586489445062895 0.696013258080908 0.43678687389261595 0.6838472333824214 0.4976169973850495 0.6747227148585563 0.5670647217055778 0.6655981963346913 0.6304294336768627 0.6716812086839348 0.66236524851039 0.689550057459837 0.6725036024257958 0.7036170235174621 0.6740243555131066 0.7256679432834694 0.6679413431638632 0.7351726500791621 0.6679413431638632 0.7435367920593717 0.6466507999415114 0.7750924186210715 0.6197841620656864 0.7853575019604196 0.5853137587533078 0.7952423970279401 0.5604747916605641 0.7990442797462172 0.5168798698243201 0.8009452211053556 0.47886104264154916 0.8001848445617002 0.4408422154587782 0.7868782550477306 0.4170170837575751 0.769389594543656 0.40130263518869647 0.7557028167578583
8 0.05702534035230297 0.39624940645077555 0.055834302626446675 0.37749736224277725 0.058297580683495796 0.3651809719575317 0.06568741485464315 0.35779113778638433 0.07882489782557177 0.3473222060439256 0.0946477282365575 0.33784575916617643 0.11413188330994246 0.33007925964458174 0.1395857565661167 0.32638434255900806 0.1584708883368266 0.32761598158753263 0.1839247615930008 0.33315835721589315 0.21676846902032237 0.3473222060439256 0.23319032273398319 0.36456515244326937 0.24304343496217964 0.3750340841857282 0.312836313245238 0.4421584112403166 0.3300792596445818 0.4649437332680209 0.33172144501594786 0.4791075820960533 0.3300792596445818 0.4908081528670366 0.32515270353048353 0.5025087236380199 0.31201522055955494 0.5117460163519542 0.2964144595315772 0.5185200310088391 0.24058015690513052 0.5222149480944128 0.23647469347671532 0.5222149480944128 0.2192317470773715 0.5123618358662164 0.18967241039278207 0.4988138065524463 0.15108105416567924 0.4766443040390042 0.09853112228196471 0.4470849673544148 0.0784887374536318 0.4336927285712647 0.07543586302893797 0.4313787411514586 0.0724256830477806 0.4288060310500352
6 0.468291256039153 0.18372987863385842 0.47316305384271795 0.18046082399064864 0.4784102939018734 0.183375957356846 0.48618398287839976 0.184542010703325 0.48637832510281287 0.18731138740121253 0.4875443784492919 0.18891471075262112 0.4898764851422498 0.18774865740614216 0.4892934584690103 0.1849792807082546 0.4927916185084472 0.18614533405473355 0.4976501741187762 0.18250141734698683 0.5812775932197648 0.19910360891128345 0.5999344467634281 0.20070693226269204 0.6026552379052125 0.2034763089605796 0.6259763048347917 0.21469957242043963 0.6244215670394865 0.2451627160972026 0.6193686692047442 0.2531793328542455 0.6195630114291574 0.2646941096507253 0.62034038032681 0.2772291831253742 0.6230611714685943 0.305651733445799 0.6193686692047442 0.31570894355918006 0.6156761669408942 0.32124769695495514 0.6051816868225834 0.32562039700425127 0.5787511443023936 0.325911910340871 0.5486280995183536 0.3276609903605895 0.5204484769784453 0.32868128703875854 0.4967387256000396 0.3297015837169276 0.48954806329675266 0.3305761237267869 0.48196871654463935 0.328244017033829 0.46389488967421544 0.32678645035073034 0.4541777784535574 0.3176037802472084 0.4539834362291442 0.30987867682678527 0.45456646290238373 0.3052144634408694 0.4510683028629468 0.3015705467331226 0.4518456717605995 0.29209636329298105 0.4551494895756232 0.2888897165901639 0.45534383180003635 0.2837882331993184 0.45592685847327585 0.27970704648664196 0.45534383180003635 0.27402253642255703 0.4580646229418206 0.2665889463387536 0.45903633406388644 0.26032140960142913 0.4625344941033232 0.2534708461908652 0.4635062052253891 0.2467660394486112 0.4594250185127127 0.2387494226915683 0.4580646229418206 0.22942099591973658 0.45787028071740743 0.21557411243029886 0.4588419918394732 0.1993951222479032 0.46039672963477846 0.18831761545635303 0.4611740985324312 0.18656853543663454 0.46681002304041286 0.1868600487732543
12 0.8592218915539136 0.6919938006716084 0.8050256244526033 0.6602691565147438 0.7779274909019481 0.6553121808652339 0.7481856370048877 0.6572949711250378 0.7276968043202459 0.6672089224240579 0.7144782025882189 0.6830712445024902 0.7111735521552123 0.6974464738860696 0.716460992848023 0.7123174008345999 0.7323233149264552 0.7276840253480811 0.7488465670914889 0.7361108839522484 0.7785884209885494 0.7405721620368072 0.8076693447990086 0.7351194888223462 0.8268363173104477 0.7212399570037181 0.8598828216405149 0.7004206592757757
15 0.20256641726940494 0.6293170117539615 0.2926404170433498 0.6254138050970905 0.30505061256776 0.62631454509483 0.3074525858950652 0.628116025090309 0.3098545592223704 0.6386246583972691 0.3194624525315912 0.7187905181960801 0.315058834764865 0.7280981648393877 0.21097332391497312 0.7323016181621718 0.19816279950267876 0.7256961915120825 0.19455983951172093 0.688765851604765 0.18735391952980535 0.6410266317245743 0.19169990686777308 0.6338735837270854
4 0.20156004728659052 0.6287628922313458 0.29634356280523677 0.6252810488041303 0.30137289220010366 0.6235401270905224 0.30446786413540644 0.616866593855026 0.2971173057890624 0.5254682038906171 0.29247484788610834 0.5205355923687284 0.19072764551303098 0.5231469749391401 0.18415083015051267 0.5254682038906171 0.17912150075564567 0.5315614298882444 0.18182960119903563 0.575084472728439 0.185698316118164 0.6171567474739605 0.1872458020858154 0.6232499734715878 0.19343574595642085 0.627021970517738
2 0.7820655161723655 0.29280707456586236 0.683164563542704 0.2814313872623457 0.6777624106679745 0.2893787852415149 0.676723535115142 0.3012219665438063 0.6740224586777773 0.31742842516799447 0.6721524826826787 0.3298949318019854 0.6721524826826787 0.3351931971214316 0.6896055919702662 0.3337907151251076 0.6993710221668923 0.3325440644617085 0.7062276008155872 0.3328557271275583 0.7118375288008832 0.3337907151251076 0.7216029589975094 0.3337907151251076 0.7276284372039383 0.3339465464580325 0.7396793936167962 0.33410237779095736 0.7508992495873882 0.3344140404568072 0.7567169526832506 0.3351931971214316 0.7635735313319456 0.33347905245925785 0.7658590575481773 0.3355048597872814 0.7725078610863058 0.3347257031226569 0.7831043917251981 0.29779367721945876
9 0.16687736175412418 0.27756446793605705 0.17303519798121364 0.2738697661998034 0.18227195232184779 0.2752552793508985 0.19458762477602673 0.2826446828234058 0.22352945504334717 0.2964998143343571 0.27094479399193594 0.295114301183262 0.3288284545265768 0.2964998143343571 0.3454546123397183 0.2978853274854522 0.3707017408707851 0.280797331955279 0.3780911443432924 0.2798736565212156 0.3879436823066355 0.2895722485788815 0.3897910331747624 0.30850759497718155 0.394101518533725 0.3339086694139255 0.394101518533725 0.3482256386419085 0.3953330857791429 0.36900833590833537 0.3928699512883071 0.3939475726280477 0.383633196947673 0.39718043664726965 0.37870692796600136 0.40780270413899894 0.37501222622974767 0.4184249716307282 0.3528440158122257 0.4138065944604111 0.3343705071309573 0.40410800240274525 0.27551954189531225 0.4051767735419594 0.21767472077526187 0.34742868289200934 0.18959172139682073 0.334735791782499 0.18475519789179976 0.3328495476155408 0.1828205884897914 0.3324142605000889 0.1828205884897914 0.3283515807558713 0.1783709868651721 0.31471258447171235 0.17643637746316376 0.30905385197083785 0.1694717836159336 0.28990121889095494