19 0.700899245026069 0.4968515535889757 0.6688738226032068 0.4920477402255464 0.6405084484572431 0.4783225591871769 0.618548158795852 0.45910730573345965 0.6139730984497289 0.43577449796823153 0.6112280622420551 0.4193042807221881 0.6158031225881782 0.3939126958012045 0.6239543099859161 0.3592992510760385 0.6304514371046709 0.3422442923893072 0.6439871186020767 0.3223468405881206 0.6667270635177185 0.3056979523463115 0.6943398537724262 0.29473405033341277 0.728449771145889 0.2874247823248136 0.7533554251011156 0.2862065709900471 0.7996880628667357 0.2944010725685765 0.8289251349011323 0.3082074676959304 0.8494993707771892 0.31998351059867347 0.8630350522745951 0.3350081170607939 0.8760293065121044 0.3508448644127588 0.881985006370963 0.3687119639893344 0.8830678608907554 0.38414264089637706 0.8787364428115856 0.4040400926975636 0.865742188574076 0.4263739671682832 0.8440850981782267 0.4405864327405593 0.8240522895620661 0.45276854608822453 0.8071836674619791 0.46363773008340414 0.7825397321002935 0.47870844440074267 0.7721134517549649 0.4811254457535233 0.7699246995472024 0.492853486752481 0.7634559997471349 0.5141462902610366 0.7544716944692632 0.525736044069491 0.7390186893913241 0.529239923127861 0.7178157289355469 0.5316656855528863 0.7106282847132498 0.5270836898611717 0.7055970737576416 0.5136072319443643 0.7016439794353783 0.49986124486922073
9 0.626217617709071 0.6662194402784042 0.6205055633657294 0.6659134373671537 0.6033694003357042 0.6717274926809123 0.6013293809273679 0.6671374490121554 0.5960936711158727 0.6508681922297028 0.5863015779558584 0.6312840059096743 0.5785495042041803 0.6199618981934076 0.5650853761091605 0.5939516507371195 0.5965016749975399 0.5859955750446079 0.6115978186192288 0.5918096303583664 0.6226139234242449 0.5945636565596204 0.6450541369159444 0.5875255896008601 0.6719823931059838 0.5804875226420999 0.6911585755443452 0.57375545859459 0.6993186531776905 0.570389426570835 0.7246148938410609 0.5624333508783234 0.7315509598294043 0.5550892810083126 0.7568472004927748 0.549887231517055 0.7645992742444527 0.5373411121557866 0.7841834605644814 0.5318330597532785 0.8074396818195154 0.5688594120145829 0.8278398759028787 0.6068037730096384 0.8306959030745495 0.6107818108558942 0.8311039069562169 0.6260819564184166 0.8294718914295477 0.638628075779685 0.8290638875478804 0.6432181194484418 0.8351839457728895 0.6462781485609461 0.8449760389329037 0.6410760990696887 0.84701605834124 0.6444421310934433 0.8347759418912222 0.6566822475434614 0.8029516391211756 0.664638323235973 0.7943835576061631 0.6676983523484775 0.7727593518777981 0.672900401839735 0.7543991772027713 0.6774904455084918 0.7388950296994152 0.6820804891772486 0.7250228977227282 0.6891185561360088 0.6866705328460053 0.7022766813197783 0.6756544280409892 0.7062547191660339 0.6744304163959874 0.7111507657460411 0.6577022572476295 0.7194128443498031 0.6238379350692467 0.6992166522072736 0.6156778574359014 0.6836105037335006
11 0.4378546084986892 0.8092467236782835 0.4392628333764998 0.8026456695635463 0.4311655403290888 0.80079737441142 0.4290532030123729 0.8026456695635463
17 0.26054485305827685 0.6288115263982343 0.25982610863604716 0.6226123557565028 0.2519199199915201 0.6220732974398305 0.24581059240256742 0.6218037682814944 0.24940431451371606 0.6255771764982004 0.2529980366248647 0.6296201138732427
17 0.2724041360250674 0.5732885197809877 0.278872835825135 0.5678979366142648 0.29181023542527007 0.5670893491392563 0.2871383966807769 0.5716713448309708
17 0.4919805570162496 0.6417489259983694 0.4988086290274321 0.6371669303066549 0.49665239576074294 0.6350106970399657 0.4855118572161821 0.639053634415008 0.48766809048287124 0.6428270426317139
17 0.45676208032699284 0.5032109386135891 0.4599964302270267 0.49485553470516846 0.45460584706030377 0.4908125973301263 0.4510121249491551 0.4953945930218408 0.45209024158249966 0.5021328219802444
17 0.5045585844052699 0.477336139413319 0.49449616249405365 0.4778751977299912 0.4916211848051347 0.47410178951328513 0.4955742791273983 0.4689807355048983 0.5103085397831078 0.4697893229799067 0.5196522172720942 0.4738322603549489 0.5218084505387834 0.47922284352167194 0.5142616341053712 0.4811095476300249
17 0.35541911679260124 0.5983547315062497 0.3482316725703039 0.6045539021479811 0.34104422834800663 0.604553902147981 0.3424817171924661 0.5959289690812244 0.3493097892036485 0.5945813232895435
17 0.2979195630142228 0.4905430681717901 0.29863830743645253 0.48488295584673113 0.29216960763638494 0.48272672258004184 0.2842634189918579 0.4840743683717226 0.278872835825135 0.4865001307967479 0.28174781351405387 0.4897344806967817
17 0.2749197415028714 0.3711416510288764 0.26737292506945926 0.3751845884039186 0.25874799200270254 0.3706025927122041 0.2648573195916552 0.36467295122880894
17 0.30546637944763494 0.3749150592455825 0.29863830743645253 0.3706025927122041 0.302591401758716 0.36736824281217034 0.30906010155878355 0.3697940052371957 0.31552880135885114 0.36817683028717874 0.31840377904777006 0.3692549469205234
17 0.3669190275482768 0.48110954763002506 0.36476279428158764 0.47544943530496586 0.3561378612148309 0.47464084782995747 0.34535669488138493 0.47329320203827663 0.34176297277023626 0.4735627311966128 0.3446379504591552 0.4797619018383443 0.35038790583699303 0.48057048931335267
17 0.3773408216706079 0.4940469472301601 0.37302835513722954 0.4894649515384456 0.37302835513722954 0.4856915433217395 0.3830907770484457 0.48892589322177327 0.3884813602151687 0.4913516556467986 0.390278221270743 0.4962031804968493 0.38201266041510107 0.5026718802969168
17 0.40321562087087814 0.4482269903130149 0.39890315433749973 0.44256687798795574 0.4078874596153714 0.4414887613546112 0.41255929835986455 0.4422973488296196 0.4093249484598308 0.4471488736796702
17 0.47940252962722935 0.4404106447212665 0.4873087182717564 0.4331333574461905 0.48119939068280376 0.43205524081284596 0.4736525742493916 0.4334028866045267 0.4686213632937835 0.43960205724625806
17 0.21298010337963977 0.4977324986505374 0.21298010337963977 0.5022391309320815 0.2049683126568947 0.5049931839930252 0.20129624190896986 0.50173839401191 0.19762417116104505 0.4984836040307947
17 0.21498305106032603 0.58486072276039 0.2163183495141169 0.5786015112582454 0.2109771556989535 0.5786015112582454 0.20964185724516265 0.5818563012393606 0.21064333108550579 0.5851110912204759
17 0.250226931245484 0.6030895464033652 0.24925041425490668 0.5992759468151408 0.2511634532614602 0.5959537253284263 0.2500987340633851 0.5956265665440788 0.2430884171809832 0.597629514224765 0.24475754024822172 0.6016354095861376 0.24500570032649915 0.6030610936795775
18 0.44091115418129284 0.28105603028482945 0.43810062700251484 0.27352783248453133 0.4358254383339803 0.27031580142307077 0.4296690454661809 0.2706169293350827 0.428732203073255 0.2745315921912377 0.4338179189205675 0.28456918925830194
18 0.6224543545505687 0.2799693094621908 0.6227775875600141 0.2717268677213338 0.6174442429041656 0.27087838107153966 0.6121108982483169 0.2713632305857077 0.6137270632955437 0.2780299114055186 0.6176058594088882 0.2806965837334428