11 0.21700554590108037 0.5072632576924827 0.20501114708161347 0.5108744384939757 0.20649567379866773 0.5172934069362407 0.21487572288120774 0.5196145953006982 0.2330030986798281 0.5209409886518168 0.2431721143717372 0.5249201687051724 0.26129949017035753 0.5275729554074097 0.27588981703266174 0.5288993487585282 0.291364406129045 0.5315521354607653 0.30462833964023067 0.5358629138519007 0.330271944428523 0.5395104955674768 0.34088309123747157 0.5405052905808156 0.3435358779397086 0.5368577088652396 0.3538512001579967 0.5380655021919063 0.3606940114015038 0.5299094753777753 0.3590104670360919 0.5219357836651557 0.3590104670360919 0.5182882019495796 0.36803166488402894 0.5052130650161462 0.37802210506879136 0.5020398833983772 0.38421194070734466 0.4983923016828012 0.37952707392705654 0.4893996132212669 0.3821475916485261 0.4823569814449266 0.38200128512214704 0.47086963964709094 0.38893769177005466 0.45826890281146454 0.3839161161166841 0.4438520409210042 0.3784319672050632 0.44036259257136395 0.36917948272800094 0.44633136265139745 0.3665266960257638 0.44168898592248257 0.3652003026746452 0.4320726341268729 0.3448622712908272 0.4198034956290261 0.3187765353854954 0.4231194790068225 0.3068389952254283 0.41615591391344997 0.29357506171424264 0.42013509396680576 0.27665923266294085 0.4224019813056512 0.2657925404796192 0.4275916242897072 0.25653608384600063 0.4275916242897072 0.24042207555104012 0.4203942226528731 0.231940287547528 0.4305385263262059 0.22313711681901122 0.43342882485123385 0.22240041276988662 0.44218471153352434 0.22517747565863974 0.4504021781368387 0.21981237161270475 0.45119548569743384 0.2222303161021394 0.4590304923183187 0.2162042082623757 0.4684380919425271 0.21490078237853974 0.4755646104300222 0.20662636890375238 0.4808493687947058 0.20808119529817978 0.4849439941384957 0.21270959529499023 0.4858222928062975 0.21686555541620675 0.48922262381456555 0.22253277376332015 0.49460648124432344 0.22253277376332015 0.49701504904184657 0.21724336997268096 0.4987152145459806
9 0.33423963325108574 0.7006370357170087 0.3174996776087335 0.6855846009840225 0.3018849393656811 0.6846086798438319 0.2927763420572338 0.6894882855447855 0.26349870785151047 0.6943678912457396 0.23422107364578706 0.6997354575167889 0.20559405353352422 0.7041271026476472 0.18672624482316913 0.7065669054981243 0.16200290927166938 0.7158381563299366 0.1522436978697616 0.7251094071617491 0.1360368112850557 0.726539699621933 0.13404018333787102 0.7011993392270749 0.12941357957214583 0.6760288979494472 0.12539296350776846 0.6539783317213776 0.12539296350776846 0.6439896136864401 0.12564425201179208 0.6360740258096973 0.11835688539510814 0.6292892362010605 0.101520555625528 0.6389010214799625 0.08443293735192427 0.6389010214799625 0.08895613042434877 0.617415854385946 0.10076669011345724 0.6119503294234332 0.11860817389913171 0.604223207924708 0.13167517610835805 0.6027154769005664 0.17313777927224944 0.5991346157182303 0.20454884227519743 0.5947998890238234 0.21811842149247102 0.5931036916216643 0.25229365803967846 0.5895228304393283 0.27315060387363593 0.5870727675250983 0.27516091190582465 0.5825495744526737 0.30280264734841883 0.5710531253935948 0.3332085563352726 0.5719954572836833 0.33722917239964995 0.5735031883078248 0.34552169303242813 0.6004538803643541 0.3523064826410649 0.6228813793484591 0.35858869524165454 0.6439896136864401 0.3663786388663857 0.6716941712550402 0.35456807917727723 0.6884676788986145 0.3525577711450885 0.6992102624456227 0.3399933459439094 0.703921921896065
18 0.4674273684489569 0.7819422056936406 0.47101150714686635 0.7779100496584925 0.47101150714686635 0.7711897895999126 0.46264851685174435 0.7687256942451 0.4569736305800545 0.7788060843329699
18 0.4934164274121939 0.7833583141618228 0.4943124620866712 0.7791021494580554 0.4943124620866712 0.7739499500798107 0.4975979225597549 0.7712618460563787 0.49490981853632277 0.7687977507015659 0.4841574024425946 0.7663336553467532 0.4835600459929431 0.7625255079802244 0.48744286291567823 0.7558052479216444 0.4871441846908525 0.7526691265609736 0.47997590729503364 0.7546852045785477 0.4704182041006086 0.7486369705258256 0.47221027344956323 0.7345244244028073 0.4784825161709047 0.7201878696111698 0.48684550646602676 0.7188438175994536 0.4931177491873681 0.7148116615643056 0.49222171451289076 0.7071953668312481 0.4910270016135876 0.7013711414471453 0.512531833801044 0.6915147600278945 0.5182067200727339 0.687930621329985 0.5274657450423332 0.6883786386672238 0.5280631014919848 0.6798663092596889 0.5322445966395457 0.6798663092596889 0.537322126461584 0.6821063959458823 0.5495679336794411 0.6816583786086438 0.5639044884710788 0.6870345866555077 0.5872013900074898 0.6919627773651332 0.5985511625508696 0.6935308380454686 0.6069141528459915 0.6959949334002812 0.6173678907148938 0.6944268727199459 0.6299123761575768 0.6948748900571846 0.6317044455065315 0.6975629940806166 0.6376780100030471 0.6968909680747586 0.6505211736705558 0.7000270894354295 0.6472357131974722 0.707867392837106 0.6505211736705558 0.7141396355584475 0.6544039905932909 0.7269081296697497 0.643352896274737 0.7349724417400458 0.6445476091740402 0.7419167104672454 0.6415608269257824 0.74706890984549 0.6454436438485175 0.7531171438982124 0.6451449656236917 0.7571492999333604 0.6385740446775245 0.7580453346078377 0.6361846188789182 0.7602854212940311 0.6400674358016534 0.772157880730856 0.6385740446775245 0.7737259414111913 0.6236401334362353 0.7773100801091009 0.6266269156844931 0.7811182274756295 0.6382753664526987 0.7797741754639137 0.6415608269257824 0.7840303401676809 0.6096022568694235 0.799934955639654 0.6024339794736047 0.7976948689534605 0.5931749545040054 0.7961268082731252 0.597953806101218 0.799934955639654 0.5994471972253469 0.8035190943375633 0.5818251819606256 0.8048631463492792 0.5737608698903295 0.7959027996045058 0.5462824732063575 0.794782756261409 0.5376208046864098 0.791422626232119 0.5301538490657652 0.7864944355224935 0.5238816063444237 0.7885105135400675 0.514025224925173 0.7858224095166356 0.5062595910797025 0.7858224095166356 0.5005847048080126 0.7822382708187263 0.49729924433492895 0.7849263748421582
1 0.8052825716233144 0.5477957621511848 0.810282671933571 0.550295812306313 0.8150446722290533 0.5486886372065877 0.8190923724802133 0.5515458373838771 0.8181399724211168 0.5554744876276501 0.8190923724802133 0.560296012926826 0.8326640733223379 0.5592245628603424 0.8331402733518865 0.5626174880708736 0.8395689737507874 0.5627960630819542 0.8448071740758181 0.5661889882924853 0.8436166740019475 0.5697604885140971 0.8400451737803357 0.5742248637911118 0.8357593735144015 0.5770820639684013 0.8409975738394322 0.5844036394227055 0.8476643742531076 0.5899394647662036 0.8519501745190416 0.5901180397772843 0.856712174814524 0.5910109148326872 0.8595693749918134 0.5958324401318631 0.8650456753316181 0.596725315187266 0.8721886757748416 0.598868215320233 0.8700457756418746 0.6015468404864419 0.8726365541471435 0.6050121375410346 0.877398554442626 0.6066193126407599 0.8731127541766918 0.613940888095064 0.8681126538664352 0.6126908630174999 0.8657316537186941 0.6155480631947893 0.8566838531572778 0.6196552884496428 0.8431121523151529 0.6185838383831592 0.8281118513843835 0.620012438471804 0.8102543502763246 0.6242982387377382 0.7988255495671669 0.6241196637266575 0.7885872489318798 0.6216196135715293 0.7847776486954939 0.6205481635050458 0.782872848577301 0.6225124886269322 0.7728726479567881 0.626083988848544 0.7557294468930514 0.6292983390479946 0.746681646331635 0.6344770143693317 0.7371576457406703 0.6364413394912182 0.7269193451053834 0.6328698392696064 0.7150143443666773 0.6334055643028481 0.7078713439234537 0.6303697891144782 0.6990616433768113 0.6198338634607234 0.7012045435097786 0.6080479127294045 0.7050141437461643 0.5941190618651188 0.7085856439677761 0.592690461776474 0.7116809441598396 0.5967976870313275 0.7195382446473856 0.598762012153214 0.7197763446621596 0.5946547868983604 0.7107285441007432 0.5871546364329757 0.7059665438052608 0.5809045110451551 0.7007283434802303 0.5784044608900268 0.7007283434802303 0.5730472105576092 0.7131095442484843 0.5651899100700633 0.7054903437757126 0.563582734970338 0.6938234430517808 0.5630470099370962 0.6850137425051385 0.5630470099370962 0.682394642342623 0.5642970350146603 0.6815837273687535 0.5679461523970302 0.6814422422835267 0.5685828352805945 0.6819509593352655 0.5687012435598827 0.6883471427119762 0.5701900103803197 0.690251942830169 0.5725114855243674 0.688109042697202 0.5764401357681403 0.6812041422687526 0.5780473108678656 0.6728706417516583 0.577868735856785 0.6662038413379832 0.5734043605797704 0.6635847411754677 0.5776901608457045 0.6664518401192433 0.579341993884426 0.6669181413823054 0.5846545862778475 0.6723944417221103 0.5966191120202469 0.6751038696687143 0.6044807468211639 0.6705718350105964 0.6140489725662909 0.6628693206895286 0.6215249423485036 0.6542606282130413 0.6239036600064805 0.6379494214154863 0.6296805457472812 0.6316061743275483 0.6283212785141516 0.6175604129185425 0.630360179363846 0.5980775825770184 0.6334185306383876 0.5858441774788521 0.6354574314880821 0.5722515051475562 0.6323990802135405 0.5568464765054209 0.6269620112810221 0.5477846949512237 0.6106508044834671 0.5428007150964151 0.6021553842764071 0.543253804174125 0.5868636279036993 0.5491439621843532 0.5793876581214865 0.5541279420391617 0.576329306846945 0.5518624966506124 0.5688533370647322 0.5618304563602293 0.5630764513239315 0.5603156307507422 0.5594639510711339 0.5644892306143474 0.5470880664378295 0.5686267925258773 0.5457457941015291 0.5799477679578804 0.5422675132456692 0.5933435220354022 0.5404045343874151 0.5987887864325329 0.5415457955911501 0.6039642571210994 0.5436380285882119 0.6142176920756505 0.5452577789217729 0.6177663009824926 0.5422832096910375 0.6267421940997994 0.5391520841850003 0.6392666961239483 0.5463536728488858 0.6432327884315954 0.5476061230513007 0.643024046731193 0.5419700971404336 0.6484513309416574 0.5377430777072835 0.6494183450648974 0.5300553154274885 0.6494950394436698 0.5294455951162849 0.6606875895840166 0.5256030601069186 0.6617587672219234 0.5228660400879546 0.6648638778221752 0.522630679160449 0.6654685408831129 0.5225848469576139 0.6656772825835156 0.5186709400750673 0.677993042907262 0.5061464380509184 0.6830028437169214 0.5063029943262203 0.687595161125776 0.5073988882533332 0.6985721629237538 0.5051175439641445 0.7131128723639009 0.5063255731918866 0.7180714493845385 0.5075554445286351 0.7353970105179445 0.5106865700346723 0.7497135121898437 0.5143728846668836 0.7518876048497405 0.516635708496143 0.764620848574292 0.5230545157835194 0.7669170072787194 0.5244635222612363 0.7708830995863665 0.5249331910871418 0.7733879999911963 0.5243069659859344 0.776727867197636 0.5263421975648584 0.7773540922988434 0.532447892301631 0.7790240259020633 0.5379273619371963 0.7744317084932087 0.5441896129492707 0.7827813765093079 0.5507649765119489 0.7857037603149426 0.5488863012083265 0.792383494727822 0.5502953076860433 0.7982282623390915 0.5501387514107414
16 0.7776701741197365 0.5325034638639028 0.7778594388442442 0.5293805959095226 0.7846729689265284 0.5300193643547367 0.7859978219980835 0.5329293094940455 0.783442748217227 0.5351295119164498 0.7787111301045297 0.5344907434712357
16 0.8164283951413056 0.5419600893374029 0.8123616786419758 0.5363858831012527 0.8102582045905984 0.529444418731707 0.8155870055207544 0.5275512920854674 0.8207755748474856 0.5290237239214316 0.8196537220200844 0.5315478927830846 0.8214083605124679 0.542165953586506 0.8183068269983209 0.5421704367425407
3 0.7106561593742362 0.5877324209923673 0.7076006812277346 0.5917427360596504 0.7015794480478128 0.593266219888595 0.6908158318499101 0.5925891537084044 0.6785939192639043 0.5917558414866312 0.6706080104719121 0.5914954314173272 0.6672053188996717 0.5847768516292814 0.6670664335293762 0.5805582085065552 0.6669969908442286 0.5776416157303491 0.6691497140838091 0.5758708272590812 0.6726218483411971 0.5782145178828181 0.6811678333986589 0.578339088439834 0.6886623981499125 0.5765648988803505 0.6904860471009046 0.5725619188348114 0.6886397242284745 0.5698468519376175 0.6818849341715745 0.5682911936982241 0.6827604803727698 0.5645169482374226 0.6850845429330764 0.5633292651832709 0.6936382825421706 0.563335671565386 0.7053866125978607 0.5636764380449019 0.7127861132959198 0.5652585681283685 0.7003237963307679 0.5730231757687659 0.7004536121324881 0.5786701631436004 0.7057760600030217 0.581031188037389
3 0.5406841488168644 0.5882095196943719 0.5383984446352046 0.582886234955506 0.5383984446352046 0.5698938111860706 0.5413509903931383 0.5585839969206531 0.5365389815896437 0.5523584605311319 0.5368998822499058 0.5460426989765453 0.5496517055791664 0.5421630168787279 0.553501312621962 0.5451404473258902 0.5560276172437968 0.5480276526079869 0.5631253302289512 0.5496517055791662 0.5601178247267672 0.5584937717555876 0.5587945223058061 0.5593057982411772 0.561080226487466 0.5630952551739292 0.5509750080001274 0.5683283147477295 0.5537419130621368 0.5764485796036266 0.5485690035983801 0.5785237584001336 0.5429148932542741 0.5860124471005721
3 0.5566057589033572 0.5281467248571688 0.5610731654106077 0.5200805742190777 0.5638859769151728 0.5153649784614244 0.5703388974256458 0.5128830859573964 0.5771227369366558 0.5183432494662581 0.5723244114288681 0.5230588452239113 0.5630586794138301 0.5267816839799535
3 0.6057545801455118 0.543589322088856 0.6085498329667947 0.5405320143155777 0.617634404635964 0.537911464795625 0.6218272838678883 0.5379988164462902 0.6249719432918316 0.5346794537210168 0.6349882659014287 0.5344173987690215 0.6380164564578185 0.5336312339130357 0.643024617762617 0.5315347942970735 0.6484986545376291 0.5308359810917528 0.6477998413323085 0.5373873548916346 0.6423258045572962 0.5414055308222286 0.6427916800275101 0.5469086848141295 0.6397634894711203 0.5461225199581435 0.6270683829077938 0.5388723329529411 0.6172849980333037 0.5420744947586795 0.6141995122452605 0.5448474148851745
16 0.8061626989703263 0.42975702156685613 0.8106219157959228 0.4235459695597754 0.80170348214473 0.4228293097128045 0.7867332542302276 0.41494605139612517 0.7895998936181111 0.40992943246732916 0.7848221613049721 0.4008517410723649 0.7743111502160661 0.40037396784105106 0.7734393157591455 0.40372713003272437 0.7673431903286246 0.40372713003272437 0.7647764006736686 0.4068554049247021 0.7614074892515387 0.40721635971993025 0.7554717881744527 0.3962673975980082 0.7551174316173977 0.3856200395687953 0.7546361585570935 0.3786415801943834 0.7572029482120495 0.3741898043865689 0.7543153098502239 0.3716631208199715 0.7446898486441386 0.3743101226516451 0.7453315460578775 0.379724444580068 0.7395562693342264 0.37816030713407917 0.735224811791488 0.3751523505071775 0.736508206618966 0.3714224842898194 0.7323371734296623 0.37033961990413483 0.7265618967060111 0.3717834390850476 0.7219095904564032 0.368895800723222 0.7137279484312306 0.37082089296443904 0.7036212141648409 0.3753929870373296 0.6935144798984513 0.37394916785641674 0.6834077456320616 0.37346789479611237 0.6779533176152799 0.37382884959134066 0.6604670630908914 0.36925675551845016 0.6566168786084574 0.37106152949459115 0.6532479671863275 0.3722647121453518 0.6545313620138056 0.36793325460261345 0.6388097753771995 0.36324084226464676 0.633194923006983 0.36564720756616814 0.6267779488695926 0.3622782961440382 0.6056019342162048 0.36793325460261345 0.6033559932681182 0.36985834684383045 0.6073666021039871 0.37262566694058 0.604799812449031 0.3729866217358083 0.5985432626650755 0.36985834684383045 0.5930888346482938 0.36985834684383045 0.5839446465025128 0.36528625277093996 0.5776880967185574 0.36408307012017926 0.5752817314170359 0.36528625277093996 0.5756025801239054 0.36733166327723304 0.5677417868056024 0.36636911715662457 0.5616554810214286 0.36802411392864876 0.5624951615809642 0.371072773774633 0.5629389268136746 0.37381972847493095 0.5580868666604764 0.37392369124937275 0.5561912333582999 0.37731807927854666 0.5579559012460823 0.3808073089657526 0.5619665100819511 0.3836949473275782 0.5624477831422554 0.38718417701478425 0.569987727753689 0.3892295875210772 0.569987727753689 0.390432770171838 0.5610039639613427 0.3912749980273704 0.5585975986598213 0.39199690761782674 0.5526618975827353 0.38898895099092523 0.5459240747384755 0.3858606760989474 0.5406300710751286 0.3853794030386431 0.5387049788339116 0.3885076779306209 0.5412717684888676 0.3913953162924465 0.540950919781998 0.39668931995579343 0.549613834867475 0.4013817322937602 0.5622873587888207 0.40258491494452076 0.5637311779697335 0.40402873412543355 0.5611643883147773 0.4070366907523353 0.5624477831422554 0.4105259204395413 0.558758023013256 0.4113681482950737 0.5555495359445609 0.40860082819832416 0.550897229694953 0.4092024195237045 0.5457636503850409 0.4128119674759864 0.5403092223682591 0.4201513816456266 0.5364590378858248 0.41858724419963766 0.5327692777568255 0.42111392776623513 0.5327692777568256 0.42568602183912563 0.5375820083598681 0.4276111140803428 0.543678133790389 0.4267688862248103 0.5485408571861342 0.4245458554779215 0.5513146928258598 0.42448084370511535 0.5516614222808255 0.4270163028445521 0.54767403354872 0.426951291071746 0.5415195857230789 0.4294867502111826 0.5430798682704245 0.43280235062429206 0.5480059035732773 0.43629400730151807 0.5514731981229342 0.4360339602102938 0.5539869866714354 0.43518880716381486 0.5610475880549902 0.43436612829533183 0.5684383022068755 0.4362369028150279 0.5746280253090794 0.43921628445750666 0.5811872841188777 0.4362369028150279 0.5875617750748787 0.4392855724026805 0.5948601052998653 0.43942414829302834 0.5958763284957497 0.44455145623589876 0.6004031409137793 0.4443435924003769 0.6039137301359248 0.4430271214420724 0.6171246316824198 0.4356825992536364 0.635325396417704 0.4261522023335985 0.6443756157398933 0.4283016294226186 0.6548553617970327 0.43753301484936474 0.660060687472426 0.4301059038247183 0.6674243189156652 0.4211552828462983 0.6737722770563888 0.4209648441020765 0.6867221116634645 0.42610669019606257 0.6900230498966409 0.4311533169179377 0.6897691315710116 0.44153222847802065 0.686849070826279 0.4423892028270182 0.6864681933378356 0.44315095780390507 0.6886264991056814 0.448292803897891 0.6874838666403512 0.4529585531313227 0.6850716425468764 0.4586717154579738 0.6846624363644193 0.4615271204485022 0.6717908704554685 0.4763789272665224 0.6679352586290964 0.48045595056295426 0.6815989209016748 0.4809015047674949 0.7012033059014616 0.4819411312447563 0.7150649922649471 0.48164409510839595 0.7166491849922026 0.4826837215856573 0.7194215222648999 0.48223816738111674 0.7271444618102705 0.4811985409038553 0.7334812327192924 0.4817926131765761 0.7297187749920604 0.47555485431300765 0.7204116427194345 0.46902005931307866 0.7204116427194345 0.46174267397224883 0.7241741004466662 0.4565445415859418 0.7309069195375021 0.45327714408597736 0.7421942927191975 0.4494156743132921 0.743580461355546 0.44451457806334543 0.7522935213554512 0.43708867465433526 0.7623052953260815 0.44108130466017603 0.7689125138403828 0.4412492847918957 0.7731680105106108 0.43528599011585256 0.7796517846875534 0.43154095838745865 0.7927542349616763 0.42927322660924505 0.8018251620745306 0.4290212564116657
5 0.8051727824401689 0.4306066986922618 0.8077754615371785 0.4339970306738926 0.8124328872897219 0.43502440400165954 0.8122959041793529 0.431531334687252 0.8162684143800516 0.427524578708961 0.8218847219051775 0.4281410027056212 0.826268181436983 0.4307094360250385 0.8347611342798562 0.43235323334946557 0.8402404586946131 0.4358463026638731 0.8454458168886321 0.4380037866521836 0.8451718506678942 0.44272970395991146 0.8454597571969888 0.4567701815251715 0.8438159598725617 0.4673521268011708 0.8435419936518239 0.47567385075608276 0.8392955172303871 0.4828654640504512 0.8388845678992805 0.49180361200202344 0.8381996523474358 0.49837880129973156 0.836007922581533 0.5023855572780226 0.8338161928156304 0.5085497972446241 0.8295697163941937 0.5191317425206233 0.8269670372971842 0.5212892265089338 0.8210767635513205 0.5277616784738656 0.8160083884676704 0.526939779811652 0.8094331991699621 0.5290972637999625 0.811465538062982 0.5366138949145465 0.8155974391365636 0.5426585917264858 0.8156022976483144 0.5478939417763399 0.8101918173687818 0.5499228718811646 0.8055542628434682 0.5472728407238426 0.7977697963188344 0.5499642786179979 0.7923041070568578 0.5500470920916642 0.7861759100055505 0.5484736360920042 0.7840227596902263 0.5469001800923442 0.7798820860069106 0.5416415245145332 0.779992503971799 0.5374180373575511 0.7796060410946895 0.5348922264107286 0.7832498339360073 0.5353477005158933 0.7863967459353273 0.5331117367269028 0.7850717303566662 0.5296749775697507 0.7794431825245199 0.5288585274390283 0.7798942087617542 0.5232770777532534 0.7786514659433537 0.521747439856574 0.7656390597694728 0.5213379585434099 0.7611802632483528 0.5206554896881365 0.7527176494429617 0.5160829483578041 0.7504553846200621 0.5139906210226114 0.7356409459971681 0.5102257946783637 0.7178268896365809 0.5071496560800148 0.712990771243157 0.5060018431701832 0.6986048494399335 0.504578555161992 0.6874021954399767 0.5069660060144418 0.6839128441940886 0.5055427180062505 0.6776075252760801 0.5054968054898573 0.6716695064892177 0.5115113451373751 0.6650581041285873 0.5183063975635784 0.6648744540630144 0.5220712239078262 0.6610790193745043 0.5222089614570061 0.6601607690466392 0.5250555374733885 0.6488968983581578 0.5287744513012431 0.6483459481614386 0.5302436518258277 0.6430200962598197 0.5309323395717266 0.638918578128688 0.5325851901618842 0.6351843601287024 0.5340543906864686 0.6253284732762814 0.5342380407520416 0.6244102229484161 0.5345135158504013 0.6215942552762956 0.5374978294159636 0.6173703037681153 0.5373600918667838 0.6081878004894621 0.5401148428503797 0.6053106161288174 0.5431909814487286 0.5996786807845768 0.5411249182110316 0.5934345785550927 0.5401148428503797 0.579660823637113 0.541859518473324 0.5687030363912533 0.5451193071372458 0.5636832679322562 0.5464966826290437 0.5630711010470129 0.54897595851428 0.5562760486208095 0.5476904080552687 0.5537661643913109 0.5447520070060996 0.5494809961946061 0.5415381308585709 0.536686708293016 0.5455784323011784 0.5364418415389186 0.5472312828913359 0.5325851901618842 0.5452570446864256 0.5324627567848355 0.5436960191290545 0.529095838915996 0.5425022937028295 0.5293407056700934 0.5389211174241548 0.5283612386537038 0.5361663664405589 0.5285448887192769 0.527902113489771 0.5303813893750075 0.5150456847080128 0.560636239721692 0.5186118941861853 0.5554301570801349 0.5288168490499071 0.5628971192871529 0.5273400916866875 0.5738544666270653 0.5233468209931577 0.5780540914059964 0.5178351638215332 0.5706685730873463 0.512382419828108 0.5633710189511972 0.5144662181964232 0.5611286556259727 0.5181033483219495 0.5305216457480777 0.5147140361582948 0.5322401617454606 0.5077848431703255 0.53118107314575 0.501358100985718 0.5320476001818769 0.4955090434918619 0.528966615164537 0.4864105096125301 0.5324327233090443 0.47817850276932516 0.5324195483287304 0.4722515536334283 0.5347914797884663 0.46916804273577156 0.5348198582050508 0.4614964328145764 0.5371225512982558 0.45445821795324465 0.543809604932072 0.4502830322360714 0.5435902077242091 0.4465532797024025 0.5482004900467079 0.44104323710634785 0.5552943331009409 0.435558306909776 0.5610717929079968 0.43479041668225593 0.567946238754367 0.4364358957412275 0.5745909893596274 0.43949973312637264 0.5811476672307747 0.4365927201221896 0.5874767094674618 0.4395090013562949 0.5946143273462781 0.4396345393238065 0.5957530286035264 0.4447745343450039 0.6008593460792148 0.44444116879460865 0.604806926565907 0.4430595156242664 0.6355524894689205 0.42670150143342217 0.6436908084090718 0.4291086098523402 0.655191986787389 0.43809373224307213 0.6676860257236775 0.42184575041537575 0.6734172362449109 0.4214159096262833 0.6863697720228982 0.42674593541103023 0.6891207530730901 0.4313022477754107 0.6888915046522406 0.4409306814510826 0.6864843962333227 0.44187633118708614 0.6861405236020487 0.4434237580278191 0.688089135179268 0.44840991118129203 0.6869428930750213 0.45288025538785404 0.6838480393935555 0.45821028117260093 0.6840772878144047 0.4611331985384299 0.6733026120344863 0.47411439036902336 0.6669982804611297 0.4806479703632293 0.6768559625576509 0.4812497474679588 0.6974883204340905 0.4826252379930548 0.7142234551560918 0.48202346088832526 0.7165628300190526 0.483041208335629 0.7268348459771911 0.48163951317707815 0.7353142234803649 0.48283532282496167 0.7313281913207532 0.47625836976160235 0.7301588598377283 0.47452240780273547 0.7212425079343363 0.46869735521859895 0.7206810570828533 0.4623108517829796 0.7244587486969273 0.45681044903787454 0.7431737770796949 0.45007303882007826 0.7445774042084023 0.44459889301811883 0.7519698404195956 0.43779130144388717 0.7617952303205484 0.4417916387607036 0.7699362676670521 0.4416512760478329 0.7740535739112611 0.4357560421072611 0.7802295332775744 0.43182588614687994 0.7927686022940285 0.4297204454538186 0.8015646656339291 0.4294397200280772
16 0.5422693908440428 0.45016531299872026 0.5366618905904302 0.45343635481332756 0.5335466126717566 0.45000954910278657 0.534792723839226 0.44533663222477604 0.5391541129253692 0.4412867709305003 0.5431001316223558 0.4397291319711635 0.5464230947356077 0.4395733680752298 0.5428924464277776 0.44518086832884235
7 0.4918482516666884 0.35367897077064503 0.4498032058330191 0.3576206938175515 0.4287806829161845 0.34737221389559475 0.4077581599993499 0.33357618323142196 0.39619577239509085 0.3067724665124578 0.3767499386970188 0.26893192526215554 0.3631640833883179 0.24438682890820232 0.35685732651326757 0.22625490289243244 0.35580620036742583 0.2045754261344468 0.3663174618258431 0.17895422632955454 0.3826099170863899 0.1612164726184754 0.40205575078446204 0.1505738203918279 0.41624595375332535 0.14347871890739622 0.43831960281600163 0.13717196203234583 0.47143007641001616 0.13125937746198613 0.5029638607852681 0.13323023898543934 0.5397532758897287 0.13796030664172712 0.561826924952405 0.1450554081261588 0.5933607093276569 0.16515819566538187 0.6054486600048368 0.17974257093893586 0.6149087953174123 0.19156774007965535 0.6385591335988514 0.18959687855620205 0.6538004627135564 0.18999105086089277 0.6685162287553404 0.19708615234532445 0.6785019271408372 0.20930549379073457 0.6785019271408372 0.21797728449392884 0.6753485487033121 0.23374417668155478 0.659581656515686 0.24714603504103688 0.6354057551613261 0.2601537210958283 0.608602038442362 0.27119054562716643 0.60124415542147 0.2912933331663895 0.5944118354734986 0.31415532683844716 0.5865283893796857 0.3283455298073105 0.573389312556664 0.33268142515890775 0.5281908882854696 0.332287252854217 0.5161029376082897 0.3295280467213825 0.4935037254726925 0.3441124219949365