11 0.5127445911960233 0.2102652452182874 0.5224681678914513 0.2136310986897817 0.5269559725201103 0.20717987953608433 0.5501429631015154 0.20325305048600764 0.566598246739932 0.2046554894324636 0.575947839716305 0.2108262207968698 0.5737039374019755 0.22821646373292365 0.5804356443449641 0.23017987825796196 0.5927771070737764 0.21671646437198483 0.6032486512073143 0.21447256205765522 0.6077364558359732 0.22428963468284693 0.6155901139361266 0.23102134162583554 0.6182079999695111 0.2335457317294562 0.6129722279027422 0.23607012183307696 0.6081104395550282 0.2433628043546479 0.6152161302170717 0.24841158456188936 0.6152161302170717 0.25317987697983957 0.6155901139361266 0.26103353507999294 0.623069788317225 0.26916768096943744 0.6234437720362799 0.27393597338738773 0.6182079999695111 0.27449694896597004 0.609593462059521 0.28525608170914085 0.6118373643738506 0.2911463252842559 0.6155772015643998 0.30264632464519464 0.6215609410692784 0.3074146170631449 0.619317038754949 0.310499982745348 0.6092194783404661 0.31246339727038636 0.6054796411499169 0.3175121774776278 0.586032487759061 0.31639022632046304 0.5445202949439648 0.3172316896883366 0.5097398090718572 0.31695120189904535 0.45476420237078385 0.3161097385311718 0.4543902186517289 0.30629266590598014 0.44653656055157565 0.29787803222724446 0.4558861535279486 0.2922682764414206 0.44159443528798353 0.2793423806907809 0.44334170307104626 0.2688166151527538 0.4475052994516668 0.26530358070660526 0.4404792305593696 0.25798475894379586 0.4380884066734104 0.24103319672185697 0.4504490834283774 0.22395594594196835 0.45578369129104745 0.22522454171418868 0.4594268381240903 0.22698105893726292 0.4661926822425986 0.22424869881248077 0.4717875148790574 0.22551729458470107 0.48180616866992537 0.22200426013855254 0.48596976505054584 0.22298010304026047 0.48688055175880657 0.22532212600435947 0.49195493484768776 0.2237607773616268 0.48948279949669443 0.22005257433513667 0.5023639257992389 0.21048931389839903
18 0.24007310908164536 0.7048986499462793 0.23472289946029867 0.6975062461271161 0.23774962295781454 0.686016799025868 0.21481853946353588 0.6752994965230408 0.21239941176687446 0.6680421134330566 0.2191729693175265 0.660421861188573 0.21868914377819423 0.6415526651546137 0.22546270132884622 0.6212319925026578 0.22449505025018165 0.6081687029406859 0.22014062039619106 0.6023627964686985 0.21965679485685874 0.5983712357692071 0.2307847822615014 0.5943796750697158 0.26126579123943555 0.5900252452157252 0.2748129063407397 0.5987341049237064 0.29223062575670194 0.5925653292972197 0.2961012300713603 0.5940168059152166 0.3115836473299935 0.5878480302887299 0.3183572048806455 0.5925653292972197 0.326281249986457 0.5910083700966295 0.3326610058954276 0.5891855826940665 0.34131924605760183 0.5955653386030371 0.3394964586550388 0.587021022653523 0.34131694112992206 0.584886907797403 0.3516460697444457 0.585456528860704 0.35483594769893095 0.587848937326568 0.3589372193546978 0.5853426046480438 0.36425368261217317 0.5865957709873059 0.3665321668653769 0.5905831184304124 0.36744356056665844 0.5936590721722376 0.3689625500687942 0.5954818595748005 0.3721524280232795 0.5937729963848977 0.37746889128075495 0.5943426174481986 0.3809625671356674 0.5984438891039654 0.3820258597871625 0.60117807020781 0.3935701800033948 0.6074439019041202 0.3934182810531812 0.6153046725776732 0.3873423230446378 0.6208869589980224 0.38673472724378355 0.6292034265222161 0.3922030894514726 0.6322793802640411 0.39129169575019107 0.6386591361730116 0.3932663821029677 0.6421907867654774 0.39645626005745294 0.6621275239810103 0.3929625842025405 0.6657730987861362 0.38916511044720087 0.6694186735912624 0.3877980198952786 0.6711275367811651 0.38946890834762804 0.6731781726090486 0.39129169575019107 0.6804693222193007 0.39022840309869594 0.6829756548978245 0.3843043440403662 0.6859376844269895 0.382177758737376 0.6871908507662516 0.38491193984122046 0.6892414865941351 0.3856714345922885 0.6939123793132026 0.37230432697349314 0.7029123921133573 0.3601524109564064 0.7033680889639982 0.34982328234188276 0.7058744216425223 0.34891188864060124 0.7090642995970076 0.34602580858654314 0.7108870869995705 0.3162536143446808 0.7115706322755316 0.3092662626348559 0.707583284832425 0.3024308098752447 0.7083807543210464 0.28951939910709007 0.7059883458551824 0.27843077574149855 0.7066718911311437 0.2576206195622376 0.7063301184931632
1 0.5864146067861465 0.5848344020978808 0.5758541212313333 0.5828207501912426 0.5765700863536937 0.5770482813922131 0.5792549555625444 0.571275812593184 0.5867725893473267 0.5732894644998221 0.5953641708156494 0.5761085771691156 0.5966171097797798 0.5740949252624774 0.6080725517375434 0.5753031164064603 0.6096834732628539 0.5790619332988515 0.6095044819822638 0.582418019809915 0.6034187784422019 0.5859083497814211 0.5964381184991898 0.5881904886089443 0.5916053539232583 0.5863110801627487 0.5892784672755875 0.5813440721263747
3 0.5618781883761922 0.6234600516969235 0.5481664608000227 0.6154479667684658 0.5520460137336008 0.6001452857526853 0.545005343594885 0.5972356210525017 0.5392578577673618 0.5906619341372721 0.5330793105027744 0.579562102132868 0.5389704834759856 0.5586556224352525 0.5332229976484624 0.5519741701607567 0.5327919362113982 0.5431374107009398 0.5405510420785545 0.5430296453416738 0.5464422150517657 0.5402277460007562 0.552477075170665 0.5438917682158022 0.5635409853886472 0.5491722708198392 0.581214504308281 0.5493878015383713 0.5932842245460797 0.5482023825864446 0.5941463474202081 0.5461548407603894 0.5964453417512173 0.5438917682158022 0.6010433304132359 0.5438917682158022 0.6062160676580067 0.5404432767192884 0.6113888049027776 0.5374258466598386 0.6195789722069981 0.5363481930671781 0.6240332737233286 0.5337618244447926 0.6330855639016776 0.5334385283669945 0.6363903682525034 0.5314987519002053 0.6395514854576412 0.5314987519002055 0.6415631054972742 0.5304210983075449 0.6467358427420451 0.530744394385343 0.6448679098481002 0.5327919362113982 0.6455863455765405 0.5381802041747011 0.6422815412257147 0.5401199806414901 0.6405572954774577 0.5425985839046096 0.6422815412257147 0.5458315446825913 0.6398388597490172 0.5497110976161694 0.6379709268550723 0.5541294773460779 0.6384019882921366 0.5579012649203899 0.6359593068154391 0.5616730524947021 0.6276254523655305 0.563289532883693 0.6261885809086497 0.565121543991216 0.6237458994319524 0.5678156779728675 0.6241769608690165 0.5694321583618583 0.6154120449820438 0.5720185269842438 0.604779196201126 0.5713719348286475 0.6034860118899332 0.5721262923435099 0.5908415430693823 0.5713719348286475 0.5869619901358041 0.5696476890803905 0.5854014020546325 0.5720977966223789 0.5791408918979242 0.5709170185285596 0.5762335512270924 0.576669841558078 0.5754678778882764 0.5831692377503733 0.5772617689404919 0.5836331750914635 0.5742925699575144 0.5889684545140008 0.5742925699575144 0.5901746916008352 0.5784370768712536 0.5882725485023655 0.5827053004092833 0.5877622174271663 0.5867260906987317 0.5897571479938541 0.5975512953241695 0.5946748838094102 0.5985410283184952 0.5945820963411922 0.6020669521107808 0.589385998120982 0.610541540874695 0.5855817119240424 0.6134488815455268 0.5840507186984448 0.6172840968985391 0.5841435061666629 0.6174696718349753 0.5859528617969146 0.6174696718349753 0.5961594833008989 0.6177501812624686 0.5999049721966373 0.6240528162588865 0.605853308794886 0.622491464412109 0.6111228712777601 0.6246383232014282 0.6166851872319051 0.6288344562896427 0.6193931568411598 0.6322499134544685 0.6195395335767951 0.6350798636767527 0.6238576472780393 0.6327378359065864 0.6256141681056638 0.620832528074908 0.621954749714779 0.6130257688410203 0.6211496776687844 0.6079513753389935 0.6188808382664358 0.6001446161051059 0.6199786637837014 0.5906789205340173 0.6234185170711332 0.5763340004417488 0.6283953260827363
16 0.5812322235901451 0.5875549633641676 0.582356266216638 0.5861754565043809 0.5891005219755954 0.5865969724893156 0.59139970007524 0.586750251029292 0.596457891894458 0.5885512738740135 0.5989614413807377 0.5878998400791142 0.6016693622536524 0.5889727898589484 0.5986037914541263 0.5941842602181427 0.5974797488276333 0.5945291369330894 0.5828671946832257 0.5874016848241913
1 0.823770234046244 0.6314435858517274 0.8299897458978114 0.6314088577472697 0.8373716188532154 0.6348778286441593 0.8437672910511637 0.6348920170150947 0.8563836645129903 0.632325554395155 0.8654852618434962 0.6284915452556126 0.8626550323051183 0.6242209586261092 0.8668788691437789 0.6201048299959374 0.8616893327726044 0.6172161053437932 0.8589669100898111 0.6106910382386407 0.8608192475035811 0.6072902190532457 0.851657204406202 0.6035680252238349 0.8467896446595815 0.5970759171054144 0.8522503959371044 0.5957998635949058 0.8542303308015746 0.5906179088254391 0.8518036698592419 0.5871289225015831 0.8489057099122357 0.5784722933552635 0.8454847196886874 0.5728280296949575 0.8491556917160256 0.5709974774718696 0.8513623164363662 0.569689240474576 0.8499051156740776 0.5673187684531199 0.8503908971614593 0.5651558240159004 0.8533333513631763 0.5650778320759013 0.8527330537521495 0.5606946296892324 0.8482965837743915 0.557835433975755 0.842809126565706 0.5600199067939972 0.8436263300387903 0.5566328716008074 0.840130811763967 0.5522287263861659 0.8255752100585309 0.5550139483563854 0.8207981917881989 0.5592833757990179 0.8180261067589143 0.5590175826858739 0.8194099724990326 0.5556221611477989 0.8181287405194526 0.552090775530244 0.8133183820113261 0.5501324215875263 0.811243382557966 0.5470061771498973 0.8065158955375265 0.5448625883515243 0.8004008602835821 0.5483387894779791 0.7950731592387065 0.5476982557699263 0.7836751412627453 0.5533168085039607 0.7749264953144146 0.5618408551922034 0.772043635191568 0.5555691229563204 0.7725870349619245 0.5476134467857381 0.777304991728018 0.5426763888625921 0.7807153066519777 0.536649049109997 0.7783822610143848 0.5325996664297095 0.7750280268459312 0.5249278319845256 0.7664465244843904 0.5237271749133662 0.7634744113518254 0.5215734147027838 0.7516858418107788 0.5154671764659675 0.7460911141898986 0.5109944367156685 0.7404291259714424 0.5138254308248965 0.7428131210107923 0.5200089179582105 0.7446011172903049 0.5258944057116057 0.7459917810632589 0.5287998996658134 0.7431111203907111 0.5317053936200212 0.7396344609583259 0.5317053936200212 0.7341711389931489 0.5247024081919307 0.7317871439537988 0.5187424205935558 0.7295024820410885 0.5155389272594293 0.7332771408533926 0.514197930049795 0.7403254905045229 0.5147186843288352 0.7402984589082461 0.5137527060403525 0.7458816053285292 0.5108384509624789 0.7380174445295663 0.5093067744680937 0.7318100411224979 0.5075965105123355 0.7236437975156104 0.5075248767964856 0.7156039496273892 0.5064172261470421 0.7113010581633945 0.5046795199788905 0.6983923837714111 0.5036244840910842 0.6889591217157309 0.5053621902592358 0.6836632552985068 0.5059827996050043 0.681677305392048 0.504865702782621 0.6786156326195903 0.5049277637171979 0.6758022035854401 0.5063551652124653 0.669099622651141 0.513554233623379 0.6615695625891508 0.5201947536231013 0.660411091810383 0.5228013128753288 0.6491573756737821 0.5287591625947057 0.6465921903779391 0.5301865640899731 0.6473369215928613 0.5308071734357416 0.6455992154247095 0.5327310624076238 0.6461784508140938 0.538564790257847 0.6427030384777903 0.5403024964259986 0.6410480802224079 0.5424746291361882 0.6426202905650211 0.5460121024070683 0.638482894926565 0.5537697192291736 0.6392276261414871 0.557989862780399 0.6368279366711824 0.5617755797895864 0.6281656980202072 0.5635053479386326 0.6243237265683784 0.5677382898190084 0.6248116488972353 0.5696899791344358 0.6252453576339969 0.573349396600862 0.622372037252951 0.5734307169890048 0.6203661343454284 0.5757483480510749 0.6206914158979997 0.5780253189190735 0.6181433770695252 0.5787978626064301 0.6166796100829546 0.5821319985202852 0.6180349498853347 0.5853848140459975 0.6179807362932396 0.5884343286013528 0.6180349498853347 0.5927443091729216 0.6180349498853347 0.5971762703267046 0.6180349498853347 0.5996158819709888 0.6245947945288546 0.6057149110816993 0.6229683867659984 0.6109600761169103 0.6247574353051402 0.6164085421224784 0.6288234547122805 0.6190921149311911 0.632401551790564 0.6192547557074767 0.6354917265399905 0.6235647362790455 0.6361965032372283 0.6256384061766871 0.638527687697322 0.6273867945217574 0.6402083090522734 0.6296231051956847 0.6428647750649383 0.6307209304356125 0.642756347880748 0.6325506391688257 0.6442201148673186 0.6345836488723958 0.6488282701954111 0.6356408139182523 0.6526232216420754 0.6363320372174662 0.6632490856927354 0.6358441148886094 0.6667187555868286 0.6366573187700374 0.6756010140146603 0.6363417093309258 0.6854513582537636 0.6366258538762846 0.6926496867361852 0.6341395891043956 0.6994691558247953 0.635631347967529 0.706856914004123 0.6354892756948496 0.7161389691525089 0.6347789143314527 0.7239182386768086 0.6314141540464532 0.7320637156437596 0.6332065648241397 0.7425233367259138 0.6333344691962328 0.7482252055598297 0.6331095323552353 0.7529830452006938 0.6296643125149952 0.76520126065112 0.6293801679696365 0.7740097415572414 0.6279594452428426 0.7795032027675107 0.6232710602444232 0.7826287927664569 0.6234841686534425 0.7829440521196971 0.6253003977684566 0.7919796749379691 0.6292826224747354 0.8018798028696831 0.6291184272303368 0.8138846927559196 0.6285277343335601
16 0.7427015630523534 0.5315396761973943 0.7398696758149076 0.5315792155581958 0.7343868844504271 0.5247389061395289 0.732110804601358 0.5185587169122278 0.7300020386919425 0.5157118829345166 0.7334287832947427 0.5144466233888674 0.7384371023296048 0.5147233989144782 0.7405458682390205 0.515079253161692 0.7442362085804975 0.5259525773821162 0.7456069064216179 0.5287598719990256
16 0.5492445759211724 0.44060147766775765 0.5405981789940445 0.4412593556948217 0.5344579840747796 0.4499997351972446 0.539470388090506 0.45385302078433426 0.5438562416042666 0.447556188239578
16 0.8059944149848406 0.43054481957807733 0.8102101793324636 0.4248123916768769 0.806841571076054 0.4221235433123469 0.7959095838252302 0.42313255126854843 0.7989891690528524 0.4215599174722227 0.7970352661404221 0.4191706147196133 0.7990259594263326 0.4167127352471551 0.8036852663713588 0.4185163379355524 0.8081942730923521 0.41772726175937847 0.8067532741797022 0.41366915571048457 0.7978387500390682 0.4072962899285015 0.7868889079087394 0.4018689261952435 0.7769575157032753 0.400252143950742 0.771275539488801 0.4051214003998978 0.7645488197807913 0.4049866010077847 0.7637973186606257 0.4012004477907013 0.7716350045344356 0.3979125082023305 0.7773684872717815 0.39408537104550834 0.7787726958109517 0.3909345848968351 0.7749163965089629 0.38914989192408844 0.7732483778952066 0.3862355932235089 0.7714079848333293 0.3850728761595439 0.7640592328003377 0.3835398583419955 0.7568835083551029 0.38437996948332886 0.7600103807610139 0.37863098591406247 0.7599956646116223 0.37271961017257316 0.7557578260399112 0.3718454016084846 0.7532216577253233 0.37380035935706074 0.7497647525725617 0.3774075647338552 0.7482176018840546 0.3809706216624738 0.7433018429391381 0.38270564763102227 0.7425503418189727 0.3789857170862029 0.7377407346499132 0.376280313053607 0.7262093647015792 0.37059265078737513 0.7195267955921157 0.3706890339956847 0.7142265672100337 0.36907468586373243 0.7075439981005707 0.370520433988376 0.7008614289911073 0.37080958361330457 0.6970061006587245 0.369171069072042 0.6890384221051338 0.36926745228035157 0.6838979843286236 0.37418299590413945 0.6837694733842109 0.3760142768620212 0.6824843639400833 0.3762070432786404 0.6806852107183046 0.37235171494625774 0.6770869042747475 0.3725444813628769 0.671560933664999 0.3730263974044247 0.6607660143343276 0.36917106907204195 0.6508706716145454 0.3687855362388037 0.6391761756729847 0.3655085071562785 0.6362204239514914 0.36782170415570803 0.628381256342313 0.3644482918648732 0.62311230762139 0.36425552544825407 0.6119318554574805 0.36695425528092185 0.6070484395697958 0.3705204339883758 0.6101327022357019 0.37302639740442467 0.6085905709027488 0.37427937911244896 0.6046067316259534 0.37447214552906805 0.6001088485715069 0.37765279140328384 0.6004943814047452 0.38160450294397597 0.5997233157382688 0.3856525976929779 0.5994662938494432 0.389411542817051 0.5984382062941411 0.3928813383161953 0.5945828779617585 0.3920138894414093 0.5940688341841075 0.38777302827578836 0.5821173163537212 0.38102620369411866 0.5768483676327982 0.3793876891528561 0.5695232438012711 0.37803832423652217 0.5647683388579992 0.3750504447789255 0.5601499528732413 0.37559869729174755 0.5571994042303335 0.3789918282310915 0.5603466561161019 0.3819423768739993 0.5644774242161726 0.3841552883561801 0.5642807209733123 0.3871058369990878 0.5625103917875676 0.3899088582098502 0.5570027009874731 0.39374457144563024 0.5491345712730524 0.3888761661848325 0.5428400675015159 0.3866632547026516 0.5367422669728399 0.3888761661848325 0.5369389702157005 0.3934495165813394 0.5412664415586317 0.3980228669778465 0.5511016037016575 0.40171105278148117 0.557396107473194 0.4030387996707897 0.56349390800187 0.40421901912795277 0.5636906112447305 0.4073170952030059 0.5593631399017992 0.4135132473531122 0.557002700987473 0.4099725889816229 0.5518884166730995 0.40908742438875056 0.5430367707443763 0.4166113234281653 0.5418565512872132 0.41867670747820074 0.5330524626223666 0.42061934753880803 0.5336175662468907 0.4264055709080484 0.5438235837158184 0.4262006065176155 0.5514950101873786 0.42221736584969 0.5512983069445181 0.4264956613819063 0.5469708356015868 0.4270857711104879 0.5418565512872132 0.43077395691412257 0.5493312745159129 0.436675054199938 0.5562158880160311 0.4349047250141934 0.568804895559104 0.43328192326059406 0.5861147809308295 0.4335769781248849 0.5979169755024606 0.4369701090642287 0.603424666302555 0.4406582948678634 0.627029055445817 0.43003631975339557 0.6451257537889843 0.422955003010417 0.646109270003287 0.41602121369958367 0.6613161269250485 0.41151168060467747 0.6648997664991488 0.41213766850046907 0.6732195623811186 0.4168208719795319 0.6800899059598458 0.4249489869272259 0.6862298072509357 0.4320902201440686 0.6909856675360389 0.442123098275331 0.6933876064064366 0.4492008203523566 0.6961220409697141 0.4542927476994222 0.6828064082426204 0.4671432632833016 0.6875616972669188 0.46965632163723314 0.7033542042137546 0.46327616949120665 0.7106915904998834 0.4718913395405966 0.723581309530007 0.46509902466665226 0.7332482516211217 0.46678162693156494 0.738335770802645 0.46009207657593704 0.7336308854049683 0.45696492044146486 0.7393696575498337 0.44882866736088417 0.7432207748373297 0.44539055743782785 0.7485711922784738 0.4500023637490857 0.7616924489090802 0.446481072181949 0.7680987282358118 0.4466377679592308 0.7746416159775269 0.43457952229538976 0.7920976732018948 0.43022465343191985
16 0.6624657181695807 0.4779567235576514 0.6646926162489415 0.47433801417869004 0.6535581258521375 0.4682140444604478 0.6450216832145875 0.4668222331608473 0.6442793838548007 0.4709976670596489 0.6505889284129895 0.4751731009584504
16 0.8216940883916786 0.4992236511815796 0.8246257300674772 0.49921483764289026 0.8272371415983031 0.4974738966223397 0.8254962005777524 0.49377439695366976 0.8310091804761629 0.49203345593311903 0.8292682394556121 0.4883339562644489 0.8263666710880279 0.4883339562644489 0.8272371415983031 0.48224066269252175 0.8220143185366513 0.478105927768714 0.8173718091485163 0.4798468687892646 0.8182422796587917 0.4837639860855035 0.8052205910325984 0.48627712545950985 0.8042335208938927 0.48727779203554744 0.804299551646993 0.4885130067781175 0.8098277313927968 0.4937743969536696
3 0.5571619260388998 0.5305408641791257 0.5615821799713654 0.5195752342312786 0.5644156760819202 0.5118397898494639 0.5713294065916741 0.5132848728658468 0.5774497581904724 0.5184701707481622 0.5691759495476524 0.5222953904974111 0.5615821799713654 0.525440571180127
5 0.8052688575503005 0.43155684443024206 0.8087351402979894 0.43517787194345287 0.8129441979201831 0.43564210624001837 0.8197758698284408 0.44538638412492787 0.8229945609512948 0.4486360242008863 0.8239849274506345 0.457085088398378 0.8249752939499743 0.4594991067405187 0.8274512101983234 0.463677215409608 0.8278225976355759 0.46525561201793075 0.8196520740160232 0.46878379267182846 0.8205186447029456 0.4726833607629785 0.8265846395114012 0.47602584769825 0.8265846395114012 0.48001826264871317 0.8223755818892075 0.47741855058794647 0.8170523619552568 0.47936833463352146 0.8177951368297613 0.48354644330261093 0.8035586184017531 0.48596046164475143 0.8033110267769181 0.48883871428345743 0.8095008173977913 0.49478091327949564 0.8198996656408581 0.5001660311196553 0.8295557390094204 0.5073152392867638 0.8345075715061189 0.5110291136592878 0.8343837756937014 0.5134431320014283 0.8217566028271203 0.515114375469064 0.8149478331441596 0.5147429880318116 0.8116053462088882 0.5163213846401343 0.8114815503964707 0.5197567184347188 0.8101197964598787 0.5224492773547986 0.8054155555880151 0.5227278179327379 0.8029396393396658 0.5256060705714439 0.7916742204096768 0.5281129357728975 0.7797898224176002 0.5284843232101499 0.7768187229195811 0.5256060705714439 0.7768187229195811 0.5242133676817475 0.7701337490490381 0.5219850430582331 0.7607252673053108 0.5170641595146391 0.7524309478733409 0.5140002131573068 0.7498312358125742 0.5134431320014283 0.7461173614400503 0.510379185644096 0.7353471257597309 0.5081375971835369 0.732517507190189 0.5066785751086168 0.7242055026421593 0.5069438518495114 0.7155397957729369 0.5058827448859331 0.7117034859815385 0.5039645899902339 0.6976030069078353 0.5031789627191233 0.6837269927687349 0.5053215825494255 0.6820945205170762 0.5044033169078674 0.6781561812099491 0.5045359552783145 0.6748912367066314 0.5065765455928882 0.6608791832132261 0.5197383531218877 0.6601989864417017 0.522493150046562 0.6460508935939917 0.5292270980846548 0.6403372407131858 0.5299413046947555 0.6392489258787465 0.5311656588834996 0.635711902666819 0.531063629367771 0.6331271549350258 0.5330021901666159 0.6230602427164629 0.5331042196823446 0.61993133756745 0.535859016607019 0.610000464703192 0.5366752527328483 0.6008858279647634 0.5436132598023984 0.595852371855482 0.5431031122237551 0.5929955454150789 0.5454497910855146 0.592859506060774 0.5475924109158169 0.5633389661766097 0.5486127060731036 0.5531378722189578 0.5438644558199572 0.5619785726335607 0.5260641830970657 0.5788474525673689 0.5187180579646009 0.5717734061435138 0.5126983165366088 0.564291241656744 0.5109638147692214 0.5564009591070597 0.5307575408205849 0.5515878780828809 0.5427951660613531 0.5465723170001786 0.5398694220964433 0.5403283666655047 0.5424752076286705 0.5330178080091649 0.5423860271487465 0.5319342549520567 0.5429955257433698 0.5290447801331013 0.5410993078934304 0.5287738918688243 0.5348011557489887 0.5301283331902096 0.5178029171656032 0.5303992214544866 0.5077123293212826 0.5305798136306713 0.4936261395788754 0.5283224114283626 0.485364047518425 0.5334692884496266 0.4770342333919053 0.5313924784235026 0.4669436455475848 0.5364490593566743 0.458816997619273 0.5434018581397856 0.4500131290302686 0.5513479138919127 0.43938076465739384 0.5562239026488998 0.4357237730896535 0.5683235784532753 0.4338952773057833 0.5859202927108722 0.43396923173985824 0.5976853381574092 0.43735849979895997 0.6029055901105083 0.4412152531075929 0.6093743472724155 0.43917864573721743 0.6360358131995969 0.42763705307482525 0.6459429130936715 0.42352852047169426 0.6468753460248786 0.4162730267257395 0.6614446105749886 0.4121644941226085 0.6643584634850106 0.4126889876464125 0.6724006975166712 0.41767167612255 0.6855713126699707 0.4324449103763614 0.6951287502148428 0.45412397602692495 0.6808512812711003 0.46737892616692955 0.6655153668360475 0.47438874719167395 0.6552048557231757 0.4677384554970406 0.6448983482599911 0.46594080884648514 0.6436999171596207 0.4706146901379293 0.648733327781176 0.47546833609442907 0.6628748147655457 0.47906362939554 0.6655113631863603 0.47510880676431794 0.6821357249063549 0.4675113472773818 0.687763744299737 0.47014866942686917 0.7031374270262429 0.46389193808468643 0.710526328801773 0.4724725982111084 0.7233973189914059 0.4655008118583906 0.7334080891388982 0.467645976889996 0.7396052325635363 0.459959135526743 0.7344806716547009 0.45683076985565174 0.7398435842337147 0.4492333103687157 0.7434188592863904 0.4458367990686737 0.7486800510038338 0.4503353779889143 0.7620589656051096 0.4467725019665833 0.7684868890664521 0.4470111624911379 0.7753598321097506 0.43499504187818056 0.7919267539584551 0.4307296776708649
9 0.524725938653747 0.7521900218639156 0.48159441199216607 0.7532804256278319 0.47141731019561334 0.7510996180999991 0.5063102306409372 0.7122085505203153 0.5402339032961132 0.6798599055241297 0.5353876643453738 0.6725905470980205 0.5203643235980815 0.672227079176715 0.5019486155852717 0.6635038490653841 0.5223028191783773 0.6500555359770821 0.5397492794010392 0.6493286001344711 0.5654343458399583 0.6544171510327476 0.5731883281611413 0.6529632793475257 0.6334034308616432 0.670234846887263 0.670719470782337 0.6815023524477319 0.693496793850812 0.686227435424703 0.6968891611163298 0.6825927562116483 0.7312974576665796 0.6804119486838157 0.7429284311483542 0.6902255825590631 0.7177279886045091 0.7280262463748305 0.6983430328015514 0.7302070539026633 0.6988276566966255 0.7581940838431833 0.6823504442641114 0.7774578836723726 0.6847735637394812 0.7930870042885073 0.6673271035168193 0.8029006381637547 0.6518191388744531 0.8039910419276708 0.6445497804483439 0.7818194987280381 0.6140184750586856 0.7767309478297618 0.5723408200823266 0.7658269101905979
7 0.137492272473754 0.4757718826951101 0.12260503731583165 0.4562323865503371 0.11578172120178393 0.43111017722134315 0.12198473585091822 0.4018009330041835 0.13873287540358084 0.37807440197124487 0.1660261398597718 0.36039581022121203 0.2121431010003933 0.3456629913230092 0.2487404794208096 0.34260754832777346 0.28099656360578407 0.34612821742169425 0.3096281784623983 0.35248205617221406 0.33171631755416814 0.362062453850572 0.34276533915902907 0.35686981351883384 0.3637889896198702 0.3470898242221768 0.38534488439617554 0.34449513318428804 0.4023767024910342 0.35527308057244084 0.4108926115384635 0.3670489860520892 0.39971548091371256 0.4023767024910342 0.3824175406611217 0.416747299008571 0.38698646435074907 0.44207227105563207 0.3933145867558639 0.4623760373075923 0.39677238025468275 0.4753503213582428 0.39788171589379184 0.48172900128312 0.3989910515329008 0.4914356881253245 0.3890070307809191 0.5100170600804017 0.369778546369695 0.5266570946670379 0.3420451553919679 0.5385824527874606 0.30543707930136804 0.5432971292536743 0.2765943526845318 0.5383051188776833 0.24738184752132594 0.5302624354941424 0.20818532160613828 0.5163957400052789 0.178233259350193 0.5050250497044109 0.1545674323825325 0.49199035594487905