12 0.5690988110742103 0.7239309354641622 0.5661138061818507 0.7149759207870833 0.568435476653686 0.6995533955098914 0.579048827382076 0.6873646255327561 0.5946371862643988 0.6794046124864636 0.6175222237724897 0.6736833531094409 0.6394122596497941 0.6726883514786544 0.6589806250552632 0.6756733563710139 0.6808706609325674 0.6816433661557333 0.7001073591277744 0.6863696239019695 0.7077357049638047 0.6901008800174191 0.7090623738048535 0.6943296369482621 0.7067407033330181 0.7025384004022511 0.6994440247072501 0.71298591752551 0.6898256756096467 0.7296521948411849 0.679875659301781 0.7403484623721404 0.6622972971578851 0.7493034770492195 0.6463772710653001 0.7535322339800625 0.6254822368187822 0.7547759860185457 0.6025971993106913 0.7505472290877029 0.5873405076386308 0.7438309680798935 0.5750688208589297 0.7336322013643312
4 0.6575032377558365 0.3136384658658341 0.6552813979069725 0.28662392093511846 0.6579183952717329 0.2827051859337878 0.6640652024411873 0.2818853554030482 0.7163655924860949 0.28123554259820494 0.7757772729505235 0.2817254237100659 0.8036257824638087 0.28174215084319004 0.8121689844768085 0.28358183896411016 0.8184792352745002 0.28674681754985365 0.8219962332772717 0.29134798520493166 0.8230224321190944 0.29919157578401595 0.8239111520363843 0.3112172561443696 0.8255957186347627 0.32870013535144366 0.8260787258003969 0.3381242678706218 0.8281690051504309 0.35088454501234095 0.8234519787961172 0.35324642020046915 0.8187490001828249 0.3535261882199752 0.8139806441182373 0.3534024571878957 0.8070618241930622 0.3524483598193106 0.7926348558969903 0.3531923440955408 0.7823676745380219 0.3539775720491308 0.7705534055052082 0.35382542976726 0.7656750663009947 0.35421220168572143 0.7472978914655893 0.35369390932406913 0.7425203833280452 0.3544991457380336 0.7343671666081398 0.35407395833959343 0.727010990811812 0.3539697826380193 0.7091770076525948 0.3548258138296617 0.6809279783283949 0.3551468255265277 0.6640695651469823 0.35545464428735246
0 0.36154785830959235 0.2694379120700439 0.36154785830959235 0.2523142717327353 0.37408451941719323 0.2299417623532009 0.3891493361226498 0.2176877677184398 0.416236082081745 0.2081180410408725 0.44292543010773144 0.20340815609511018 0.47667960555236144 0.201053213622229 0.5153399111488272 0.19590177696280148 0.5428142399991074 0.195018673535471 0.5740172277647827 0.19869827114934785 0.6016878018211365 0.2048799951406609 0.6199386059859655 0.21120890303652895 0.6356382224718397 0.2200399373098334 0.6446655019512175 0.22754631644214204 0.6527115554002281 0.2404985000429884 0.6560477239034764 0.251831660693729 0.655851478697403 0.26846344190845217 0.6501603677212735 0.28156280941385364 0.6399556170054551 0.3006967170060131 0.6295546210835634 0.3124714293704189 0.6116963073308812 0.32351022221204934 0.5912868058992445 0.3320468886762435 0.5693073428190204 0.3377870609538913 0.5430104852051807 0.3401420034267725 0.5017989919297605 0.341172290758658 0.46215746030292765 0.34028918733132757 0.42663707800363676 0.33101660134435806 0.4095637450752484 0.320860911930058 0.3907242052921991 0.30687844099732614 0.37620206004276535 0.2905410275917131 0.3659973093269469 0.27773602789542173
13 0.032280208284517706 0.5398349725878918 0.03090658240007015 0.5166550357878392 0.03427003256263595 0.4995640101386718 0.0480408619724627 0.4779620943463996 0.07384058414285932 0.4548313089522509 0.10438508280436337 0.44059697947892856 0.13789506677280958 0.43147811216008153 0.17674292429375163 0.42969882097591616 0.20817706854733836 0.4328125805482055 0.239611212800925 0.4401521566828873 0.2597765128881316 0.44904861260371365 0.2846865894664456 0.4641725876691186 0.30514843808434633 0.4837447906949368 0.3173069278428091 0.499313588556383 0.3324309029082141 0.5204426713683458 0.3356929367458504 0.5317856526673995 0.3520031059340322 0.547132039130825 0.35941681920138757 0.5598094888180026 0.35734097948652804 0.575378286679449 0.35496859124097435 0.5862764451824614 0.3555616883023628 0.589835027550792 0.3540789456488917 0.5940608441131845 0.3374722279300157 0.6047365912181761 0.3158241851893381 0.6196381548855604 0.29061756008032985 0.6205278004776431 0.2698591629317349 0.6185260978954571 0.24969386284452832 0.6223070916618083 0.22448723773552012 0.6249760284380562 0.20283919499484246 0.6245312056420149 0.16666027425014834 0.6240863828459736 0.11950905786976831 0.6165243953132712 0.08125429741021467 0.5991763062676596 0.06108899732300811 0.5847195653963166 0.042999536950661055 0.5649249509724779 0.0355858236833057 0.5511354442951969
6 0.31257180191838135 0.48940078146206534 0.31948573731223073 0.4814700908632381 0.3333136080999296 0.47689469244083776 0.334533714345903 0.4704891346494772 0.34592137264165496 0.46286347061214334 0.3451079684776726 0.45645791282078285 0.34836158513360177 0.45188251439838256 0.34551467055966384 0.4460870097300088 0.3447012663956815 0.4366311863237147 0.34876828721559294 0.4326658410243011 0.3564956267734246 0.4253452035484606 0.36218945592130053 0.4204647785645668 0.37357711421705253 0.41497430045768646 0.3788642412829374 0.4061285301743791 0.3879937862195489 0.39805966274882965 0.39694123202335396 0.39805966274882965 0.3993814445153008 0.39195913151896244 0.3721324050218944 0.3788429893747482 0.350983896758355 0.36969219252994745 0.3212946447730017 0.3556609707012531 0.3111162608133316 0.35621651765787626 0.29600841460639915 0.3474673535570261 0.2903001334446006 0.34781513023871363 0.2811206825846923 0.35928944381359906 0.27997325122720373 0.3654568873600999 0.2761484800355753 0.36889918143256545 0.26830769909273694 0.3866843674736378 0.2702200846885512 0.3901266615461035 0.26696902917566695 0.3917043796626503 0.2652478821394342 0.39643753401229054 0.2604669181498986 0.40819870542654807 0.25128746728999024 0.41823872980457283 0.24880136601543174 0.4245496022707598 0.24382916346631472 0.4279918963432253 0.2419167778705005 0.4334421952912959 0.23751829100012775 0.43788849180156403 0.2375097093990594 0.43897542165476044 0.2398292336940079 0.4396197339589128 0.26030217087755153 0.4484413636900391 0.28573102981476445 0.46364713406803465 0.3060734824112245 0.48267851025014447
2 0.5395788654550339 0.7983082530669754 0.5419964690904089 0.7677421358441907 0.5478577540614883 0.764380516522542 0.5492368799370365 0.749899694829287 0.5578564166592122 0.7478310060159647 0.5926793450168021 0.7488653504226259 0.5967349963599882 0.7499285085199439 0.6056455809598962 0.7544523437783586 0.6205879459043572 0.7569198902829484 0.6404654038579979 0.7567142614075659 0.6436183799471961 0.7652478597359393 0.6419733489441362 0.8011300984901838 0.6220958909904954 0.8012329129278752 0.5990654569476564 0.8018497995540226 0.5820668032493705 0.8020554284294051 0.5587621973726883 0.802877943930935 0.5412152000067157 0.8026723150555526 0.5399814267544207 0.7999991396755803
9 0.3724240029130625 0.7753932784581703 0.3713175629883017 0.7686880112701637 0.3581375542829857 0.7387858665199782 0.3413622254676822 0.7013412132316229 0.32488721458603725 0.6697091923388647 0.31566120849231616 0.6207784100203795 0.31717079570542767 0.6194115491334826 0.32632425925633607 0.6127945875304162 0.3417660667983774 0.6085950434420283 0.35985242851342547 0.6016472337588086 0.38874649418014856 0.6020607938590002 0.39459147692952384 0.6031360501194986 0.39812052311782586 0.601729945778847 0.41234699056441854 0.6011509616385786 0.41697886368656506 0.5999102813380036 0.4256911964639357 0.599248585177697 0.43142589651992663 0.599248585177697 0.436057769642073 0.5980906168971604 0.445100950499597 0.5977597688170071 0.45282073903650777 0.5947821360956272 0.4575628948520387 0.5947821360956272 0.4749875604067801 0.593210607714899 0.48932431054675724 0.5928797596347457 0.5135865030913337 0.5918045033742473 0.5135865030913338 0.5945340000355123 0.5164538531193292 0.614798444944903 0.5066386934081142 0.6248893113895793 0.509836891516263 0.633656785513642 0.5125939588508739 0.6413490033772065 0.514137916558256 0.648710373160618 0.5185492242936337 0.6621097204068274 0.5204240300811691 0.6684785459497787 0.5242839243496245 0.6798928047150682 0.5235119454959333 0.6852690860175596 0.5288055147783866 0.6960216486225426 0.5328859744336107 0.708924723748522 0.5368561513954505 0.7183538940328913 0.5372972821689883 0.7339864658201356 0.5380692610226794 0.7372949466216688 0.5366355860086817 0.7391146110625121 0.5344299321409929 0.7382047788420906 0.5344299321409929 0.7391973230825504 0.5390618052631394 0.7416786836837003 0.5494283784412766 0.7482956452867665 0.5505555555555556 0.749247311827957 0.5491397849462366 0.7497177419354838 0.5490143369175627 0.7508198924731182 0.5477240143369176 0.7643279569892472 0.541810035842294 0.7676747311827957 0.5385226287135438 0.769459857675789 0.5336112939799577 0.7689896234991691 0.5314168678223978 0.7685585755039341 0.5284387180371382 0.7700868365779491 0.5204969852764456 0.7711056772939586 0.50821864844248 0.771105677293959 0.49463410556234794 0.7712232358381138 0.46220435519495967 0.7726255005271675 0.42390493593210044 0.7750736168152764 0.3964860335052807 0.7745839935576546 0.3841571785813616 0.77183821069493 0.3788999700684472 0.7740668099558392
1 0.6381125637747258 0.4680340157611292 0.6300314009126632 0.4707277367151501 0.6186579124401305 0.47454384140001304 0.6015522411987163 0.47790419611657187 0.5882048949648855 0.4745726518222588 0.578799783931371 0.47202864637876707 0.5758703231176533 0.47214428298983485 0.5730950444520261 0.47630720098827584 0.564615026307054 0.47156609993449583 0.571553222971122 0.46566863277003795 0.565385937047506 0.4626620808822752 0.5669277585284099 0.45803661643956306 0.5643066620108731 0.4554926109960714 0.562764840529969 0.449363870609478 0.5660026656398676 0.4480918678877322 0.5673903049726812 0.4413849444457997 0.5690863086016756 0.44103803461259633 0.5710906765268507 0.43791584611376566 0.560452108308613 0.43097764944969746 0.5402542469087703 0.42137981073106995 0.54010006476068 0.41663870967728994 0.5441088006110304 0.40669396112545914 0.548580082905652 0.3983681251285775 0.5575226474948953 0.40021831090566223 0.5760245052657437 0.40357177262662847 0.5844167897211354 0.4069164728956792 0.5849414485868689 0.40632623167172915 0.5826679268353572 0.40298153140267834 0.582109011531282 0.3986751555992185 0.5877928159100613 0.3974946731513181 0.5812345800883929 0.3918545903446834 0.5834206586956158 0.3847716956572816 0.5859565098799941 0.38083675416428053 0.5929519614231071 0.37742647153701303 0.5974115617818415 0.3782134598356132 0.605806103633577 0.37604924201446266 0.6141132023410236 0.37618040673089603 0.6198844498640917 0.3770985597459296 0.6253059248100042 0.3772953068205797 0.6287162074372717 0.37939394228351353 0.6339627960946065 0.3804432600149805 0.6351870001146512 0.3826730601943476 0.6392968278962299 0.38221398368683096 0.645242961707876 0.3844437838661981 0.643231769389231 0.38641125461269865 0.6473415971708099 0.39132993147894996 0.6528505152610111 0.3955272024048176 0.6566980136097232 0.40123286756966914 0.6566105704654344 0.403724997181903 0.6650925554614588 0.40956182706318783 0.6684153949444374 0.41664472175058975 0.6660544300486367 0.41874335721352357 0.670776359840238 0.4216289809750577 0.6800453331348626 0.424449022378375 0.6890519769966204 0.42621974605022545 0.6915606379589307 0.42665402553262766 0.6938821063270624 0.4270414910288248 0.6906973901227796 0.4315290456803142 0.6877056870217867 0.43637849990047195 0.684231451162569 0.43992511567342324 0.6806607087517065 0.4449917096347822 0.6783445515122284 0.44940688437253784 0.6732297042750468 0.44701834721932576 0.6671497915214161 0.4457155087721192 0.6635790491105538 0.4454983690309181 0.6577886560118578 0.45237446083561944 0.6512262105000023 0.4559934565223045 0.6461113632628209 0.46185622953473415
1 0.7912670308429849 0.4837447246328924 0.7767657227080139 0.4958816890502052 0.7664676922933243 0.4933597224180364 0.762684742345071 0.48831578915369855 0.7500749091842266 0.4799617746846392 0.742088681515692 0.4739721039332381 0.731370323328974 0.46593333529319986 0.7196011457121859 0.4612046478578831 0.7196011457121859 0.4547421083629505 0.7269568817226787 0.44559997932133816 0.7347329455051992 0.43771883359581054 0.7404073704275792 0.43409350656206774 0.7454513036919169 0.433305391989515 0.7454513036919169 0.42999531078479336 0.7494444175261844 0.4270004754090928 0.748393598096114 0.42148367340122334 0.7603729395989162 0.4161244943078646 0.7631050701170992 0.41738547762394895 0.7696201505835354 0.41738547762394895 0.7750844116199012 0.41880408385454393 0.7845417864905346 0.42353277128986055 0.7897958836408864 0.4288919503832194 0.7918975225010272 0.4334630149040255 0.7956804724492804 0.43472399822011 0.8053480112059277 0.4446542418342749 0.8078126031014351 0.4561790703741097 0.802190423772408 0.45678484015570187 0.7964753365564126 0.4647729734235132 0.7946568997149597 0.4711050302821442 0.79530634144405 0.4740275180630508 0.7912798027236899 0.48026215866231825
16 0.7924250364711625 0.484764694246886 0.7958896833671278 0.47914471468889597 0.8001600620993641 0.48216620907491214 0.8079756609111927 0.489417795601351 0.8133740642142083 0.4946751958330192 0.8058001849532609 0.4986031385348404 0.7998377693648557 0.49135155200840136
16 0.8099490915240234 0.5290796484955314 0.8070392415185481 0.5265067284906901 0.8090914515224096 0.5227162659835578 0.8099335046600885 0.5202243952148219 0.8138664691645304 0.5201292428477788 0.8150807946106023 0.5227799159296895 0.814776125793461 0.5260022850134096
5 0.7953107293457916 0.4782126386698543 0.7968289186588503 0.4747324228056754 0.7955569526009127 0.46944220033743533 0.7972914517708276 0.46553957720512706 0.8021480494465888 0.45799450581599777 0.8142895436359923 0.457907780857502 0.814867710025964 0.4612033292803401 0.8201868408137026 0.4642387028276909 0.8199555742577139 0.46874840066946943 0.8226151396515833 0.46970237521292246 0.8213431735936458 0.4755996723906328 0.8246965386554811 0.47880849585497515 0.8242340055435038 0.4905163652518999 0.8242340055435038 0.49676056226359305 0.8230776727635606 0.5023109596073204 0.8230776727635606 0.5049127083621926 0.8274717373273447 0.5063870326566202 0.827240470771356 0.5152329784231856 0.8261997712694072 0.5192223265139895 0.8258528714354242 0.5274611975710848 0.8149142047914631 0.5260602076644235 0.8152137710172789 0.5227533262297444 0.8139932187456352 0.5200243555846542 0.8098249175915312 0.5201798032796275 0.8089933518005294 0.5227226134034212 0.806899641577061 0.5264919354838709 0.8098924731182797 0.5292204301075268 0.8148387096774193 0.5261021505376343 0.8258602150537634 0.527513440860215 0.8263978494623656 0.5310215053763441 0.8271493886943782 0.5352420845903342 0.8264112416628173 0.5379063340323741 0.8264112416628173 0.539151957148133 0.8256174548008002 0.5420536592077561 0.8242795633060961 0.5454445221339886 0.8240027581692608 0.5494927972602051 0.8215576461272156 0.5539562800916745 0.8189743818553802 0.5586877289561856 0.8134886477876914 0.5665734716784883 0.8112791160104278 0.568859194206692 0.8073235815033227 0.5645692517760509 0.7972233296208394 0.568487452937359 0.7908381129135225 0.5713608004556517 0.7884001210798195 0.570751302497226 0.7856138446984446 0.5694452354434566 0.777349564518698 0.5711943238110523 0.7687495093051492 0.5725437959965988 0.7624519724392652 0.573218532089372 0.7648135487639717 0.5677363013355894 0.7612149562691812 0.5622540705818067 0.7591907479908613 0.5583743380483605 0.7526681114885627 0.5572476706191095 0.7471577667309145 0.5607900351061691 0.736024621200156 0.5568259605611263 0.7309641005043566 0.5524401759581001 0.7342253249527605 0.5450180789375942 0.7343377809682228 0.5393671641606184 0.7286025241796501 0.5327884872560791 0.7227456602206653 0.5224968629614616 0.7192447191983973 0.5152535367084935 0.7210555507616394 0.5127183725199547 0.7342142601211981 0.512989997254441 0.7227632379419947 0.505222006144521 0.7205902400661043 0.5070328377077631 0.7179343537733495 0.508753127692843 0.7099666948950847 0.5081193366457083 0.7069486422896811 0.5095680018963018 0.6998260381409293 0.5073044624422494 0.6963250971186613 0.5122842492411649 0.6965665413270936 0.5152721213205143 0.6980152065776872 0.5178072855090531 0.696928707639742 0.5203424496975919 0.692341267679529 0.524869528605697 0.6876331056150997 0.5246884454493728 0.6830456656548866 0.5268614433252632 0.6764059499229993 0.5250506117620212 0.6727842867965153 0.5205235328539162 0.6712148994417055 0.5149099550078658 0.6672310700025732 0.5100207097871124 0.6683175689405183 0.5035922577376033 0.6713356215459217 0.4958056820156626 0.666227831645192 0.4918169974449837 0.6619383451462368 0.4899986281682528 0.6627775925047282 0.4949641750393256 0.6628708422112273 0.4993002863915301 0.6586746054187712 0.5059443279795854 0.6589543545382683 0.5113294985299041 0.6576901799376007 0.5136893206764861 0.6575036805246026 0.5164868118714567 0.6554521869816241 0.5190045539469303 0.6492044566461896 0.518934616667056 0.6460339666252228 0.5164168745915825 0.6437027239627473 0.5143886934752288 0.6367089959753207 0.5150181289940972 0.6268245270864243 0.5129200105978692 0.6196442996859997 0.5094930838840301 0.6099463302101015 0.5071152163683051 0.6028926559827826 0.5051170083718975 0.5981350178960979 0.5056879249422997 0.5916646300982066 0.5089706952221122 0.5861457699176522 0.5076861329387073 0.5825299649717718 0.5075434037961069 0.5808172152605653 0.5055451957996993 0.575869271650413 0.5024051546624873 0.5741565219392065 0.4989796552400742 0.5759541698622144 0.49584067353979466 0.5805517263620744 0.4921926124040363 0.5845496015793439 0.4871952683824493 0.5923454582530194 0.48279760564345287 0.5965432272311525 0.48114848211632916 0.6000080524194528 0.48209797748043065 0.6000144388585341 0.4785456635071617 0.6055448329090902 0.4775961681430603 0.6194041336622913 0.4747976554909716 0.6383940409443217 0.4684510285835563 0.6465896851397239 0.4625541626380837 0.6513205041468264 0.4563074826111 0.6555182731249594 0.454058677801386 0.6602490921320616 0.453658890279659 0.6634473923058772 0.4519597933123194 0.6729090303200818 0.4520097667525353 0.6779730055952897 0.45280934179598925 0.6786632681966076 0.44940577610658794 0.6816695710176017 0.44423316684105385 0.6852948185370359 0.43972371260956256 0.6884779627004414 0.437004776969987 0.69139584485023 0.43196479871126153 0.6939600443151958 0.4279195530036002 0.6954631957256929 0.4251343018606203 0.6979043578266756 0.42110344661719784 0.7012300577661066 0.4183290224951818 0.7064631178986897 0.4169756448746862 0.7160269864168582 0.410614770058357 0.7275758087784204 0.401141126714888 0.7380419290435863 0.39518626518470745 0.7468839961641573 0.39369754980216226 0.7615004744655096 0.39396822532626147 0.7683575877426871 0.4035772064317801 0.7660117332004949 0.41508091620599236 0.7643876800559001 0.4162989560644384 0.7614859144770569 0.41587248645257413 0.7573159893832715 0.4161094140147209 0.7480916096303518 0.42075319423280033 0.7483443323633083 0.4230276988294107 0.7437321424868486 0.4281453341717839 0.7413944572069991 0.43084630838025867 0.7379827003120838 0.4329786564395809 0.7349808881213314 0.436989195623759 0.7328959255744387 0.4385055320214992 0.727272844766152 0.4441444080005957 0.7200070661936467 0.45267380023788434 0.7187434525288632 0.4547587627847771 0.7186170911623848 0.45978162710229165 0.7189329945785807 0.46215090272376075 0.7243785189840007 0.46395554926427357 0.7316662986215549 0.467147983707273 0.7384065405438802 0.4732090682712855 0.7475995727164243 0.4808394610961754 0.7562864691599603 0.4847880503886918 0.7612880155971475 0.4881443512873307 0.7619461138125669 0.48972378700433716 0.7620777334556509 0.49229037004447285 0.7670792798928383 0.4950543825492343 0.7699749120406836 0.4947582383522955 0.7793199066996389 0.5012734106849475 0.7818206799182326 0.5060117178359671 0.7872170852846715 0.5125268901686191 0.7887824864472956 0.5048708420757039 0.7897361368017254 0.48770513569596863 0.7918023792363232 0.48579783498710927 0.7994113616746994 0.4916142557139048 0.805242359897051 0.49909110020869407 0.8137471222187284 0.4946627810118936 0.8082554173453196 0.48922667267570424 0.8004496549881149 0.4817827668516151
5 0.5706223122687265 0.5532730091969318 0.5614116609811464 0.5519251090085054 0.5557954101960366 0.5502402337729726 0.5459108088142434 0.5495662836787594 0.5441136085630083 0.5409734199775413 0.5450122086886258 0.5347393816060695 0.5578172604786761 0.5300217309465772 0.571970212457153 0.5264834929519581 0.5840139260917859 0.5234925103542959 0.5854074175884942 0.5185528600706685 0.6121901706914095 0.5207054316007963 0.6226807879271716 0.5279148580790892 0.6115210120765526 0.5347705449058833 0.6121825680785391 0.5354133317002826 0.6189220690206708 0.5387830821713485 0.6236397196801631 0.5414788825482012 0.6234150696487587 0.5467019957783533 0.616226268643818 0.5487238460609929 0.6101607177958995 0.5515881339613988 0.6067909673248336 0.5525990591027187 0.5919640652521437 0.5514196464378457 0.5827534139645637 0.5529360341498253 0.580057613587711 0.5509141838671857 0.5751153128968144 0.5493977961552061
5 0.6442018011041156 0.6013674576341199 0.6177899901262336 0.5915824094637343 0.615211418381337 0.5834060248602246 0.6196407850569636 0.5722591388651795 0.6247048742626459 0.5698936188870016 0.6223810232332495 0.5648275065547765 0.644284611311413 0.5644114190673555 0.6604076051106379 0.5748979777568004 0.6636487659119423 0.586647185661529 0.6787741829846964 0.5893481529959493 0.685462033226777 0.5907446248309696 0.7338993807573825 0.6060050902704447 0.7444298255933575 0.6069858313432624 0.751414467416737 0.6061587027062832 0.7552744010559731 0.613189296120606 0.7626266556068987 0.6129135865749462 0.7683246528838662 0.6142921343032449 0.7690598783389586 0.6371760265930011 0.744797438320904 0.6447580390986434 0.7085875846575945 0.6360731884103622 0.6872660464599101 0.6301454331786784 0.690576285392356 0.6169134955501623 0.6971339740832235 0.6034707787585867 0.6850266742781632 0.5929070477582209 0.6778529902573895 0.5951488240147128 0.6791340052610991 0.5989278182756561 0.6845142682766795 0.6031551677878977 0.6820728377030503 0.6139124054372173 0.6895881257248133 0.6178195011985315 0.6861720857149212 0.6297329407330309 0.6627722116471593 0.6264663524735713 0.6545928872765348 0.619248225075118 0.6502356933863662 0.6048694852375612
16 0.6893857599128872 0.6172334369005411 0.6821343513255639 0.613536147948052 0.6846729076202456 0.6030051058193331 0.6789797848671801 0.59863348602273 0.6776654435903479 0.5950425178913846 0.6846596168134912 0.5928597725566453 0.6965356290648685 0.6032806212515298
16 0.5602630184369071 0.47897817247477437 0.562026351518303 0.47801635443037654 0.5625072605405019 0.4759724910860312 0.5597821094147082 0.47404885499723565 0.555453928214918 0.4723656734195394 0.5524081710743249 0.47248590067508917 0.5520875650595256 0.47464999127498425 0.5551333222001188 0.47513090029718313 0.5586599883629106 0.47801635443037654
16 0.6644338329085357 0.5007807842634732 0.669835733989093 0.49568580938067486 0.6651704557831573 0.49273931788218917 0.6646793738667429 0.4957471946202267 0.6647612208528119 0.49697489941126244 0.6634516690757072 0.49728182560902134 0.6632879751035691 0.4991847680351267 0.6628787401732238 0.5005966285448178
16 0.5836959324337208 0.596297973291198 0.5787758757283218 0.6042457571999195 0.575369682624584 0.6042457571999195 0.5717742565706385 0.6058069290391327 0.5660117214530811 0.6024270156159474 0.566861169279594 0.593465780386347 0.5607287570000836 0.5852635559367608 0.5575023430888262 0.5840957423728013 0.5557863849414773 0.5791643186959526 0.5570694745335784 0.5742015645995083 0.5551217569523651 0.571744998001755 0.551904796798835 0.571744998001755 0.5463254073156445 0.5690519049098065 0.5460016596098161 0.5639172264245844 0.5495974847389425 0.5622577008475345 0.5503802189500056 0.5575417881536289 0.5447065545283916 0.5542263027993571 0.5434591846672593 0.5499439976936944 0.5450895033924771 0.5491242309682081 0.545752060551567 0.5496211488375254 0.5474339364169488 0.550041617803871 0.5558433157438586 0.5505003112217025 0.5613986026931503 0.5520675137326265 0.5679732083487344 0.5561575300416236 0.5695107431029658 0.5562468139867853 0.5705146240244335 0.5544746781477535 0.5713369600794982 0.5535582673405787 0.5754675656593797 0.5497843838516245 0.579697738290492 0.5511222396536329 0.5823989328621658 0.5529952377764445 0.5807680229320986 0.5560531938953208 0.5840783350250729 0.554790187594023 0.5889686893100733 0.5549072439465894 0.5909976660878928 0.5531904174422807 0.5952637198258719 0.5526831732478259 0.599893948882947 0.5543609809679458 0.6030812820037229 0.5537168702202034 0.6097404878386175 0.5537558890043922 0.6143186918501073 0.5527804193996715 0.6179604450410651 0.5513367243846846 0.6160875434000012 0.5490346161175433 0.6240994004201084 0.5468495642029686 0.6242034505112786 0.5413869344165319 0.6193295573742909 0.5384686141049478 0.6126328699728966 0.5347405613247903 0.623835438266454 0.5281293545921222 0.6125399737394234 0.520678532553321 0.5852065557745498 0.5183537830872365 0.5838753424280586 0.5234551108869605 0.5714125484737402 0.526245961890985 0.5577624491963202 0.529787304404121 0.5445747406559812 0.5346178082627282 0.5449493598196105 0.5315994287244602 0.542268657856803 0.5287846916635125 0.5417920886189708 0.526952878655594 0.5461407829141919 0.5265060949951262 0.5478087752466052 0.5253891358439562 0.5444727905817782 0.5237807146662719 0.543281367487197 0.521814866560213 0.54310265402301 0.5138621174038842 0.5526936099343878 0.5111814154410768 0.5529162273396099 0.5078546310684716 0.5492228157464085 0.5060674964265999 0.5471378253308916 0.5018677300182016 0.5514269484713836 0.5011081977954062 0.5548820754456688 0.502001765116342 0.5564904966233533 0.5013315896256401 0.5606009062996581 0.49476386981676185 0.5615540447753229 0.49342351883535807 0.5662601659989182 0.493244805371171 0.5675707314029576 0.49592550733397844 0.5697748641279324 0.49574679386979115 0.5753149815177345 0.48797275817764957 0.5807955277528074 0.48833018510602394 0.5817486662284724 0.48868761203439826 0.5754164794132174 0.4960317524801075 0.574040629677469 0.49894907958363044 0.575660057356326 0.5028062905947747 0.5806242919069977 0.5053896958391997 0.5825509024495235 0.5078900461171812 0.5864349587439075 0.508056849601935 0.5917509070459736 0.5094302838595426 0.5985578986576637 0.506105558137406 0.6034079494005311 0.5055601544275072 0.6121178417072057 0.5077075286141263 0.6174317879111763 0.5091056253177817 0.6198202538870966 0.5096539790144426 0.6270108759871578 0.5132066926779081 0.6369201902129366 0.5152314562021373 0.643892495475681 0.514643647576851 0.6493890894493332 0.519240237771886 0.6518833927923525 0.5192983659234346 0.6558706054366503 0.5192833043031065 0.6581317216296111 0.516580370648742 0.6580464787183589 0.5137834113656362 0.6597252519857787 0.5115219664290722 0.6602067192995701 0.5092119697412155 0.6654554690291843 0.5124818460254056 0.6673025008052379 0.5103517079959365 0.6709746903010644 0.5149226955679227 0.672777941181484 0.5207248071427613 0.6766094108117869 0.525526237176755 0.6834302937627191 0.527187279147883 0.6878266541069509 0.5248919656778276 0.6925605636146951 0.5250476812975199 0.6974534504500679 0.520539294621833 0.698731724695515 0.517906092430686 0.6970599993222869 0.5152683325692984 0.6966996457838154 0.5123459177689432 0.698400172521481 0.5102712434832006 0.7068851144971572 0.5099853799723696 0.7102134771376453 0.508397603298329 0.7181931204318778 0.5090744191052272 0.7211202115162818 0.5070847897329654 0.7228851607160561 0.5054495888792746 0.7339034741845833 0.5128852045194434 0.7210337110166226 0.5126200259831029 0.7192688840113383 0.5151628661927424 0.7224337368969269 0.5218446409186299 0.7284209024693837 0.5328441935676593 0.7341038961972344 0.5393585724225238 0.7339781588419517 0.5449667212025547 0.730521180331353 0.5526174836143344 0.735853778917413 0.5571170527877742 0.7473546680011282 0.5610229619803508 0.7528246682124066 0.5574783459373155 0.7588782406004723 0.5585520040532514 0.7644271935264851 0.5677422022500499 0.7619565379759352 0.5735066946555988 0.7708807020989397 0.5726412798160949 0.7791489022178686 0.571275658537735 0.7854802691820706 0.5697392277308206 0.7886582399356504 0.5711584032430099 0.790837091369917 0.5715632454387002 0.8071004632584814 0.5649233268432154 0.8114027290009896 0.5694468928415145 0.8195531083676616 0.5602020385233184 0.8237771582825484 0.5581274677410762 0.8291906297013978 0.5579581882792788 0.8315332250134368 0.5566833655628367 0.8351750954951818 0.5589324920421764 0.8354539370252254 0.5617982067266538 0.8330490918409359 0.5669756642812366 0.8310491041349054 0.5690521331362621 0.8265715439004669 0.5722418481726312 0.8271240217559808 0.574595649777066 0.8240671319125892 0.5779828682893511 0.8262572984714421 0.5838820155763599 0.8232083738567773 0.5895895651224977 0.8247055597525166 0.6027938312132644 0.8201796551556505 0.6036666842426598 0.821214147634934 0.6075460310399736 0.8169468661578893 0.6129771165562127 0.8155244389988741 0.6159836103241308 0.8100933534826349 0.6198629571214446 0.8099640419227245 0.6218996141900343 0.8204382782754713 0.6251000752978182 0.8214727707547551 0.6280095853958035 0.8169468661578893 0.6293673567748632 0.8121623384412022 0.6284945037454678 0.8103519766024557 0.6311130628336543 0.807895056964157 0.6332467035721769 0.8033203701327863 0.6335884877150608 0.7994898055699774 0.6305311608140574 0.7963889429441169 0.6330921357686287 0.7998065973643014 0.6369729959302117 0.7982463178912482 0.6390460418697809 0.793249314087489 0.6375291470133274 0.7906966194960664 0.6411023808367373 0.7790585791041251 0.6405204788171401 0.7710412623896769 0.6394536584478788 0.7700067699103932 0.6330527362323113 0.7693602121108408 0.6135590185758099 0.7626104076597842 0.6123167157648729 0.7554251699268809 0.6127546323976047 0.7516582423737315 0.6055150685063956 0.7443844116067936 0.6062338609533219 0.7344337903488019 0.6054430160340636 0.6862660059350465 0.590483107330132 0.6641776878315188 0.5862232474759286 0.6615090487851256 0.5748569724903397 0.6502331091524789 0.5677088326397235 0.6442810683321768 0.56410006565949 0.6217947784224414 0.5645079570912365 0.624225488475876 0.569704078050289 0.6189021051085761 0.5720927051561822 0.6149756742250343 0.5817535668257552 0.6144497557464057 0.5837432013899317 0.6169894482881366 0.591714195233795 0.6455703663770065 0.6026343333929463 0.6499265273804151 0.6050439663859669 0.6539618985418804 0.6196133154633999 0.6622144076683923 0.6269136119983912 0.6855965168601769 0.630325707118007 0.7154325113944898 0.6388162693923991 0.7233676163238283 0.6402445882796802 0.7142969190806318 0.6409912773294524 0.7102084698959303 0.6438659681624455 0.7021593355635498 0.6451116675234091 0.6854222467136789 0.6405121621906202 0.6589664286484326 0.6412880243936345 0.6444380990150895 0.6324362672757252 0.6365002427842693 0.6328367346783272 0.6338560678845134 0.637285785925254 0.6244673229830606 0.6394442801350869 0.6185332553294924 0.6421146105791926 0.6128730677214737 0.6421830805905799 0.6106820273570793 0.6401289802489601 0.6136034145096051 0.6378694698731785 0.6155205748284502 0.6373901797934672 0.6133295344640559 0.636089249577108 0.6063584500191358 0.6348567893721361 0.5985436866437104 0.6230988137093735 0.6011991670471205 0.6215634459564139 0.6076809947917874 0.6220219060231045 0.6089368659001554 0.6216542812110123 0.6072284646891809 0.6182148284605575 0.6080150929389627 0.6164701896537037 0.6103013632918489 0.6138590066469183 0.6054899544273931 0.6134631545996888 0.5974950337246638 0.6107568123278372 0.5959569067956353 0.6075422754367377 0.5909452490115107 0.6050994182136221 0.5912870860255464 0.602566027792291 0.5960867395302004 0.6017547826524565 0.5960867395302004 0.5997006823108364 0.5913394854073458 0.5961402417186956 0.5888745649974022 0.5946339014681744 0.5849489510111955 0.5956609516389844
15 0.6631882009534948 0.3561604055477481 0.6543110625443618 0.35585311998743197 0.6515796353415517 0.35134626510279515 0.6567716709156951 0.31742598380657183