9 0.3881163072075119 0.32522458712756774 0.3783555308668774 0.31337221585679736 0.3760315365000597 0.3032628403611403 0.37184834663978783 0.303611439516163 0.37138354776642424 0.28757587838512066 0.37417234100660557 0.26038514429335335 0.373707542133242 0.2380747983719033 0.37974992748696806 0.22796542287624622 0.3746371398799691 0.22587382794611024 0.37045395001969716 0.22482803048104227 0.3662707601594253 0.21715884907054378 0.38067952523369514 0.21262706005524926 0.38765150833414835 0.21506725414040784 0.4099618542555984 0.21506725414040784 0.4444779737101825 0.21030669225884469 0.4788827564626932 0.20717446492732997 0.49379812470800133 0.2046388523256276 0.5033439603849986 0.2055337744203461 0.5321803389925943 0.20523546705543994 0.5600223597171695 0.2031473155010968 0.5922395551270351 0.20777107965714228 0.5972113445421378 0.22984582466019834 0.6015865192274281 0.245656115000225 0.6009899044976158 0.251174801250989 0.5824948478734338 0.2678800136857341 0.5868700225587241 0.28607676294501 0.5924384267036392 0.30621251007617595 0.599398931884783 0.32232110778110873 0.584682435216079 0.32306687619337415 0.5620110754832106 0.32426010565299884 0.5359588989480724 0.3188905730846879 0.511497695025767 0.31978549517940635 0.4762974259668398 0.3193380341320471 0.4313524496543113 0.3178464973075163 0.3979420247848211 0.31605665311807934
15 0.4323528743499692 0.6932875984623401 0.4366564918608967 0.6810603587451741 0.442955143062975 0.6737926842812376 0.4514340966042343 0.6701588470492693 0.479908770435275 0.6742584983917106 0.5172161660168159 0.6795275623780647 0.5605799569849703 0.6857050856724107 0.5818984687458508 0.6889755391811822 0.5903774222871101 0.6913375333819616 0.5961915618582593 0.6975150566763076 0.5966760734891885 0.7011488939082758 0.5949802827809366 0.7133222486353696 0.5862590734242128 0.739485876705541 0.5787491431448117 0.762379051266941 0.5770533524365599 0.7678298071148935 0.5695434221571587 0.7696467257308776 0.5453178406107037 0.7658311966373109 0.5070414217673046 0.7598353652045633 0.4530183749187099 0.7518409232942331 0.4333956538660813 0.7489338535086586 0.4263702352176093 0.7449366325534935 0.42152511890831834 0.7362154231967696 0.4263702352176093 0.7187730044833219 0.42927730500318395 0.7029658125242599
7 0.22498363928863097 0.6070069537518161 0.18817868707671973 0.5985851987466558 0.15057420857818346 0.5788428475349242 0.12425107362920805 0.5464089848299367 0.1169310844677603 0.5214636236967931 0.12043201514044773 0.5009831792615718 0.13653629623480995 0.47420105961551295 0.17364616136529673 0.447418939969454 0.22405586452306234 0.4347155546416588 0.2621474696534751 0.4340848323412352 0.296178734909357 0.44059212515771357 0.32558655255993146 0.45056977757487277 0.34239101978883113 0.45949715079022563 0.3599987674770745 0.4760491530591803 0.376387300520677 0.49858338599413365 0.3927758335642794 0.5254708230187939 0.4016529556295641 0.5421154268912026 0.39823867791214695 0.5508218350706166 0.4040429500317561 0.555687180817936 0.40677437220568985 0.5631132348533183 0.3998119207095519 0.5784640022734058 0.37966768217679053 0.5966450311186523 0.352353460437453 0.609704643387773 0.3212835332089567 0.615082130792705 0.29806644473051985 0.6166185557655427 0.296700733643553 0.630190309692276 0.2888478948934935 0.6481152677087162 0.27382507293685787 0.6619430924642558 0.25743653989325543 0.662967375779481 0.23490230695830194 0.660150596662612 0.2267080404365008 0.6483713385375225 0.2222694794038585 0.6286538847194383
6 0.16017390776539664 0.377243327484307 0.15498155262968516 0.37190301149742466 0.15919873773525478 0.3705851411519341 0.16025303401164723 0.36373221535538347 0.15638728099820837 0.36215077094079484 0.15744157727460079 0.357406437697029 0.16939026840704816 0.355034271075146 0.16939026840704816 0.3481813452785953 0.1806360953552339 0.3460727527258104 0.1929362185798121 0.3381655306528674 0.1894218976585041 0.32867686416533565 0.19434194694833531 0.32498682719796224 0.19047619393489648 0.3207696420923925 0.2059392059886519 0.3197153458160001 0.2122649836470064 0.3210332161614906 0.227376563608631 0.31866104953960767 0.23229661289846226 0.3223510865069812 0.24389387193877887 0.3210332161614906 0.2502196495971334 0.3183974754705096 0.2639255011902347 0.3215603642996868 0.2677912542036736 0.32498682719796224 0.27657705650694375 0.3197153458160001 0.2909857722843068 0.3205060680232944 0.3060973522459314 0.3255139753361584 0.3278861419580414 0.3255139753361584 0.3296433024186954 0.332103327063611 0.33702337635344226 0.3357933640309845 0.3405376972747503 0.34343701203482946 0.3387805368140963 0.357406437697029 0.3345633517085267 0.37374802998111145 0.33421191961639585 0.385345289021428 0.3155860187334631 0.39588825178535214 0.2934457969292224 0.39641539992354835 0.26287120491384236 0.398260418407235 0.26427693328236557 0.4011597331673142 0.2639255011902348 0.40643121454927633 0.254436834702703 0.4035318997891972 0.24635389658369453 0.4037954738582952 0.2502196495971334 0.39931471468362745 0.23299947708272392 0.398260418407235 0.1908276260270273 0.39325251109437104 0.1661736469408688 0.3870915936523048 0.15694766564604162 0.3783864338821856
17 0.5411592491662959 0.4141209120843732 0.5442535523699152 0.4043222852729123 0.5535364619807728 0.4043222852729123 0.5507859702442224 0.40045440626838824 0.5569745766514609 0.3929765068596418 0.5418468721004335 0.39117149665753054 0.5315325280883695 0.3813728698460697 0.5308449051542319 0.3746685462382281 0.5380649459626767 0.37234781883551366 0.567288920663525 0.368222081230688 0.5734775270707635 0.3726056774358152 0.5762280188073139 0.3805992940451649 0.5796661334780019 0.3824043042472761 0.5913164251381008 0.3761371013995569 0.5999274711904798 0.37613710139955686 0.6043920840048268 0.37353274392452107 0.6088566968191739 0.3739047949923833 0.6098488330001399 0.3767571865126606 0.6093527649096568 0.3812217993270077 0.615140225965292 0.38283402062107746 0.6197701948098001 0.3768812035352813 0.6296915566194603 0.3734087269019003 0.612825241543038 0.37006026729114 0.6009038136050844 0.36808252313839224 0.5885021113430092 0.36758645504790927 0.580565021895281 0.366718335889564 0.5780846814428661 0.36485808055025276 0.5805650218952811 0.36163363796211323 0.5956124206399322 0.36212970605259615 0.6009038136050844 0.3606415017811472 0.6047070022987874 0.3606415017811472 0.6043762902384655 0.36374192734666594 0.6177701286815067 0.36411397841452825 0.6280222025514888 0.3636179103240453 0.6300064749134208 0.36088953582638866 0.6371167842103439 0.36163363796211323 0.6419121090850131 0.3653541486407358 0.6488570623517752 0.3718030338170148 0.6515027588343512 0.37502747640515444 0.6538177432566052 0.3724231189301186 0.6523295389851562 0.36944671038722054 0.6548098794375712 0.36200568902997543 0.6746526030568916 0.3639899613919074 0.693668546525407 0.3656021826859772 0.7019363480334571 0.3679585061157715 0.7057395367271603 0.37019081252294506 0.7035899083350672 0.3746554253372922 0.7108655736621513 0.3765156806766035 0.7110309296923123 0.3793680721968807 0.7140073382352103 0.3751514934277751 0.7118577098431174 0.37205106786225633 0.7178105269289135 0.36647030184432255 0.7219444276829384 0.366718335889564 0.7265743965274464 0.37105893168129034 0.7320311455227596 0.37552354449563746 0.7358343342164626 0.3778798679254317 0.7384800306990387 0.37986414028736376 0.7374878945180725 0.3873051616446089 0.7409603711514536 0.38321259989812406 0.7445982038149956 0.37986414028736376 0.7492281726595038 0.37874798708377694 0.7429446435133857 0.37552354449563746 0.7445982038149956 0.3703148295455658 0.74856674853886 0.368702608251496 0.760637738740613 0.36944671038722054 0.7636141472835112 0.3739113232015676 0.7703937445201121 0.3746554253372922 0.7776694098471963 0.380236191355226 0.7859372113552464 0.38643704248626354 0.7908978922600767 0.3918937914815766 0.7895750440187886 0.3949942170470955 0.7932128766823306 0.3984666936804765 0.7932128766823306 0.40007891497454634 0.7854411432647637 0.40417147672103115 0.7920553844712037 0.40615574908296315 0.8013153221602196 0.4016911362686161 0.8059452910047278 0.40751993633179145 0.8175202131159981 0.4226500130915232 0.8046224427634399 0.4286028301773193 0.8003231859792538 0.42934693231304377 0.7991656937681267 0.43480368130835684 0.8042917307031178 0.43641590260242663 0.805945291004728 0.4419966686203605 0.8028035264316687 0.44695734952519056 0.8009846100998977 0.44695734952519056 0.8024728143713468 0.4509258942490547 0.8031342384919908 0.4583669156062998 0.8013153221602196 0.46010315392299034 0.7935435887426526 0.46059922201347336 0.7937089447728137 0.47114066893623724 0.7937089447728137 0.47560528175058425 0.7861025673854075 0.4868908308090728 0.7900711121092716 0.4902392904198331 0.7904018241695936 0.49457988621155935 0.7884175518076616 0.4990444990259064 0.7832915148726706 0.5071056054962553 0.7746930013042984 0.513802524717776 0.7695669643693073 0.5133064566272929 0.7665905558264092 0.5074776565641176 0.760472382710452 0.5103300480843949 0.75848811034852 0.5135544906725344 0.753362073413529 0.5135544906725344 0.758984178439003 0.5154147460118457 0.764606283464477 0.516282865170191 0.7657637756756042 0.5192592737130891 0.760803094770774 0.5204994439392966 0.7495588847198259 0.5206234609619173 0.744763559845157 0.5191352566904682 0.7388107427593608 0.5231038014143323 0.7265743965274464 0.5258321759119889 0.70573953672716 0.525336107821506 0.6948260387365339 0.5190112396678476 0.6928417663746018 0.5192592737130891 0.6911882060729918 0.5264522610250927 0.6791172158712386 0.523351835459574 0.6645658852170704 0.5223596992786078 0.6596052043122405 0.5176470524190193 0.6523295389851562 0.5166549162380532 0.6495184864724192 0.5136785076951552 0.6455499417485551 0.5145466268535005 0.6440617374771062 0.5161588481475703 0.6351325118484119 0.5161588481475703 0.63976248069292 0.5177710694416401 0.639266412602437 0.5214915801202626 0.6228961656164977 0.5294286695679908 0.6172740605910236 0.5312889249073021 0.6017305937558894 0.5281884993417832 0.5989195412431522 0.5337692653597171 0.5929667241573562 0.5345133674954416 0.5880321399910451 0.5336996209401174 0.5855943557153984 0.5370520621224252 0.5738306692458955 0.5411029187594412 0.5685666947570283 0.5374648934249793 0.5742803495890835 0.5333145746500451 0.5735330563953484 0.5268003828180794 0.5629444429340544 0.5240676376721805 0.5580331138918755 0.5239109774008137 0.5504702244059785 0.5239719205726777 0.5479144539220678 0.5220812073087414 0.5445174073201823 0.5188872226452268 0.5450134754106654 0.5149186779213627 0.5491473761646904 0.5068575714510138 0.5435252711392163 0.5036331288628743 0.5438559831995383 0.5030130437497705 0.5379031661137423 0.4981763798675612 0.5367456739026153 0.4918515117139029 0.5420370668677672 0.4887510861483841 0.5463363236519534 0.4868908308090728 0.5326117731485902 0.47907775838396544 0.5269896681231161 0.4746131455696183 0.5255014638516671 0.4720087880945826 0.5268243120929551 0.4690323795516845 0.5347614015406832 0.4660559710087865 0.5403835065661573 0.4701485327552713 0.5458402555614704 0.47287690725292786 0.5489820201345295 0.469280413596926 0.5405488625963183 0.4632035794885092 0.5430292030487335 0.4592350347646451 0.5441866952598604 0.45353025172409045 0.5493127321948515 0.44807350272877744 0.5534466329488765 0.4493136729549848 0.5683286756633669 0.4415006005298775 0.5724625764173918 0.43951632816794545 0.5641947749093418 0.43629188557980586 0.5607222982759608 0.4283547961320777 0.5663444033014348 0.4251303535439382 0.572297220387231 0.4247583024760759 0.578250037473027 0.4266185578153872 0.58039966586512 0.4326953919238041 0.5830453623476961 0.4324473578785626 0.5856910588302721 0.43021505147138905 0.587675331192204 0.4273626599511118 0.6025573739066944 0.4282307791094569 0.6042109342083044 0.42599847270228347 0.6038802221479824 0.42128582584269497 0.5995809653637963 0.4193015534807628 0.5956124206399322 0.41992163859386655 0.5838721424985012 0.4221539450010401 0.578250037473027 0.41992163859386655 0.5734547125983579 0.41062036189731016 0.5708090161157818 0.4128526683044837 0.5641947749093418 0.41186053212351775 0.5607222982759608 0.41558104280214025 0.5517930726472665 0.41843343432241753 0.5465016796821145 0.4178133492093138
17 0.641982044796093 0.5494684687131772 0.6508072477780216 0.5549054241216869 0.661996344415824 0.5512413889550826 0.670663954487361 0.5475773537884783 0.6695608041146199 0.543913318621874 0.663099494788565 0.5417858143315876 0.6549046634482028 0.5433223452079056 0.6465522391974489 0.5473409644228908
17 0.7386716869362799 0.52759643577847 0.7379381500078428 0.5292468938674538 0.7442954700542986 0.5312641204206561 0.7592107209325221 0.536032110455498 0.7704582871685595 0.5365822631518259 0.782194878023555 0.5336481154380771 0.7802387795477225 0.5307139677243282 0.7775491441434527 0.5307139677243282 0.7638564548126245 0.525762593457377 0.7572546224566895 0.5219115245830815
17 0.8372464235399316 0.48540979594035233 0.8360979455028931 0.49471246804036384 0.8311594899436279 0.49565996242092053 0.8277140558325123 0.4939372453653629 0.8235795348991739 0.49591836997925426 0.8203637963954662 0.49505701145147535 0.8215122744325047 0.48911363760980137 0.8273695124214008 0.48273958450423793 0.8275992080288086 0.47748529748478696 0.8296664684954778 0.47636553139867444 0.8313891855510355 0.476710074809786
17 0.8103499995430554 0.39025978184376986 0.8186353428883215 0.3954926302723589 0.8144199927652914 0.399308248918205 0.8039542959081135 0.39494754189438086
17 0.5043949167515958 0.364471554487139 0.5056854615857974 0.37038655164389683 0.5175871528345467 0.36984882462964613 0.5177305467050135 0.3692035522125453
17 0.4112821815411579 0.3808875946451685 0.4061874698328778 0.3885296622075888 0.4122084927608452 0.3907875458055765 0.4168400488592818 0.39547699635524336 0.41938740471342173 0.40450853074719456 0.4223979161774054 0.4109348148337751 0.4274926278856855 0.4138874318465284 0.43930309593669853 0.4081558811747133 0.4457872744745096 0.40641904763779957 0.4487977859384933 0.4124979650169974 0.46292403203872445 0.42517684983646725 0.47311345545528466 0.4250031664827759 0.4724187220405193 0.40086118031967577 0.46963978838145726 0.3840138950116131 0.4538924976467735 0.38331916159684776 0.439997829351464 0.3852296784874528 0.43768205130224574 0.3866191453169837 0.43258733959396556 0.40207696379551533 0.4244821164217018 0.3913085958666507 0.41545058202975077 0.3798454945230204
17 0.47797658935864296 0.4592187871599754 0.46570296569778635 0.45366091984185153 0.462229298623959 0.44688726904788817 0.4756608113094248 0.43820310136331986 0.48353445667676664 0.44063466831499903 0.49025021301949967 0.44671358569419684 0.4907133686293432 0.4482767358774191
17 0.40804009227225246 0.5370289296137079 0.4101242925165487 0.531471062295584 0.413829537395298 0.5318184290029668 0.4179979378838907 0.5373762963210906 0.4179979378838907 0.5413710134559921
17 0.4383767847170112 0.48249235655461853 0.4291136725201383 0.4833607733230753 0.4244821164217018 0.48249235655461853 0.4217031827626399 0.4734608221626674 0.44092414057115126 0.46772927149085236 0.44161887398591676 0.4705082051499141 0.4501872527680242 0.46720822142977814 0.4525030308172424 0.46772927149085236 0.4564398535009133 0.46599243795393863 0.4569030091107571 0.4639082377096421 0.4601450983796626 0.4639082377096421 0.47265029984544105 0.4673819047834695 0.46987136618637915 0.4738081888700501 0.46801874374700453 0.47797658935864296 0.4566714313058352 0.48648707368951993 0.44671358569419684 0.49152389094656956 0.4420820295957604 0.49152389094656956 0.439997829351464 0.48631339033582854
17 0.4886291683850469 0.4755450224069638 0.48654496814075043 0.4685976882593091 0.4932607244834833 0.47137662191837093 0.4934923022884051 0.47432923893112416
17 0.4659345435027082 0.4949975580203969 0.4543556532566171 0.4915238909465696 0.45180829740247697 0.49360809119086596 0.4543556532566171 0.4976028083257674 0.4631556098436463 0.4991659585089898
17 0.44161887398591676 0.5134079935116819 0.4432399186203695 0.5161869271707438 0.4434714964252913 0.5236553113794726 0.44648200788927495 0.5299079121123618 0.4562082756959916 0.5321657957103496 0.47288187765036294 0.5375499796747819 0.4886291683850469 0.5385920797969301 0.4985870139966852 0.5389394465043129 0.49534492472777975 0.5345973626620287 0.4867765459456723 0.5259131949774604 0.47126083301591015 0.5219184778425588 0.4559766978910698 0.5167079772318178 0.45551354228122615 0.5137553602190646 0.4455556966695877 0.5099343264378545
17 0.5089667173638883 0.4063702807859065 0.5047640880788219 0.4065556909014241 0.49314505417305027 0.40785356171004766 0.4817732337546353 0.40210584812900085 0.48103159329256484 0.39709977501002475 0.49215620022362283 0.39135206142897805 0.5005614587937556 0.39135206142897805 0.5025391666926103 0.38986878050483703 0.5205857512696601 0.3902396007358723 0.5309687177386476 0.3989538761652011 0.5388795493340667 0.4080389718255651 0.5373962684099256 0.41100553367384735 0.5277549424030086 0.40989307298074157 0.5181136163960917 0.4087806122876357