15 0.6803665788598168 0.7228251588567417 0.6450273163169217 0.723597133038504 0.6086587548650101 0.7233398083112499 0.5678298981406943 0.723854457765758 0.5555853249963144 0.723541743052807 0.552442894239836 0.7260326757074437 0.5516296771534949 0.7447231445842657 0.5527128253269266 0.789241863120505 0.5593953205056513 0.7984387552948935 0.5740056915947924 0.8013092006692395 0.5921899723207481 0.8015665253964938 0.6326757294087252 0.8015665253964938 0.6642408959518937 0.8005372264874773 0.7033957420190492 0.8006736677619544 0.6999232581311277 0.7673423366716995 0.6954866564346353 0.7380108536466665 0.6958504998332409 0.728323523158792 0.7014900725116279 0.7272319929629751 0.6896651620569455 0.7230023134541849
19 0.24140305768208903 0.560635991670183 0.22818502282341552 0.5755062808861905 0.21566267400993547 0.5838545134285107 0.20418385426424535 0.5908983346360932 0.19340072056374857 0.5955942154411483 0.17948699965988177 0.5963768622419908 0.1683560229367883 0.5924636282377782 0.15165955785214816 0.5859415715640907 0.14400701135502142 0.5760280454200856 0.14783328460358477 0.5622012852718679 0.15652936016850152 0.5483745251236503 0.16313837759783825 0.5405480571152252 0.1464419125131981 0.5324607068398527 0.130788976496348 0.5204601225602676 0.1175709416376745 0.5042854220095224 0.11096192420833777 0.49019777959435723 0.10678780793717772 0.4727186677088746 0.10783133700496773 0.45132632181917937 0.11722309861507783 0.43254279859895933 0.12626701720259123 0.421585743387164 0.138093679970878 0.4103678059084215 0.1624426915526449 0.3983672216288363 0.1826175868632518 0.39158428268820133 0.21287992982916207 0.3858448728153563 0.23757678443352567 0.38427957921367123 0.2640128541508726 0.38793193095093625 0.28731833666484946 0.3931495762898864 0.3095802901110364 0.4012369265652589 0.32418969706009654 0.4103678059084215 0.3381034179639633 0.4213248611202166 0.35514772607120015 0.44010838434043686 0.3673222318620837 0.4539351444886544 0.3881928132178839 0.4753274903783497 0.3975845748279939 0.4907195441282523 0.39828026087318724 0.5011548348061523 0.3979324178505906 0.50976394961542 0.39167124344385057 0.5243733565644801 0.3847143829919171 0.5353304117762753 0.3794967376529671 0.5428959975177527 0.3582783132745702 0.5522877591278629 0.32592891217307984 0.5614186384710255 0.3061018598850697 0.5645492256743955 0.28314422039368947 0.5640274611405004 0.26401285415087267 0.5627230498057632
2 0.2799992091477266 0.7045632273662902 0.2749267597066446 0.7125523352359945 0.2586949214951822 0.7117914678198319 0.23840512373085418 0.7072262633228583 0.21050665180490313 0.6931502161238556 0.21202838663722773 0.6870632767945573 0.20644869225203755 0.6844002408379892 0.20594144730792935 0.6733676633036358 0.20847767202847034 0.6646176880177692 0.23079644956923118 0.643313400365225 0.24449206306015253 0.6216286790045994 0.2523406150665739 0.6104634307812131 0.2597985337498352 0.6006083239497608 0.2564247133931218 0.5979447815628818 0.25606957440820455 0.5958139476533785 0.2645929100462174 0.5936831137438753 0.27595735756356793 0.5960803018920664 0.29831674733045055 0.6087526125212006 0.31500827962155914 0.6151451142497103 0.3293914085107058 0.6220703244555957 0.3476810662339418 0.6329908482417997 0.3508773170981966 0.6368529847027743 0.3464380797867316 0.6409814754024368 0.3508773170981966 0.6428459550732523 0.3538959984699928 0.6443109033860356 0.35460627643982723 0.6495048110404498 0.3400455780582219 0.6586940322751823 0.32051293388777574 0.6714790357322016 0.30098028971732965 0.6865280502180682
4 0.3470743361696962 0.42456272262393496 0.34035259433511167 0.42144974157818704 0.3339669921899876 0.41522377948669104 0.3330393391673431 0.4100920564664446 0.3375077782598025 0.39836240384873867 0.3475607781603618 0.375558341849053 0.3560787401803627 0.35618346922159216 0.36250212137577315 0.34644366838724694 0.36599308941675707 0.34476800372757466 0.36752911535479 0.34633893934601745 0.3814929875187258 0.34780514592323064 0.38959203337380865 0.34822406208814877 0.41538267300799736 0.3534924070514439 0.43452625637783654 0.35656575059018686 0.4676487784105007 0.36348195902598457 0.49909618426491614 0.36909969509410506 0.5073768147730822 0.37206378442373267 0.5139636799500324 0.37813311019392254 0.5171630144645512 0.37855655152672646 0.5162220337249868 0.38194408218915804 0.5128345030625552 0.3904129088452369 0.5081295993647337 0.401281236387205 0.5028601072231734 0.40297500171842066 0.5000371650044805 0.40890318037767576 0.4955204574545718 0.41708971281188545 0.4972142227857875 0.42640542213357224 0.4919447306442273 0.4389675150067559 0.48366410013606126 0.4460248705534882 0.474254292740418 0.4478597829956387 0.4590104047594761 0.4458837234425536 0.436803259305758 0.44150816300357965 0.3809090033756373 0.43289818923656603 0.3500448351179276 0.42598198080076827
9 0.6227914810203031 0.40385891616704667 0.6073341112296369 0.39922170522984685 0.5980596893552369 0.40217265764442867 0.5907525690905583 0.40301578690573764 0.5741710269514798 0.3933198004006834 0.5775435439967161 0.3642318408855203 0.587380052045322 0.319335207720812 0.6070530681425338 0.2969922822961215 0.6137981022330063 0.2881394250523762 0.6033995080101945 0.28012969706994006 0.6149222745814185 0.28329143179984906 0.6323469459818061 0.285610037268449 0.6722550643504356 0.29214428904359435 0.7323982849904829 0.2986785408187397 0.7933846348918394 0.3045804456479032 0.8200837281666267 0.3062667041705214 0.8346979686959841 0.3068990511165031 0.8341358825217781 0.31006078584641217 0.8304823223894386 0.3163842553062302 0.8203647712537296 0.3418889154608297 0.8139007802503603 0.35959462994832037 0.8200837281666267 0.36043775920962934 0.8386325719154264 0.36170245310159305 0.8361031841314993 0.3705553103453383 0.8265477191699964 0.39985405217582864 0.8226131159505541 0.41207942646481016 0.7939467210660454 0.4110255148881739 0.7501039994779733 0.40891769173490117 0.7146925705029923 0.4070206508969558 0.667758374956787 0.4051236100590103 0.6270071273268485 0.4044912631130286
23 0.5778810212519124 0.6797302285746468 0.5737002100049131 0.672065407955148 0.5718420716729133 0.6633553845238993 0.567196725842914 0.6637037854611492 0.5611577762639149 0.6584777714023999 0.5597641725149152 0.6546453610926507 0.5514025500209164 0.6532517573436507 0.5383955816969184 0.6452385357869019 0.5328211667009192 0.6382705170419031 0.5356083741989188 0.631999300171404 0.540718254611918 0.6274700879871548 0.533750235866919 0.619108465493156 0.5346793050329189 0.6076112345639078 0.5393246508629183 0.6048240270659082 0.5588351033489153 0.6093532392501575 0.5625513800129148 0.6006432158189088 0.5760228829199127 0.6006432158189088 0.5727711408389131 0.5964624045719095 0.5723066062559132 0.5874039802034108 0.5792746250009122 0.5839199708309113 0.6006432158189089 0.5759067492741625 0.6113275112279074 0.5699839333409135 0.6182955299729063 0.579390758646662 0.627121687049905 0.586358777391661 0.6322315674629042 0.579042357709412 0.6382705170419032 0.5717259380271632 0.6614972461918996 0.5717259380271632 0.6870466482568959 0.5678935277174139 0.6907629249208953 0.5504734808549164 0.6995890819978939 0.5424602592981677 0.7232803457308904 0.5372342452394184 0.7376809178038883 0.5382794480511683 0.7525460244598858 0.5375826461766684 0.779024495690882 0.5403698536746679 0.7808826340228816 0.5445506649216674 0.7799535648568817 0.5504734808549164 0.7799535648568817 0.5553510939764157 0.7887797219338805 0.5605771080351649 0.7911023948488801 0.566848324905664 0.7966768098448793 0.5710291361526633 0.7994640173428788 0.5766035511486626 0.8027157594238784 0.5832231689564115 0.8045738977558782 0.5870555792661609 0.8068965706708778 0.5943719989484098 0.8073611052538777 0.599249612069909 0.805967501504878 0.6083080364384077 0.8045738977558782 0.6159728570579065 0.805502966921878 0.6211988711166557 0.805967501504878 0.6246828804891552 0.7943541369298797 0.6306056964224043 0.7627657852858845 0.6421029273516525 0.733035571973889 0.6494193470339015 0.7028408240788936 0.6570841676534003 0.686582113673896 0.6577809695279002 0.6693943341028986 0.6685813985826486 0.6577809695279003 0.6727622098296479 0.6656780574388992 0.6748526154531476 0.6726460761838982 0.6752010163903976 0.6698588686858984 0.679033426700147 0.6596391078599 0.6835626388843963 0.6554582966129007 0.6779882238883971 0.6452385357869023 0.6779882238883971 0.6419867937059027 0.679033426700147 0.6364123787099035 0.6835626388843963 0.6299088945479046 0.6842594407588962 0.619224599138906 0.6835626388843962 0.6127211149769071 0.6786850257628969 0.6052885616489081 0.6765946201393973 0.599714146652909 0.6776398229511471 0.5936751970739099 0.6811238323236466
22 0.7865966738114971 0.44895802814795327 0.7898355062054925 0.44019205786420484 0.7922294258010544 0.4329046849777152 0.7871599490104529 0.4304755606822186 0.778992458625595 0.4329046849777152 0.7739229818349935 0.4297362619835892 0.7712474246399538 0.43005310428300175 0.7678340381790169 0.43733969923451577 0.7704393588486259 0.4422506252195816 0.7789232593467988 0.4453661115079763
22 0.8252955540284138 0.5193638147710864 0.8263648176300085 0.511688029631068 0.8237680345975644 0.5024083490886577 0.8281978409470276 0.4977112268387957 0.8309473759225567 0.49232672084505147 0.8369047017028696 0.4931286685462474 0.8381267172475491 0.5028666049179125 0.8343079186704255 0.5130627971188325 0.8307946239794718 0.5229152974478113
22 0.543590829251713 0.4632816510044283 0.5451715457180346 0.45616842690598103 0.5430639237629391 0.4547194368118529 0.5341065304537832 0.45761741700010916 0.5344578007796325 0.4630181982600414 0.5386730446898235 0.46815552677558664 0.5397268556673712 0.4739514871520993 0.5416588424595421 0.4840944178109964 0.5390243150156727 0.48699239799925265 0.5476304379989794 0.49371044298111955 0.5536020335384166 0.48554340790512446 0.5586954532632307 0.47698119371254905 0.5558852906564367 0.471053506963843 0.5560609258193613 0.4684189795199736 0.5474548028360547 0.46380855649320224
22 0.5769615102073917 0.47579565636280785 0.5817036596063566 0.4707900542194561 0.5908366880784369 0.4653892729595238 0.5936468506852309 0.47026314873068215 0.5957544726403265 0.4755322036184209 0.5952275671515526 0.477244646456936 0.5860945386794723 0.47632256185158167
22 0.6091027450225979 0.4973987814025367 0.6001453517134421 0.4970036022859563 0.5943493913369294 0.4984525923800844 0.5834600112356026 0.5009553934517603 0.5792447673254116 0.5054340901063382 0.57538079374107 0.5125473142047855 0.576785875044467 0.5182115482091046 0.5802985783029595 0.5233488767246499 0.5843381870502259 0.5267737624016802 0.5968082836178742 0.5301986480787103 0.6075220285562762 0.5300669217065168 0.6177088680059045 0.5283544788680017 0.6263149909892111 0.5218998866305218 0.631057140388176 0.5244026877021977 0.6294764239218543 0.5283544788680017 0.6266662613150603 0.5349407974776752 0.6280713426184573 0.5373118721771576 0.6349211139725177 0.5387608622712857 0.637555641416387 0.535731155710836 0.6372043710905378 0.5319110909172253 0.642824696304126 0.531515911800645 0.6496744676581863 0.5323062700338058 0.654416617057151 0.5284862052401952 0.6535384412425279 0.5240075085856173 0.6577536851527189 0.5240075085856173 0.6631983752033822 0.5209778020251675 0.6612663884112115 0.5154452943930419 0.6617932938999853 0.5070148065726598 0.6667110784618747 0.510966597738464 0.6776004585632015 0.5216364338861349 0.6835720541026388 0.5258516777963258 0.6927050825747193 0.5262468569129062 0.7028919220243475 0.5259834041685193 0.7097416933784079 0.5236123294690368 0.7132543966369002 0.5216364338861348 0.7218605196202068 0.5172894636037503 0.7192259921763374 0.5150501152764614 0.7132543966369002 0.5145232097876875 0.7021893813726489 0.510176239505303 0.7014868407209505 0.5085955230389815 0.7144838427773724 0.5043802791287904 0.7209823438055837 0.5058292692229186 0.7185234515246391 0.49950640335763213 0.7164158295695435 0.49212972651479797 0.7178209108729405 0.48462132329977026 0.7171183702212421 0.48080125850615973 0.7114980450076541 0.4756639299906144 0.7157132889178451 0.47276594980235814 0.7185234515246391 0.4755322036184209 0.7271295745079456 0.47816673106229035 0.7320473590698352 0.481459890367127 0.7383702249351216 0.4823819749724813 0.7422341985194634 0.4835675123222225 0.7471519830813529 0.4815916167393205 0.7518941324803179 0.47763982557351636 0.7580413631826797 0.4732928552911319 0.7592708093231518 0.46301819826004137 0.7494352401993729 0.45327044671772476 0.7374920491204985 0.4453668643861166 0.7294128316259658 0.44470823252514935 0.721333614131433 0.44655240173585786 0.715713288917845 0.4454985907583101 0.7067558956086892 0.4481331182021795 0.704999543979443 0.4490552028075337 0.704999543979443 0.44694758085243824 0.7107955043559555 0.444049600664182 0.7102685988671817 0.441810252336893 0.7065802604457645 0.441810252336893 0.702189381372649 0.4406247149871518 0.682518243125091 0.4406247149871518 0.6719801333496136 0.44036126224276484 0.668994335579895 0.44036126224276484 0.6651303619955532 0.4435226951754081 0.6561729686863973 0.4374632820545086 0.6382581820680856 0.43048178432825474 0.6328134920174223 0.4271886250234181 0.6293007887589298 0.42468582395174215 0.624031733871191 0.4281107096287723 0.6242073690341157 0.4337749436330914 0.6245586393599649 0.4404929886149583 0.6247342745228895 0.4497138346685011 0.6252611800116634 0.45353389946211176 0.6235048283824172 0.4615692081659133 0.6192895844722262 0.4624912927712675 0.6163037867025075 0.460647123560559 0.6129667186069396 0.4615692081659133 0.6089271098596732 0.4651258202151368 0.6087514746967485 0.47698119371254905 0.6085758395338239 0.48080125850615973 0.6115616373035426 0.483435785950029 0.6138448944215628 0.48396269143880283 0.609980920837221 0.4863337661382852 0.6096296505113717 0.49120764190944355 0.6110347318147688 0.49371044298111955 0.6136692592586381 0.4963449704249889
6 0.44329465801711315 0.28735603629128303 0.43717520642475644 0.28460228307472246 0.43146371827189006 0.28169554356835297 0.4304438096731639 0.27756491374351216 0.4243243580808071 0.2764940097148497 0.41840888820819555 0.2809306121193084 0.41983676024641214 0.28215450243777973 0.4173889796094695 0.2842963104951046 0.41249341833558406 0.2902627757976525 0.41983676024641214 0.29118069353650605 0.41881685164768606 0.28659110484223843 0.42208055916360965 0.2862851322626206 0.4288119559152021 0.28444929678491354 0.4351353892273041 0.2850612419441492 0.42901593763494733 0.28812096774032764 0.438603078462973 0.2894978443486079
0 0.1777451045572528 0.3903472911706301 0.18192322549512796 0.3837667506934766 0.1785807287448278 0.3779696078921748 0.17920744688550908 0.37044899020399946 0.17461151385384638 0.36841215624678525 0.1744026078069526 0.36214497483997243 0.16959776872839613 0.3610482180937802 0.16980667477528985 0.3583846659958848 0.17252245338490876 0.35791462739037383 0.1727653007811397 0.3528423132035608 0.17736123381280242 0.34939536342981387 0.18258388498514638 0.34735852947259965 0.1809126366099963 0.3429715024878307 0.1756899854376523 0.34093466853061655 0.1683782737963707 0.3445382978395339 0.16190218634266415 0.34077798899544626 0.1621110923895579 0.33372740991278177 0.16566249518675183 0.3302804601390348 0.1746454552031835 0.3251100354784142 0.169840616124627 0.31852949500126077 0.169840616124627 0.3149258656923434 0.17443654915628976 0.307405248004168 0.1731831128749272 0.30176478473803653 0.17527217334386477 0.2995712712456521 0.17088514635909582 0.2970643986829269 0.17234748868735214 0.29424416704986117 0.17130295845288335 0.29205065355747667 0.17673451567212112 0.2903271786706032 0.18028591846931505 0.2900138196002625 0.18634419382923403 0.2909538968112845 0.18926887848574672 0.2909538968112845 0.2015943352524786 0.2909538968112845 0.20953276503444143 0.29205065355747667 0.22394728227011085 0.29267737169815794 0.23418367856790512 0.2951842442608831 0.24107757811539923 0.2950275647257128 0.2508961623194059 0.2953409237960534 0.26489286746128793 0.2991012326401411 0.2728312972432507 0.30004130985116306 0.28473894191619503 0.3028615414842288 0.30061580148012096 0.3081886456800197 0.3121056340592777 0.31367242941098084 0.3110611038248089 0.32103636756398596 0.32192421826328443 0.32667683083011745 0.3200440638412406 0.33122053735005674 0.3329962387486537 0.33482416665897413 0.3400990443430416 0.34485165690987457 0.3455306015622794 0.35487914716077495 0.34573950760917316 0.3660033941578677 0.34281482295266047 0.37665760254944947 0.33487639317069756 0.3960858649105692 0.3269379633887347 0.40815018911868384 0.3104343856841276 0.4001595328249976 0.2889170628540703 0.39138547885545966 0.27011551863363187 0.3869984518706906 0.2544475651165999 0.3838648611672842 0.23815289345888657 0.38276810442109194 0.21391979201921038 0.38308146349143263 0.19658059012702828 0.38558833605415777