7 0.4441126459875802 0.5202115325029946 0.4267365766751348 0.5397596104794957 0.4166005362428749 0.5477236422476999 0.39246710664225626 0.5567736783479318 0.35819763660937776 0.567271720224201 0.32441083516851166 0.5683577245562289 0.2655252669430021 0.563289704340099 0.2287849126138649 0.5487941891180683 0.18775808229281318 0.5245400923694465 0.1713473501643925 0.5039060100609176 0.16458998987621928 0.4836339291963979 0.1674860014282935 0.45213980356759054 0.13997389168358823 0.4420037631353308 0.13225119421139028 0.43693574291920084 0.13418186857943978 0.42824770826297814 0.14914459493182333 0.41811166783071824 0.1587979667720708 0.42064567793878327 0.1859644972290039 0.42832910503737076 0.20030746568513488 0.41521565627864404 0.2131610159712396 0.40694317357589954 0.24400610942528478 0.3947336574170066 0.28313368167717534 0.38959280850799904 0.3159779941513901 0.3913064248110016 0.36071623178202805 0.40098621490258696 0.37785239481205307 0.4114821147584773 0.3938461469734099 0.42069280238711587 0.40784068011459707 0.4322597124323827 0.4181223779326121 0.44789646119728055 0.42669045944762457 0.46481842218943037 0.4421130061746472 0.49287888915109646 0.4466826496493206 0.5160127092416302
0 0.20075254549839758 0.4134030620992311 0.18680157719307014 0.4049684805041537 0.1756785410729924 0.3938045508689285 0.16700911586175538 0.37945092705221056 0.16782698616470226 0.36215297014488385 0.1683177083464704 0.34350552723769473 0.17387922640650924 0.33062406996628113 0.18451154034481887 0.31872405705840384 0.18990948434426833 0.3134487936043964 0.2000510761008098 0.3060879608778744 0.2177170746444627 0.29958589196944657 0.24061744312697575 0.293819906333671 0.2667892928212763 0.2909982537885042 0.29606904966677494 0.2900168094249679 0.30588349330213765 0.29148897597027235 0.32420378808814804 0.2928384619701347 0.3426876569347478 0.294065267424555 0.3508663599642167 0.2952920728789754 0.3611715257813476 0.2963961977879537 0.37360315438614045 0.3004446557875409 0.37998254274912613 0.30203950287828724 0.3796553946279474 0.30670136360508454 0.37932824650676866 0.3086642523321571 0.3824361536579668 0.31320343251351235 0.3809639871126624 0.3163931266950052 0.3801461168097155 0.32375395942152724 0.3801461168097155 0.3260848897849259 0.37916467244617924 0.32767973687567237 0.3830904499003243 0.32976530614818683 0.38407189426386057 0.3341818057841001 0.3845626164456287 0.3363900556020567 0.38292687583973495 0.33872098596545536 0.38587120893034377 0.34203336069239026 0.38636193111211187 0.34424161051034685 0.39045128262684636 0.34694058251007154 0.39699424505042147 0.3492715128734703 0.39830283753513646 0.35233852650952113 0.4051729480798903 0.35601894287278213 0.40926229959462485 0.3610488452359056 0.41220663268523366 0.3635024561447462 0.42038533571470255 0.36436121996284043 0.4254561315929733 0.36546534487181875 0.4390327786218917 0.37638391341615973 0.4419771117125005 0.37662927450704375 0.44623003728782434 0.3823952601428193 0.4490107963178438 0.39098289832376176 0.44917437037843316 0.395644759050559 0.446066463227235 0.40042930032279833 0.4367427417736404 0.4113478688671394 0.429218334986529 0.41527364632128444 0.4140059473517168 0.4217757152297123 0.40435507777694346 0.4261922148656254 0.39094200480861446 0.41527364632128444 0.3711495434772997 0.4033736334134071 0.3526656746306999 0.39601280068688516 0.3197872884522348 0.3888973290512471 0.2908346797279149 0.3866890792332905 0.2609006266400586 0.3892653706875732 0.23718238785459872 0.3946633146870228 0.21853494494740958 0.40202414741354475
15 0.40704750644542464 0.29659254495287574 0.40331270168247046 0.2975811697430695 0.35282920290026004 0.2942806458810076 0.3056371562914385 0.2898162347229236 0.3009423260090128 0.28839764589675804 0.29587245529007045 0.2822553025257317 0.29847238899209216 0.27123808346341477 0.30198229948982147 0.24315879948158028 0.30042233926860845 0.20152736107795768 0.29301252821784657 0.1920701022368537 0.2926225381625433 0.19031514698798904 0.3052322166173486 0.19489753013780228 0.3075721569491681 0.19021764947416323 0.31563195142543543 0.18622025140730486 0.33045157352695914 0.18524527626904672 0.38843009508204335 0.18807270416999533 0.4207992696722136 0.1900226544465116 0.4246991702252461 0.19060763952946647 0.4253491536507515 0.19441004256867322 0.4237891934295385 0.20298982378534486 0.42157924978282 0.2157619980965265 0.4200192895616071 0.22278181909198508 0.41767934922978756 0.23613897848612161 0.4142994354171593 0.24735119257609026 0.41104951828963215 0.26441325749560773 0.40909956801311587 0.28030535224921543
6 0.5380216903335556 0.33728868863064076 0.5454615935341611 0.33996705378285874 0.556175054143033 0.3361727031505499 0.5799827443849705 0.33394073219036835 0.5749236102085588 0.33170876123018667 0.5743284179525104 0.3221112861014056 0.5853394746894066 0.31184421968457005 0.5895058204817455 0.29979157649958915 0.5889427373599301 0.28122834098288724 0.5856691799516637 0.26694372683772477 0.5841811993115426 0.2575694488049618 0.5996561979688019 0.25600706913283466 0.6035249476331168 0.24774877658016256 0.6142384082419887 0.24105286369961768 0.6207855230585215 0.23815130145138153 0.6109648508337222 0.22408988440223715 0.5871571605917847 0.19953820384023907 0.5776340844950096 0.19351188224774862 0.5681110083982347 0.19328868515173045 0.5624566819657745 0.19730623288005741 0.5639446626058956 0.20132378060838435 0.5606711051976292 0.20489493414467502 0.560373509069605 0.20868928477698379 0.5547191826371448 0.20578772252874766 0.5505528368448057 0.2077964963929112 0.5374586072117401 0.21382281798540162 0.5160316859939963 0.2258754611703825 0.4949023609042766 0.2368121188752726 0.4794273622470173 0.24529360852396281 0.4758562087107267 0.24931115625228972 0.4663331326139517 0.2535519010766349 0.4621667868216126 0.256453463324871 0.4550244797490313 0.2656045442616157 0.4544292874929829 0.2734164426222515 0.4594884216693946 0.28055874969483274 0.4734754396865329 0.2937273783599045 0.48656966931959855 0.30912797798515784 0.504723033129076 0.32676054857059283 0.5133533208417783 0.3260909572825383 0.5294235117550862 0.32162701536217503 0.5404345684919822 0.32475177470642935 0.542815337516176 0.32832292824271997
9 0.17706743206320422 0.6817160684205406 0.18496860634599036 0.6567427139910206 0.19202322624133497 0.6408698192264946 0.18750826950831434 0.6404465420327741 0.18821725880779655 0.6059213028111561 0.18737070442035525 0.5608422816799035 0.2158713687975478 0.5587258957113 0.21784666236824432 0.5608422816799035 0.24465421797055417 0.5621121132610655 0.26130312092356767 0.5633819448422276 0.27766983908076737 0.565498330810831 0.32479469998166993 0.5690961869574568 0.3589390602751383 0.5695194641511775 0.37558796322815186 0.5635935834390879 0.3815138439402413 0.5621121132610655 0.3865931702648895 0.5627470290516465 0.39110812699791014 0.5737522360883843 0.3919546813853515 0.5862389133031444 0.39223686618116527 0.5993605063084856 0.39618745332255834 0.6454977204240399 0.393929974956048 0.6586193134293811 0.38772190944814466 0.6753387625813481 0.384617876694193 0.6818995590840186 0.3871575398565171 0.6874021626023875 0.4026777036262754 0.6950211520893597 0.39844493168906864 0.6992539240265665 0.3905437574062825 0.7013703099951701 0.3775632567988482 0.6979840924454045 0.3307205806937595 0.6945978748956392 0.24804043552031962 0.6882487169898287 0.2136138904310375 0.684650860843203
2 0.3787097746881859 0.6989620686029567 0.3896596260504006 0.7020957431704324 0.39902463050492637 0.7000426460400173 0.40363509423638516 0.6947478165984201 0.3882188561343197 0.6878321210012318 0.3860577012601984 0.683185638021871 0.39657532164758885 0.678214981811392 0.4358328996144667 0.6648792970234247 0.4636397589948276 0.6576394281951184 0.46882653069271885 0.6579636014262364 0.49152453756452774 0.6988403021881883 0.4979933004530542 0.7006045102486954 0.5059322367253366 0.7034713483470197 0.5038739939880782 0.712512914657119 0.5053441673718342 0.7197902729067114 0.5075038520725716 0.7365568652617566 0.5080919214260741 0.7473626396323634 0.5027992972445525 0.7495678997079973 0.48574528599298294 0.7561836799348992 0.4725137255391789 0.7603736740786039 0.45604778364111165 0.7683126103508863 0.43546535626852756 0.7634610381844915 0.4204695877542164 0.7601531480710405 0.4072380273004124 0.7579478879954064 0.3863615652510772 0.7546399978819555 0.37989280236255074 0.7493473737004339 0.37548228221128277 0.7462600095945463 0.3790106983322971 0.738982651344954 0.4040036458561492 0.7290589810046009 0.3887138426650868 0.7105347963692753
12 0.5863593320943037 0.7433918400146078 0.5787633563723376 0.7458160875854477 0.5693895990984218 0.7438766895287756 0.545631972904187 0.7350281858952087 0.5181425141409298 0.7164863695618454 0.5110313879331315 0.7081227154424464 0.5047283442489469 0.6947893538028249 0.5052131937631149 0.6832741778413336 0.5105465384189636 0.6746680989648506 0.5157182665700895 0.6683650552806659 0.5223445432637196 0.6636377725175273 0.5299405189856858 0.6586680649973047 0.5407688248021058 0.6543044193697922 0.5585466403216012 0.6555165431552124 0.5705062616710799 0.6545468441268762 0.5968497519408776 0.6528498708272878 0.602829562615617 0.6541832069912502 0.6136578684320368 0.6586680649973047 0.6188295965831628 0.661213524946687 0.6261023392956836 0.6666680819810776 0.6306276014279188 0.6710317276085902 0.6345063975412633 0.6770923465356908 0.6382235771498851 0.6832741778413336 0.6398397421971119 0.6907893453109384 0.6400013587018346 0.7000014860801315 0.6340215480270952 0.711395449663081 0.6236780917248433 0.7225469884889462 0.6057386597006253 0.7340621644504375
4 0.6775894536206244 0.7202519491363367 0.6740361455703797 0.7212989059725696 0.6718787799684456 0.7228217522798173 0.669975222084386 0.7175869680986533 0.67309806780348 0.6987009213440813 0.676016856559038 0.6758582267353662 0.6780473183020349 0.6529203542324479 0.6906108003368284 0.6536817773860719 0.7378552941069174 0.6538138609943536 0.7676388528371021 0.6545908233960105 0.8023431734444473 0.6567274700005672 0.823839133223624 0.6590583572055383 0.8334216695107268 0.6606122820088521 0.8430042057978298 0.6666337406216938 0.8437811681994867 0.6718782368328785 0.8430042057978298 0.6883886878680895 0.8383424313878878 0.7202441463360257 0.8373064815190118 0.7241289583443107 0.7811062011324899 0.7233519959426538 0.6891656502697465 0.721215349338097
3 0.5995569963729482 0.45729473404251997 0.5946561213446373 0.45463305191507525 0.5970220610134771 0.4500701682680271 0.5922901816757975 0.431438393375914 0.5863753325036982 0.42852321771252216 0.56981375482182 0.4253545485131833 0.5590377446087078 0.4284040757506269 0.5509259514584002 0.4333471997015957 0.543490141070618 0.43157274494996595 0.5343643737765219 0.4320797320218602 0.5314914470357879 0.4300517837342832 0.531153455654525 0.4220667373519491 0.5350403565390475 0.41091302177027594 0.5336883910139961 0.40153376094023263 0.5429831539987239 0.3982383449729202 0.5713744300248008 0.3898730582866653 0.5801622059376342 0.3921545001101893 0.5940198525694099 0.3856904149435378 0.6041595940072946 0.3788460894729656 0.6242700811924324 0.37428320582591756 0.6352548010834741 0.3731424849141555 0.6467465080464102 0.38328222635204023 0.6535063356716667 0.39139401950234803 0.6550272968873493 0.3924079936461365 0.6560412710311379 0.39012655182261236 0.6677019736847051 0.3818880119043311 0.6797006677195353 0.3777053685612037 0.6918683574449969 0.3806205442245955 0.7155277541333944 0.3841694537278551 0.7163727325865515 0.3867043890873263 0.7111338661769778 0.39038004535855947 0.7045430342423528 0.3943091951657397 0.6977832066170965 0.39912557234873497 0.6911923746824713 0.4054629107474128 0.688995430704263 0.4133212103617735 0.6913613703731027 0.4180108407767953 0.6952482712576252 0.41991204229639856 0.6974452152358336 0.42105276320816065 0.6920373531356283 0.42764359514278566 0.67665874528817 0.443867181443401 0.6658430210877597 0.45324644227344435 0.6614352048919911 0.4570516748135194 0.6542899218581297 0.4553018095807369 0.6468529946188045 0.46098887158727986 0.6280557964661531 0.46754211688404995 0.6136194082956982 0.4651360521889741
1 0.541368352432901 0.46390049730667754 0.5375229584402433 0.4585005823382646 0.5361320712514097 0.45328475538013835 0.5327097933232845 0.45003382248114365 0.5332006946840493 0.4451861715435911 0.5319734412821373 0.4388658165237441 0.5418732853908943 0.4324227361637059 0.5431823556862672 0.4319318348029411 0.550709509884661 0.4340795282562871 0.5586457485503589 0.4289250639682566 0.5698546629544887 0.42567284245318965 0.5858907740728061 0.4290477893084478 0.5919452241889055 0.43150229611227187 0.5963633364357888 0.44954292112037886 0.5941542803123471 0.45494283608879177 0.5992628269560886 0.4580122218929615 0.5798939297286333 0.4612682003061975 0.5745507856658869 0.4654007882922278 0.5758865716815735 0.46853153676649323 0.5815636622482415 0.471537055301788 0.571712240382553 0.4726641247525235 0.553011236162941 0.4736659642642885 0.5545139954305884 0.47028475591208185 0.5513415036433329 0.4684063068275226
1 0.7436090741025282 0.526464588816331 0.7252182656548196 0.5282925908608321 0.7185709854929974 0.5236394947475564 0.7079353372340816 0.5146656665290963 0.6990722970183184 0.5121729364684129 0.6966349609589835 0.5071874763470462 0.697299688975166 0.4992107401528593 0.7035038171262 0.4880765458818069 0.7172415294606328 0.485749997825169 0.7141394653851159 0.48242635774425785 0.7037253931315941 0.47660998760266327 0.6997370250345007 0.46647288535588416 0.7088216412556579 0.4596594231900163 0.7136963133743276 0.4553386910848317 0.7054980011747467 0.45301214302819387 0.6995154490291066 0.45151650499178386 0.692203440851102 0.44204413076118704 0.6970781129697717 0.437889580660048 0.6997370250345007 0.4294142984537245 0.6966349609589835 0.4257582943647222 0.6997370250345007 0.4206066522393099 0.6950839289212251 0.4181139221786265 0.6908739848187375 0.41528882810985196 0.6926465928618901 0.40697972790757403 0.703282241120806 0.39667644365674937 0.7176846814714211 0.38803497944638027 0.7238888096224553 0.3875364334342436 0.7274340257087606 0.3837142473411957 0.7480405942104098 0.3795596972400568 0.768425586706665 0.3770669671793734 0.7788396589601868 0.37856260521578344 0.7846006351004327 0.3835480653371502 0.7914694912676494 0.3820524273007401 0.7943499793377723 0.3906938915111093 0.8007756834942005 0.39335280357583824 0.8040993235751117 0.3973411716729316 0.7985599234402596 0.4019942677862073 0.8014404115103827 0.4048193618549817 0.802326715531959 0.4108019140006219 0.8005541074888065 0.4186124681907632 0.7985599234402596 0.42326556430403883 0.7925773712946195 0.4229332002959477 0.7861516671381912 0.420939016247401 0.7808338430087334 0.4201081062271732 0.7799475389871572 0.4226008362878566 0.7814985710249154 0.4272539324011323 0.785265363116615 0.43489830458722795 0.7916910672730433 0.4420441307611869 0.8180586119149386 0.44470304282591594 0.8178370359095445 0.4540092350524672 0.8187233399311209 0.47145834547725085 0.8149565478394214 0.47461580355411664 0.8153996998502098 0.4791027176633467 0.8151781238448157 0.4862485438373057 0.8098602997153577 0.4950561900517204 0.7974520434132895 0.5070212943430005 0.7881458511867381 0.5126714824805495 0.7810554190141274 0.515164212541233 0.7746297148576993 0.5194849446464175 0.7639940665987835 0.5213129466909185 0.7566820584207788 0.5226424027232831 0.7509210822805329 0.5264645888163308
10 0.5677121506887689 0.5382044831964764 0.5587261114096829 0.5389214544155524 0.5397980712260761 0.5425063105109325 0.5262234161449036 0.5427930989985629 0.5189581077916 0.5406421853413348 0.5084425299118185 0.5430798874861933 0.5027067601592105 0.5369139350021396 0.5027067601592105 0.5288838573484882 0.5088249145619923 0.5197066257443153 0.508953969381426 0.5057514979362198 0.5034093919539049 0.49399316994337317 0.5047477382295134 0.48926115989747143 0.5041741612542526 0.46861238878808215 0.5095275463566868 0.46703505210611496 0.5326618176922062 0.46273322479165885 0.5385887797699012 0.46574450391177813 0.5435597802221616 0.4658878981555933 0.5519722425259868 0.4696161484947886 0.5506338962503783 0.47320100459016873 0.5529282041514215 0.4743481585406903 0.5691795517838111 0.4734877930777991 0.5831365915151575 0.4716236679082014 0.577079832736112 0.46864025831111766 0.5751652987570894 0.46557265273109294 0.5802997307917409 0.4617870969089346 0.5997712810647104 0.4580522544811525 0.6129119461025472 0.4653622933101478 0.6280541693911803 0.46803828966719074 0.6477216548120487 0.461250396468838 0.65444449860758 0.4558194112023826 0.661604253056394 0.45777781462514644 0.665563176104562 0.45613528272218323 0.6725115237568433 0.45902449257426314 0.6832090392274243 0.45952988700594416 0.689105307597036 0.46136194182078777 0.6984069717801171 0.46613611422006007 0.6991289638253757 0.46812159234452116 0.7032202520818409 0.4766952478819665 0.7080335323835647 0.48003446109128733 0.7095978484816249 0.4816589431931192 0.7076725363609353 0.48436641336283875 0.7112824965872282 0.48617139347598515 0.7030999200742979 0.48752512856084496 0.6964816596594275 0.4993477483019541 0.6961206636367983 0.5070189137828263 0.6987679678027464 0.5125241031279228 0.707311540338306 0.5149608262806705 0.7170004946743487 0.523988403641987 0.7257191523878924 0.529186064971215 0.7333732469046279 0.5284009573891025 0.7358323554904993 0.5308321215592253 0.744439235541049 0.5296584560977868 0.7465630111379378 0.5278979579056289 0.7517047836356688 0.5276464581638921 0.7566230008074115 0.5232871293071202 0.7752898705274347 0.5197661329228044 0.7818847526440897 0.515490637313278 0.7879207464457739 0.5149038045825588 0.7919447423135635 0.5130594731431553 0.800439844701119 0.5128079734014185 0.803457841601961 0.5169158025164535 0.8064758385028031 0.5185924674613658 0.805693394861844 0.5211912981259798 0.8074818374697504 0.5263051262079623 0.8070347268177739 0.5270596254331728 0.7993220680711776 0.527227291927664 0.7993220680711776 0.5278141246583833 0.8011105106790839 0.5300776223340149 0.800551622364113 0.532005787020664 0.796080515844347 0.534604617685278 0.793844962584464 0.5395507792727692 0.7921682976395518 0.5433232753988219 0.7921682976395518 0.5452514400854709 0.793062518943505 0.5470957715248744 0.7865794144898441 0.5521257663596112 0.7859087485118792 0.5548922635187165 0.7880325241087681 0.5553114297549445 0.7903798550316453 0.555646762743927 0.79831606910423 0.5577425939250673 0.8009987330160897 0.5584132599030323 0.8045756182319026 0.5607605908259095 0.7961922935073411 0.5659582521551376 0.793062518943505 0.5671319176165761 0.7874736357937974 0.566712751380348 0.7830025292740314 0.5667965846275936 0.7817729749810957 0.5689762490559797 0.78646763682685 0.5750122428576638 0.790826965683622 0.5805452371758743 0.7880325241087681 0.5822219021207865 0.7834496399260079 0.5830602345932427 0.7775254237873179 0.5812159031538392 0.7721600959635986 0.5792039052199445 0.7622118839571193 0.5695630817866989 0.7605352190122069 0.5679702500890322 0.7540521145585459 0.5722457456985586 0.7443699855311766 0.5823094015450255 0.7483379041134003 0.5870206420089026 0.7553094438365653 0.5874656339061259 0.7550127825717498 0.5894680974436308 0.7513045167615557 0.5932505285700288 0.7406148476119685 0.5976241179708832 0.7342366304184345 0.6001828213799172 0.7260784456360075 0.5982916058167181 0.7153986401026483 0.5982916058167181 0.7097620760711534 0.5937304388701794 0.7044221733044739 0.5928404550757328 0.7016038912887262 0.5890580239493348 0.7059054796285514 0.5879455442062766 0.7023455444507651 0.5848306009257135 0.7027905363479886 0.5811594177736213 0.7054604877313282 0.5747070352638837 0.7103553986007844 0.5723708278034613 0.712580358086901 0.5708133561631799 0.7130253499841241 0.5656959493451119 0.7170302770591338 0.5625810060645489 0.7113937130276388 0.5577973431693984 0.703680520142435 0.5559061276061995 0.6906274244905517 0.5576860951950927 0.6872158199451732 0.5608010384756558 0.6814309252812705 0.5628035020131607 0.6771293369414451 0.5611347823985732 0.6759426918821831 0.5585760789895393 0.6723827567043967 0.5552386397603646 0.6781676513682995 0.5520124485054957 0.6792059657951539 0.5503437288909084 0.6723827567043967 0.5488975052249326 0.663927910657154 0.5530136802742481 0.6624446043330765 0.5513449606596608 0.6622962737006687 0.5497874890193792 0.6585880078904744 0.546783793713122 0.6554730646099116 0.5434463544839474 0.6467215572978534 0.5444475862526997 0.6409366626339507 0.5434463544839473 0.6321851553218925 0.5447813301756171 0.6272902444524362 0.5415551389207482 0.6223953335829799 0.5408876510749133 0.6167587695514849 0.5389964355117144 0.6189837290376015 0.5371052199485153 0.6172037614487084 0.5329890448991998 0.614237148800553 0.5319878131304475 0.6084522541366502 0.535436500333928 0.599107424294961 0.5308753333873892 0.5885759493940097 0.5305415894644717 0.5842743610541845 0.5326553009762824 0.5718145879319323 0.5315428212332242 0.5655847013708062 0.5355477483082338
16 0.5191824302284066 0.5411483339859801 0.5251329721522611 0.5431769278236577 0.5417944895390534 0.5430957840701506 0.5579150485691318 0.5397688901763592 0.5687342157034126 0.5385517338737527 0.5663539989338708 0.5357928462545111 0.5720093663894257 0.5319784479925865 0.5849923669505626 0.5330333167881789 0.5882381170908468 0.5314104417180368 0.5989490925537847 0.5313292979645297 0.6089027263173231 0.536116779421449 0.6138795431990922 0.5324653105136291 0.6165843349826624 0.5331956042951931 0.6179908267101188 0.5366847856959986 0.6157188016119199 0.5396059608222545 0.6226430685778596 0.5413099796459038 0.627511693788286 0.5418779859204534 0.6315147856279699 0.545367167321259 0.6408192693634515 0.543744292251117 0.6459042779165634 0.5448803048002163 0.6548841866380165 0.5437442922511169 0.6615920702612705 0.5496677862571356 0.6617002619326133 0.5517775238483204 0.6641886703734978 0.5538872614395052 0.6728440040809225 0.5495054987501214 0.6784699709907485 0.5506415112992209 0.6774962459486632 0.5520209551088416 0.6713293206821231 0.5555101365096473 0.6753324125218072 0.5584313116359031 0.6765225209065779 0.5617582055296944 0.6808501877602903 0.5632187930928223 0.6884236047542869 0.5608656242411162 0.6906956298524858 0.5580255928683675 0.7037868220849656 0.5562404302912112 0.7107110890509053 0.5580255928683675 0.716445247632074 0.5624884993112583 0.7126585391350758 0.565328530684007 0.7120093891070189 0.5706028746619689 0.7043277804416797 0.5746600623373241 0.7024885220288517 0.579772118808272 0.7020557553434805 0.5835858752231059 0.7002164969306528 0.5857767565677978 0.6991345802172247 0.5886167879405465 0.7000001135879672 0.590564238024717 0.6988100052031965 0.5971368820587926 0.7031376720569087 0.5969745945517784 0.7032458637282517 0.593647700657987 0.7089800223094204 0.5939722756720154 0.7154715225899888 0.5986786133754276 0.7259661147102412 0.5987597571289348 0.7339722983896091 0.6005449197060911 0.7451160405379182 0.597380313319314 0.7526894575319147 0.5925928318623948 0.7556855304871617 0.5897825997019495 0.7557628384698202 0.58711547430023 0.7490370439785279 0.586593645417285 0.7451716448456012 0.5823610333667303 0.7535982149553813 0.5733739803826757 0.7607105493599664 0.5686775204361698 0.7714563589495025 0.5796939079650109 0.7833617882789167 0.5835206531066083 0.7886960390823554 0.5822450713927425 0.7919429743540136 0.5803896798089376 0.7825114004696726 0.5688514633971515 0.7832071723135995 0.5669380908263529 0.7886960390823554 0.5670540528003407 0.7923295142673065 0.5675179006962918 0.7928706701459163 0.5693732922800967 0.7959629894522575 0.5716345507728587 0.7985914608626478 0.5685615584621821 0.8045441755273548 0.5667061668783773 0.8050853314059645 0.5669380908263529 0.8110380460706714 0.5693732922800967 0.8111926620359887 0.5736059043306514 0.8121976658105495 0.5775486114462366 0.8164496048567689 0.5802737178349499 0.8190007682845004 0.5816072805358096 0.821397315746915 0.5825349763277119 0.8221703955735002 0.5858978735733581 0.8194646161804516 0.5916959722727482 0.8145169052903056 0.5942471357004797 0.8128934376544763 0.5960445462972906 0.816063064943476 0.5996393674909124 0.8161403729261347 0.6018426449966806 0.8190780762671589 0.6036400555934915 0.8217838556602076 0.6053794852033084 0.8217838556602076 0.6086264204749668 0.8193100002151346 0.6107717169937412 0.8199284640764027 0.6139026902914119 0.8222477035561587 0.6154681769402471 0.8256492547931343 0.6185411692509238 0.8278138783075731 0.6209183897176737 0.8264996426023781 0.6260786975601309 0.8199284640764027 0.6264845644690881 0.8158311409955006 0.6272962982870027 0.813589209498403 0.6274702412479845 0.8163722968741102 0.6299054427017282 0.817068068718037 0.6335582448823438 0.8177638405619638 0.6358774843620998 0.8167588367874029 0.6379068189068864 0.809955734313452 0.6380807618678681 0.807481878868379 0.6393563435817339 0.8010653163077207 0.6379068189068864 0.7958856814695988 0.6390084576597704 0.7900102747875504 0.6377328759459047 0.7837483281922093 0.6375589329849229 0.7769452257182583 0.6357201073974021 0.7729693866101053 0.6383706668028375 0.7563560589081798 0.6394474565612958 0.7530428596513855 0.6422873416385481 0.7484674892491457 0.6431156414527466 0.7456276041718933 0.6401574278306089 0.7454698327787128 0.6394474565612958 0.7281149795288381 0.6395657851061812 0.720226409869804 0.641340713279464 0.7134422399630348 0.6393291280164102 0.7046070419449166 0.6388558138368682 0.6941941299949919 0.6426423272732045 0.6814146471473567 0.6414590418243494 0.6451272267158005 0.6401574278306089 0.6405518563135607 0.6389741423817538 0.6402363135271993 0.6412223847345784 0.6274568306795641 0.6374358712982421 0.6124685483273996 0.636725900028929 0.6074198637456178 0.6342410005863333 0.5952714664707055 0.6305728156948825 0.5777588418276501 0.6272596164380883 0.5613506169368594 0.6278512591625158 0.5404797154961007 0.6339029190295177 0.5274072286325586 0.6355933268135964 0.5215471483144192 0.6303530626829523 0.5156870679962796 0.6235914315466375 0.511179313905403 0.6093920061603763 0.5163632311099111 0.5995876410127198 0.5023891934281938 0.5931640914332207 0.5044176827690883 0.5842049301776034 0.5075731106327018 0.5580036095243834 0.5064461721099827 0.5483682851551346 0.5123062524281222 0.5443113064733458