9 0.3400038489212412 0.4508826072908739 0.3171594547531885 0.4520587908055802 0.2982723293088755 0.4510072576659525 0.2816020191151405 0.45045956107949947 0.26438376105070144 0.4491855799912502 0.2333001525787389 0.4447985180625294 0.22051698848661933 0.4452314123173654 0.1907063201914724 0.4413345992012501 0.1734938905118611 0.43934500538013793 0.16719564363797954 0.43861698770353125 0.16756338402355012 0.44379610891884075 0.16471863715093488 0.44374927175388856 0.15936057086073893 0.43745825441677655 0.16179589908405326 0.43323165352662435 0.1592394702183205 0.43003535262186654 0.16567795703116184 0.42457147396213074 0.17020816420107507 0.4145143636412507 0.16880612001490478 0.39201155445321734 0.17020816420107507 0.36404077293911974 0.17273184373618164 0.3501605354960338 0.17777920280639475 0.33691121793672435 0.17918124699256505 0.32008668770268073 0.1800224735042672 0.31251564909736107 0.18254615303937383 0.3043136906082648 0.18703269443511877 0.3015797044452327 0.1912388269936297 0.3034724640965626 0.20441804234363053 0.30704767677129685 0.215634395832993 0.3095713563064034 0.22657034048512137 0.31419810212076543 0.23806710281171792 0.3127259557252866 0.24311446188193098 0.31398779549283984 0.25433081537129343 0.3219794473540107 0.2582565390925703 0.32008668770268073 0.266107986535124 0.32134852747023396 0.2806892460712952 0.32387220700534053 0.3065771968406304 0.32742313703868303 0.33174663569725416 0.3300529459317765 0.35703459911516694 0.32970008598377654 0.3838473213182408 0.3338384652344362 0.38358310090860115 0.3421829770436069 0.3713610338475278 0.3473102307423671 0.36270073674846076 0.3516205405708168 0.3600449470085344 0.36109648014816215 0.3558388144500235 0.3732942645678438 0.3524739084032148 0.3838095959641211 0.34882859351917195 0.397269220151356 0.3468657316585336 0.4008444328260903 0.3468657316585336 0.4132525238736975 0.3451832786351292 0.4281842944564113 0.3451832786351292 0.43449349329417764 0.3369716507748736 0.4354252973145723 0.34129796298168374 0.43930095199983965 0.3451435738321815 0.4416443711118617 0.34646550256204023 0.44588055181436326
15 0.2871938203296399 0.6973615903217055 0.24442027262097019 0.6950701502658838 0.1919717557877203 0.693924430237973 0.18127836886055293 0.6881958300984191 0.17516786204502865 0.6794119765511029 0.17516786204502865 0.6503870691773628 0.1777139065514971 0.6198345350997415 0.17924153325537812 0.596156321189585 0.18382441336702132 0.5885181876701795 0.19248096468901402 0.5828259942458792 0.21132169403688045 0.5824076808546553 0.22106984042616096 0.583407955938648 0.24163152980977112 0.5849721496874035 0.25949919979382885 0.5865596845505824 0.2833240660305767 0.588556929432501 0.30280706803215723 0.5904530543574231 0.3072375966328187 0.5935841310660122 0.3090703418382085 0.5966684853363305 0.30760913536123774 0.6102518904483452 0.3056840656681799 0.6361749534193795 0.3040836255337915 0.6621821056031907 0.30274992542180124 0.6799870020982612 0.30274992542180124 0.6835879924006351 0.29954904515302444 0.6911900830389799 0.29101336443628645 0.6953912383917493
0 0.3936934202164826 0.33646681149609003 0.3847166972799505 0.33294024177102377 0.3770223633343515 0.3313372555323573 0.37509877984795176 0.3311769569084907 0.37061041837968567 0.3236429215867583 0.3656945939144418 0.3124220179160931 0.3629160844340867 0.2981554403919616 0.36312981593257554 0.2840491614916968 0.36505339941897524 0.27202676470169834 0.3686868348932859 0.26465302800383256 0.37317519636155205 0.25647779818663363 0.37296146486306314 0.25407331882863393 0.38001460431319556 0.25118794359903435 0.38172445630110646 0.25086734635130103 0.3859990862708837 0.25359242295703405 0.3900599847421721 0.2529512284615674 0.3936934202164826 0.2551954091957005 0.3977543186877711 0.25551600644343375 0.40502118963639233 0.25663809681050026 0.4142116440714134 0.2624088472696996 0.42126478352154584 0.26817959772889877 0.4291728489656337 0.27362975094036474 0.4296003119626114 0.2774769179131643 0.42553941349132307 0.27988139727116396 0.42447075599887873 0.2818049807575637 0.4281041914731894 0.2824461752530303 0.4263943394852785 0.28805662708836294 0.4278904599747005 0.29110230094182915 0.4325925529414555 0.29478916929076204 0.4330200159384332 0.2981554403919616 0.434943599424833 0.30536887846596067 0.4370809144097215 0.30761305920009374 0.434943599424833 0.3112999275490266 0.43045523795656687 0.3149867958979594 0.4293865804641225 0.321078143604892 0.42190597801701246 0.323322324339025 0.4116468660895471 0.32396351883449165 0.40566238413185896 0.32716949131182455 0.3977543186877711 0.3326196445232905
4 0.1782301884299571 0.551531791350475 0.17651271255453774 0.5478802186021406 0.1786716570852195 0.5291605598585274 0.18049950012445454 0.5082546050972773 0.18598302924215948 0.4726116658321951 0.18689695076177698 0.4619873281666418 0.19227059332366425 0.45572468436994923 0.20180191721347535 0.45104567082404207 0.21696759109169986 0.45191472497554325 0.24798771793308505 0.45438420434699434 0.2717293792586145 0.45594387552896337 0.3041358804839722 0.4588032726959067 0.30968137801986234 0.4621825602568397 0.3103745652118486 0.4669915464012444 0.30916148762587264 0.4768694638870487 0.3070819260499138 0.48947680594129894 0.3051756612719516 0.5031239287835284 0.30101653812003404 0.5295083662785054 0.29789719575609586 0.5503039820380932 0.29703071176611306 0.5557628311749849 0.2939113694021748 0.5603118721223949 0.2857664198963363 0.5642110500773176 0.27536861201654234 0.5659006938577841 0.24018936202323965 0.5630412966908408 0.19686516252409825 0.5594020639329129 0.18473438666433867 0.5574524749554516 0.17936218592644512 0.5527734614095443
2 0.638974161069142 0.6783479991517578 0.6306691143102091 0.6717731704676027 0.6117520633593065 0.6672746034731807 0.6126748463325213 0.6551630769497369 0.6126748463325213 0.6427055068113376 0.6237482420110985 0.6444357248861153 0.6468178163414674 0.6454738557309819 0.6685032162120144 0.646165942960893 0.6763468714843399 0.6482422046506262 0.6832677437834505 0.6503184663403594 0.6961867054084572 0.6454738557309819 0.7025286011568102 0.6488379208276933 0.7251886564162259 0.6474046040793568 0.7541280040969256 0.6467903254729268 0.7587692202343963 0.6615330120272455 0.7729658813607772 0.6637853669174887 0.773238894074746 0.6670615194851149 0.7734450186737925 0.6732493526472192 0.7696228406782285 0.6808254554598551 0.7638895736848823 0.6945443443367906 0.7532420778400966 0.6941348252658374 0.7316740734365564 0.6914729513046409 0.7106520944609537 0.6957729015496505 0.6918142171971021 0.6967966992270337 0.6795286450685032 0.7004823708656134 0.6669700602259355 0.7041680425041931 0.6544114753833677 0.7111298667103992 0.6481321829620839 0.7090822713556325 0.6481321829620839 0.706010878323483 0.6500432719598659 0.6980252564398937 0.6426719286827065 0.6904491536272576 0.6489512211039904 0.6871730010596313 0.6525003863855858 0.6838968484920049
17 0.5477164777105289 0.5737738847657872 0.5439696610097728 0.5678981949396014 0.537157267008398 0.5658544767391891 0.532047971507367 0.5719856313404263 0.5300042533069546 0.5745402790909419
17 0.5616818854133471 0.5893572360439319 0.5647474627139657 0.5947219963200144 0.5698567582149968 0.6069843055224889 0.5845034053179525 0.6090280237229014 0.5981281933207019 0.6103053475981591 0.5865471235183649 0.6126045305736231 0.5729223355156154 0.6169474317494995 0.5742848143158904 0.6192466147249636 0.5810972083172651 0.6256332341012523 0.5957438554202208 0.6202684738251697 0.6039187282218705 0.6207794033752728 0.6182247556247574 0.6169474317494995 0.6151591783241388 0.6118381362484685 0.6060663473677138 0.6109621455117656 0.6107136380743099 0.6103506598924767 0.6169100256831046 0.6104729570163345 0.6193559681602604 0.6129188994934903 0.6227802876282785 0.6127966023696325 0.6216388478056059 0.6093111343396855 0.6130780491355605 0.6068651918625297 0.6092460725880164 0.6053976263762362 0.6092460725880164 0.6044803979473028 0.609685162873993 0.5950384537157294 0.6110811323031791 0.5917928247928715 0.5992896759496026 0.5892386960594623 0.5874239358015205 0.5885058121091397
17 0.6119929977551962 0.6001272576071142 0.6107366252689287 0.5988708851208466 0.6146453396706498 0.5951017676620441 0.6164600999285917 0.5936359997613987 0.6200896204444757 0.5933219066398318 0.6230211562457666 0.5955205584908 0.6191124418440455 0.5990802805352246 0.6150641304994057 0.60054604843587
17 0.6428439221402096 0.5949970699548551 0.644100294626477 0.5968816286842564 0.6417271465968607 0.5975098149273902 0.6382372230238953 0.5971957218058234 0.6298614064487786 0.5996037690711694 0.62469631956079 0.5992896759496025 0.6193916357298827 0.6016977232149485 0.6193916357298827 0.6027447002868381 0.6256734981612202 0.6052574452593732 0.6325137483642322 0.6052574452593731 0.6380976260809768 0.6063044223312628 0.6346077025080114 0.6090265627181757 0.6300010033916972 0.6111205168619549 0.6283258400766738 0.6139473549560568 0.6318157636496392 0.6154131228567022 0.6375392383093023 0.6157272159782692 0.6443794885123143 0.6164600999285919 0.6466130395990121 0.616041309099836 0.6487069937427912 0.6138426572488679 0.6513593356582449 0.6112252145691438 0.6487069937427912 0.6083983764750419 0.657082810317908 0.6101782374972543 0.6676921779797225 0.6139473549560567 0.678301545641537 0.6172976815861034 0.6852813927874677 0.6201245196802053 0.6910048674471309 0.6214855898736618 0.6995202809651662 0.6188681471939378 0.7021726228806198 0.623265450895874 0.7080356944832016 0.6253594050396533 0.7158531232866439 0.6256734981612201 0.7235309551471674 0.6263016844043539 0.729114832863912 0.6245218233821416 0.7277188634347257 0.6203339150945832 0.7303249924938428 0.6165146680275039 0.7299210516794102 0.6127277228921999 0.7171969160247884 0.6112129448380782 0.6895269702361669 0.6065171328703012 0.6699358407361936 0.6012154096808755 0.6662840795951646 0.5992470915725053 0.6685745027670439 0.595929926978749 0.669601244188921 0.5935605236974946 0.6602505001723843 0.594592415886497 0.6493134822968174 0.5952400024712345
17 0.7422781342391365 0.6185531195217852 0.7376730740810031 0.6179055329370476 0.7381047984708282 0.6144517378184475 0.7421342261091948 0.6141279445260788 0.7458758374876783 0.6075441475812474 0.7478905513068618 0.6064648366066849 0.749905265126045 0.6082996652634411 0.7517760708152867 0.6111058737973037 0.7514882545554035 0.61380415123371 0.7549420496740035 0.6140200134286226 0.7591153854423119 0.6162865664752039 0.7589714773123702 0.6181213951319602 0.7558054984536535 0.6202800170810853 0.7494735407362201 0.6187689817166977
17 0.6980983383470436 0.5939448293017596 0.6898955749403685 0.5923258628399157 0.687017412341535 0.5943765536915846 0.6884564936409518 0.5969669000305347 0.6959397163979186 0.5972906933229034 0.6986739708668104 0.5963193134457971
17 0.7032790310249439 0.5846627549205218 0.7078840911830773 0.582180339679028 0.7110500700417941 0.5828279262637656 0.7110500700417941 0.5841230994332406 0.7143599570304524 0.5855262037001718 0.7170942114993442 0.5872531012594719 0.7229944448269527 0.588548274428947 0.7227066285670692 0.5904910341831595 0.7198284659682359 0.5926496561322845 0.7126330594711524 0.5925417250348283 0.7073084586633107 0.5881165500391219
17 0.7487540000865117 0.5875768945518406 0.7441489399283783 0.5912465518653532 0.7391121553804199 0.5907068963780719 0.7388243391205365 0.5948082780814096 0.7429976748888449 0.5963193134457971 0.7467392862673283 0.598801728687291 0.7550859578039453 0.6011762128313285 0.759978834221962 0.6022555238058911 0.7680376894986957 0.5995572463694847 0.7799820642838542 0.5921100006450033 0.7863140220012876 0.5860658591874531 0.7847310325719293 0.5829358573612218 0.7745135553460706 0.5849865482128906 0.7691889545382289 0.5873610323569282 0.759978834221962 0.5867134457721906 0.7522077952051117 0.5858499969925406
17 0.8146313052442192 0.6070189580339206 0.8112195617233031 0.6031807465728899 0.8149414637461208 0.6006219389322027 0.8149414637461208 0.5964347991565329 0.8171125732594311 0.5957369425272545 0.8199039997765444 0.5964347991565329 0.8192836827727413 0.6017850333143332
17 0.8301006057217211 0.5021404910600686 0.8251899993101245 0.4997151305762921 0.8154885573750187 0.4985473644174368 0.8165664953678082 0.5038472262153186 0.8184828295772119 0.5066318993633582 0.8224352688841069 0.5079793218543451 0.8281842715123175 0.5086979471828715 0.8339332741405283 0.5105843386702532 0.8354902956856688 0.5081589781864767 0.8320169399311247 0.5064522430312267 0.8293819803931948 0.5043861952117134
17 0.8316890468811624 0.4901024740549707 0.8227062302745831 0.4883957388997205 0.8169572276463722 0.4897431613907075 0.8173165403106353 0.4871381445747993 0.8203108125128284 0.4818382827769176 0.8246225644839866 0.47941292229314114 0.8334856102024785 0.48013154762166754 0.843187052137584 0.4810298292823254 0.846660407892128 0.4829162207697071 0.8492953674300581 0.4845331277588914 0.8472592623325668 0.4901923022210363 0.8463010952278648 0.4909109275495627 0.8489360547657948 0.492078693708418 0.853607119401216 0.49477353869039187 0.8551641409463565 0.496480273845642 0.8473790332206544 0.49881580616335264 0.8395939254949522 0.501241166647129 0.8337251519786537 0.5029479018023791 0.8284552329027939 0.4996242596579447 0.8235446264911972 0.4970192428420368 0.8213887505056179 0.4945040541921945 0.824023710043548 0.4936956006976024 0.827976149350443 0.4909109275495627
17 0.5905439136816423 0.3586567417230126 0.5954536568948252 0.3626336337256908 0.5954536568948252 0.36661052572836894 0.5877944574822599 0.36867261787790573 0.5815099861693857 0.3626336337256908
17 0.6190204243181032 0.3626336337256908 0.6168601373043028 0.36616864883918254 0.6198059832322126 0.36911449476709224 0.6280543518303598 0.36631594113557797 0.6260904545450866 0.3623390491328998
17 0.7297842312075101 0.3664632334319735 0.7246780982657998 0.3624863414292953 0.7144658323823794 0.35777298794463974 0.7095560891691963 0.35968778779778104 0.7042535664989589 0.3588040340194081 0.6991474335572486 0.35630006498068484 0.6983618746431393 0.3509975423104472 0.703075228127795 0.3501137885320744 0.7250708777228545 0.3527650498671931 0.7264456058225457 0.35173400379242475 0.7380325998056574 0.35585818809149833 0.7435315122044223 0.3592459109085946 0.738425379262712 0.36410655668964576
17 0.7652915791064985 0.5341229244259817 0.7616021568931752 0.5336485701414116 0.7607588603872728 0.5282725549162833 0.7639212222844072 0.5216315949323013 0.7682431168771572 0.5181529968454536 0.7706675943316267 0.5206038273157327 0.7720379511537184 0.5255845473037192 0.7688755892565841 0.5285887911059968
17 0.5715158328768022 0.5194420202634251 0.5675017664915345 0.5206316677265789 0.564102773739667 0.5207166425453755 0.564102773739667 0.5237757360220563 0.5646859958435785 0.5287133225529811 0.5649125953603695 0.5321972901236453 0.5667253914946988 0.5372957792514464 0.5657056936691386 0.543074066929621 0.5628731997092491 0.5469829085942686 0.5610604035749198 0.5489373294265923 0.5569816122726788 0.5532710451852234 0.548824029668197 0.554460692648377 0.5431590417484179 0.5548005919235638 0.5395334494797592 0.5570949120310743 0.5368142552782653 0.5573498364874644 0.5346615598687493 0.5447735633055549 0.5331886630096067 0.5321123153048485 0.5312625671168818 0.5214904629552628 0.5275236750898277 0.5162220241898683 0.5267305767810585 0.5112085098808637 0.5233315840291911 0.49956695970571785 0.526050778230685 0.4928539490207796 0.5284300731569922 0.4857160642418579 0.5278635743650143 0.48308184485916067 0.5304694688081127 0.47721858236218945 0.5289965719489701 0.47509421189227224 0.534208360835167 0.46821125156974064 0.5376073535870344 0.4626878883479561 0.5419127444060664 0.45724949994496805 0.5425925429564399 0.45529507911264433 0.5459915357083074 0.45308573382393047 0.5472378330506587 0.4541904064682874 0.5502969265273394 0.45385050719310066 0.5499570272521527 0.45240593527355694 0.554489017587976 0.4490919173404862 0.5513166243528996 0.445607949769822 0.5489373294265925 0.44246388147434473 0.5481442311178234 0.43872498944729055 0.5465580345002854 0.43702549307135685 0.5450851376411427 0.4336265003194894 0.546897933775472 0.42801816227890804 0.5479176316010322 0.4210502271375798 0.5512033245945042 0.41867093221127255 0.554489017587976 0.41850098257367924 0.5552821158967451 0.4199455544932229 0.558567808890217 0.4155268639157952 0.5638928975348092 0.4073692813113133 0.5663854922195122 0.4021008425459188 0.5689913866626105 0.4009111950827652 0.573183477723247 0.40142104399554535 0.5728435784480603 0.402610691458699 0.5676317895618636 0.40906877768724714 0.5661588927027209 0.41212787116392774 0.5670652907698857 0.4141672668150483 0.5698977847297751 0.4180761084796958 0.5685381876290282 0.4240243457954639 0.567518489803468 0.4292078097420616 0.5670652907698857 0.43116223057438546 0.5645726960851828 0.435071072239033 0.5623067009172712 0.438045190896917 0.5609471038165242 0.4455229749510254 0.5601540055077551 0.449941665528453 0.5614003028501064 0.45096136335401327 0.5644593963267872 0.44926186697807957 0.5702376840049619 0.44832714397131596 0.5712573818305221 0.4486670432465027 0.5713706815889177 0.4471374965081624 0.5700110844881707 0.4460328238638055 0.5705775832801486 0.44246388147434457 0.575336173132763 0.4418690577427678 0.5791883649182127 0.4411892591923944 0.5822474583948934 0.44254885629314133 0.5842868540460139 0.4422939318367513 0.5834937557372448 0.44067941027961427 0.579414964435004 0.4399146369104441 0.5759026719247409 0.4373653923465434 0.5738632762736203 0.435325996695423 0.5714839813473132 0.43507107223903296 0.5697844849713795 0.43022750756762185 0.5722770796560823 0.4286129860104848 0.576129271441532 0.42827308673529807 0.579414964435004 0.4290378601044683 0.5848533528379918 0.43175705430596223 0.5874592472810902 0.4303124823864185 0.590518340757771 0.43065238166160535 0.5893853431738152 0.4281031370977047 0.5888188443818373 0.4254689177150074 0.5857597509051565 0.425044043621024 0.5832671562204537 0.42232484941953 0.5849666525963874 0.4156968135533885 0.5873459475226946 0.41102319851957086 0.5892720434154195 0.4037153641030558 0.5890454438986283 0.4009111950827651 0.5904050409993753 0.3969173785993209 0.5932375349592648 0.3961526052301507 0.5981094245702748 0.3970873282369142 0.5989025228790439 0.40065627062637504 0.5974296260199013 0.40397028855944583 0.6007153190133732 0.4046500871098193 0.6058138081411744 0.40651953312334643 0.6087596018594595 0.40770918058649996 0.613744791228865 0.4073692813113132 0.6222422731085337 0.4078791302240934 0.6260944648939835 0.4051599360225994 0.6310796542633891 0.40286561591508885 0.6328924503977185 0.3986168749752546 0.6379909395255196 0.3997215476196116 0.6410500330022002 0.4012510943579518 0.6422963303445516 0.40099616990156184 0.6416165317941781 0.3983619505188646 0.6439958267204854 0.39632255486774404 0.6484145172979132 0.38986446863919594 0.6517002102913849 0.38706029961890537 0.6518135100497805 0.38451105505500466 0.6556657018352303 0.3800923644775771 0.6607641909630314 0.37720322063848977 0.667108977433184 0.3783928681016434 0.6720941668025895 0.38102708748434067 0.6770793561719951 0.3834063824106479 0.6797985503734892 0.38655045070612515 0.6799118501318848 0.39207381392790985 0.6804783489238627 0.3936883354850469 0.682291145058192 0.39088416646475627 0.6880694327363667 0.39079919164595955 0.6929413223473765 0.3904592923707728 0.6957738163072662 0.3936883354850469 0.6974733126832 0.39402823476023363 0.6998526076095071 0.3953878318609806 0.7058574948044729 0.40159099363313866 0.7140150774089549 0.3978521016060844 0.7175273699192178 0.3978521016060844 0.7179805689528002 0.3954728066797772 0.717187470644031 0.38867482117604235 0.7200199646039206 0.3806871882091538 0.7227930187716858 0.37770493862542603 0.735996531995462 0.3771224306890829 0.7463868357675856 0.37746514275030857 0.7571049817962979 0.37956217132114367 0.761609709837351 0.38130969513017293 0.7651824251802551 0.38224170782832173 0.7695318177716167 0.38363972687554515 0.7729491976648294 0.3844552379864254 0.7704638304697656 0.38631926338272327 0.7665804442274785 0.38760078084267796 0.7658037669790211 0.38911530147717 0.7706191659194572 0.39086282528619926 0.7822693246463186 0.39505688242786924 0.7793179511021804 0.39948394274407656 0.7794732865518719 0.4021634792512547 0.7777645966052655 0.40542552369477586 0.7749685585108188 0.408105060201954 0.7735705394635954 0.4110175998836693 0.777609261155574 0.4113671046454752 0.7802499638003293 0.4089205713128343 0.7872400590364461 0.4041440062348211 0.7934534770241055 0.40099846337856854 0.7915894516278077 0.3992509395695394 0.7959388442191693 0.3962218983005554 0.7995115595620734 0.39657140306236127 0.7988902177633076 0.3976199173477788 0.8016862558577542 0.4008819617912999 0.8021522622068287 0.4042605078220898 0.802618268555903 0.4099690855982518 0.8001329013608394 0.41311462845450436 0.8068123256975731 0.4118331109945496 0.8116277246380093 0.4140466411526532 0.8152004399809134 0.4168426792471 0.8142684272827645 0.4251142919431716 0.8061909838988073 0.42441528241955984 0.7953175024204033 0.4247647871813658 0.7858420399892228 0.4256967998795147 0.7825799955457016 0.4279103300376184 0.7800946283506378 0.4311723744811394 0.7763665775580421 0.43082286971933365 0.7752792294102018 0.438861479240868 0.7743472167120529 0.4413080125735088 0.7720171849666805 0.44678358717513367 0.7678231278250104 0.4509776443168038 0.7620757161864254 0.4549386982839367 0.7672017860262444 0.46216179669459073 0.7667357796771701 0.4667053585980667 0.7658037669790211 0.4732294474851091 0.7712405077182232 0.4702004062161251 0.7749685585108188 0.46926839351797617 0.7745025521617444 0.47183142843788567 0.7704638304697656 0.47590898399228704 0.7633183997839574 0.47928753002307695 0.7557069627490747 0.48196706653025506 0.7490275384123407 0.48313208240294114 0.7426587849749899 0.48359808875201565 0.7367560378867134 0.48371459033928427 0.7334939934431922 0.4886076570045661 0.7376880505848624 0.49152019668628133 0.7383093923836284 0.4935007236698478 0.7336493288928837 0.4964132633515632 0.7277465818046074 0.5011898284295763 0.7285232590530647 0.5035198601749487 0.7316299680468943 0.5046848760476348 0.7344260061413411 0.5052673839839779 0.7344260061413411 0.5078304189038874 0.7342706706916496 0.5107429585856026 0.7292999363015221 0.5099274474747224 0.7241738664617031 0.5066654030312012 0.721533163816948 0.5113254665219458 0.7176497775746608 0.5161020315999588 0.7210671574678734 0.5193640760434801 0.7297659426505966 0.5222766157251955 0.7322513098456603 0.5195970792180173 0.7375327151351708 0.5219271109633896 0.7411054304780751 0.5220436125506582 0.7425034495252985 0.5232086284233444 0.7384647278333198 0.5260046665177911 0.7412607659277666 0.5283346982631634 0.7403287532296177 0.5314802411194159 0.7345813415910327 0.5368393141337722 0.7274359109052244 0.5385868379428014 0.7131450495336077 0.535091790324743 0.7072423024453314 0.5328782601666393 0.7025822389545867 0.5345092823883999 0.6920194283755657 0.5357907998483545 0.6783499088027151 0.537188818895578 0.6730685035132047 0.538936342704607 0.6660784082770879 0.5389363427046071 0.6603309966385029 0.5388198411173386 0.6556709331477584 0.5394023490536816 0.6528748950533115 0.5424313903226656 0.6573796230943647 0.5491884823842451 0.6558262685974497 0.5518680188914233 0.64852550246195 0.5526835300023035 0.6444867807699715 0.5530330347641095 0.6315939384455781 0.5557125712712876 0.6143517035298234 0.5596736252384205 0.6061189246961746 0.5505865014314686 0.5992841649097492 0.5424313903226656 0.5910513860761005 0.5414993776245167 0.5825079363430687 0.5416158792117854 0.5811099172958454 0.5360238030228919 0.5845272971890582 0.5334607681029824 0.589653367028877 0.5339267744520568 0.5974201395134513 0.5343927808011313 0.5910513860761004 0.5288007046122377 0.5910513860761004 0.5243736442960305 0.5826632717927602 0.5186650665198683 0.5750518347578775 0.5176165522344508
19 0.4938896338225991 0.33988658181319764 0.47671496059163565 0.32829367738229737 0.46234220337753706 0.31326603973277395 0.45718980140824805 0.3045069563849826 0.4486024647927663 0.27822970634160843 0.4403586216419038 0.2547862773813433 0.4310842980971835 0.22670568664871799 0.42421442880479815 0.21021800034699306 0.42146648108784407 0.19476079443912592 0.42146648108784407 0.17801548803893655 0.42867984384484864 0.15972446104796043 0.43864115431880746 0.14607059582934442 0.45718980140824805 0.13396245120151518 0.4757384484976886 0.12314240706600821 0.5025309387379917 0.11515618401361018 0.5293234289782948 0.11129188253664339 0.5588638669355519 0.11026140214278557 0.5897782787512862 0.11438332371821681 0.6072964454468689 0.11979334578597031 0.631684481434837 0.12881004923222614 0.6447372330903692 0.13756913258001752 0.6601944389982364 0.1483891767155245 0.669812256007576 0.15843636055563817 0.6835519945923468 0.1785307282358654 0.6862999423093011 0.18857791207597907 0.6862999423093011 0.20068605670380835 0.684925968450824 0.22078042438403556 0.6821780207338698 0.23391904940572264 0.6749646579768651 0.24628481413201636 0.6718732167952917 0.25324055679055657 0.6890478900262551 0.26354536072913465 0.6993526939648332 0.27153158378153275 0.7113749652265077 0.28183638772011077 0.7172143541250352 0.29342929215101116 0.7168708606604158 0.30347647599112476 0.7069095501864573 0.3166151010128119 0.6931698116016863 0.3287232456406411 0.6732471906537688 0.3271775250498543 0.6447372330903692 0.32408608386828097 0.6234406382839746 0.31532700052048956 0.620005703637782 0.30862887796041377 0.6103878866284425 0.32254036327749425 0.5736340859141804 0.3215098828836364 0.5217665727566707 0.3204794024897787 0.5162706773227624 0.31893368189899196 0.5018439518087531 0.3186760618005275 0.5018439518087531 0.3253741843606032 0.4987525106271796 0.3379975691853614