13 0.4729982489185195 0.29548953107154097 0.48482320514148247 0.3035520012235612 0.5014856434556576 0.32491754712641474 0.524598057891449 0.32935190571002587 0.563297914621146 0.33499563481644 0.5896353171177453 0.32773941167962173 0.6105977395129979 0.3253206706340157 0.6234976917562302 0.30637386577676823 0.6369351420095972 0.29347391353353586 0.6498350942528297 0.26203027994065703 0.6568225683845804 0.2459053396366166 0.6713350146582168 0.22937727582497522 0.6847724649115838 0.2100273474601266 0.6949849271041427 0.18180870192805593 0.7068098833271058 0.16649000863921748 0.7154098514892607 0.1523806858731821 0.7213223296007422 0.1338370045235356 0.7207848315906076 0.12053392877270223 0.42354843198612874 0.1185183112346972 0.42354843198612874 0.12819327541712147 0.4305359061178796 0.149155697812374 0.4375233802496305 0.16165252654800535 0.4418233643307079 0.18180870192805584 0.4488108384624588 0.2088179769373236 0.4557983125942096 0.22333042321095997 0.4638607827462299 0.25235531575823283 0.47031075886784607 0.2773489732294955
6 0.255812053634771 0.4313609293673571 0.23234830822308059 0.40904175690257844 0.20716770339102258 0.3820012210317889 0.2117459951786695 0.3742753536401347 0.22433629759469847 0.37170006450958326 0.23635431353727163 0.36654948624848055 0.29701667972359314 0.35281461088553984 0.3015949715112401 0.35367304059572363 0.3130407009803573 0.35195618117535604 0.32276957102910697 0.35324382574063173 0.3342153004982242 0.4004574598007402 0.33307072755131256 0.40560803806184326 0.343944170546974 0.41118783117803787 0.3490947488080767 0.4214889877002434 0.3553899000160912 0.4202013431349677 0.3708416347993996 0.4416620858895627 0.37656449953395815 0.4622643989339737 0.3788536454277816 0.46913183661544416 0.33421530049822434 0.49102179422513087 0.31075155508653385 0.49617237248623364 0.2993058256174166 0.49316786850059025 0.28557095025447593 0.4832959268334767 0.2741252207853586 0.4687026217603521 0.2632517777896972 0.4493879532812168
9 0.32183999245122563 0.34150224279390495 0.27578893243810815 0.31666571604525734 0.2887246234530288 0.3034713112100383 0.30735201851451455 0.29221726002705734 0.30786944615511136 0.28562005760944775 0.31149143963928916 0.253798257712743 0.3171831436858542 0.2250810236596192 0.3104565843580955 0.20412520421544772 0.30838687379570817 0.18394552623217153 0.30579973559272405 0.16687041409247627 0.3329486055997025 0.17247772075809878 0.3848207794452596 0.1825860456711141 0.4184110678205662 0.18760012997956402 0.44368531392819976 0.1940817511587797 0.44792486488818994 0.20839023564874648 0.45526254924201903 0.22331019383486564 0.4626002335958481 0.25082651016172475 0.4707532162112138 0.28629198453856547 0.4714054548204431 0.2974208058085396 0.4709162758635211 0.30854962707851374 0.47776478126042826 0.31808861673849154 0.4839610480481062 0.3365551223622948 0.49093875350934696 0.3452757229559257 0.48540425290062006 0.35731710165084446 0.4832139876276395 0.35784656502989265 0.47454102406124987 0.35759783394395234 0.45090025779828724 0.35403409799236407 0.4327957801886606 0.34887367706816974 0.4005762941943694 0.34706604212899483 0.3645440588331473 0.3436179782027037
18 0.21624370179691835 0.6194731880540895 0.2085379128687431 0.6100817577978759 0.19071827597233773 0.6129714286459416 0.19023666416432683 0.6194731880540895 0.20324018298062257 0.6227240677581635
18 0.2576623172858604 0.6480086876787385 0.2571807054778494 0.640423301702566 0.26440488259801376 0.6368112131424839 0.25236458739773987 0.6313930803023606 0.23743462134940033 0.6313930803023606 0.22828399699719218 0.6205568146221142 0.23406333869332363 0.6082757135178348 0.22443110253310458 0.6061084603817856 0.21961498445299502 0.5956334035575473 0.24706685750961943 0.5782953784691529 0.23984268038945508 0.5707099924929804 0.22828399699719218 0.5634858153728161 0.24369557485354273 0.5559004293966435 0.2668129416380685 0.5418132840123232 0.27403711875823283 0.5493986699884956 0.2836693549184519 0.5537331762605943 0.2995625445828134 0.5490374611324874 0.31256606339910914 0.5522883408365614 0.31979024051927346 0.5577064736766847 0.34049954826374446 0.5580676825326928 0.35253984346401834 0.5710712013489886 0.3578375733521388 0.5844359290212926 0.34965017261595255 0.5866031821573419 0.35253984346401834 0.5884092264373829 0.35639273792810594 0.6028575806777116 0.3323121475275583 0.6050248338137608 0.3327937593355692 0.6100817577978759 0.34820533719191976 0.6122490109339251 0.35157661984799643 0.6248913208942126 0.3443524427278321 0.6317542891583687 0.3337569829515911 0.6324767068703853 0.31738218147921865 0.6375336308545002 0.31352928701513105 0.6418681371265987 0.3193086287112625 0.6487311053907548 0.31738218147921865 0.6519819850948287 0.2995625445828134 0.650537149670796 0.2961912619267367 0.655594073654911 0.28655902576651765 0.657400117934952 0.28270613130243 0.6516207762388205 0.2730738951422109 0.6480086876787383
18 0.3477142272665031 0.6548450937137169 0.35088741185731176 0.6459518263736874 0.3617430433521833 0.6434466806441016 0.3635801502205462 0.6472043992384802 0.360740985060349 0.6520894334111724 0.35222348957975746 0.6549703510001961
18 0.321827721394117 0.6459518263736874 0.32683801285328845 0.6399394766226816 0.3415348678001916 0.6385616464714093 0.34788123698180873 0.6380606173254922 0.3497183438501717 0.6405657630550778 0.3485492758430317 0.644949768081853 0.3440400135297773 0.6468286273790423
1 0.6397846935209848 0.4850294710009493 0.6337285841840721 0.4869760775735283 0.6125322015048779 0.48892268414610734 0.6047457752145616 0.4873005120022916 0.6012851413077543 0.48308286442837023 0.603015458261158 0.47497200370929077 0.6012851413077543 0.4688077495627904 0.6017177205461053 0.4613457577012373 0.5956616112091926 0.4632923642738164 0.5930661357790872 0.4675100118477376 0.5800887586285601 0.4694566184203168 0.5714371738615421 0.4746475692805276 0.5662462230013313 0.4756208725668171 0.5575946382343132 0.46556340527515844 0.554134004327506 0.46296792984505314 0.5524036873741024 0.4587502822711319 0.549808211943997 0.4499905526945261 0.549375632705646 0.43603987225770957 0.5524036873741024 0.4353910034001832 0.5575946382343133 0.4292267492536828 0.5623530098561731 0.4188448475332612 0.5723023323382439 0.41657380653191894 0.576628124721753 0.41008511795665537 0.5874426056805255 0.4022986916663392 0.6103693053131234 0.3997032162362338 0.6371892180908793 0.39775660966365467 0.6510317537181082 0.4032719949526287 0.6631439723919335 0.4055430359539709 0.6735258741123552 0.4133294622442871 0.6869358305012331 0.42208919182089294 0.6951548360299004 0.4269557082523406 0.71418832251734 0.4318222246837882 0.7319240712897269 0.43441770011389363 0.7440362899635522 0.43344439682760416 0.7440362899635522 0.4289023148249197 0.740575656056745 0.4227380606784193 0.7410082352950959 0.4188448475332612 0.7500923993004649 0.41235615895799765 0.7613394594975884 0.41397833110181353 0.7747494158864663 0.41527606881686624 0.7868616345602917 0.4246846672509983 0.7898896892287478 0.42987561811120917 0.8032996456176258 0.4373376099727622 0.806760279524433 0.44512403626307845 0.807625438001135 0.45712811012731597 0.8015693286642221 0.46167019213000055 0.798541273995766 0.46718557741897454 0.7972435362807133 0.47399870042300124 0.7907548477054498 0.48470503657218617 0.7738842574097644 0.49703354486518675 0.7673955688345011 0.4967091104364237 0.7686933065495536 0.49281589729126557 0.7487946615854121 0.4778919135681594 0.7384127598649904 0.46815888070526407 0.727598278906218 0.46718557741897454 0.718081535662498 0.4619946265587637 0.7167837979474453 0.4545326346972107 0.7198118526159017 0.4490172494082367 0.705536737750322 0.44544847069184174 0.6964525737449531 0.4512882904095789 0.6856380927861804 0.4490172494082367 0.673958453350706 0.45226159369586844 0.6644417101069862 0.45063942155205255 0.6484362782880028 0.4542082002684475 0.6436779066661429 0.46945661842031683
5 0.6632652923778737 0.5099965022759076 0.6654240077314225 0.5004846627493331 0.6751382268223922 0.49582993276824355 0.665693847150616 0.4885442684500163 0.6540907521252912 0.4774133924082802 0.6459955695494832 0.4693182098324722 0.6487221689476567 0.4548649588801191 0.6647103924583814 0.4519670933688002 0.6737703857811255 0.4548649588801191 0.6874936109611641 0.4500684918269016 0.697086545067599 0.45226687255962633 0.7060133031944205 0.44607143594922044 0.7182709412193095 0.4492690806513654 0.7160059428886234 0.4543653268954088 0.7172050596519276 0.4631588498263075 0.7265315233665172 0.46765553768869883 0.7381229854117926 0.4691544336428292 0.7669017877310972 0.4933366217028004 0.7661023765555608 0.4963344136110613 0.768767080474015 0.49873264713767 0.7759617810538412 0.5002315430918004 0.7840891280051264 0.5094247716104672 0.7847553039847397 0.5124225635187281 0.7915502989767976 0.5142212386636847 0.7907508878012612 0.5015305862520468 0.792749415740102 0.488540154649583 0.7964800012259378 0.4856422891382642 0.8066058761160635 0.4961345608171773 0.8132676359121987 0.49443581206916287 0.8059397001364499 0.48444317237495993 0.8032749962179957 0.48224479164223516 0.79461470848302 0.48484287796272796 0.7994111755362374 0.47574957584100325 0.7994111755362374 0.4694542128336554 0.8010099978873099 0.4638583346049018 0.8087376392508269 0.458062603582264 0.8152661638510394 0.45846230917003217 0.8172646917898799 0.46076061629969883 0.8228605700186339 0.46405818739878574 0.8225940996267883 0.4675556112917568 0.826324685112624 0.47005377121530756 0.8244593923697061 0.4741507534899308 0.824059686781938 0.4769486926043076 0.8185970437491072 0.48044611649727864 0.8152661638510394 0.48424331958107575 0.8138005766958897 0.48913971303123527 0.8139338118918125 0.4925372105272643 0.8177976325735709 0.49343654809974247 0.8211285124716386 0.49313676890891645 0.8245926275656289 0.48903978663429326 0.8269908610922375 0.48414339318413374 0.8283232130514646 0.48993912420677144 0.828189977855542 0.4966341928018874 0.825924979524856 0.5033292613970034 0.825924979524856 0.5060272741144383 0.8292558594229236 0.5069266116869166 0.8303217409903053 0.5100243299921194 0.8293890946188462 0.5163196929994672 0.8280567426596193 0.5211161600526847 0.8296555650106917 0.5253130687242499 0.8277902722677737 0.5310088733499456 0.8288561538351554 0.5348060764337428 0.8267243907003922 0.5409015866472066 0.8267243907003922 0.5449985689218297 0.824992333153397 0.5486958456086848 0.825924979524856 0.5521932695016558 0.8256585091330105 0.5541917974404964 0.8313876225576868 0.5577891477304096 0.8353846784353681 0.5552909878068588 0.8371167359823634 0.5574893685395834 0.8384490879415903 0.562485688386685 0.8403143806845081 0.5628853939744531 0.8408473214681991 0.56618296507354 0.8441782013662668 0.5705797265389894 0.8397814399008173 0.5784739118974097 0.8293890946188462 0.582870673362859 0.8237932163900927 0.5846693485078156 0.8122017543448172 0.5858684652711198 0.8022091146506143 0.5840697901261633 0.7876864782950393 0.5717788433022937 0.7645272057889243 0.5626061025045878 0.7567816771270409 0.5570779284742571 0.7544161657534773 0.552847302363845 0.7325806761513504 0.5402918958426222 0.7182056454966171 0.534560079822064 0.7056502389753941 0.5262352994112531 0.6889096969470971 0.5198211243406284 0.6814492379997038 0.5144987237501101 0.6636169214913004 0.5123151747898974
5 0.5727414416871263 0.5536945031541323 0.5630275030352994 0.5521231307251603 0.5479804215942342 0.5504089062571909 0.5456947889702749 0.53755222274742 0.5512184011448431 0.5332666615774964 0.5618846867233197 0.5308381769145396 0.5788364620176844 0.5252669473936389 0.5898836863668208 0.5245526871986514 0.5978834005506781 0.5276954320565956 0.605121237193216 0.5292668044855676 0.611025788138444 0.5315524371095268 0.6138828289183931 0.5351237380844632 0.6209301961756007 0.5392664472153894 0.6232158287995601 0.5416949318783462 0.6226444206435702 0.5461233450872672 0.6190255023223014 0.5486946817892213 0.6146447064597128 0.5489803858672163 0.610835318753114 0.5536945031541323 0.6041688902665662 0.5536945031541323 0.5967405842386986 0.5522659827641577 0.5874075843575316 0.5521231307251603 0.5835981966509327 0.5506946103351857 0.5790269314030142 0.5486946817892213 0.5746461355404255 0.551694574608168
5 0.6165758920727277 0.5847707414125904 0.6196163991956415 0.5828038954787239 0.6277391015716516 0.5837411303682636 0.6375279993068432 0.5804608082548749 0.6471086226221372 0.5778053094011792 0.6483582691415234 0.5715570768042484 0.6531485807991703 0.568432960505783 0.6627292041144643 0.5757746338071768 0.6656902614593098 0.5864344402486215 0.6658533204129298 0.5870214524816523 0.6825152740047453 0.5881148931861152 0.6925124461598346 0.5929572734487365 0.6904297019608576 0.5945193315979693 0.685431115883313 0.5943631257830461 0.6739760227889399 0.594987949042739 0.6712684553302698 0.5996741234904372 0.6689774367113952 0.6067033851619844 0.6741842972088375 0.6121705886842989 0.6766835902476099 0.6195122619856926 0.6850145670435177 0.6213867317647719 0.6931372694195277 0.6179502038364599 0.6954282880384024 0.6048289153829052 0.6944314831525549 0.5969161822626785 0.6905715274662786 0.5945646509925212 0.6926171390386442 0.5929875466446791 0.7021673455849562 0.5967486570865291 0.7071148849164307 0.5988579969772292 0.7238489813826525 0.5995962659389743 0.7325034327105002 0.603693076718406 0.7468469439672618 0.6052750816364313 0.7537374542768827 0.6056969496145713 0.7597842286302233 0.611814035297602 0.7714559093587645 0.6133960402156272 0.7701903054243444 0.620989663822148 0.7707527960618644 0.6243646076472684 0.7658310029835639 0.6243646076472684 0.7606279645865033 0.6279504854614588 0.7613310778834034 0.6312199622920441 0.7694871921274443 0.6280559524559938 0.7727215132931847 0.6357550430570497 0.7624560591584438 0.6416611947510102 0.7489562838579622 0.6446142705979906 0.7281441302697199 0.6397627888493801 0.720269261344439 0.6381807839313548 0.7084569579565178 0.6330129011991393 0.693269710743476 0.6311144952975092 0.6762543689584942 0.6285832874286689 0.6613483670642125 0.6220443337674981 0.6548797247327317 0.611708568303067 0.6529110075014117 0.6012673358441009 0.6455986292136509 0.5994743969370057 0.6339269484851096 0.5966267880845604 0.6230990037128484 0.593146377264905 0.6155053801063275 0.5910370373742048
16 0.6770589581130088 0.6191377181905267 0.6748214622195904 0.6116793985457986 0.669724943795693 0.6066450327856071 0.674448546237354 0.5954575533185151 0.6901110174912827 0.5946184923584832 0.6940887879684712 0.5970424462430198 0.6948346199329439 0.6049669108655433 0.6923485133847013 0.617552825266022 0.6853874150496218 0.6208158401105904
16 0.8071511938426109 0.4956002258780427 0.8123553452732678 0.4941722574976795 0.8051203054794278 0.48436687461918576 0.8034702086843414 0.48284370834679835 0.7962351688905014 0.4848428640793068 0.799535362480674 0.48817479030015415
16 0.8207416358375125 0.49301074028208836 0.8178238861566541 0.4932242341611756 0.8143368194648967 0.49253037905414215 0.8141944902121719 0.48932797086783436 0.815475453486695 0.4845243585883728 0.8187490262993653 0.4808415891741187 0.8237305501447331 0.4777459279273545 0.8259366535619673 0.47806616874598523 0.8284274154846512 0.4808949626438905 0.8280004277264769 0.4833501422533931 0.8268617937046785 0.4838305034813393 0.8256519950565178 0.485485081044265 0.8245133610347195 0.4889009831096601 0.8214282432954113 0.4925255931763338
16 0.5583574050218967 0.579196421631005 0.5598962862484155 0.5738103373381893 0.5542338109399071 0.571694375651726 0.5490573650413072 0.5698278739820241 0.5484310597396878 0.5667085425895432 0.5528006037446094 0.5636711766349024 0.5537597719408117 0.5597545731670762 0.551628287060362 0.5571967913105367 0.5468324460793504 0.5554383162841657 0.5452338324190132 0.5507224059861711 0.5460864263711931 0.5486442082277326 0.5469243321809202 0.5484495840913803 0.5479623275747997 0.5507526363715506 0.5632855004119672 0.552278424256036 0.5729302076134314 0.5538678547029141 0.5753521968658168 0.55166211449092 0.5791149301686302 0.5489049392259275 0.5872891438954317 0.552278424256036 0.5969338510968958 0.5523757363242123 0.6038970701975045 0.5539327294150316 0.6112927873788963 0.553997604127149 0.614839271641318 0.5491320007183387 0.6195535007218543 0.5488400645138101 0.6232297344085109 0.5463748254533461 0.6234892332569809 0.5413470352642422 0.6210672440045953 0.5389791082719544 0.6141905245201432 0.53498931347673 0.6113792869950528 0.5313238922420928 0.6050215652075407 0.5286964664013352 0.5983610947634802 0.527496284227162 0.5901003814205221 0.5243498606894645 0.5786391822797688 0.5249337330985218 0.5615122582807563 0.5306427077648592 0.551002554917726 0.5329457600450296 0.545477499044442 0.5367348370261473 0.5456390262872741 0.5398240455453137 0.5429738267805424 0.539945190977438 0.542731535916294 0.5274672114686482 0.5424892450520457 0.5152920955401689 0.545477499044442 0.5127480414655613 0.5540384429145501 0.5116577325764436 0.5538769156717178 0.5088108149215256 0.5483849894154221 0.5068119152914767 0.5484657530368381 0.5023901070189444 0.5494017531032883 0.4975654232082624 0.5582698828612968 0.4933425042758774 0.5665749567616539 0.49292021238263883 0.5700940558719747 0.49418708806235434 0.574176210839947 0.490069742103279 0.5788214216655704 0.4881694285837057 0.5805105892385245 0.4891195853434923 0.5881118433168174 0.485002239384417 0.5913494144983127 0.4802514555854838 0.5968392091104131 0.48056817450541284 0.6000676980035602 0.4824390919082249 0.6041228464462322 0.48770716421544613 0.6131239618590051 0.4893333143099359 0.6341238377228425 0.48743246347743335 0.6401341470218029 0.48515144247843023 0.6442617088295228 0.4696730856994812 0.645492736035334 0.4696730856994812 0.6748201488796586 0.49574189711665867 0.6646822777729784 0.5001953190670932 0.6624374634564992 0.5097538832533917 0.6630586204667176 0.5125962377510747 0.6729211085704973 0.5144770802367234 0.6685716646554524 0.5163993791098906 0.6733094517771976 0.5180886720590374 0.6783164628947652 0.5143359010014863 0.6812316531938862 0.5146518346797386 0.6886857551285239 0.5199631233786158 0.7000876590791093 0.5242186688979087 0.7050089048331063 0.5263401957334995 0.7180658824987693 0.534819516832073 0.7321518059714621 0.5403820192646568 0.743478038314811 0.5466775646534726 0.7541430946584216 0.5529515499553405 0.7567303050921815 0.5573713677796802 0.7642619621326826 0.5627613895166802 0.7811938170825115 0.569488136644456 0.787546856036522 0.5719891067304239 0.802063981248175 0.5842783562907836 0.8120097848785401 0.5861583854062228 0.8240064484506349 0.5850211373055011 0.827786025124734 0.5836912862535032 0.8275406458660673 0.5859743688066577 0.8265607556172268 0.5874792002602341 0.826140802653438 0.590033914123283 0.8272140157831206 0.5908388239705449 0.8273073386639624 0.5992028871660052 0.8270740314618575 0.6023525343944214 0.8238543920728101 0.6028424795188416 0.8242743450365988 0.6069720169960983 0.8223612259793387 0.6089317974937795 0.8220812573368128 0.6119764564812483 0.8191882480307122 0.6136562683364035 0.8192815709115542 0.6163509665207151 0.8145221039886142 0.6194306215884997 0.8131689222164057 0.6210754373633393 0.8174617747351358 0.6222303080137586 0.8228278403835485 0.6238051316279666 0.8248342823216506 0.6252749670012274 0.8247876208812296 0.6270247710170141 0.8223612259793387 0.6280046612658547 0.8173217904138729 0.6286695867918537 0.8132155836568268 0.6286695867918537 0.812702307812196 0.631399281056481 0.8114891103612506 0.6329041125100575 0.8085961010551499 0.6330790929116362 0.803556665489684 0.6315392653777439 0.8012235934686351 0.6306993594501663 0.8000677104392251 0.6330226454323137 0.8013874097554136 0.634383585352133 0.8032844775224344 0.6363012734209693 0.8019647782062461 0.6394561795987322 0.7953662816253039 0.6390850141660542 0.7814269575980639 0.6406315368022123 0.773591242908195 0.640322232274981 0.7713642503121271 0.6392087359769468 0.7664153778764206 0.6408789804239978 0.7646832725239233 0.640693397707659 0.7728703452205756 0.635868247082845 0.7695659995386438 0.627913386167598 0.7614567474810056 0.6311182192298266 0.7607409471848473 0.6279841746898897 0.7659063168895586 0.6244438651169978 0.7708975730087175 0.6244438651169978 0.7702978484362605 0.6210196312678072 0.771613373304876 0.613344124038054 0.7599284171189378 0.6117625923026229 0.7538150956706654 0.6055815600155247 0.7470588132145566 0.6052092828398414 0.7327394169566638 0.6036102835910434 0.7239250330379164 0.5994099273553948 0.7071872498564684 0.59871782320293 0.70235630860383 0.596440631278043 0.6826926385517854 0.5879639172086865 0.6659801116062003 0.5869089445331567 0.6628853046594982 0.5756451612903225 0.6531003584229391 0.5682930107526881 0.6481720430107526 0.5714516129032258 0.6470788530465948 0.5776747311827957 0.637383512544803 0.5803225806451612 0.6277060931899642 0.5836290322580644 0.6194982078853046 0.5826478494623655 0.6163261648745519 0.5846774193548387 0.6153763440860215 0.5911424731182796 0.623261327606476 0.593412547118976 0.6337914157078515 0.5967465395375569 0.6524081306936803 0.6013167576543502 0.6543369735410077 0.611649844336462 0.6609501490175592 0.622396254485858 0.6756460945210069 0.6288027682287672 0.707701625650402 0.633418213613444 0.7225812704726429 0.6392736293999738 0.716243643974281 0.6402380508236375 0.7100897167947123 0.6442335110073872 0.7016395481302298 0.6436135258064607 0.6940160264003165 0.6418224574482277 0.6767482904337654 0.641684682959133 0.6601235020829903 0.6405824870463745 0.6438410660662754 0.6381224777155002 0.6361629614274725 0.6372826850206312 0.6259254885757355 0.6401619742601823 0.6187272654768579 0.6432812042696959 0.6124888054578306 0.6390822407953507 0.6193671075300915 0.63716271463565 0.6180874234236243 0.6363229219407809 0.6155280552106901 0.6368028034807061 0.608969674165046 0.6342834253960988 0.6020913720927853 0.6251656761375207 0.6033710561992524 0.6219264757430256 0.608969674165046 0.6221664165129883 0.6118489634045972 0.6231261795928386 0.6105692792981299 0.6180874234236243 0.6148882131574565 0.6146082822591667 0.6030511351726355 0.6118489634045969 0.5988921618266174 0.6078899407002143 0.593773425400749 0.6056105033855697 0.5958529120737579 0.6024912733760561 0.5988921618266174 0.600811687986318 0.59265370180759 0.5956529614321222 0.5854554787087125 0.5968526652819353 0.5844957156288623 0.6003318064463928 0.5816164263893112 0.6047707106907007 0.5774574530432931 0.6047707106907007 0.5755379268835923 0.6060903849254949 0.5710590325109574 0.6044107995357568 0.5689795458379483 0.5993720433665425 0.570099269431107 0.5934934945024591 0.5646606119786217 0.5868951233284879 0.5597018360660616 0.582816130239124