11 0.21278783635655937 0.5620946579641409 0.19659396207753577 0.5601822527959173 0.19462813287399897 0.5552898640704123 0.19290044850048801 0.5418463200390302 0.20002714654122072 0.5353675036383642 0.1911727641269771 0.5282408055976314 0.18966104030015496 0.5232197228871152 0.19095680358028821 0.5167409064864492 0.18469394772631098 0.5092902676256831 0.182157485922397 0.4909182451715083 0.19079590778995179 0.4920520380416249 0.19403531599028484 0.49334780132175804 0.19792260583068447 0.4936717421417913 0.20008221129757317 0.48978445230139167 0.1923076316167739 0.48832671861124183 0.18474901248266343 0.4844394287708421 0.18323728865584138 0.47585499703995965 0.1886363023230631 0.46921421022927695 0.1974906847373067 0.4671085948990605 0.20785679097837245 0.47148179596951 0.21325580464559418 0.47439726334980975 0.22211018705983787 0.4737493817097432 0.22448575307341542 0.4713198255594934 0.23873914915488076 0.4628973642386275 0.24457008391548027 0.4658128316189273 0.2486733343025688 0.4671085948990605 0.25061697922276865 0.46451706833879397 0.2583915589035679 0.46532692038887724 0.26422249366416745 0.46889026940924367 0.27242899443834445 0.4718057367895434 0.2771801264654996 0.4737493817097432 0.28625046942643206 0.48233381344062565 0.2905696803602095 0.4810380501604925 0.28841007489332077 0.4739113521197599 0.29208140418703155 0.4661367724389606 0.29661657566749783 0.4650029795688439 0.31432534049598515 0.4690522398192602 0.3097901690155188 0.48103805016049245 0.3173487881496293 0.48476336959087546 0.32425952564367305 0.4782845531902094 0.33332986860460556 0.4807141093404592 0.3372171584450052 0.4844394287708421 0.3445598170324268 0.4946435646018913 0.35082267288640395 0.4993407064923741 0.35625027534502623 0.5077321638813034 0.35730148928707 0.5147278954439561 0.3570855287403812 0.5265517353751717 0.3570855287403812 0.5467980366272532 0.35600572600693686 0.5547345867180692 0.35622168655362574 0.5591077877885188 0.34974287015295963 0.561375373528752 0.34304809320560475 0.5612134031187352 0.33937676391189386 0.5597556694285855 0.33548947407149426 0.5607274918886853 0.3352735135248054 0.5633190184489518 0.32188395963009553 0.5689879827995346 0.307846524095319 0.5719034501798343 0.3043911553482971 0.572065420589851 0.2942410096539202 0.572065420589851 0.28538662723967656 0.5722273909998676 0.2678938229578781 0.5728752726399342 0.24733591801980062 0.5718151642050893 0.24275637797266048 0.5701954601049226 0.2337987696752462 0.567388651888977 0.22614190462744033 0.5647088393539657
8 0.097946320336924 0.6378707130373411 0.09419788364798466 0.6238140754538185 0.09479206609858772 0.6052224875725567 0.10875535368775896 0.5873970140544659 0.13876156744321202 0.5704628142122794 0.16282595669263478 0.5628869879670907 0.18956416696977121 0.5604359853583533 0.20531000191075152 0.5619957142911862 0.2253611157323113 0.5657791132808694 0.2490523741805963 0.5737252496548283 0.26958003402023667 0.581723400376911 0.29687338619085635 0.5938776999005532 0.3326885411714994 0.6095926306374119 0.343544728639954 0.6192614226015043 0.3504994737369327 0.6289302145655966 0.3524868368663869 0.6460279683376489 0.3496031620700786 0.6542973298858858 0.34095213768115373 0.6693094016196084 0.32161455375296893 0.6817770544154116 0.29311706164827545 0.688392543654001 0.2775112921623719 0.6903008578574403 0.23849686844761306 0.6871203341850416 0.19948244473285415 0.6869931132381456 0.17081532469896607 0.6848303571409143 0.1406215533023266 0.675161565176822 0.11873955043622271 0.661421702912059 0.10313378095031914 0.6485723872755679
12 0.3996533763151966 0.7725183922614397 0.3863173511049602 0.7589498874544112 0.38131179624276007 0.7423513197738797 0.39160882365184724 0.7232857299617416 0.4128464426830895 0.7088055351677127 0.4385890112058075 0.7018067743505989 0.4652969260481275 0.7018067743505989 0.4994058293407287 0.7037374669898029 0.510346420962884 0.705426823049106 0.5132424599216897 0.7307671639386565 0.5129206778151557 0.7503154269105956 0.5042325609387384 0.7669676509237288 0.48556919875976784 0.7807238359780562 0.4636880155154576 0.7853092309961653 0.44405930701688506 0.7853092309961653 0.419925649026837 0.782171855457459
4 0.5156726973808697 0.7541635843461804 0.5141233670154409 0.739417914271717 0.5137199748090734 0.7333670311762037 0.5171488085631976 0.7314004941701618 0.5776576395183299 0.7262572435389756 0.645629226291262 0.7211139929077893 0.6569242080695532 0.720508904598238 0.6649920521969043 0.723231801991219 0.6696310625701313 0.7274674201580783 0.6718497197051526 0.7307954058606105 0.6756819456656443 0.7453175252898424 0.6817328287611575 0.7734541316839789 0.6835480936898114 0.7891864277323134 0.6774972105942981 0.7946322225182754 0.6664039249191905 0.7982627523755833 0.642805480846689 0.8008343776911764 0.6040798290354044 0.8031034588519939 0.5701948837005303 0.8058263562449749 0.5429659097707207 0.8076416211736287 0.5336878890242671 0.8053725400128112 0.5278387020319376 0.8026496426198303
0 0.20964812198474717 0.37239904893738063 0.20673747556166702 0.36585009448545025 0.19994596724114658 0.3643947712739102 0.18765657123258578 0.3537224010559495 0.1786012268052252 0.3537224010559495 0.17366856991045107 0.3439413856606419 0.17851964728225136 0.33423923091704133 0.17366856991045107 0.3310860306253711 0.1704345183292509 0.32526473777921067 0.17334516475233105 0.3192008910644603 0.17690262149165129 0.3150774752984301 0.19533671550449244 0.30780085924072964 0.21280059404297355 0.30537532055482947 0.2322049035301749 0.30173701252597923 0.27845184114133775 0.2968859351541789 0.3114391672695799 0.297613596759949 0.33149028707302114 0.30391999734328934 0.34766054497902216 0.3114391672695799 0.3573626997226228 0.3223540913561305 0.3612435616200631 0.3308434767567811 0.35962653582946297 0.34563926274077206 0.3547754584576627 0.35485630974719273 0.3547754584576627 0.35873717164463287 0.34830735529526224 0.3592222793818129 0.344103088239702 0.3669840031766934 0.3348568414285603 0.3649651748019464 0.3222391325348734 0.36555334041513504 0.27828058723005633 0.36863405626522744 0.23698385605042624 0.37136692818152645 0.22740193476364928 0.3732900602707739 0.21363635770377262 0.373998582619444
15 0.1960915628187961 0.4348070506980944 0.18537987376006312 0.3836986193912674 0.18537987376006312 0.37959627039005056 0.1908496724283523 0.3756648525972177 0.21067769260090055 0.37515205897206555 0.2443176738502499 0.37297189669396824 0.29172259564208947 0.36989513494305565 0.3344648906641828 0.36676429797561566 0.3434000538082802 0.3688471569517735 0.3505240352339794 0.3740090248492081 0.3535426714313095 0.3857817060187958 0.354991616806028 0.39800718261798296 0.3601836710654359 0.4187452132936412 0.3617533618880476 0.42798224005747154 0.34847136261979483 0.4291595081744303 0.3270994183426972 0.4308801308069084 0.30693492854453175 0.4308801308069084 0.27372993037389987 0.4312423671505881 0.2448717683274234 0.43404969881410516 0.21202900650047118 0.43577032144658334
9 0.4622717310436808 0.38197366694968904 0.4507175596708101 0.3600688837219553 0.45285932797556666 0.3401259197888779 0.4124197281705196 0.2922242509721853 0.4047169472552726 0.2816329272137205 0.3674868394982451 0.2621352630220014 0.3883485378103726 0.22771346080699117 0.4794981119741294 0.20364227044684408 0.5433670037297196 0.18775528480914705 0.5587725655602137 0.21471501801251175 0.5626239560178372 0.23324983458982498 0.5690429401138765 0.24721112499871029 0.5793133146675392 0.25611746543196473 0.5834856543299647 0.2683937725156397 0.6011378605940725 0.28187363911732205 0.604989251051696 0.28909499622536616 0.6284185430022392 0.3085926604170853 0.6274556953878332 0.3196654079827529 0.6329118318694666 0.32760890080160143 0.6258509493638235 0.347347276896922 0.6037054542324882 0.3463844292825161 0.5815599591011529 0.34782870070412497 0.5738571781859059 0.347347276896922 0.5536373782833823 0.35336507448695875 0.5241100514416018 0.36203070301661167 0.4920151309614058 0.37165917916067054
2 0.7022368601066902 0.37888053626871465 0.6897198411194139 0.3658820934742352 0.6971016728298588 0.3511986673545456 0.7160376759131747 0.34421802215010283 0.7625753106094588 0.31292547468191173 0.7754132788015372 0.3095555080314911 0.7901769422224274 0.31870256036834704 0.8081500976913373 0.3292938841268117 0.8078291484865353 0.3331452745844352 0.8023730120049021 0.33651524123485577 0.8206671166786137 0.35408721019776324 0.8110386405345548 0.3639563982454235 0.7619334121998549 0.38634260528036024 0.744602155140549 0.38634260528036024 0.7272708980812432 0.3844169100515485 0.712186285455551 0.3844169100515485 0.7092977426123334 0.3793619600759176
3 0.5515755315949435 0.6646134490646625 0.5484599981569875 0.6592723040345941 0.5577637387556945 0.6488335208047473 0.566427228780746 0.6479052897306349 0.5771534545260478 0.6533199709962922 0.5827228409707238 0.6556405486815735 0.5854043974070493 0.6522370347431606 0.5796287373903483 0.6480599949096537 0.5691087852170714 0.6400153256006773 0.5717903416533969 0.6325894770077761 0.578597369530223 0.6301141941434756 0.5849918502629992 0.6321253614707197 0.5903549631356501 0.6322800666497383 0.5950992552922258 0.6281030268162314 0.6004623681648767 0.6296500786064193 0.6118074146262537 0.6277936164581939 0.6107760467661285 0.6349100546930576 0.6188207160751049 0.6358382857671703 0.6204160384666859 0.6296091726311602 0.62351499820988 0.6296596991487123 0.6223360461336648 0.6310491783813944 0.6221339400634566 0.6350155100092324 0.6272202761636988 0.6353944588908728 0.6304362016697573 0.6321119978352344 0.6329962118923959 0.6307730451201045 0.6340067422434373 0.6281204029486207 0.6406425582152765 0.6284488253127091 0.6463775104568245 0.6285040516625692 0.649782036784572 0.6336674183766802 0.6538442946223353 0.6401640439628089 0.6534261210213892 0.6463022350338409 0.6442860408864219 0.651544339817131 0.6358628297816479 0.6551286849680986 0.6298889211967018 0.6565176187140984 0.6259461415306375 0.6554423151688082 0.6229591872381646 0.6588474430622275 0.623915012611756 0.6601915724938404 0.6217644055211754 0.6629694399858402 0.6231981435815626 0.6654784815915175 0.6211670146626809 0.6672258498526143 0.616507365966423 0.6674050671101626 0.6141178025324446 0.6648960255044852 0.6055751132559718 0.6649408298188724 0.5919546016822951 0.6688836094849367 0.5811418271435429 0.6696452828295172 0.573614702326511 0.6691524353712591 0.5684771409434575 0.6665985894511948 0.5622642760151136 0.6663745678792594 0.5546176730263829 0.6665985894511948
16 0.581921671033171 0.6550405097897631 0.5844247555056332 0.6522245397582432 0.5691735969881905 0.6415544563168865 0.5654653236956539 0.6434665347333506 0.561988817483901 0.6445790167211115 0.5647700224533033 0.647499281938984 0.566392392018788 0.6475340470011015
5 0.7031365525779799 0.6666086270367315 0.6798700046611839 0.6598467865484126 0.679288340963264 0.6545027513237734 0.6989194907680606 0.6434874950444154 0.7114252602733384 0.6425059375541755 0.7204410475910968 0.6379253359330562 0.7406538610938134 0.6320359909916173 0.7478740996005109 0.6336498909214907 0.7519963466858415 0.6433371715720122 0.7522365773349102 0.6439017135973288 0.7545893751886209 0.6507134654954378 0.7429299581681919 0.6591703856677262 0.7279521179467544 0.662660367855246 0.718645498780036 0.6628784917419658 0.7051218178033984 0.6657141022693251
3 0.611587949318226 0.6021016776731786 0.6091500978657723 0.5999300828413267 0.6016532459438633 0.5975065851672281 0.594440408087901 0.5892254598386687 0.586129106317442 0.5884246592822818 0.5801870386676509 0.5848454428752389 0.5815020019954757 0.5825892152372866 0.5755769883952441 0.5820637663789062 0.5745121130578206 0.584337500841997 0.5679093426115258 0.5835737243808381 0.5693715685387764 0.5769993064485146 0.571246856643135 0.5698299112025262 0.5785835727722073 0.5686281202322387 0.5921396887815603 0.5624489980215613 0.5948275130950815 0.5595827161851384 0.5873797259673897 0.5560864847920944 0.5759512530978796 0.5590465819354373 0.5680664993517268 0.5615079958473107 0.5609332020053619 0.5650410470687995 0.5504449284765935 0.5653084419642771 0.5438717652470525 0.5647181993906921 0.5438959422244873 0.5483819496768368 0.5391886736618638 0.5229354752435568 0.5489598844788504 0.5238818017156778 0.549551232846601 0.5213212601579835 0.5668926935037911 0.5168016264581548 0.5902460559331807 0.5166474644129734 0.605210954093985 0.5233422520530375 0.6133667597803261 0.5273670593377314 0.6184356080645743 0.5322722960064381 0.6182307266225653 0.5405259000728362 0.6242137584439751 0.5383071442584895 0.6278982086172347 0.527625042550565 0.6370003727287645 0.5169002516328991 0.669727267956721 0.5110653856433822 0.6901003119996322 0.5284376657476231 0.6825281176339311 0.5463718102979679 0.6562247056267587 0.5467902736708093 0.652797291334915 0.5471489565618162 0.6454642188965518 0.5566540531734989 0.6275300743462072 0.5614364917202574 0.6261818477559996 0.5623704007493716 0.6312708295476426 0.5646071016223922 0.6406152143228593 0.5701000778284415 0.6355260190378749 0.5868341867120414 0.6316112178100051 0.5980621552654423 0.6283654471823419 0.5980236340109107 0.6212759915895376 0.6015818398109452
16 0.6936101499389781 0.5883293382977298 0.6984830330345588 0.5826443080195524 0.6966782615176771 0.5748612308529999 0.7058825962537739 0.5701913845530684 0.7229376870883061 0.5685670901878749 0.7256448443636289 0.5753349833761814 0.7260960372428493 0.582305913360137 0.7180648039927255 0.5888030908209112 0.7133723980488331 0.588600054025262 0.71021404789429 0.5867727228644193 0.7016413831891019 0.5877202279107823
16 0.7331884287332022 0.5841368610827323 0.7334591444607345 0.5885359916551316 0.7392344133147559 0.5875208076768856 0.7408587076799494 0.5855581186522767 0.7346322459467075 0.5816327406030589
16 0.7252474340589226 0.5989585471651235 0.7298496014269709 0.5948978112521397 0.7166747693537343 0.5901602860203251 0.7171259622329548 0.5918522593174018 0.7214574138734711 0.5923260118405832
16 0.7335493830365785 0.6039667881244704 0.7386929818596915 0.6011919519172647 0.7528604382672132 0.6075537715142728 0.7523190068121486 0.609719497334531 0.7452803978963098 0.6110730759721923 0.7341810530674872 0.6047112563751842
3 0.6818766391111909 0.5959135173924132 0.6761523342721927 0.5953213479263099 0.6726980123865903 0.5905099710142208 0.669250191607709 0.5828427970121407 0.6670789035653304 0.5732940643712255 0.6835609537052048 0.5664841155110379 0.6993521394679586 0.5590079760014842 0.7184002572942803 0.5562691922207567 0.7393217704606431 0.5688135430130542 0.7376489343022946 0.5830069169552073 0.7345821420475225 0.5811632203770891 0.7330193044140416 0.5843046129468807 0.7333244574499418 0.5889313856582824 0.7394927920879166 0.5876316708085186 0.7424368396820362 0.5838853571878456 0.7500179949298686 0.5828291157150364 0.7609547561633135 0.5825941535028683 0.7775636234220972 0.5839287902998515 0.785227440243982 0.5874948205509635 0.7985689155892493 0.6032520541750883 0.7791238508027931 0.6220153117525978 0.7727894999981211 0.6227948233189181 0.764246554361426 0.6249119254451139 0.7493247202890823 0.6259031566907002 0.7368839229045979 0.6241103941001755 0.7317809086465706 0.6219715261120916 0.7317104159077591 0.6175984391756663 0.7354325169614617 0.6122378722937507 0.7301902434243044 0.606097940900625 0.7334224977938348 0.6039414910512388 0.7342149192937364 0.6050124260795408 0.7450886587349117 0.6113080917892959 0.7529189014136775 0.6101958031696113 0.7535864357592773 0.6072785328400586 0.7386648155208513 0.6010468005102751 0.7335566294433494 0.603720499355672 0.7301910219769121 0.6059366883937335 0.725538690601011 0.5990674299915792 0.7299330954937026 0.5947836349563778 0.717637127427325 0.5897096359392415 0.7267207078690173 0.5825326517358846 0.726022622417721 0.574475375789585 0.7232363079341235 0.5681866027260848 0.7061927173846267 0.5698431459485485 0.6959970334761261 0.5744630652195878 0.6979795275694456 0.5826939558748879 0.6922775896982105 0.5888781588092602 0.6822621659029332 0.5886723624299052 0.680821591247448 0.5928397391118441 0.6812331840061581 0.5954121938537817
16 0.6540652471479388 0.5715812020970196 0.6514814983269401 0.5682993999447391 0.6479174874591986 0.561646404520723 0.6476751706983999 0.5581427854748601 0.6506868580692281 0.5557472584432698 0.6471584816679673 0.5553295222527498 0.6530900490136043 0.5476228408138024 0.656619664008569 0.5469424905360699 0.6841848701658955 0.5470349298654016 0.6908435763726133 0.5483074970879898 0.6941966012373624 0.550271542128058 0.6970856661896402 0.550292688405782 0.6970727089682284 0.5452408057989031 0.7028023667893197 0.5447329159750587 0.7060700157422262 0.546268574711887 0.7050747269117579 0.5539020956826382 0.7101174340745143 0.5548637624987184 0.711930941953246 0.5570927130403565 0.6994811169356367 0.558493416806886 0.6719926976980236 0.5707025171017167 0.6687791307222255 0.5699475106418093 0.6664567372212613 0.5720725338929786
16 0.6394987992129121 0.5686842664764304 0.639857612366111 0.5624498879395975 0.6275101446051945 0.5622684664805017 0.6319741933132685 0.564396380114799
16 0.6319603314949473 0.5976726842533143 0.6360469539363801 0.5865916503255832 0.6369900206536337 0.5829136901282937 0.6393162518895262 0.5820177767469028 0.646420687826171 0.58512989691384 0.647740981230326 0.5906468372097742 0.6459805900247859 0.591118370568401 0.6499414702372515 0.5946548707581024 0.6427741631861231 0.5957393974829441 0.647740981230326 0.6042741512740902 0.6362355672798308 0.600124657718174
16 0.5506958498858181 0.5941677010537159 0.5518426367498949 0.5979843510857213 0.5481107626963343 0.5975330309107445 0.5445222370007833 0.5928811783906129 0.5387702190050117 0.5885668333831784 0.5385600045472965 0.577961458930118 0.5382095726160241 0.5660360105119718 0.5450583144402372 0.566182853176835 0.5600620347434944 0.5661005843246486 0.5679461944340222 0.5620689117556288 0.5867965035122841 0.5566933483302688 0.5943939664867928 0.5596499082142168 0.5917420218636151 0.5624989568296576 0.5781239278527035 0.5684120765975533 0.5710998583102332 0.5697559674538933 0.5689820520388778 0.5766576238165938 0.567512261613369 0.5836197313807994 0.5646054215917833 0.5833097476133408 0.5612804957865759 0.5891617514194425 0.5550448422131585 0.5936772246967448
16 0.5517495603179428 0.6307540061730053 0.552503419534117 0.6282097313184173 0.5607204849904164 0.629679756789957 0.5644143951496703 0.6314890189087753 0.5684098489953938 0.6321674922033321 0.5709729703303864 0.6330721232627412 0.5681083053089242 0.638669527942835 0.5633589922470263 0.6352771614700509 0.556046557850136 0.6321674922033321 0.5518249462395601 0.6322240316445452
1 0.5510920997383639 0.6277402380352834 0.5447290409602175 0.622526064869858 0.5437863655856773 0.6095348198644756 0.5481462391929258 0.6065300421081286 0.5484013991387727 0.6009555512693899 0.551818597371481 0.5981275251457693 0.5524590048028434 0.5978677997338777 0.5511966264728402 0.5944679853678465 0.5553854272951234 0.5939945934940953 0.5619878801841245 0.5895880609446477 0.5651438260091324 0.5836061090854283 0.5737509509864265 0.5851553915813412 0.5754149951487034 0.5845959284578172 0.5757018993146131 0.5822720047139477 0.5812518010570801 0.582724951793026 0.5799665174456271 0.5849980598796928 0.5855620468291279 0.5886031303245891 0.594388798575629 0.5896497693338725 0.6006664393853826 0.5979789883150962 0.6086902928326506 0.6005599657160465 0.611579236144857 0.6027332287887971 0.6214879931462989 0.6020668965831327 0.6285489520734093 0.5985299132242106 0.6320165600745101 0.5985486718708154 0.6452926354323139 0.604557944030644 0.6536067998979138 0.6056128464918167 0.6668251223300288 0.6059603879709305 0.6802417150680163 0.6052653050127028 0.6778761140496191 0.602439726018506 0.6807674041832158 0.6003369695577085 0.6776132694920194 0.5976428128423116 0.6821692418237475 0.5961643122058132 0.6814683230034817 0.5954414896724141 0.6809426338882822 0.5928011695304495 0.6823602969910122 0.5888042203985931 0.6922547870261822 0.5890855803048066 0.6980070339976554 0.5888393903868699 0.7100883458323116 0.5868440111976059 0.713490209354596 0.589057930277584 0.7151841420877625 0.591318899815497 0.7202085188386801 0.5938597989152468 0.7229360376463211 0.5969820901818885 0.7283336538130211 0.6038080648820638 0.7348509882270682 0.6121844186939507 0.7312334369664079 0.6174384812391962 0.7310898833449531 0.6205177064194014 0.7313033383301337 0.6230052522050046 0.7321037945245606 0.6267673963188115 0.7300694130637234 0.6331208269820398 0.7247864021805054 0.6341213972250733 0.7196634825361725 0.6361625605208623 0.7145939266381347 0.6388841115819142 0.7092041882623263 0.640364955541604 0.7021068100050737 0.6416056626429658 0.6919676982089983 0.6402849099221614 0.6883923272072243 0.6402048643027185 0.6844434099813844 0.6357623324236487 0.6781464879185586 0.6338012147473026 0.6673670111669416 0.6330808041723183 0.6604830878948692 0.6322403251681699 0.6542928933246338 0.6304392987307091 0.6483695174858739 0.6281980213863135 0.643246597841541 0.6278778389085428 0.6334276685232365 0.6277577704793786 0.6327410589626081 0.6305095965279796 0.6300001711997523 0.6317799518113257 0.6271976904534614 0.6351521676543901 0.6222702517786642 0.6348288044913566 0.622516623712404 0.63099464127253 0.6236868903976684 0.629585701776455 0.6201797502066556 0.6294032994760416 0.618609129129064 0.6355471995736792 0.6110639886582808 0.634669499559731 0.6122034588518278 0.6274862178666283 0.6005623849826195 0.6293802021072534 0.5948958305066028 0.6277864836608736 0.5924013146774867 0.6279019705048143 0.5904303392075679 0.6304888758090829 0.5899067988483706 0.6309739205536331 0.590183967273828 0.6320825942554624 0.5848561742067035 0.631967107411522 0.5788508583217946 0.6297728573766515 0.5709977529338366 0.6324983468936485 0.5648692510820577 0.6311125047663618 0.5612660615511122 0.6296111757951346 0.5527354333453698 0.6279712626111787
16 0.7633590126551593 0.6675089859974142 0.766128759485024 0.6637950072937318 0.7592463582714207 0.6607105165059278 0.7532032742789884 0.6654946246666033 0.7505174591712407 0.6624101338787994 0.7489227564510156 0.6600810285900495 0.7585749044944837 0.652653071182685 0.7575117278934487 0.6442866358950188 0.7614456437598299 0.6408751932296414 0.7507632561246738 0.6298260769511601 0.7468424600086497 0.6298166911376828 0.7444993743831241 0.6258627341446081 0.7418634030544077 0.6255552041562579 0.7321395977084759 0.6282351083404529 0.7317295577240089 0.6314861396458697 0.734658414755916 0.6332434538650142 0.7405161288197303 0.6313104082239555 0.748541197087156 0.6331116552985783 0.7524440659884876 0.6437033496825073 0.7549405985134018 0.6507994549821642 0.7430838252699236 0.6593676274923387 0.7339268181904912 0.6617423184173719 0.7412371950626021 0.6642374769904875 0.7518306753203917 0.6665684803943193
16 0.6637100844053972 0.6405067798545846 0.6534093038954255 0.6377988427102106 0.6494801401957456 0.6322236780012052 0.6472500743121433 0.6285599983352874 0.6485897702954688 0.628648029464252 0.655570291471743 0.6312921662734468 0.6611047126135903 0.6324775247593754 0.6686140611517033 0.6334558553787775 0.677745146932789 0.6341433309491681 0.678732291341555 0.636734585022179 0.6758766235876247 0.6379508879544085 0.6712934531183538 0.6390085426780864 0.6678737028451287 0.6404363765550517
16 0.6384122582721156 0.6684677429686491 0.6226336325638424 0.6676163782721595 0.6230511895999273 0.6659461855640155 0.621606244479387 0.6636229029328581 0.6239518139322501 0.6606356210825135 0.6229339253017623 0.6594904963732147 0.6256114149602193 0.656187890327556 0.629572329413639 0.6574159950882533 0.6355569293076955 0.6560433061098607 0.6443531537818314 0.6525451785107355 0.6534262153625412 0.6472576679611666 0.6539779555938005 0.6502002825278831 0.6580240506230356 0.6500163691174634 0.6613344920105918 0.6506600660539326 0.6673423300843049 0.6480392999554506 0.6723409825196704 0.6522767094810271 0.6789253072341563 0.650964988541813 0.6799949008557532 0.6473672259193247 0.6846784791277674 0.6453148713956333 0.6875202007759558 0.6411312256358004 0.6920459056230704 0.6410917572795757 0.6978872223443466 0.6419600611165222 0.6977819733944136 0.6437361371466398 0.6783635421317932 0.6546294034646951 0.6790312776216996 0.6604041179394361 0.7003441899831122 0.6671532068538834 0.6809257587204918 0.6683372575406286 0.6571394960356561 0.6685345993217527 0.6396155458718279 0.6684951309655278
16 0.7544904206226498 0.565111125386583 0.7496753963378001 0.5669167594934017 0.7489875357256787 0.5685504284471901 0.7458921629711323 0.5693242716358266 0.740389278074161 0.5657130034221892 0.7424528599105252 0.5625316480911277 0.738554983108504 0.5605540488312787 0.7364914012721396 0.5560829548524896 0.7386696265438575 0.549462296460821 0.7424528599105252 0.5468828191653657 0.7484143185489107 0.5462809411297596 0.7586175842953784 0.5388004569729392 0.7634326085802282 0.5398322478911213 0.7660694075933603 0.5412079691153641 0.7696233540893208 0.5393163524320302 0.773062657149928 0.5402621607736972 0.7742090915034635 0.543099585798698 0.7738651611974028 0.5447332547524864 0.768247632865078 0.5486024706956693 0.758961514601439 0.555309111663853 0.7567832893297212 0.5562549200055199 0.7594200883428531 0.5580605541123386 0.7642351126277032 0.5613278920199153 0.7638911823216425 0.5654550556926438 0.7611397398731568 0.5679485504115838 0.7562100721529535 0.5677765852585535
16 0.7724674674123401 0.5600905034198558 0.778084995744665 0.5569951306653094 0.7851928887365861 0.5537277927577328 0.7853075321719397 0.5516642109213685 0.7877150443143647 0.5511483154622775 0.7903518433274968 0.55235207153349 0.7926447120345681 0.5551894965584908 0.7920714948578003 0.5569091480887942 0.7832439503355755 0.562669980715311 0.773843188636583 0.5617241723736441
16 0.7855368190426469 0.5239778212834819 0.7846196715598184 0.5187328841160561 0.775448196731533 0.5123701734539332 0.7823268028527469 0.5110804348062056 0.786339323090122 0.5113383825357511 0.7897786261507289 0.5134879469486305 0.7918422079870931 0.5174431454683285 0.794249720129518 0.5231179955183302 0.7945936504355786 0.5249236296251489 0.7885175483618396 0.526471316002422
16 0.6426121373214607 0.43552033525497436 0.6438292057633574 0.43392293292498496 0.6433728050976463 0.43221143042856774 0.6448941406500172 0.4307281282650061 0.6497624144176037 0.4309563285978617 0.650066681528078 0.43004352726643913 0.6483932124204701 0.42901662576858884 0.6490017466414184 0.4253654204428987 0.6423078702109865 0.4241103186121928 0.6339405246729467 0.42171421511720864 0.6296807851263082 0.4246808194443318 0.6225305080301651 0.42741922343859945 0.6182707684835266 0.42673462244003263 0.6150759638235478 0.42947302643430013 0.6152280973787849 0.43129862909714517 0.6106640907216723 0.43129862909714517 0.6029052794045807 0.43232553059499557 0.6076214196169304 0.42810382443716644 0.6039702142912404 0.4247949196107596 0.5931687318694071 0.4260500214414657 0.5834321843342335 0.42696282277288816 0.5765861743485645 0.4225129162822034 0.5744563045752452 0.41840531029080197 0.5665453597029168 0.4194322117886523 0.5660889590372055 0.42228471594934774 0.5622856201562783 0.4253654204428987 0.5665453597029168 0.43038582776572265 0.5697401643628955 0.4347216340899797 0.5744563045752452 0.43734593791781945 0.5771947085695129 0.4370036374185361 0.5829757836685223 0.4318691299292843 0.5896696600989542 0.4331242317599903 0.5896696600989542 0.4367754370856804 0.5886047252122946 0.4398561415792315 0.5916473963170363 0.44133944374279305 0.6074692860616935 0.4440778477370606 0.6141631624921253 0.44396374757063284 0.6141631624921253 0.4391715405806645 0.6094470222797755 0.4376882384171029 0.6182707684835267 0.43437933359069625 0.6194878369254234 0.4325537309278512 0.6350054595596064 0.43358063242570155 0.6362225280015031 0.43278193126070685
16 0.5596993497172478 0.45297766071843026 0.5578737470544027 0.4429368460727825 0.5555917437258464 0.4413394437427931 0.547985065963992 0.44316504640563814 0.5484414666297033 0.44921235522631237 0.5536140075077642 0.45411866238270854 0.556808812167743 0.45560196454627017
16 0.5657846919267313 0.4576557675419708 0.5666974932581539 0.4486418543941733 0.5717179005809777 0.4477290530627508 0.5768904414590387 0.4484136540613177 0.5768904414590387 0.4571993668762595 0.5727828354676373 0.46107877253480534 0.5686752294762359 0.4599377708705271
1 0.6126494143275473 0.5239155570886708 0.6194652033618377 0.5200575632956761 0.614192611844745 0.5177427670198793 0.6075054226035544 0.5191895146922523 0.6031330296381605 0.5161031196578566 0.599918034810665 0.5148492716751334 0.5969602395693691 0.5183214660888286 0.5982462375003673 0.5196717639163767 0.6041618279829591 0.5222759097266481 0.608534220948353 0.5240120069334956
1 0.6193029041888815 0.5364577015154254 0.6187725729153709 0.5320824685089622 0.6168280249124982 0.5296429446508127 0.6214949401193924 0.526726122646504 0.624924415688095 0.5281315005213073 0.6268689636909676 0.5294308121414085 0.6240758856504778 0.5381017284633086 0.6220959822293711 0.5382077947180107 0.620434277572371 0.5374653309350957
16 0.6161124810554274 0.5293691743578335 0.6137096758312037 0.5270872113715227 0.6088969624346939 0.5248108715388967 0.612551419049483 0.5242062739371852 0.6175225548857767 0.5217072705167781 0.620236526342348 0.5228761592134201 0.6225205617265911 0.5248914845524582 0.6247239840972727 0.524831024792287 0.6263631153730236 0.5277733997872827 0.6263562666816849 0.5288257198408345 0.6250957869532789 0.5279336423061255 0.6217194680787186 0.5265737360927609 0.6214068459607036 0.5265502894339098
16 0.6554635147666041 0.512667031602664 0.6633432217583562 0.5113853925136441 0.665241946334682 0.5059028252995034 0.6660014361652123 0.503125940606627 0.6577419842581952 0.49977943854085277 0.6556533872242369 0.4999930450556894 0.6546090887072576 0.5046211862104835
16 0.6513812569275038 0.5004914602569749 0.6493875961223616 0.5009898754582605 0.6450205295968126 0.5001354493989139 0.6445458484527309 0.4968601495047518 0.6463496368002404 0.4921608061783455 0.6493875961223616 0.48760386719516363 0.6574571755717463 0.4858238129048582 0.660305262436235 0.48603741941969486 0.6565078132835835 0.49230321052156994
16 0.679078844722919 0.5184230115085531 0.69056612840969 0.5279641025045901 0.6903117346266405 0.5286809181568572 0.6869412176272456 0.5375887130838294 0.6915957411026006 0.5398156618155725 0.6960897637684604 0.5375285252802687 0.7000220336010876 0.5305467400672365 0.7048370578859376 0.5307874912814791 0.7158336103476777 0.5229718251382544 0.7209696362515174 0.5227912617275724 0.7350134570823296 0.5171336081928739 0.7354949595108146 0.5163511667465858 0.7334886993921272 0.5138834668006003 0.7299576815832373 0.5136427155863578 0.7293156783452572 0.510573137604766 0.7245006540604073 0.5097305083549172 0.7177596200616175 0.5112352034439328 0.706364062587473 0.5133417765685546 0.702512043159593 0.5137029033899183 0.7021910415406031 0.5114157668546145 0.7032342968023205 0.508948066908629 0.7113395876818178 0.507985062051659 0.7135063486100003 0.5069618693911285 0.7111790868723227 0.5040728548202186 0.704759054492523 0.5038321036059761 0.7011477862788857 0.5032904133739304 0.7002650318266632 0.5048552962665067 0.6997032789934307 0.5072628084089316 0.6982587717079757 0.5091888181228715 0.6950487555180758 0.5097305083549172 0.6951290059228233 0.507202620605371 0.6881472207097911 0.5046747328558249 0.687184215852821 0.5047349206593854 0.6875854678765586 0.5075035596231741 0.6850977053293862 0.5087675034979472 0.6845359524961536 0.5165919179608282
16 0.7725817967284214 0.6234138831361362 0.7750853074935009 0.6255312140491555 0.7746059118150815 0.6277284442419113 0.7718360701175471 0.6293264298366428 0.7660833219765135 0.6273289478432283 0.7654441277386208 0.6252116169302091
16 0.6030576574338004 0.5114702770716869 0.6024948568986461 0.5072492730580304 0.6060592602879562 0.505912621787039 0.6084980626069577 0.5070382228573475 0.6148764686720389 0.5110481766703213 0.6200354735776192 0.5125255280751011 0.6246316779480454 0.5154098808177665 0.6246316779480454 0.517801783092172 0.6206920742019658 0.5183645836273261 0.6179718716153871 0.5182238834935375 0.6132818671557686 0.5168872322225463 0.6076538618042264 0.518575633828009 0.6035266578797621 0.5157616311522379 0.6000560545796444 0.5144249798812467 0.5967855364040949 0.5183601836464895 0.5976518869251091 0.5196071370246617 0.597062644321139 0.5194970483342701 0.5902559947629392 0.516175247454017 0.5669236591850421 0.516530401525838 0.5541708163199319 0.5190655040149194 0.5533880891782371 0.515778050019801 0.5505702714681358 0.5139386412368183 0.5442040907156845 0.5054851881065142 0.55093554413426 0.5018455068976333 0.5526053620365423 0.5004757343996673 0.5460304540463058 0.4962098714774307 0.5472306356635712 0.49307896291065134 0.5438909998590067 0.49022200884346523 0.5441519089062383 0.485290827850788 0.5491613626130851 0.4832166009252966 0.5509877259437064 0.4842341462094999 0.552709725655435 0.48427328256658464 0.5542229981293783 0.4826295555690255 0.5586062701228692 0.482551282854856 0.5607979061196148 0.482551282854856 0.5538577254632541 0.477111329220077 0.5526053620365423 0.47214101187031493 0.5544839071766099 0.47037987580150165 0.554550752320265 0.4668658768539204 0.5605370726890616 0.46133640725011077 0.5686028517122824 0.46119462597821825 0.5722576578321793 0.4635103867524633 0.5716905327446091 0.46464463692760366 0.5754713666617438 0.46464463692760366 0.5776768531134058 0.46629875176635016 0.5755343805603628 0.46965424186780724 0.578937131085784 0.4693706793240221 0.5858402154600277 0.47274602091373485 0.5852100764738386 0.4756761671995142 0.5816182842525606 0.4766686361027621 0.5816812981511795 0.4779446675497951 0.5776484086395691 0.48423030393703165 0.5784045754229961 0.4867823668310976 0.5784045754229961 0.4912248466837309 0.5874155629255006 0.49883377494196457 0.5915114663357298 0.5022365254673858 0.5923306470177757 0.5036543381863113 0.5890539242895922 0.5054029738729862 0.5857141876627899 0.5056392759928071 0.5802949923815635 0.502803650554956 0.5790977283078041 0.5042687236978458 0.5802319784829446 0.5069625678638042 0.5855251459669332 0.5123029957717571 0.5875415907227384 0.5119721728040079 0.5838867846028414 0.5087584639744434 0.5835717151097469 0.5064427032001982 0.5894950215799246 0.5063009219283058 0.5925827026122513 0.5053084530250579 0.5959224392390536 0.506111880232449 0.5969936755155753 0.5085694222785865 0.5946621612666755 0.5099399745735479 0.5970566894141941 0.512539297891578 0.601467662317518 0.5129646417072556 0.6041142460595122 0.5134845063708617 0.6032950653774665 0.5119721728040078
1 0.736408910613877 0.5155017669301486 0.7409124657399424 0.5122405718388597 0.7348559605704061 0.5017581590454315 0.7297312254269523 0.4950028263563333 0.718239395105268 0.48172510348465747 0.7221256850769794 0.4823206745025963 0.7238656242034479 0.48207599556293657 0.7242462358873629 0.48052636227842555 0.717340852479191 0.4776717746490632 0.7171233600883824 0.4739200309076155 0.7233076617306385 0.47410333009162214 0.724216801056657 0.4734214755971083 0.7223416376203619 0.4713504900136368 0.7246722079467136 0.4694963434308541 0.7269947267750463 0.4678151164199951 0.7316046187431029 0.4683582761204551 0.7358977766715229 0.4676764216259414 0.7359987921521917 0.46324436741160196 0.741049566185627 0.46210794325407906 0.7414031203679674 0.4606305918492993 0.7394838262352621 0.45907747883401784 0.7395848417159308 0.4566531072979689 0.7374130088815537 0.45593337199820433 0.7402414423402773 0.45225893388888005 0.7411505816662957 0.4480162837007945 0.7399889036386056 0.44540250813849186 0.7374635166218879 0.4399476721823817 0.7336754360968114 0.43922793688261696 0.7327157890304588 0.43790210869884033 0.7301904020137411 0.4330912464319932 0.7264528292289989 0.4332048888477455 0.7223617022619163 0.4294925699331705 0.71973529976453 0.42714396000762306 0.7124116774160488 0.4254393237713387 0.7031398993689569 0.4230744792149695 0.6900078868820252 0.42356151813962223 0.6882761929277045 0.4245355959889276 0.6765872587360399 0.4251849812217979 0.6711035612140245 0.42718725235648114 0.6677123272201464 0.42816133020578656 0.6647540167148488 0.4253473275300155 0.6615792444652606 0.4262131745071758 0.6601361661699934 0.42778252215327894 0.6550132382217949 0.4267002134318285 0.6516941581426802 0.4279989838975691 0.6515498503131534 0.42994713959617975 0.6502510798474129 0.4316247181144279 0.6459218449616112 0.4313541409340653 0.6440458431777638 0.43221998791122557 0.6449838440696876 0.43422225904590894 0.6422419953086799 0.4367656845413174 0.6365418360423744 0.4417443046599893 0.6380570682524049 0.44461242277183294 0.6411596865872294 0.4440712684111077 0.6470041536830619 0.4462900012900811 0.652848620778894 0.4467770402147339 0.6551575460513215 0.4462900012900811 0.6572500095794589 0.44823815698869185 0.6588373957042529 0.45267562274663864 0.6617235522947874 0.4531085462352188 0.6630223227605279 0.45516493280597464 0.6638881697376883 0.45797893548174573 0.6673515576463296 0.4584659744063984 0.66843386636778 0.46084705359358935 0.6677844811349098 0.46247051667576483 0.6698769446630473 0.46398574888579547 0.6692275594301771 0.4650680576072459 0.6651869402034287 0.4666915206894215 0.6656920176067723 0.46853144551588727 0.6681452507087264 0.4702090240341354 0.673989717804559 0.4705337166505706 0.6773087978836735 0.47204894886060117 0.6795455692413377 0.47253598778525385 0.6847406511042997 0.47145367906380353 0.6876989616095976 0.47269833409347145 0.6900800407967885 0.47648641461854796 0.694770045256407 0.476702876362838 0.696573893125491 0.4783263394450136 0.6970789705288345 0.48027449514362436 0.7008309740965292 0.4827638052029603 0.7049437472380409 0.48898708035130023 0.7123034465439038 0.494885662883205 0.7143237561572778 0.4981867044836288 0.7174985284068657 0.5005136682347472 0.7271671529851562 0.5078733675406101 0.7289710008542403 0.5100379849835109 0.7297646939166372 0.5105791393442362 0.7304862330642709 0.5133390265839347 0.7337370775340664 0.5136461256910595
16 0.7546348777138041 0.4907010827570406 0.7580336413657207 0.48815201001810316 0.751893939284839 0.4854384809734278 0.7506879263760945 0.4814915296357182 0.7437807615351025 0.48075147625989767 0.7408205480318203 0.47918914135538754 0.7286507814072156 0.4783668598266981 0.7253616552924576 0.4796002821197323 0.7254712928296162 0.48395837422178667 0.7286507814072156 0.48535625282055883 0.730733894613229 0.4835472334574419 0.7347904834880973 0.48510956836195196 0.7315013573733392 0.4866719032664621 0.7347904834880973 0.4888098352410548 0.7429036612378339 0.4907833109099096 0.7483855380957638 0.4916055924385991
16 0.758899354841015 0.4689437499118035 0.754812275053446 0.47254427258180487 0.7455352526784874 0.4624725402481523 0.7426807842554232 0.46038034464261096 0.7457947498078568 0.4587260504428807 0.7510495666775884 0.45926126327220507 0.7531255437125444 0.45955319754274576 0.7553961435945271 0.4577042804959883 0.7590939776880421 0.45804487047828574 0.7638946745813775 0.46120749174247616 0.7656462802046212 0.462326573112882 0.7654516573575941 0.4601370660838271 0.7725229541329122 0.4512817265440939 0.7775831481556168 0.45142769367936425 0.7801132451669691 0.4531792993026082 0.7775831481556168 0.45765562478423155 0.7760910396617424 0.4626671630951794 0.7734960683680476 0.46500263725950464 0.7709659713566953 0.46675424288274864 0.7705118513802988 0.4704520769762635 0.766684268722099 0.47259292829356164 0.7623376918051605 0.47210637117599386 0.7616240746993944 0.4692843398941009
3 0.7351778803960906 0.4380483232586238 0.7396138628381794 0.4345980401361762 0.744150776702684 0.4334493797555965 0.7599495536807349 0.44253131143160196 0.7719641924604502 0.4509746697866381 0.7650581402484878 0.4586375496382675 0.7652473471584047 0.4616175584694568 0.7593819329509848 0.45771516595242323 0.7554085878427323 0.4572894504051106 0.7529488980138143 0.45877945482070515 0.7456644319820183 0.4580699289085172 0.7418802937836827 0.46012755405386213 0.7450968112522679 0.46261089474651984 0.7546517602030653 0.4728990204732446 0.7589197072470849 0.4692482449235985 0.761437077989299 0.46942214224460677 0.7618676808794146 0.4723038692784571 0.7671011621592805 0.47292493113920064 0.770116707322059 0.4710630001368027 0.7663737745079777 0.4756340154318755 0.7556465574542196 0.47638053181015033 0.7428136449487979 0.47811116502501294 0.7408262469944182 0.47857252526442245 0.7293277302583653 0.4780401865266422 0.7255895293441753 0.476691595057599 0.7232708983973992 0.47466870785403414 0.724444741255752 0.47332599626059557 0.7227344384885979 0.4714342713188852 0.7273363447740674 0.46809106959505864 0.7315451215653287 0.468584251126883 0.7361747134579387 0.46780398283037583 0.7361487045147217 0.463297933418046 0.741196580928102 0.4621669915513148 0.7415560963638189 0.4605726187494391 0.7396170379054319 0.4590269636576788 0.7397108245408365 0.4565767878077374 0.7376318874560375 0.45592028135990614 0.7403673309886676 0.4522508792497069 0.7412739351309106 0.4480187573270809 0.7375224697147326 0.43991793669402113 0.7339898397811646 0.43913247362250885
16 0.7330389223826552 0.43349238746037566 0.7337400260337315 0.4381196715574781 0.7382621445831725 0.43383417549027525 0.7370352131937892 0.43283510278749177 0.7340204674941618 0.43262477169216884
16 0.7889222671435329 0.6728928732055511 0.8013401287021129 0.6647436515577332 0.806384884960286 0.6638705206668957 0.8083251758288141 0.66590782607885 0.7962953724439398 0.6755122658780642