9 0.6876041069278422 0.2816788928366054 0.694287210509552 0.28613429522441197 0.6876041069278422 0.291982010858408 0.6798071527491808 0.29950050238783155 0.6638419608595408 0.3008928156340211 0.6545598725516105 0.29588048794773875 0.6300551594186746 0.3014497409324969 0.5732487789741415 0.3036774421264002 0.5001059231076511 0.307018993917255 0.48451201475032823 0.30506975537258973 0.491195118332038 0.29031123496298056 0.4993633560430166 0.2839065940305087 0.48303987554469047 0.2389209530461247 0.47264393663980864 0.2060623604360517 0.45705002828248575 0.17765917021378505 0.46261928126724394 0.16874836543817198 0.4611341471379751 0.15928063536408316 0.48303987554469047 0.14090210051438123 0.49083682972335196 0.14702827879761524 0.4967773662404273 0.156774471520942 0.5023466192251854 0.1709760666320753 0.5231384970349492 0.1681914401396962 0.5680638044453317 0.1606729486102727 0.6167019471788863 0.15259753178237337 0.651602599216704 0.14758520409609105 0.648261047425849 0.15315445708084918 0.6423205109087737 0.16457142569960342 0.635637407327064 0.17431761842293014 0.630439437874623 0.1818361099523537 0.6367512579240155 0.19520231711577324 0.6467759132965802 0.21915010495023327 0.6545728674752417 0.23947787834460055 0.6553154345398761 0.25395793610497175 0.6553154345398761 0.262311815582109 0.676478595881957 0.27567802274552855
15 0.46612341114974215 0.2846660872840575 0.4581817280992215 0.28878965348336627 0.44046566590959857 0.2908514365830207 0.39708415252603074 0.2932313741730688 0.36256837619107574 0.29666767933915944 0.35187764900768265 0.2932313741730688 0.34454686465335593 0.2854424157965967 0.33874332703951393 0.2554320173460716 0.3332452387737689 0.22404709682911036 0.3262199037675391 0.21831992155229257 0.31583462593224293 0.21648722546371094 0.3143073791917582 0.2119054852422567 0.315529176584146 0.20915644110938422 0.3298852959447025 0.20892735409831148 0.3283580492042178 0.20090930871076668 0.3338561374699628 0.19426578538965805 0.34057602312809565 0.19128765424571287 0.36440107227965746 0.1894549581571312 0.4141893160194597 0.18647682701318594 0.4337380742976643 0.18441504391353158 0.4450397001772513 0.18395686989138615 0.4499268897468025 0.18441504391353158 0.45175958583538417 0.19060039321249472 0.45542497801254755 0.2080110060540207 0.46183941432258346 0.23733414347132753 0.4676429519364254 0.2673445419218526 0.46947564802500713 0.2794861535087062
6 0.3369529455855058 0.35653766946093346 0.34999229667852494 0.3665696233871801 0.3484083039533281 0.3710576027752378 0.345416317694623 0.3810895567014844 0.35052029425359055 0.3839935433643452 0.34717630961150836 0.39112151062773104 0.3357363621517535 0.39600548819708786 0.3222545199817111 0.40378614553142567 0.3143345563557269 0.4136861000639058 0.300606619404021 0.4160620891517011 0.2849426913437413 0.41513809339533636 0.2611828004657887 0.4131581024888403 0.2511508465395421 0.4165900867267667 0.24094289342160702 0.41263010491377466 0.2342549241374426 0.41408209824520514 0.22791895323665526 0.40497414007532334 0.22211097991093354 0.3895302110046542 0.21489501305170353 0.3777822649594444 0.21507101224339206 0.3742182813277515 0.21876699526885132 0.3713142946648907 0.23143893707042598 0.3711822952711243 0.24780686189745996 0.3684103080020298 0.2629427923826741 0.36471432497657047 0.2817747058933475 0.3633943310389065 0.30219061212921783 0.3604903443760456 0.31275056363053005 0.3602263455885128 0.3164465466559893 0.35824635468201677 0.3220785207900225 0.35785035650071756 0.32595050300717027 0.35626636377552073
21 0.3419171302959064 0.47539316658354563 0.37223086948348283 0.508574421640217 0.3823354492126749 0.5261891619789437 0.3954440931856809 0.5415508541348103 0.38916286794861554 0.5573221914148331 0.38670499720367685 0.5669488518325093 0.3820623524632374 0.5796478506813589 0.35311409702284907 0.5929613172164431 0.3285353895734629 0.6044313806928233 0.308053133365641 0.6013590422616502 0.29876784388476174 0.6050458483790581 0.2872977804083815 0.606889251437762 0.2457870744938625 0.6126242831759522 0.20728043282315733 0.6140580411104998 0.17805908063333148 0.6099615898689353 0.13245192347724813 0.5968529458959293 0.10323057128742225 0.5790333829951243 0.0775594768402855 0.5497437566179391 0.06991276785603201 0.5306952583446647 0.0688203808582815 0.5018152770916358 0.08001734758522412 0.47723656964224964 0.09640315255148163 0.4604411195518356 0.12507831124243224 0.43995886334401374 0.16413114641201262 0.4260309291226949 0.20564185232653162 0.4215248327569741 0.23022055977591782 0.4227537681294434 0.2616266859612447 0.42705504193308597 0.29685616663869835 0.44180226640271786 0.3195231968420212 0.4567543134344277
0 0.37305309913837725 0.7173111621870109 0.36279413891207185 0.7162619503456841 0.35813097517284215 0.722032615472981 0.35160254593792056 0.7243059077958555 0.33574778922453946 0.7208085349914332 0.3336493655418861 0.7199341917903276 0.3271209363069645 0.7201090604305488 0.3233904053155807 0.7183603740283375 0.318727241576351 0.7171362935467899 0.31499671058496725 0.7199341917903276 0.3007740611803167 0.7139886580228098 0.2853856208408586 0.7087425988161762 0.28095561528859037 0.7068190437737439 0.2760592933623992 0.7078682556150706 0.2718624459970924 0.7122399716205985 0.26020453664901816 0.715912213065242 0.2555413729097884 0.7138137893825884 0.24644820361829048 0.7188849799490009 0.24248451443994518 0.7215080095523176 0.23315818696148574 0.7209834036316543 0.2182360629959507 0.7209834036316543 0.2051792045261075 0.725355119637182 0.1914228714953798 0.7199341917903276 0.17906548758642107 0.7101415479379454 0.16460967999480894 0.6972012685615827 0.15435071976850356 0.6847855951058835 0.1508533469640813 0.6765667690154912 0.15038703059015832 0.6622275405173598 0.1541175615815421 0.6491123925007762 0.17253705835149946 0.6331993462406548 0.17813285483857513 0.6253302574307048 0.19118971330841833 0.6153627449381013 0.19561971886068658 0.6132643212554478 0.20587867908699192 0.6148381390174379 0.24551557087044454 0.6137889271761112 0.29238036644970317 0.6073187874879299 0.31522986877192877 0.6123899780543423 0.3348151564766935 0.6193847236631869 0.3674573026513015 0.6319752657591071 0.3798146865602603 0.6384454054472883 0.3891410140387197 0.645440151056133 0.39427049415187243 0.6519102907443142 0.39240522865618055 0.6545333203476309 0.3907731213474501 0.6615280659564753 0.38494416667341297 0.6641510955597921 0.3821462684298752 0.667123862443551 0.37468520644710757 0.6762170317350491 0.3700220427078779 0.6781405867774812 0.37025520089483943 0.6837363832645569 0.3679236190252245 0.6924798152756125 0.3679236190252245 0.6970263999213615 0.374918364634069 0.7013981159268894 0.3730530991383772 0.7050703573715329 0.37561783919495356 0.7064693064933018 0.37888205381241435 0.7117153656999351 0.3784157374384914 0.7155624757847998
2 0.40015270693150706 0.7247294744473106 0.4012949125649938 0.7041697730445502 0.40472152946545387 0.677042389249241 0.41271696889986076 0.6756146322073826 0.4389876984700549 0.6810401089664444 0.49343283366625423 0.6853233800920195 0.5075200364792568 0.6896066512175946 0.5120888590132036 0.7035986702278068 0.5052356252122835 0.7221595117719657 0.4995245970448499 0.7347237737403192 0.5086622421127436 0.7384359420491511 0.5040934195787967 0.7467169328919298 0.4892447463434696 0.75871009204354 0.4644969576179243 0.7784131392211856 0.43441887593610806 0.7741298680956105 0.4146206449556719 0.7712743540118936 0.3978682956645337 0.770988802603522 0.38492329848501766 0.7487157927505315 0.3750241829947997 0.7372937364156642 0.3628406562376082 0.7298693997980008 0.35939615121759383 0.7262797222522207 0.3531566347033996 0.7247198431236721 0.3610600222880457 0.7214440969537201 0.3675075226860465 0.7200402057380263 0.38102647513346755 0.7219120606922845
12 0.6319998297034176 0.6466873257457735 0.6409998272783081 0.6524998241795568 0.6529998240448287 0.6656248206429387 0.6609998218891758 0.6819373162474275 0.6644998209460776 0.6916873136202255 0.6659998205418927 0.6958123125087171 0.6622498215523549 0.7003123112961623 0.6392498277498572 0.7109998084163448 0.6047498370461104 0.7192498061933277 0.5872498417616012 0.7209373057386196 0.5689998466791846 0.718874806294374 0.5497498518662244 0.7130623078605907 0.5332498563122586 0.7033123104877924 0.5209998596131022 0.6873748147822574 0.5182498603541078 0.671437319076722 0.5279998577269058 0.6549373235227562 0.5459998528766867 0.6421873269583283 0.5667498472854621 0.6346873289792528 0.5852498423005146 0.6339373291813453 0.6057498367766538 0.6358123286761141 0.6192498331389894 0.6401248275140826
4 0.6637113979287892 0.6823219595590237 0.6681518126335468 0.6950555017270791 0.6647562013887321 0.7009325211892583 0.6660622057136609 0.705046434812784 0.6705026204184186 0.710727553626224 0.6749430351231764 0.7144496659522709 0.6833014628027203 0.7146455666010102 0.7308400202301267 0.7144496659522709 0.7553929015387871 0.7130783614110957 0.8188647117303245 0.7111193549237026 0.8277455411398398 0.7073972425976556 0.8332307593045407 0.701324322486737 0.834014361899498 0.6972104088632115 0.8311411523846547 0.679971151774152 0.8436787939039706 0.6764449400968444 0.8457684008238566 0.6697843180397078 0.8413279861190989 0.661752391441396 0.8353203662244266 0.6588138817103064 0.8303575497896973 0.6597933849540029 0.8259171350849396 0.6402033200800716 0.8222603229751393 0.6347181019153708 0.8159915022154811 0.6315836915355418 0.8089390788608659 0.6290369831019308 0.7540868972138586 0.6309959895893239 0.6979287112419221 0.6333467973741956 0.6624053936038604 0.6339344993204137 0.6561365728442025 0.6364812077540247 0.6548305685192737 0.6405951213775503 0.6571813763041454 0.6511737564094732 0.6600545858189887 0.6746818342581906
1 0.5397718604316524 0.48619603697060154 0.5375826099837547 0.4909394129410465 0.5225011068982376 0.49276378831429457 0.5205551065001064 0.4931286633889442 0.5207983565498727 0.49841935197136344 0.5222578568484711 0.5090007291362021 0.5280958580428649 0.5115548546587493 0.5412313607302508 0.5157509180172197 0.5497451124720749 0.5204942939876647 0.5448801114767469 0.5303459210032041 0.5336906091874922 0.5310756711525032 0.5259066075949672 0.5323527339137769 0.5246903573461351 0.5372785474215466 0.5276093579433321 0.5524208630195053 0.5322311088888938 0.55260330055683 0.5368528598344555 0.5538803633181038 0.5375826099837547 0.5569818014526253 0.5349068594363243 0.5569818014526253 0.532960859038193 0.5577115516019245 0.5324743589386602 0.5659212407815407 0.5312581086898281 0.5719416795132594 0.5278526079930985 0.5761377428717298 0.5353933595358571 0.5810635563794995 0.5419611108795499 0.5914624960070133 0.5429341110786156 0.5978478098133814 0.545609861626046 0.6024087482465015 0.5516911128702062 0.6040506860824247 0.5657996157566577 0.605692623918348 0.5803946187426419 0.6058750614556727 0.6015573730723192 0.6035033734704504 0.6154226259090042 0.5965707470521078 0.6336663796414845 0.5848947446633204 0.6385313806368127 0.5775972431703282 0.6380448805372799 0.5664685533935152 0.6290446286959229 0.5496842999596332 0.6219903772526972 0.5451233615265132 0.6142063756601722 0.5400151104814187 0.6195578767550332 0.5276093579433321 0.6215038771531644 0.5188523561517413 0.6266121281982588 0.517392855853143 0.6202876269043324 0.5133792300319974 0.6234498775512957 0.49768960182206423 0.6198011268047996 0.4869257871199008 0.6188281266057338 0.4865609120452511 0.6120171252122746 0.47853366040295975 0.6042331236197497 0.4779863477909855 0.5974221222262903 0.47306053428321576 0.5825838691905395 0.4686820333874205 0.5706646167519858 0.46612790786487324 0.5672591160552561 0.4639386574169756 0.5643401154580592 0.4639386574169756 0.5606913647115631 0.4686820333874205 0.5570426139650672 0.46813472077544604 0.5446368614269804 0.4717834715219421 0.5361231096851563 0.475614659805763 0.5324743589386601 0.48327703637340474
3 0.7416755804395463 0.5275795158137485 0.7213067497553477 0.535217827320323 0.7170185748744637 0.5525045323088862 0.7180906185946848 0.5545146142843005 0.7473931469473915 0.5711312919477257 0.7613297153102639 0.5712652974127533 0.7784824148338 0.5695232263673943 0.7881308083157886 0.5566587017247424 0.7936697008702638 0.5502264394034166 0.8022460506320315 0.5427221333618698 0.8127878138808711 0.5337437672050191 0.8056408557460645 0.525971450233417 0.7884881562225289 0.5131069255907653 0.7800904804141312 0.5128389146607101 0.7550761269423084 0.5163230567514282 0.7454277334603197 0.5203432207022568
3 0.664102722837599 0.5128904662213678 0.6594058267482158 0.5120097982046083 0.6570573787035243 0.5106258913211295 0.6534508334920336 0.50987103302105 0.6518572437474216 0.5113807496212089 0.6517733706029682 0.5149034216882462 0.6484184448248375 0.5159098994216855 0.6443925338910806 0.5145888973965465 0.6447280264688938 0.511254939904529 0.6395327264561826 0.5096551622702942 0.6363455469669584 0.5076422068034157 0.6309776657219491 0.5053147270448374 0.6226742244210753 0.5046227736030979 0.6211645078209166 0.5133036440540114 0.6272033742215519 0.5172666501294284 0.621919366120996 0.5194054153129868 0.6203257763763839 0.52833790519726 0.6261968964881127 0.5304137655224784 0.6319841434553883 0.5306024800974982 0.632822874899921 0.5314831481142576 0.6220032392654492 0.5356348687646946 0.6166353580204399 0.5384655873899924 0.6176418357538791 0.5412963060152902 0.6294679491217902 0.5492852230244641 0.6391133607339162 0.5663953444929312 0.639364980167276 0.5776553141357826 0.6355068155224256 0.5857071360032965 0.6241839410212343 0.5928153849957112 0.6121900813644168 0.5999236339881258 0.6151256414202811 0.6021882088883641 0.6204935226652903 0.5999865388464658 0.6393649801672762 0.6021882088883641 0.6535395415798787 0.6014962554466247 0.6698109316038131 0.5949541501792696 0.6766885294489812 0.585140992278237 0.6755143054266355 0.5795424598859813 0.6674624835591216 0.5724971157519065 0.6592429154027011 0.5633759112926134 0.6717400139262382 0.5602306683756159 0.6891856279725184 0.5558273282918192 0.7010117413404295 0.5490336035911043 0.6987471664401912 0.5433721663405087 0.6969858304066725 0.5374591096565531 0.68928528123203 0.5302339260597019 0.6820071916067874 0.521293169408003 0.678117178186399 0.5180933196589739 0.6606748599465935 0.5214813958638281 0.6623061558970789 0.5184697725706243 0.6624316402009623 0.5147993566820321
10 0.8023210129690422 0.5587486064242738 0.805531952158215 0.5612662746521481 0.8116619269739088 0.5603905639641917 0.811807878755235 0.5612662746521481 0.8023210129690422 0.5679435686478144 0.794147713214784 0.5678341048118198 0.7922503400575455 0.5654259004199402 0.8027588683130203 0.5621419853401042
10 0.5340992182602773 0.5276886415705183 0.5327901515488551 0.5302875240123125 0.5441097284064473 0.5296522416376517 0.5488069677827272 0.5209315472218535 0.5414145910594017 0.516138052940322 0.5294019788839975 0.5136546763848298 0.524011704189906 0.51307714695332 0.5178513902538012 0.5144632175889435 0.5168503392391842 0.5180439000643043 0.5233956727962954 0.5208160413355515 0.5285549357177831 0.5232416649478927 0.5311730691406277 0.5239924532088555 0.5347152496538878 0.5271111121390085
10 0.5328644533206592 0.48385778007486335 0.5384409627280914 0.4861470839368618 0.5369147601534257 0.48852443794739864 0.5335688545089665 0.4890087137643599 0.5320426519343008 0.4859709836397849
10 0.5356971037076311 0.4753387268845573 0.5323511980631719 0.4822506635448218 0.5308249954885063 0.47155257049740595 0.5332903996475815 0.45662807032014696 0.5366821898792559 0.44838648594364616 0.5443048601298364 0.43358953781016624 0.5460984296005613 0.43067498742023835 0.5477425349487256 0.42719994657070903 0.5653793014108532 0.4279846332141512 0.5691159044748633 0.42910561413335413 0.5677707273718196 0.43302904735056474 0.5626889472047659 0.4375129710273768 0.5612972696548748 0.44109247064695434 0.5697804118586082 0.43946489103809855 0.5781649128739259 0.43916896747285206 0.581715995656884 0.4399827572772799 0.5819132780337151 0.4438297636254846 0.5816173544684685 0.44664103749532635 0.5814200720916375 0.4482686171041822 0.5866480550776593 0.45011813938697304 0.5925376188119256 0.4458088510438651 0.6004289138851657 0.44270165360877667 0.6024017376534758 0.44218378736959535 0.5974696782327007 0.4389286281518838 0.593819954261327 0.43848474280401395 0.593819954261327 0.43463773645580944 0.6007248374504123 0.43500764091236754 0.6134495507560123 0.4348596791297442 0.620847639887175 0.4326402523903955 0.623609593162809 0.432344328825149 0.6278511642646757 0.43034684475973506 0.6342899928924985 0.42855606441533517 0.6341473879712677 0.4251335463057962 0.6382214411503172 0.42155858311717187 0.6441703659528936 0.4199634304465328 0.649963405229617 0.4214390159226793 0.6573959839242809 0.4225866935152377 0.6778948980044944 0.42808374202428284 0.6799358226412349 0.42569880780924 0.6866456948375891 0.4242766066371867 0.6905840980832751 0.4209946039324482 0.7012323735253154 0.42252620519465955 0.7060459774922649 0.4240578064568708 0.711005448246092 0.4241672065470287 0.7156731854261644 0.4294184108746102 0.7271966615894683 0.4293090107844522 0.7255921269338185 0.43237221330887476 0.7245203304193693 0.43420895783689495 0.7291880675994417 0.438256761172739 0.7313760694026006 0.4442737661314261 0.734293405140146 0.4468993682952169 0.7372107408776911 0.44864976973774406 0.7373566076645685 0.4500719709097974 0.7351686058614095 0.45269757307358816 0.7391070091070957 0.4533539736145359 0.7402739434021138 0.45543257532753684 0.7412950109102546 0.45718297677006403 0.74260781199215 0.4555419754176948 0.7455251477296954 0.45543257532753684 0.745962748090327 0.4581675775814855 0.7513598192047859 0.4589333782125911 0.7595283592699126 0.46429398263033056 0.7671134321875303 0.4648409830811203 0.7822835780227657 0.4648409830811204 0.7904521180878925 0.47042038767917577 0.793515320612315 0.47392119056423004 0.7903062513010153 0.4785159943508638 0.7923483863172969 0.48114159651465455 0.8062057310706369 0.4835483984981294 0.8110621585968183 0.4881683418272717 0.803734071975098 0.4911126623449271 0.8005934634229321 0.4954309991041551 0.7974528548707663 0.4966087273112173 0.8005934634229321 0.5001419119324038 0.7937888115599062 0.5076008572437976 0.7896013334903519 0.5117229059685152 0.7869391458057258 0.5126115640199348 0.779075868502256 0.5122076285420167 0.7546591888782078 0.515664031110077 0.7447493051532867 0.5197841729848401 0.7408715245652744 0.5272165857785308 0.7208363248605432 0.5349721469545557 0.7175490460961685 0.5479082060950695 0.7114262941138069 0.5482362106655533 0.6978062948061041 0.538114926776343 0.6972440012567037 0.5371777708606753 0.6895593227482292 0.529867954718468 0.6823744607281109 0.5208244001322756 0.6785008829433514 0.5177786434063558 0.6614269935693574 0.5210455883125367 0.6625771421601478 0.5185323090127809 0.6641666287482393 0.5163620890056989 0.6676600652341459 0.5140178092585774 0.6644424263655476 0.512431972959054 0.6599481920230558 0.5117264250037838 0.6572680695335802 0.5102411621055686 0.6535606831813451 0.5095464420127265 0.6513552928173284 0.5113355086855768 0.6515353246837787 0.5146773502065612 0.6485647988873481 0.5157575414052632 0.6446040978254408 0.5144748143568045 0.645009169524954 0.5109641929610229 0.6395181975982186 0.5093101501880104 0.631236731741503 0.5050231413681616 0.6226402101184991 0.5041117300442569 0.6237204013172012 0.49898082185042214 0.623855425217039 0.4972930231024503 0.6202547878880322 0.4869299387899026 0.6189464379376134 0.4862011138953968 0.612261694867104 0.4781680277623699 0.6043615439655928 0.4776552775836661 0.597980652852834 0.4730405259753315 0.5830718851458979 0.4684261329335358 0.5711234936532915 0.4660881196090966 0.567541017707505 0.46376351085197776 0.5643472255300968 0.4638568359480708 0.5606971773273444 0.4683053321951753 0.5569226956631345 0.4679009234454385 0.5442719604149587 0.47157171055843383
16 0.8103101034382084 0.48983898847417395 0.8065931729855684 0.4908086225052975 0.8049771162670293 0.49517197564535304 0.8109565261256241 0.49965653303929913 0.8154814849375336 0.5019594138632173 0.8195216267338814 0.5023230266248887 0.8216225004679822 0.5012321883398748 0.8191984153901736 0.4972324479614904
16 0.7688162792218785 0.46430281445177835 0.7610203735227653 0.46171960157159325 0.7660301493502365 0.4579622697009897 0.7726559818962468 0.4596591292554558 0.7854228299727058 0.46438609515718277 0.7872420555181435 0.4651803693166057 0.7860584312805722 0.46672219562607364 0.7823206705303469 0.464619705204072
16 0.5466026396528694 0.4271189022985422 0.5415161440798648 0.4366560814979256 0.5354514762812825 0.4458998090296358 0.5315387873789713 0.4511819390477559 0.5256697540255046 0.4470736157003291 0.5141273217636867 0.44223166318371904 0.5055194061786021 0.43298793565200894 0.5055194061786021 0.4259450956278489 0.5029761583920999 0.4196358847728721 0.5039543306176776 0.41420702892091543 0.4996503728251354 0.4105388830749987 0.4996503728251354 0.4092183505704686 0.49534641503259313 0.40731091473059194 0.4916293605753975 0.3926383313469251 0.4900642850144731 0.38001990963697163 0.48673849944750847 0.36138572873971464 0.48419525166100635 0.35272890454335126 0.48889047834377974 0.34583279035302783 0.4928031672460909 0.3462729678545378 0.49554204947770875 0.3376161436581743 0.4990634694897888 0.3323340136400542 0.5080626539651045 0.33438817531376763 0.509627729526029 0.3368825144889909 0.5221483340134246 0.3361488853198076 0.5268435606961981 0.33145365863703424 0.5303649807082781 0.33306764280923756 0.5325169596045493 0.3342414494799309 0.5362340140617449 0.3321872878062176 0.5393641651835938 0.3326274653077277 0.5409292407445182 0.3332143686430743 0.5477764463235628 0.33277419114156426 0.5530585763416829 0.3261715286189142 0.5585363408049185 0.3241173669452008 0.5622533952621142 0.3291060452956476 0.5595145130304964 0.333801271978421 0.5630359330425764 0.3352685303167876 0.5669486219448875 0.3317471103047076 0.5714482141825453 0.32807896445879087 0.5841644531150565 0.32690515778809753 0.5896422175782923 0.32983967446483087 0.59238109980991 0.32705188362193416 0.59238109980991 0.32294356027450744 0.5947287131512967 0.32294356027450744 0.6004021120596479 0.3236771894436908 0.602554090955919 0.32646498028658755 0.6088143931996169 0.33277419114156426 0.6117489098763502 0.333801271978421 0.6154659643335458 0.3308667553016875 0.6205524599065504 0.3323340136400542 0.6285734721562883 0.33644233698748105 0.6287691066014038 0.33042657780017765 0.6401159044181061 0.32807896445879087 0.6512670677896931 0.32646498028658755 0.6585055422589686 0.32690515778809753 0.6657440167282443 0.32837241612646423 0.662809500051511 0.331160206969361 0.6678959956245155 0.333361094476911 0.6665265545087066 0.337322691990501 0.6708305123012489 0.3389366761627044 0.6704392434110177 0.34157774117176437 0.6757213734291377 0.34128428950409107 0.6841336545691068 0.3390834019965411 0.6901983223676891 0.3417244670056011 0.6958717212760402 0.34289827367629444 0.6974367968369647 0.33849649866119436 0.7023276579648536 0.337322691990501 0.7080010568732049 0.3392301278303777 0.7179784135740984 0.3387899503288677 0.7213041991410628 0.34275154784245776 0.7265863291591829 0.33673578865515436 0.7361724169698453 0.337322691990501 0.7385200303112319 0.33952357949805106 0.7365636858600765 0.34099083783641776 0.7453672358902765 0.34143101533792775 0.7610179914995211 0.34304499951013123 0.7596485503837122 0.34730004869139447 0.7522144414693208 0.3474467745252312 0.747323580341432 0.3477402261929045 0.7488886559023564 0.34935421036510794 0.743802160329352 0.35316908204486125 0.7381287614210008 0.35228872704184133 0.7351942447442674 0.3525821787095145 0.7326509969577651 0.356397050389268 0.7441934292195831 0.35830448622914474 0.7408676436526186 0.36182590624122474 0.7496711936828188 0.36314643874575464 0.7551489581460544 0.36608095542248814 0.7574965714874409 0.3684285687638748 0.7543664203655921 0.37092290793909816 0.7457585047805075 0.3691621979330582 0.7453672358902764 0.3718032629421182 0.7412589125428497 0.3757648604557082 0.7359767825247296 0.3750312312865249 0.7377374925307696 0.38001990963697163 0.740672009207503 0.3850085879874184 0.7459541392256231 0.3836880554828884 0.749084290347472 0.3839815071505617 0.749084290347472 0.38779637883031504 0.7543664203655921 0.38970381467019183 0.7547576892558232 0.3936654121837818 0.7573009370423255 0.3932252346822718 0.759257281493481 0.39733355802969844 0.76238743261533 0.39571957385749523 0.7668870248529879 0.3955728480236585 0.7672782937432189 0.3996811713710852 0.776081843773419 0.4059903822260619 0.7747124026576102 0.41244631891487527 0.7784294571148057 0.41244631891487527 0.7794076293403837 0.4150873839239354 0.7752993059929569 0.41728827143148534 0.7770600159989969 0.4274123539662156 0.773929864877148 0.4285861606369089 0.7702128104199524 0.4225704014496055 0.7674739281883345 0.4215433206127488 0.7610179914995211 0.4256516439601755 0.7555402270362854 0.4277058056338889 0.7518231725790898 0.43709625899943566 0.7502580970181654 0.4416447598483725 0.7344117069638052 0.4447260023589424 0.7312815558419562 0.4391504206731491 0.7461497736707388 0.4359224523287423 0.7432152569940053 0.4328412098181723 0.7453672358902764 0.4299066931414389 0.7467366770060854 0.4228638531172788 0.7355855136344986 0.4275590798000523 0.7332379002931119 0.42506474062482885 0.7355855136344986 0.4221302239480956 0.7447803325549299 0.4167013680961389 0.7502580970181654 0.4161144647607921 0.750453731463281 0.4098052539058154 0.7533882481400144 0.405550204724552 0.7578878403776721 0.40657728556140865 0.7608223570544055 0.4083379955674487 0.7629743359506765 0.405550204724552 0.7596485503837122 0.403789494718512 0.7484973870121254 0.4023222363801453 0.7373462236405388 0.40481657555536865 0.7285426736103385 0.4054034788907153 0.7197391235801384 0.4015886072109619 0.7173915102387517 0.4011484297094519 0.7203260269154851 0.4074576405644287 0.7214998335861783 0.41112578641034536 0.718956585799676 0.4161144647607921 0.7148482624522494 0.4184620781021788 0.7103486702145916 0.41728827143148545 0.7078054224280893 0.41259304474871206 0.7046752713062403 0.4061371080598986 0.7062403468671649 0.4045231238876953 0.7015451201843913 0.4043763980538586 0.6952848179406935 0.40246896221398193 0.6937197423797692 0.4011484297094519 0.6880463434714179 0.4011484297094519 0.6868725368007246 0.405990382226062 0.6856987301300311 0.4092183505704686 0.6905895912579202 0.4112725122441821 0.6948935490504624 0.409511802238142 0.7038927335257781 0.4098052539058154 0.7089420523196109 0.41687481421748446 0.7115466271712785 0.4201305327820689 0.7203525707173928 0.4198514711908189 0.727422131029062 0.42115375861665266 0.7271740762812839 0.4230141692249866 0.7257737013826453 0.4249160509468675 0.7195749757705886 0.425655671616488 0.7130944899034384 0.4258669918078081 0.7115448085004242 0.4240707701815872 0.71000316519956 0.4237644291276307 0.7062353379925546 0.42388056078812064 0.7013836152876434 0.4223321386482553 0.690699502522573 0.42082242706188666 0.689718835167325 0.4210934009363632 0.6865187627449367 0.42407411355560376 0.6799121616148447 0.4253902723744892 0.6776927565477046 0.42763548447729394 0.658853620512677 0.42217729643426877 0.6579245672287578 0.4202804793129338 0.6578213390861002 0.41683524005173356 0.6566342154455369 0.415944897321311 0.6540535118790948 0.4169900822657201 0.6532276867378332 0.4204353215269203 0.6515147851154454 0.4211621639805376 0.644798137846214 0.41938840149746587 0.6377030879139273 0.4208074114839232 0.6338244606176106 0.4242130354514208 0.6336352592860828 0.4280443624148556 0.6286214240006002 0.4277605604175642 0.6232291860520625 0.4272639069223041 0.6187829547611627 0.43130808538370746 0.6149989281306097 0.4334366003633935 0.6138637201414439 0.43442990735391357 0.6033630462416597 0.43450085785323644 0.5931461743391668 0.4343589568545908 0.5931461743391668 0.4387578878126085 0.5974032042985389 0.43946739280583713 0.601565633592147 0.44187970978281466 0.594092180996805 0.4445048782577608 0.5867133290672268 0.44961331420900713 0.5819832957790358 0.4479814527245811 0.5822670977763272 0.4394673928058373 0.5780100678169552 0.4383321848166714 0.5687392025721006 0.4386869373132857 0.5618333539713416 0.4404606997963573 0.563157763292035 0.4379064818207341 0.5684554005748091 0.4334366003633935 0.5698744105612665 0.4286829169087614 0.5659957832649497 0.4274767584202726