8 0.34733650422627493 0.5710765447963936 0.34723995284925996 0.5204162222135976 0.34891356875289586 0.47406574857276623 0.34813884528075645 0.40670277015124845 0.34703895797601303 0.35694820615437495 0.34954540498392483 0.350558516339876 0.35246921927671493 0.33342904240170557 0.35835849107235823 0.3291329860623237 0.35900248689517333 0.3193791853130118 0.3639179888135969 0.3143720731126254 0.3814760718558334 0.30978807504806793 0.4045307247797497 0.3065160806829945 0.4294917602893026 0.30626400501647133 0.45150878236808695 0.30833033251853503 0.45798515316258753 0.3100034000884218 0.47989710948288655 0.31514903411525813 0.49358211867166374 0.3216485746135484 0.498898967556203 0.32677989410909425 0.5014264091944097 0.33818304349686623 0.506482048574538 0.342415375867456 0.5094827345674227 0.3486019874482924 0.5094041708381178 0.3709270768763264 0.5088553566495261 0.398471947155997 0.506527060472176 0.4275195841788254 0.5076183186224649 0.45685837680324043 0.5058492100353899 0.49907963373234465 0.5065195524913794 0.5431555943866142 0.5065195524913794 0.580483082596211 0.5051136207320726 0.5853335471658196 0.49752158923181544 0.5874424448047798 0.4927414212501721 0.5925037991382845 0.47727617189779686 0.5977760432356851 0.4537887397030833 0.5978570205498851 0.4336178048641749 0.5972802131295294 0.4132401661685147 0.5963807922026129 0.388983657413327 0.5960889251245169 0.37267484900536757 0.5937691377216606 0.3645204448013879 0.5903949014993243 0.35805315870857635 0.5851226574019236 0.34961756815273537 0.580483082596211 0.3476492636897057 0.5781632951933547
15 0.4195714177395596 0.8122230271420936 0.512777833723426 0.7919566626820255 0.5163075652305653 0.787071676122998 0.5145388896839923 0.771392871705754 0.5105561552650345 0.7624494261111733 0.49990992537283524 0.7412726862169072 0.48856937613984036 0.7194884168994452 0.47965894459963004 0.7020436434619555 0.47618734789565215 0.6976173576643835 0.46866555503703305 0.6814744329908858 0.46345815998106604 0.673836920242134 0.4601022831672206 0.6723614916429433 0.45975512349682274 0.6686295251861671 0.45524204778165134 0.6554374577110506 0.4493403333848887 0.6447622978463182 0.4462158963513085 0.6451094575167159 0.4443643781091869 0.6428529196591303 0.44552157701051287 0.6390341632847544 0.4457530167907781 0.6355625665807764 0.43788406426176124 0.6229780285288561 0.4314037504143356 0.6184649528136846 0.42064180063200374 0.6164687847088973 0.41230996854245644 0.6176838435552896 0.40096941930946156 0.6215025999296654 0.39113322864819056 0.620634700753671 0.37481672413949385 0.6239327176224501 0.3598888583123883 0.6272307344912291 0.3560701019380124 0.6302683816072099 0.3523670654537693 0.6313966505360027 0.34264659468263076 0.6317438102064006 0.3345462023733488 0.6344342976519836 0.32737156918512755 0.6340871379815858 0.31684105918306077 0.6384266338615583 0.3196183365462433 0.6438076087527241 0.32008121610677365 0.6479735247974978 0.3215855746784974 0.6519658610070723 0.323437092920619 0.656131777051846 0.3258672106134037 0.6580411552390341 0.3280658885259231 0.659950533426222 0.3264458100640667 0.6617731216958105 0.3277187288555253 0.6636824998829983 0.33362044325228796 0.6682823655157692 0.33431476259308357 0.6721011218901451 0.33269468413122716 0.6755727185941232 0.3392907178687853 0.6803461640620928 0.3385963985279898 0.6843385002716675 0.34345663391355896 0.686942197799651 0.3517890956219786 0.6951681243477666 0.35216394122102834 0.6979433796064797 0.35778322934884194 0.7013587830067582 0.3632637583365364 0.7050223974930975 0.367218313042381 0.7104003892683091 0.3655490957111436 0.7112408972512333 0.3623680989503558 0.7133539879566139 0.36055038651562 0.7203067380194781 0.36272451635153613 0.7291526217888467 0.3699953660904795 0.7396499110994458 0.3757138129774903 0.7497854947436997 0.3859765409513404 0.76796445591166 0.3943200177452949 0.7831865662940791 0.40374561694403566 0.8000258650654307 0.4083516142187864 0.808894805219508 0.41156495710687885 0.8112084120989346 0.41452960810682143 0.8131521149906985
12 0.6365249800818626 0.39612564308644943 0.6271450083133824 0.4037813553386647 0.6045227234599891 0.41143706759088017 0.5848688279169988 0.4140291950454886 0.565833002857436 0.4132015504776815 0.5456936517074639 0.4100978833484049 0.531071931009539 0.4040974602318037 0.531899575577346 0.40099379310252714 0.5247266559896847 0.39540719226982934 0.5170019733568187 0.3885791245854211 0.5114843429047715 0.3809234123332057 0.5164502103116141 0.37306078893903843 0.5252784190348895 0.35981847585412524 0.534106627758165 0.3432655844979839 0.5545218604307394 0.336851339097479 0.5699712256964714 0.33436840539405777 0.5870758800978176 0.33519604996186486 0.6044564160217661 0.3382997170911413 0.6182504921518841 0.3422310287882249 0.6292857530559784 0.3488521853306816 0.6346586788302344 0.34326099915548164 0.6453326449118532 0.3370853473511165 0.6585837072358813 0.33176973860117365 0.6741372006690974 0.328567548776688 0.695027677143123 0.3290250044659003 0.7031093943192058 0.32959682407741553 0.7127159637926627 0.3329133778242042 0.7247622969419182 0.3362299315709929 0.73467383687485 0.3422912194530551 0.7464151995646308 0.3506397857811784 0.7496173893891164 0.3569298015078466 0.7558692838083503 0.36870928550506155 0.7525146087541272 0.3840340510936716 0.7453478029564689 0.3960422629354927 0.7325390436585263 0.4054201045643435 0.715460697927936 0.412053212057921 0.6994497488055079 0.4145692183485882 0.6803890950883313 0.41422612658167907 0.6634632345874788 0.4106808449902843 0.6537041798842843 0.4070211994765864 0.6428777285729281 0.4014173672837365
2 0.6989700640433593 0.32363569915724466 0.7264906248629132 0.28230016833531124 0.7451621128850908 0.2873923923413597 0.7735810705453511 0.2965543503600042 0.8104901335393536 0.3075436065529421 0.8218039669194246 0.311299428289769 0.8186509313872736 0.3160289815879955 0.8132976946165853 0.3239744009285108 0.794935899458765 0.3537427658055831 0.7778724130494775 0.3679314257002624 0.7652602709208736 0.36459291748974965 0.7511607693041391 0.35929757818343944 0.7467702022511999 0.35061582475319947 0.7249447970742483 0.3359922860949457 0.7031193918972964 0.329242960560367 0.6954132654248656 0.3288162790610546
9 0.33846445104026623 0.29389910192818575 0.33641804335730796 0.27605698494239306 0.33344633072611485 0.2515703573219905 0.3389760529610058 0.23327427432054612 0.33427710027199725 0.22298631087412063 0.33827622953778447 0.22184862754850865 0.3693039565999272 0.22071094422289683 0.38897438585670663 0.21760041340244604 0.4145992660344979 0.21430931982766924 0.4291529945775713 0.2132642897279826 0.45190666108980926 0.2102649427786421 0.4732813175103965 0.20964438823739928 0.490243141637701 0.20716217007242782 0.5178233434707169 0.20540393220557307 0.5510574866795007 0.20126690193062072 0.5779481834666913 0.19599218833005647 0.6009776519972593 0.20012921860500882 0.6044251772263863 0.20850670491178735 0.603735672180561 0.21191975488862305 0.6075969004371832 0.21688419121856586 0.6115960297029703 0.23281175777713245 0.6111823266754752 0.2428440561938919 0.6115960297029703 0.25690995912872994 0.6016671570430847 0.2608401378899347 0.6045630782355513 0.2718032681185584 0.6077348014463481 0.289385646787106 0.6098033165838244 0.29817683612137974 0.6142161488771068 0.30976052089124634 0.6160088619962528 0.32248188898672486 0.6179394761245639 0.3324107616466106 0.6196999903053251 0.3379274051680878 0.6147264565223336 0.34100772134368845 0.6049333234742952 0.3379028907783043 0.5970769194228407 0.3364951774913559 0.5924904388473454 0.33552796902165577 0.5854725495866627 0.33455720206111456 0.5768114307110596 0.3342431452662264 0.5695997036488262 0.3339106034843277 0.5546279477358484 0.33642107325530907 0.5450399490575809 0.33942036160045286 0.5139056002560398 0.34109702236783934 0.504961039425338 0.3409533500066246 0.501625626483982 0.3379790554432334 0.49909689100763166 0.32637627693876475 0.4939706017004591 0.32165142575775973 0.4911293248197267 0.3200846489789029 0.48505898905538153 0.31748337717290837 0.4801774243752611 0.3150023002203349 0.47304059974953355 0.3132140009306465 0.45143512145997566 0.30812502167769856 0.42940943698973627 0.306054222528996 0.40482686218317615 0.3063055320262066 0.3816896778859281 0.3095485222602733 0.3638540063282526 0.3141461232810088 0.3588526494725631 0.3193028988173229 0.3581102828952522 0.32909469345096265 0.35206464808674043 0.33334954893625157 0.35093701445955516 0.33930491124303364 0.3450787224468674 0.3404125433911711 0.3409642541787323 0.32745178488891147 0.33862075999575597 0.29702873615878433
16 0.8077653962932027 0.5595552010215876 0.8010261985196301 0.5567812140779483 0.8018023331530586 0.5532886082275201 0.808787544853915 0.5448481440889853 0.813444352654486 0.5442660431139139 0.8179071267966997 0.5474675984768065 0.8142687921465143 0.5538744368413631
16 0.7796996065484103 0.6835758651480571 0.7832490324126534 0.6816398146766519 0.7962635939148783 0.6833338588391316 0.8030397705647971 0.6863992720855233 0.8009961617338693 0.6897873604104828 0.7909932342982748 0.6884159913265706 0.7849699661650138 0.6884159913265706
16 0.8080859550926934 0.6793923779239981 0.8072254882165134 0.677214321143667 0.813141197990252 0.6743102454365589 0.8199173746401707 0.6723741949651536 0.8219609834710986 0.66922811294912 0.8268011096496121 0.6696314567973293 0.8270162263686571 0.6737455640490657 0.8218534251115761 0.6791503716150724
16 0.607408925600761 0.6803137296859394 0.6138392073234253 0.6816198806608555 0.6143750641336474 0.6855383335856042 0.6230827372997553 0.6907629374852688 0.6245563435278659 0.6918681421563518 0.6202694890460897 0.6937771320427679 0.6155807419566469 0.6934757125870179 0.6083466750186496 0.6890548939026863
16 0.6301828400351973 0.6820217732685221 0.6283073411994201 0.67820379349569 0.6384886205936386 0.6753905452420245 0.6430434034805259 0.6775004814322737 0.6426415108728594 0.6809165685974392 0.6387565489987497 0.6820217732685221
16 0.6465803089678052 0.6276921393200654 0.6468570068085822 0.6219852463540381 0.6575098736784999 0.6167971618394678 0.6626287837328759 0.6186648722647131 0.6634588772552071 0.6228153398763694 0.6584783161212197 0.6220890080443295 0.65086912549985 0.6282109477715224
3 0.6649245594734653 0.4850443230232869 0.6681213481080325 0.47910742984480487 0.6743626973469494 0.4776232065501844 0.680147362495214 0.48401678381931895 0.6758849776491244 0.48709940143122304 0.6693391723497722 0.4872135724538862
1 0.6514011433359357 0.6577659119197439 0.6423295191475199 0.6542543154597118 0.650523244220928 0.6533764163447039
1 0.700709810295552 0.6720317725386238 0.70158770941056 0.669068863025472 0.6963203147205121 0.6673130647954558 0.695296099086336 0.6688493882467199 0.688565539204608 0.6702759743086077 0.68841922268544 0.6661059535123198 0.682273928880384 0.6608385588222718 0.674665469883648 0.6603996092647678 0.67159282298112 0.6653377917866878 0.6720317725386241 0.6685201760785918 0.67964023153536 0.6711538734236159 0.6871023740129281 0.6727999342642558 0.687980273127936 0.6721415099279998 0.695296099086336 0.6693980751935998 0.6982224294696961 0.6726901968748799
4 0.5163722032567326 0.7905703445626738 0.5174010893404323 0.8004090677380512 0.5202305260706062 0.8049425970443527 0.5266610640937285 0.809958416702388 0.5337346559191632 0.8120804942500186 0.547110175007258 0.8118875781093249 0.5679451182021747 0.810633623194816 0.5966253177853008 0.8096690424913475 0.6246624635661148 0.8083186295064918 0.6494843403353674 0.8075469649437171 0.6623454163816124 0.8065823842402489 0.6701906727698217 0.8038815582705374 0.6748206601464698 0.8002161515973576 0.6764926000324817 0.7966472029945245 0.6748206601464698 0.7824678666535395 0.6734059417813829 0.7612470911772354 0.6704478942907467 0.7407979802637059 0.6673591347846627 0.736186871638086 0.6618109294173934 0.7325880357241814 0.6501147126972039 0.732475572101872 0.6159257715151113 0.7325318039130267 0.5799374123760664 0.7334315128915029 0.5447737864672914 0.7334315128915029 0.5154355798376218 0.7348257447065406 0.5121289037195546 0.7366095275076893 0.5097470479189107 0.7391912961317602 0.5104107810542219 0.7469071938297515 0.5127891581224199 0.7595596067216189 0.5136741356361679 0.768851870615974 0.5151675351906179 0.7708845533428642 0.5172693567857697 0.7870215651951148
0 0.16838043768478275 0.451033730506239 0.17131508819741106 0.41774378875361146 0.18011903973529603 0.39738465082225255 0.1900234852154166 0.3830782295731894 0.20579723172079384 0.366845943925214 0.2234051347965638 0.35639125147397555 0.24101303787233375 0.35088878176279764 0.2765956753379521 0.34648680599385506 0.2769313078417208 0.34858045501473045 0.2952112955368875 0.34842286891391006 0.3094991020112707 0.3498411438212937 0.331561156126127 0.3550414851483669 0.3466060452838314 0.3607115836707462 0.34749829789474 0.3983537955330006 0.3480958385088046 0.42914952857781247 0.34816864667414843 0.4481524597325494 0.3486054956662113 0.46770145212736525 0.34845987933552375 0.48195365049341793 0.34806013739000846 0.493248745522441 0.34768090126544465 0.5050324756503431 0.3470127971859145 0.5175146685447216 0.3446281476563856 0.5229149170107102 0.34242997781837864 0.5258640891041089 0.3396333172971495 0.5281435032888939 0.3336623444607964 0.5307980225042684 0.3199030899198388 0.5334448005031294 0.3033193137383943 0.5364390934247791 0.2858142166579808 0.5405082607285594 0.27741995957848414 0.5403547072453979 0.27015176137550545 0.539049502638525 0.2602219694643936 0.5385888421890405 0.24425240721559527 0.5367462003911022 0.23053496271983265 0.5336751307278716 0.217124625190393 0.5281472053340569 0.20484034653747113 0.5207766381423038 0.19695793440184634 0.5150183825237468 0.18907552226622149 0.5076478153319937 0.18160258608569407 0.49912559701652914 0.17658650563575098 0.48745553229625344 0.17290122203987443 0.4770906721828506 0.17064910428683877 0.4672632492605132
16 0.6027595440351716 0.5462429369033681 0.6029186489203909 0.5436868285855647 0.6073174104009914 0.542397754764365 0.6127959741410894 0.542720023219665 0.6133330882332558 0.5473123487076881 0.604954108395459 0.547795751390638