9 0.3815739431152408 0.3426133835615612 0.3641329290299426 0.3383704315560291 0.35648231201192343 0.34124083959877877 0.34015096888156626 0.3359098288632637 0.3276555500279943 0.32913838345690927 0.32655438311795915 0.31083120118589186 0.32887503073521857 0.2808964754801449 0.3304580730923512 0.24139295231275792 0.33620215224260136 0.23376335732207695 0.33530778405170947 0.22185411200544908 0.36815097697071464 0.22377985991332663 0.42789900292176464 0.22269696646275114 0.4604118132909239 0.2217445584087678 0.4645311669390736 0.2181514507464936 0.4734447743231938 0.22044772304423713 0.47175390012918245 0.22234995651249992 0.4816173329275823 0.22213859723824853 0.4900717038976394 0.22319539360950563 0.5007805737930449 0.22404083070651132 0.5453069275686786 0.22361811215800848 0.5715154775758553 0.2238294714322599 0.5751790383295468 0.22192723796399708 0.5906787184413179 0.22446354925501422 0.6002603388740493 0.22678850127177988 0.6050511490904149 0.2798396791088878 0.5949059039263465 0.28279870894840775 0.591952039366234 0.2901962835472076 0.5926200524148449 0.303300558550796 0.5951877162920151 0.32020930049091006 0.5915241555383237 0.3250705637986929 0.5923730361549344 0.33209503136792323 0.5885006987666953 0.3370188193931576 0.5893843754890639 0.3435657916155444 0.589314783277548 0.3506685504227301 0.5584580509966421 0.3472607049553889 0.5536290011549136 0.3436962770121367 0.5447050632119784 0.3459142580719249 0.5004987614273764 0.34979959888610973 0.45523480239161573 0.3548748041078476 0.43459635100589933 0.3541337553281158 0.4278328542298537 0.34890196763046716 0.4047835018977322 0.34571322935648824
11 0.20854686879378387 0.6524842984219211 0.2072722793484814 0.6480232353633621 0.20132419527040293 0.6441994670274547 0.20132419527040293 0.6355959882716627 0.19792529008292958 0.6352773409103372 0.18942802711424617 0.6215755043733351 0.18849664918566117 0.602545645731598 0.1952944595606079 0.5984032300343648 0.18977123863096368 0.5929862248918291 0.1867971965919245 0.5780097989095245 0.19741877530277877 0.5674944359857788 0.20846521716206723 0.5668571412631276 0.21653761698231652 0.5633520202885456 0.22036138531822405 0.5560231309780562 0.22928351143534162 0.5569790730620331 0.232682416622815 0.5553858362554049 0.2416045427399326 0.5531553047261255 0.2505266688570502 0.5496501837515436 0.26157311071633865 0.5493315363902179 0.2738941420209296 0.5528366573647998 0.2811168155443105 0.5541112468101024 0.28409085758334973 0.5576163677846843 0.2904638048098623 0.5585723098686612 0.2904638048098624 0.5550671888940792 0.2959870257395066 0.5518807152808229 0.3032096992628875 0.5541112468101024 0.3172301831612152 0.5534739520874511 0.32360313038772776 0.5630333729272201 0.3321003933564111 0.5684503780697557 0.3354992985438845 0.5735487358509658 0.33464957224701614 0.5837454514133859 0.334224709098582 0.5901183986398983 0.3312506670595428 0.5955354037824342 0.3244528566845961 0.6012710562862954 0.3244528566845961 0.6060507667061799 0.319354498903386 0.6133796560166693 0.301935109817585 0.6079626508741337 0.2891892153645599 0.605094824622203 0.2845157207317839 0.5952167564211085 0.2730444157240613 0.5942608143371316 0.25095153200548437 0.5955354037824341 0.25350071089608933 0.605094824622203 0.26157311071633865 0.6060507667061799 0.27134496313032463 0.6117864192100412 0.2764433209115347 0.6117864192100412 0.2815416786927447 0.608599945596785 0.2925881205520332 0.608599945596785 0.30235997296601913 0.6175220717139025 0.30023565722384826 0.6197526032431819 0.3083080570440975 0.6219831347724613 0.31043237278626834 0.6347290292254864 0.3040594255597558 0.6417392711746501 0.2857903101770864 0.6404646817293478 0.27559359461466637 0.6283560819989739 0.2530758477476552 0.6375968554774171 0.250101805708616 0.6433325079812784 0.23650618495872258 0.649705455207791 0.23523159551342002 0.6538478709050242 0.22843378513847326 0.654803812989001 0.21313871179484312 0.657352991879606
4 0.6035484479103801 0.787851534930818 0.6335786633673844 0.7958007096106132 0.6418222519242092 0.7971255720572458 0.6465328739566804 0.7962423304261574 0.661842395562212 0.7697450814935065 0.6848066779705094 0.7339737954344281 0.6965832330516875 0.7132176171038515 0.693050266527334 0.704826821608512 0.6689083286109188 0.6959944052976285 0.6276903858267954 0.6845122640934798 0.5964825148616731 0.6849538849090239 0.5964825148616731 0.6911365763266424 0.5829394765183183 0.6937863012199075 0.5735182324533759 0.7101262713950421 0.5835283042723773 0.7189586877059257 0.5882389263048485 0.7277911040168096 0.5970713426157321 0.738831624405414 0.6029596201563212 0.7551715945805486 0.604137275664439 0.7688618398624182
13 0.3410820362867258 0.8238635950013928 0.321018387093389 0.7962760773605545 0.31368223143805996 0.7742637406575511 0.3157198007116483 0.746847138137614 0.32745971361991677 0.7242058775288106 0.34716599600165304 0.7053381603548078 0.37819290868779104 0.6889861388040052 0.40754269095846235 0.679552280217004 0.4494709513451355 0.674520888970603 0.4830135596544739 0.6754642748293032 0.5194911461908794 0.6845836714634046 0.5475830806499504 0.6943319920033059 0.5647736674084863 0.7056526223077078 0.5819642541670222 0.7223191058114105 0.5924463192636905 0.7374132795506128 0.6016705365487587 0.7625702357826164 0.6016705365487587 0.7867838061559201 0.597896993113958 0.8003056701306223 0.5798678411476886 0.8229469307394257 0.5555494501234183 0.8399278761960284 0.5111054941135448 0.8572232836055309 0.47588575538873945 0.863512522663532 0.44234314707940103 0.8631980607106319 0.40209201710819475 0.8547075879823304 0.37483864785685733 0.8462171152540293 0.3580673437021882 0.8386700283844282
2 0.22470271489027907 0.37878761059245053 0.21620733814584503 0.3701860416387111 0.17500476093534023 0.33354972942833944 0.17288091674923173 0.3322754229166743 0.21238441861084978 0.3128422486137817 0.24891453861191595 0.2899047314038099 0.25910899070523674 0.294683380822554 0.27397590000799615 0.3077450225671213 0.2981877237296331 0.3297268098933442 0.3015858744274067 0.33641691907958593 0.30234061191612704 0.3472620618449119 0.2708717512588306 0.36250905710325365 0.2581984604934321 0.3684991479698676 0.2449166164790447 0.37625148174606154 0.23957159289259627 0.3796875683373498 0.23098137641437572 0.37854220614025363
0 0.19726173198590657 0.44581091974443493 0.189861368737335 0.4386418178473812 0.17814412692709675 0.43401659081702404 0.17645609214330893 0.4247155308811321 0.1675480168708706 0.4226105333354417 0.16103397959730767 0.41668851838636456 0.15781554590992938 0.40933732325951183 0.16044880983596616 0.4035221987561806 0.16513016792669827 0.40001118018813153 0.16761713941239964 0.4008889348301439 0.1785890724375529 0.39990146085788003 0.18897583570136472 0.3982556709041071 0.19219426938874298 0.399682022197377 0.1998014762861826 0.398036232243604 0.20506800413825618 0.3982556709041071 0.20887160758697598 0.39617100362932794 0.20726239074328684 0.39430577501505193 0.2157473522827387 0.3887100891722237 0.2214527574558184 0.38706429921845065 0.2214527574558184 0.3835532806504017 0.22452489870286133 0.38135889404537093 0.23023030387594104 0.38113945538486793 0.24149482178176512 0.38113945538486793 0.24617617987249713 0.3867351412276962 0.2527593396875891 0.3965001616200825 0.25787957509932735 0.40824012995699654 0.26007396170435804 0.4169079570468676 0.2702358816139863 0.4494027430193809 0.26486433778743823 0.45147330629457616 0.2574954466597174 0.4501834983878663 0.2513847602146947 0.4555742498043297 0.24389367394676384 0.45743425637442425 0.22947810390404244 0.45882057199563564 0.2259229128707637 0.45324234936918517 0.21776767074838468 0.45264675432029366 0.21044923704723395 0.4534093797184909 0.205975257974527 0.45130144671496775 0.19660776502959615 0.44929911416290397
15 0.298557834039439 0.4586444828025573 0.280106922691047 0.368997120055479 0.28176922805425964 0.36349266981994144 0.2897582563144824 0.35854294578915125 0.30254102672408784 0.3557288507391578 0.3252923898129831 0.35338424461930984 0.3471753802648976 0.3515606620816502 0.3636744603675315 0.3503883590217262 0.3832996819632961 0.34934631185734927 0.39215708286049966 0.3506488708128204 0.40188285639468385 0.3562498743213462 0.4039669507234376 0.36159036603877776 0.405703695997399 0.37227134947364077 0.40813513938094514 0.38503642723725745 0.41299802614803727 0.40405378798713565 0.41768723838773325 0.4301049670965576 0.4213344034630523 0.44273978896462723 0.4178609129151294 0.4505551426974538 0.41074025729188735 0.4551140990416028 0.39771466773717634 0.4571981933703566 0.3659322292236815 0.4592822876991103 0.3287658803609059 0.46188740561005254 0.30827228612816066 0.4641017558343534 0.30202000314189936 0.4627991968788823
12 0.6328783610156818 0.3361335212064459 0.6203484081586382 0.32142444611339477 0.616534944245625 0.3067153710203436 0.6225275303946458 0.2895547834117839 0.6361470443696933 0.2789315625112469 0.6612069500837805 0.2695340978684642 0.6808190502078487 0.26708258535295576 0.7020654920089225 0.26871692702996136 0.7402001311390553 0.27770580625349267 0.7554539867911083 0.28097448960750404 0.7603570118221253 0.28506034380001827 0.7527300839960988 0.30957546895510357 0.7407449116980571 0.3349077649486915 0.7222223726919927 0.34593957126848013 0.6987968086549111 0.3528855233957542 0.6721025612638184 0.3512511817187485 0.6514009000217463 0.34634815668773133
3 0.6719383204833143 0.42462660680185804 0.6673950547824612 0.43215829190053123 0.6591229642629824 0.4396885428094657 0.6526400159394095 0.44508280961839686 0.6243358359416828 0.4441178943912017 0.6099264352155676 0.43311786080117615 0.6101837459428195 0.42906521684695614 0.6238212144871788 0.40725813271234396 0.6624178235749879 0.40918796316673434
3 0.7501993658255437 0.4467823649769238 0.7471636548864923 0.4401052905153635 0.7371952335771558 0.4266855134657307 0.7230431435782925 0.4100889715579727 0.7124934037609578 0.4143345985576318 0.7065752570341605 0.4334399200560973 0.7137799573972181 0.4396153775101468 0.7199554148512677 0.4452118858278791 0.7199554148512677 0.4494575128275382 0.7247099984911979 0.4508318021501994 0.7435456993685715 0.45024895167978424
3 0.61122844620462 0.5576957798786907 0.61122844620462 0.5490230084332732 0.6155969533030526 0.5492157366876159 0.6212503154304357 0.5465175411268192 0.6281885325867698 0.5418920630225967 0.6317861266678318 0.5376520414270591 0.6420649668994378 0.5442048020747078 0.6572262562410565 0.5519139322484125 0.6679740880925962 0.5570957111111629 0.6698178355247735 0.5600085189308021 0.6577401982526366 0.5648267252893673 0.642835879916808 0.5700303881566178 0.6274176195693992 0.5650194535437099
3 0.6252484445870612 0.5369309944056315 0.6183884469465448 0.5337375472281498 0.6131459759216304 0.5358564596934338 0.612238104234358 0.5442049574210063
16 0.6608515593400099 0.5530214505785828 0.6623414960261619 0.5504678485864838 0.6559893458479839 0.5441336182970258 0.6480895437562357 0.5408312420127703 0.6438224862435032 0.541882213900778 0.6437412189824637 0.5445742581709031 0.6577493788914947 0.5517906274389831
1 0.7715765384523775 0.45869890151136944 0.7689896737085065 0.46076839330646613 0.7646782324687215 0.46012167712049845 0.7547876207724373 0.45718834784725004 0.7521692438047868 0.4562694981427463 0.7490352398884839 0.4573290244332512 0.7446983056880615 0.4568057973445627 0.7423488697259221 0.45517509389491806 0.7433612980038834 0.45301244676543734 0.7452521352286099 0.45109226217802956 0.7488701724753151 0.4508113262500816 0.7542128478219606 0.44830290017077845 0.7603558180841733 0.4405373006660633 0.7631559514820335 0.44106232567816206 0.7607933389275892 0.4430967976000448 0.7613183639396879 0.44480312888936574 0.7629809431446671 0.4455906664075138 0.7671811432414573 0.45116905716106326 0.7701562849766836 0.45746935730624844
16 0.7996378227193738 0.47257182581948326 0.8024556851027762 0.4702470893531764 0.8019860413722091 0.4679927994464547 0.7904328056002599 0.46785190632728446 0.7798188572894448 0.4679927994464547 0.7793492135588778 0.4705993221511017 0.7801945722738985 0.47221959302155786 0.7874270857246308 0.4726422723790683
16 0.7970651885396003 0.4099662273535869 0.7980049392040214 0.4077343195255875 0.8042699436334935 0.4086740701900083 0.8088120718448608 0.41231560401463896 0.8121011991703336 0.4176017015020061 0.8111614485059129 0.42147817299274204 0.8080289462911768 0.4245323626521097 0.8028603176368623 0.4227703301563207 0.8008241911972838 0.4173667638359009
16 0.7931495607711803 0.4009211272085364 0.7892339330027602 0.401038596041589 0.7868845563417082 0.3991590947127473 0.7875110567846554 0.3969271868847478 0.7878243070061289 0.3924633712287489 0.7918965598852858 0.39070133873295987 0.797535063871811 0.389761588068539 0.8025470674153887 0.39105374523211767 0.803016942747599 0.39258084006180155 0.8011374414187574 0.3941079348914854 0.7964386880966532 0.39446034139064323 0.7964386880966532 0.39633984271948486 0.795029062100022 0.3991590947127473
16 0.5290617250340821 0.43006981431384955 0.5229424568891097 0.4283487701480761 0.5226874873830691 0.42471545468699856 0.5231974263951502 0.42184704774404275 0.5272769384917986 0.4224207291326339 0.5331117045803011 0.42437034132284956 0.533888687705017 0.42746237219821054
16 0.5841351383388348 0.42796631588901524 0.5815854432784295 0.43064349570244076 0.5764860531576191 0.43064349570244076 0.5706217545186871 0.4260540445937114 0.5775059311817812 0.42127336635545165 0.580820534760308 0.421464593484982
16 0.5953537966046177 0.43657153671788296 0.5899994369777668 0.43312944838633594 0.588214650435483 0.429304905795728 0.5938239795683746 0.4249066818165289 0.6032578512918739 0.4145804168218879 0.6065724548704007 0.41515409821047905 0.6098870584489274 0.41611023385813106 0.6078473024006033 0.41993477644873883 0.6068274243764412 0.42375931903934666 0.6035128207979145 0.42758386162995454 0.6004531867254281 0.43064349570244076 0.5994333087012661 0.43312944838633594 0.5986684001831445 0.43523294681117014
16 0.6223315248008442 0.44376668969901656 0.6175773993437054 0.4438581151885769 0.6140016468631222 0.447728460913299 0.6104784689577274 0.44798489884577625 0.6061255257751543 0.44867418839680584 0.6029269663736255 0.45276123652098144 0.6003207327871948 0.45578209817798077 0.5979514295268031 0.45835871547365664 0.5983068250158619 0.45969144855762695 0.5978329643637836 0.4620015192365088 0.5974775688747248 0.4641338921708613 0.5987806856679402 0.46626626510521374 0.6022161753955081 0.46653281172200783 0.6061255257751543 0.46448928765992004 0.6108641322959375 0.46297885683142037 0.6134703658823684 0.46120187938612667 0.6145365523495446 0.4606687861525385 0.6178535769140929 0.4602245417912151 0.6190382285442887 0.45960259968536227 0.6198674846854259 0.45898065757950945 0.6197490195224062 0.4566705869006276 0.6204598105005238 0.4544493650940104 0.6227106485978958 0.4501846192253055 0.6235399047390329 0.4464529665901886 0.6238953002280916 0.4448536868894243
16 0.772349570734872 0.4588974335478039 0.7764383943273425 0.4590069556083165 0.7773145708114433 0.4573641247006275 0.7751241296011913 0.45473559524832496 0.7733717766329896 0.45035471282782086 0.7714733942507712 0.44542622010475375 0.7751241296011913 0.44476908774167817 0.7800891296777626 0.445097653923216 0.7815494238179306 0.44542622010475375 0.7800891296777626 0.4402786832606614 0.7847620709263003 0.4404977273816867 0.788704865104754 0.4394025067765607 0.7923556004551741 0.4369930214452834 0.79162545338509 0.43469305817451875 0.7946920710794428 0.43261213902477935 0.7939619240093588 0.42976456545145164 0.79162545338509 0.42406941830479633 0.7859303062384346 0.4196885358842923 0.7814033944039138 0.42034566824736785 0.7757082472572584 0.42165993297351906 0.7735178060470064 0.42144088885249387 0.7701591295246201 0.418374271158141 0.7675306000723175 0.41552669758481336 0.7635878058938639 0.41366482255609893 0.7593529528873765 0.41344577843507385 0.7546800116388388 0.4112553372248218 0.743435746759545 0.40950298425662024 0.7397850114091249 0.40972202837764543 0.7400770702371585 0.4130076901930235 0.7394929525810913 0.41421243285866216 0.7355501584026376 0.4133362563745613 0.7308772171541 0.41224103576943527 0.725538602450224 0.4126594828226636 0.7279566288737638 0.4148695652217377 0.7347741154243248 0.4201620679975418 0.7352393889327989 0.4230534105144881 0.7377651594073726 0.42694176769245035 0.7392939152209305 0.4271411706246535 0.7420190886277074 0.4301820653407521 0.7428831680005878 0.43372146738735873 0.745342470831094 0.4369617650356606 0.7477609957619643 0.4398828684402381 0.7506191044568769 0.44691182180040057 0.7447034841348487 0.45010226871565157 0.7483592045585739 0.45030167164785484 0.7538095513721277 0.4476097320631118 0.7589940276094107 0.44117898749955886 0.7607886539992392 0.4375897347199015 0.7628999516184904 0.43717544425088023 0.7663602450821908 0.4375825375995509 0.7657496050591849 0.4391600243256495 0.7626964049441552 0.4397197776800716 0.763781987207277 0.4408901710574996 0.7622893115954846 0.44302741113802035 0.7619500671382592 0.44414691784686444 0.7634427427500515 0.44485933120703813 0.7645961739046182 0.44664036460747203 0.7679816022671111 0.4511612036642065 0.77062770903347 0.4570131705513465
16 0.7647491253284326 0.461102869507875 0.7690035970621306 0.46399689969882074 0.7690035970621306 0.4683750479364052 0.7678163026248196 0.46933972466672047 0.7630671248755754 0.4681524302294094 0.7561412406579275 0.46310642887083736 0.7500068860651536 0.45947033965657236 0.7490174740340612 0.4576151920982738 0.7519857101273388 0.45665051536795853 0.7542613577988516 0.45761519209827384
16 0.8333950005612469 0.6433510636117528 0.8247685943448847 0.642562063043183 0.8277141964675448 0.6398794611100459 0.8317117993482981 0.6365656587220531 0.8363406026839073 0.6345142572437719 0.8401278054130418 0.6348298574711997 0.8411798061711349 0.6360922583809113 0.838444604200093 0.6392482606551901
16 0.7534429429461815 0.6375124594043368 0.7557573446139859 0.6420886627020411 0.7479725390040981 0.6424042629294691 0.747551738700861 0.6376702595180507
16 0.7570197455236977 0.6362500584946252 0.7448165367298194 0.6335674565614882 0.7380837318780243 0.6312004548557789 0.7345069293005082 0.6323050556517765 0.7328237280875595 0.6316738551969208 0.7330341282391781 0.6289912532637837 0.7364005306650756 0.6263086513306466 0.7441853362749636 0.6272554520129302 0.7490245397621911 0.6283600528089279 0.7538637432494187 0.6291490533774977 0.7565989452204605 0.6263086513306465 0.7618589490109254 0.6237838495112235 0.7675397531046273 0.6229948489426538 0.7761661593209896 0.6247306501935073 0.7818469634146917 0.6263086513306466 0.7818469634146917 0.6283600528089279 0.7799533620501243 0.6300958540597813 0.7786909611404127 0.6318316553106348 0.7772181600790826 0.633883056788916 0.7727997568950922 0.6371968591769088 0.7683813537111017 0.6373546592906228 0.7584925465850278 0.633883056788916
16 0.7772181600790826 0.6020074338186991 0.7749037584112781 0.6039010351832665 0.7694333544691946 0.6040588352969803 0.7650149512852041 0.5996404321129899 0.7662773521949159 0.5979046308621365 0.7675397531046273 0.5945908284741437 0.772378956591855 0.5971156302935668 0.7763765594726082 0.6002716325678457
16 0.7256701229325273 0.6146314429158146 0.717043716716165 0.6105286399592522 0.70883811080304 0.6105286399592522 0.7037885071641936 0.613526842119817 0.7042093074674308 0.6162094440529541 0.7086277106514213 0.6158938438255263 0.7122045132289374 0.6160516439392402 0.7174645170194022 0.6169984446215239 0.7195685185355881 0.6181030454175215 0.7227245208098672 0.6177874451900935
16 0.7627005496173996 0.5691850101661987 0.7599653476463579 0.5698162106210544 0.7597549474947394 0.571078611530766 0.7549157440075117 0.570920811417052 0.7519701418848515 0.5699740107347684 0.7473413385492423 0.5699740107347684 0.7370317311199314 0.5605060039119316 0.7372421312715499 0.5567188011827969 0.7334549285424152 0.5535627989085181 0.735138129755364 0.550880196975381 0.740818933849066 0.5491443957245277 0.7486037394589541 0.5497755961793834 0.7528117424913259 0.5500911964068113 0.7565989452204605 0.5504067966342393 0.7517597417332328 0.5455149931091069 0.7576509459785534 0.5447259925405372 0.7656461517400601 0.5481975950422441 0.7715373559853806 0.5527737983399484 0.7761661593209896 0.556561001069083 0.7774285602307013 0.5584546024336504 0.7810053628082172 0.5589280027747923 0.7841613650824961 0.5630308057313549 0.7850029656889705 0.5679226092564871 0.7841613650824961 0.5693428102799125 0.7868965670535378 0.574234613805045 0.7932085716020957 0.5762860152833262 0.7976269747860861 0.5777062163067517 0.7988893756957977 0.57644381539704 0.8024661782733138 0.5797576177850329 0.806463781154067 0.5833870204004536 0.8136173863090991 0.5732878131227612 0.8169837887349967 0.5723410124404775 0.8211917917673685 0.573761213463903 0.8216125920706058 0.576759415624468 0.819929390857657 0.5788108171027493 0.8138277864607179 0.5862274224473047 0.8146693870671922 0.5914348261998649 0.8108821843380575 0.5955376291564275 0.8087781828218715 0.5991670317718482 0.804990980092737 0.6021652339324132 0.8020453779700766 0.6029542345009827 0.7974165746344675 0.6009028330227015 0.7978373749377048 0.5985358313169923 0.7900525693278168 0.5950642288152856 0.7896317690245795 0.5931706274507182 0.7913149702375283 0.5901724252901532 0.7854237659922079 0.5884366240393 0.7797429618985057 0.582598019831884 0.7839509649308777 0.5810200186947445 0.7795325617468872 0.5781796166478934 0.7730101570467108 0.5775484161930377 0.7681709535594831 0.574076813691331
16 0.6993475166435545 0.6373350509924692 0.6925891009533545 0.6406697955764495 0.6854749791741968 0.6348006451086443 0.6876092157079441 0.6299986129077128 0.6852971261297178 0.6291982742075575 0.6796058287063915 0.6307989516078679 0.6765823269502494 0.6326664085748969 0.6700017643045285 0.6321328494414601 0.67142458866036 0.6273308172405285 0.6760487678168126 0.6242628522232667 0.6831628895959705 0.6229289543896747 0.6924112479088756 0.6227955646063155 0.694545484442623 0.6230623441730339 0.694545484442623 0.6261303091902957 0.6975689861987651 0.6273308172405285 0.6981025453322018 0.6291982742075575 0.6981025453322018 0.6318660698747416 0.6966797209763704 0.633333357491693
5 0.6013489248565169 0.5223426434288975 0.5956039525554938 0.5180339142031299 0.5980131344881809 0.5108063684050685 0.6039434284763339 0.5009379885654077 0.6054260019733722 0.4988531195851978 0.6108003309001357 0.4984361457891558 0.6076498622189295 0.4920425475831783 0.6104296875258762 0.4868998707653269 0.6124682260843037 0.4845370192544223 0.6180278766981971 0.4818961852128229 0.6222902755021821 0.4800892987633075 0.6315563598586712 0.48453701925442233 0.6371160104725645 0.48717785329602165 0.6410077659022899 0.48745583582671625 0.6445288779577557 0.48842877468414764 0.645084843019145 0.491903556317831 0.6439729128963666 0.49871412831985046 0.6445288779577557 0.5020499186881865 0.6432316261478472 0.5078875518327746 0.644343556270626 0.511362333466458 0.644343556270626 0.514281150038752 0.6393398707181219 0.516366019018962 0.6348921502270072 0.5181729054684774 0.625811387557648 0.5191458443259087 0.6219196321279226 0.5190068530605614 0.6178425550110674 0.5210917220407714 0.6095030790902273 0.52220365216355
5 0.6779067315207358 0.5174644808881286 0.6738296544038807 0.5176034721534759 0.6721617592197127 0.5201053149297281 0.668455325477117 0.521773210113896 0.6625250314889641 0.5224681664406328 0.6560387724394218 0.52052228872577 0.6517763736354368 0.5159355769693079 0.6482552615799709 0.5128777691316666 0.6482552615799709 0.5100979438247198 0.6499231567641391 0.5084300486405519 0.654000233880994 0.5089860137019412 0.6575213459364599 0.5057892145989524 0.6606718146176662 0.5037043456187424 0.6664167869186894 0.5039823281494371 0.6790186616435147 0.5034263630880478 0.6899526411841714 0.5021754416999218 0.6953269701109351 0.4999515814543644 0.7077435231486304 0.49911763386228036 0.7229399014932725 0.4981446950048491 0.7284995521071658 0.49856166880089103 0.7279435870457767 0.5018974591692271 0.7290555171685553 0.5052332495375632 0.7307234123527233 0.5077350923138152 0.7310940557269828 0.5119048302742352 0.7290555171685553 0.5166305332960447 0.732576629224021 0.5187154022762547 0.7366537063408762 0.5173254896227812 0.7388775665864336 0.5120438215395825 0.7399894967092123 0.5156575944386133 0.7448078605745865 0.5163525507653499 0.7603748822934882 0.5177424634188232 0.7609308473548775 0.5192713673376439 0.7464757557587547 0.520939262521812 0.7231252231804022 0.5199663236643807 0.712376565326875 0.5191323760722967 0.7070022364001115 0.5206612799911173 0.6973655086693626 0.5192713673376439
5 0.748514294317182 0.49272403565630296 0.7425840003290292 0.4932800007176923 0.7423986786418995 0.48674741124636756 0.7379509581507846 0.48355061214337886 0.7310940557269828 0.4829946470819895 0.7264610135487382 0.48313363834733686 0.7255344051130893 0.47632306634531735 0.7244224749903106 0.47006845940468733 0.7251637617388299 0.46645468650565663 0.7296114822299445 0.46478679132148865 0.74184271358051 0.466593677771004 0.747773007568663 0.471180389527466 0.7548152316795946 0.4734042497730233 0.7531473364954266 0.4775739877334434 0.7528605872603589 0.4819827572227088 0.752776693121167 0.4832726296126842 0.7516647629983885 0.4866084199810202 0.7492555810657013 0.4916121055335243
16 0.7876171703015659 0.494808904636513 0.7905823172956423 0.49216807059491363 0.7903969956085125 0.48827631516518827 0.7944740727253676 0.48452355100081024 0.800033723339261 0.4846625422661575 0.8011456534620397 0.48674741124636756 0.7991071149036122 0.4903611841453983 0.8002190450263909 0.4934189919830396 0.8013309751491697 0.49661579108602827 0.8013309751491697 0.4982836862701964 0.7965126112837954 0.4995346076583223 0.7948447160996273 0.5014804853731851 0.8029988703333376 0.5077350923138152 0.7983658281550932 0.5128777691316665 0.7957713245352762 0.5148236468465293 0.7957713245352762 0.5164915420306972 0.7905823172956423 0.5178814546841706 0.789099743798604 0.5223291751752853 0.7831694498104511 0.5252479917475794 0.7726061136440536 0.5309466336268202 0.7687143582143282 0.530529659830778 0.7679730714658091 0.5269158869317474 0.7729767570183133 0.5233021140327166 0.7700116100242367 0.5206612799911173 0.7711235401470156 0.518854393541602 0.7613477027334693 0.5192227026321548 0.7605643988782309 0.5176167673510156 0.7405470449956865 0.5156025546567049 0.7391195469680071 0.5118067076285574 0.7384057979541674 0.5118067076285574 0.7364592097346047 0.517062495821377 0.7326958058434498 0.5182304487531147 0.7295812646921491 0.5165271840609973 0.7314629666377266 0.5122933546834482 0.731203421541785 0.5074755488400301 0.729386605870193 0.5051396429765547 0.7283484254864261 0.5021710959417214 0.7289324019522948 0.49837524891357377 0.7222769241349325 0.49777041614535267 0.7125439830371184 0.4982570632002432 0.6953608312003845 0.49969523257442844 0.693290600363327 0.4981308430889067 0.6970113865574562 0.4974079813058803 0.6955536523056971 0.4958933489336313 0.6961092437129107 0.4935770611281461 0.6988175139273874 0.49139697211763145 0.6986571394200269 0.4897837896030805 0.6968375059225203 0.48820070846024954 0.69407166300631 0.4865084493075682 0.6932710242674069 0.48612632627309177 0.6918881028093018 0.48639927129771776 0.6918881028093018 0.48803694144547394 0.6881853887570725 0.48993631920370634 0.6857834725403635 0.49091892129236003 0.6812707814665466 0.49097351029728514 0.6795967186488403 0.4904822092529583 0.6770492317523308 0.4908097432825096 0.6726821113583145 0.4926111804450413 0.6686061323238992 0.49244741343026566 0.6680238496046971 0.493866727558321 0.6687517030036997 0.49512227467160064 0.6683149909642981 0.4969237118341324 0.6670776401859935 0.49905268302621536 0.6691856156069516 0.4983538237873379 0.6739046651169691 0.4978739204473361 0.6769440529369806 0.4972140533548337 0.6779038596169841 0.49739401710733433 0.6793435696369896 0.49841381170483806 0.6821430057869999 0.500513388817346 0.6849424419370104 0.5016531592498502 0.6871819908570188 0.5018931109198511 0.6882146094532723 0.5021715345861004 0.6812631829969966 0.5029294520253227 0.6788619011541079 0.5033578785237295 0.6703429069528927 0.5036582276782595 0.6664110634754088 0.5037947500212278 0.6606225161335573 0.5034944008666977 0.6573459799023209 0.5056241494170015 0.6538874138804599 0.5086276409623017 0.6498099465704764 0.508081551590429 0.6480580162141589 0.5100632907644804 0.6478695335370245 0.5128434102522146 0.6458044794219019 0.5143456655654564 0.6444222731229154 0.5145341482425909 0.644547928241005 0.511329942731304 0.6433856183986757 0.5079372545428829 0.6447992384771846 0.5021414122209964 0.6441395491072137 0.49870160336329145 0.645364686508588 0.491892666651807 0.6448306522567069 0.4883350561208929 0.641092412493539 0.48727484106201124 0.6373855865098935 0.48701567738095136 0.6223202816556241 0.47968752076065224 0.6122118722313159 0.48425975689102174 0.6086161577924403 0.48911397138350377 0.6041906630984396 0.4896118395365788 0.6047438499351898 0.49230862536573544 0.6052970367719398 0.49442456501630455 0.6041906630984396 0.4963330596030923 0.5991566628840139 0.49641603762860487 0.5993226189350389 0.4987809113557114 0.5958928605471885 0.500813872980768 0.5958928605471885 0.5025564115165307 0.5969992342206886 0.5073691369962565 0.5979949705268387 0.5089457194809942 0.5982715639452137 0.5094850766468255 0.5952843550267634 0.5175754341342954 0.6010374981289642 0.5225541156650462 0.604252869385475 0.5252579771181641 0.6051836646708596 0.527817664152972 0.6046251874996289 0.5295396354309337 0.6015845895673722 0.5314012260017033 0.5972043647936208 0.5328423222078268 0.5934988269529209 0.5354979576603284 0.591275504248501 0.5366096190125385 0.5878993475491965 0.5361155473004451 0.5868288588396608 0.5384006289688767 0.5864994776982654 0.54185913095353 0.5850996078473342 0.5466145711824283 0.5873229305517542 0.5489614118148717 0.5910284683924542 0.5490849297428949 0.5943222798064097 0.5497642783470233 0.5975337459350164 0.5480350273546967 0.5989336157859475 0.5450088381181251 0.601486319631763 0.54445300744202 0.604450749904323 0.5451323560461484 0.605932965040603 0.54741743771458 0.6101785644352636 0.5463815546112121 0.6116607795715435 0.5460110008271422 0.6118254701422414 0.5447758215469088 0.6254947875101569 0.5372412279374855 0.6238317439776598 0.5348225409133702 0.6171718842505741 0.5295366813726978 0.616327989500787 0.5283919775703346 0.6112199417489446 0.5271796244646758 0.6076637059723454 0.5249488947502636 0.6050126938479715 0.5238820240172839 0.6031375877112192 0.5230091297812096 0.6030082700466156 0.5224756944147197 0.6095388121090978 0.522378706166267 0.618009119140634 0.5214573178059663 0.6178798014760303 0.5237365416446048 0.6199488841096881 0.525821788986338 0.6233111433893818 0.5267431773466388 0.62719067332749 0.5269856479677705 0.6286778264704314 0.5265492008497333 0.6353376861975171 0.5231546121538887 0.6389585808064181 0.5216512943028717 0.6428381107445262 0.5212633413090609 0.6470409348441435 0.5210208706879291 0.649174676310103 0.5231546121538887 0.649497970471612 0.5245124476322265 0.649497970471612 0.5259672713590171 0.6472349113410487 0.5259672713590171 0.6454244640365983 0.5247549182533583 0.6430967460737333 0.5253853418683009 0.6412216399369811 0.5271311303404496 0.638958580806418 0.5281495069492029 0.6407043692785664 0.5312531308996895 0.6419328870923009 0.5337748253594599 0.6417389105953956 0.536005555073872 0.6416742517630937 0.539448637893943 0.6403810751170578 0.5426492500928823 0.636954157005062 0.5406124968753755 0.6314581562594087 0.5372664023037571 0.6279665793151116 0.5416308734841289 0.6211774019234222 0.5462378152856323 0.6155520835131654 0.548953486242308 0.6108319887551337 0.5487110156211763 0.6108966475874356 0.5579248992241832 0.6151641305193546 0.5602041230628217 0.6211127430911204 0.5627743116468185 0.6198842252773862 0.563404735261761 0.6147115186932418 0.5618044291622913 0.6125777772272823 0.5660719120942104 0.6187203662959537 0.5665083592122476 0.6211127430911204 0.5666538415849267 0.6253155671907376 0.5684481241813016 0.6280958969797151 0.5667993239576057 0.6290657794642421 0.5660719120942104 0.6364368863466477 0.5682056535601698 0.6427734519122246 0.5704848773988085 0.6539374133042357 0.56699818274459 0.6669880858926238 0.5712647487831015 0.6695536027262385 0.5740254679844913 0.6754654458645681 0.5762842382401738 0.6804849353216408 0.5780410595501493 0.6845005268872986 0.5837298142681646 0.6903471166626863 0.5897063530483853 0.6933269405625991 0.5909851277434013 0.700245744215486 0.5885100880273086 0.7020726191635493 0.5896982635622181 0.7084363096187333 0.584024930510821 0.7126081540326231 0.5838144285190122 0.7154764337223789 0.585965638286329 0.7183447134121345 0.5873997781312068 0.7201263247512278 0.5886581209967193 0.7208942953585838 0.5918217093195801 0.7213723419735432 0.5969607104303923 0.7200975510003186 0.5988728968902294 0.72121299310189 0.6012631299650257 0.7306145765294225 0.601024106657546 0.724718668278258 0.5987533852364896 0.724718668278258 0.5896704995522634 0.7204162487436246 0.5862046615938086 0.7272682502247075 0.5824998003278742 0.7266308547380952 0.5790339623694195 0.7294991344278506 0.5777193341782815 0.7325267629892597 0.5774803108708019 0.747346208052997 0.58536808001763 0.7483023012829156 0.5868022198625077 0.745593370464813 0.5873997781312068 0.7537201629191206 0.5945704773555959 0.7589786756836727 0.5961241288542135 0.7588193268120196 0.5993509435051886 0.753879511790774 0.5988728968902294 0.7551543027639986 0.6000680134276275 0.7541683298771303 0.6015485168145184 0.7508207817173371 0.6030549134864254 0.7490354226987805 0.6030967578384228 0.7445162326830598 0.6045194658063349 0.7407781372379574 0.6047286875663219 0.7375490057477623 0.6051975151019665 0.736388750110065 0.6067004959084042 0.7298084161190256 0.6068547764874779 0.7204366826523098 0.6069861559286001 0.7165828857127258 0.6055409820762561 0.7150939187133409 0.6039644287827899 0.7013034567102159 0.6043454291620443 0.6998144897108312 0.6061190516171937 0.7002524211812384 0.6082211226751486 0.6981503501232834 0.6107830217770311 0.695785520183084 0.6115056087032033 0.6856255100696351 0.6118340573060087 0.6711737715461951 0.6103888834536647 0.6617233891623451 0.609841915984503 0.6604721563897528 0.6074288242087894 0.6560034679162091 0.6085013094424399 0.6579696908445684 0.6122550077602166 0.6588634285392772 0.6142659175733113 0.6535010023710245 0.6177514945826753 0.6511772843647818 0.6178855552368816 0.6499260515921896 0.6201645863583889 0.6467085958912384 0.6217733142088646 0.6422399074176947 0.6209689502836268 0.6393799467946267 0.6196283437415636 0.6408099271061606 0.6223095568256898 0.6429548975734618 0.6236501633677529 0.6429548975734618 0.6247226486014034 0.6393799467946267 0.6256610731808476 0.6338387730874325 0.6244545272929908 0.6293700846138889 0.6225776781341025 0.6279401043023549 0.6194942830873573 0.6270463666076462 0.6146680995359302 0.6247226486014035 0.6135956143022797 0.6200752125889181 0.6141318569191049 0.6177514945826753 0.6139977962648986 0.6179302421216171 0.6103781586013283 0.609529107791355 0.609841915984503 0.6097078553302968 0.6078310061714084 0.6136772827305796 0.6043972798762189 0.6054179143956948 0.6039021422294095 0.6075931913983879 0.598993193312068 0.6128002202979198 0.5951489415073354 0.6198785252082211 0.5946607825480044 0.6201226046878867 0.5936234447594257 0.6209362029534384 0.5920369281415996 0.6245160353218668 0.5913046897026029 0.622888838790763 0.5897181730847767 0.6221566003517662 0.5881316564669505 0.618088609024007 0.5874604378978703 0.618576767983338 0.5891689942555292 0.6166241321460136 0.5903283717839406 0.6117425425527023 0.5905724512636061 0.6068609529593911 0.5905724512636061 0.6072677520921671 0.5938675242390913 0.6075931913983879 0.5963083190357469 0.607674551224943 0.5977117760438239 0.6074081341842699 0.5988385680515613 0.6071802434898119 0.5992658631036701 0.6049629600493456 0.6040895010235467 0.5998229203170744 0.6015370671102359 0.5994741080296387 0.5981797488436671 0.5910624210598215 0.5920652563861991 0.587690568947943 0.5896671719100786 0.5872254858980288 0.5857866352123563 0.5831613481748615 0.5860571427005717 0.5778223845916619 0.5836546090881318 0.5760148488096609 0.5802563587674252 0.5693708052394568 0.5775868769758253 0.5675911507117236 0.5730487579301055 0.5675911507117236 0.5658411570927857 0.568896230698728 0.5637055716595059 0.5658114961839903 0.5603242280568128 0.563438623480346 0.5580106771707596 0.5646250598321682 0.5550742471999998 0.5679470816172703 0.5510700245125999 0.5647437034673504 0.5489344390793199 0.566167427089537 0.5435064927697335 0.5684216561579991 0.5407480282517471 0.5640318416562572 0.5388793909976272 0.5615403253174305 0.5400361664406538 0.5609471071415195 0.5411929418836803 0.5599979580600618 0.5419937864211604 0.5599979580600618 0.5443963200336002 0.5597606707896973 0.5483115599946133 0.5595233835193328 0.5499132490695733 0.5569132235453241 0.5508920590598265 0.5552522126527731 0.5507140936070533 0.55133697269176 0.5460869918349467 0.549675961799209 0.5419048036947738 0.5493200308936622 0.5401251491670405 0.5483708818122045 0.5347861855838406 0.5495573181640268 0.5330065310561074 0.5527606963139465 0.5314938247075341 0.5562013617342308 0.532027721065854 0.5583369471675108 0.5330065310561074 0.5610657507767017 0.5342522892255207 0.563438623480346 0.534964151036614 0.5656928525488082 0.5352310992157739 0.5718623215782834 0.5299811183589609 0.5731674015652878 0.5292692565478676 0.5758962051744787 0.5297141701798009 0.5808792378521318 0.5332734792352675 0.5839639723668695 0.533896358319974 0.5857436268946027 0.5323836519714008 0.5896588668556159 0.5327395828769474 0.5901334413963448 0.5296251874534142 0.5849131214483272 0.5263328265771077 0.5825402487446829 0.5253540165868544 0.5796928015003097 0.5261548611243344 0.5775572160670298 0.5254429993132411 0.5715063906727368 0.5202820011828148 0.5744724815522921 0.5169896403065083 0.5742351942819277 0.5146760894204551 0.5768453542559364 0.5129854176191084 0.5768453542559364 0.5090701776580954 0.5785063651484875 0.5076464540359087 0.5802860196762207 0.5090701776580954 0.5882351432334293 0.5087142467525486 0.5839639723668695 0.5032863004429622 0.5827775360150472 0.49812530231253577 0.580997881487314 0.4925193905501761 0.5812351687576786 0.4879812715044563 0.5839639723668695 0.48655754788226974 0.5872859941519716 0.48833720241000284 0.5883537868686115 0.4895829605794162 0.5888283614093404 0.4871804269669763 0.5910825904778025 0.4841550142698299 0.5923876704648069 0.4811296015726833 0.5894215795852514 0.48104061884629656 0.5865741323408782 0.48104061884629656 0.5836080414613228 0.48059570521436334 0.5836080414613228 0.47685843070612355 0.5859809141649671 0.47303217347149706 0.5887097177741581 0.47000676077435055 0.5947605431684512 0.46893896805771057 0.6009300121979264 0.4690279507840973 0.6070994812274016 0.4701847262271238 0.609472353931046 0.47116353621737717 0.6139808120679703 0.46938388168964384 0.6169469029475256 0.4690279507840973 0.6196757065567167 0.4697398125951906 0.620980786543721 0.46982879532157723 0.6213367174492677 0.46689236535081735 0.6233536592473653 0.4643118662856041 0.6248960265047342 0.46404491810644416 0.6282180482898362 0.46075255723013764 0.6292858410064762 0.45603647273164455 0.6297604155472051 0.4543458009302979 0.6326078627915783 0.4525661464025647 0.6358112409414981 0.45140937095953804 0.6411502045246977 0.452744111855338 0.6486223311241036 0.4546901363664286 0.6521438122338513 0.45615742016215677 0.6564478447013208 0.45772252287760024 0.657426033898473 0.4588963499141828 0.657165183445899 0.45972781073176205 0.654034978015012 0.4615374607464936 0.6496005203212557 0.4617820080457816 0.6458181887589342 0.4606081810091991 0.6414489436783213 0.45943435397261645 0.6390360769920125 0.459238716133186 0.6385795887000082 0.4607059999289143 0.6383839508605778 0.46232001210421536 0.6425575581017603 0.46432529995837724 0.6451660626274994 0.46618385943296636 0.6479049923795253 0.4672109580899761 0.6512960482629861 0.46765114322869455 0.65455667892016 0.46779787160826736 0.6582737978693382 0.46711313917026087 0.6582737978693382 0.4661349499731088 0.6565782699276077 0.4645209377978077 0.6581433726430512 0.46295583508236426 0.6604258141030729 0.4618798269654969 0.663034318628812 0.4627112877830762 0.6675815207497715 0.4648844159465598 0.6703204505017974 0.46522678216556307 0.6726028919618191 0.4641996835085533 0.6750809712612713 0.46380840782969246 0.6752766091007019 0.4600423794206566 0.6736462937721148 0.45935764698265014 0.6707769387938017 0.4579881821066371 0.6712986396989497 0.4555427091137567 0.6694726865309323 0.4546623388363198 0.6667337567789062 0.4534885117997372 0.6641252522531673 0.45490688613560776 0.6604602033870651 0.45673833914193307 0.6578581034472955 0.45750376593823966 0.6564931560305837 0.4576417231174559 0.6521717969318742 0.4560784441678029 0.6481532331864689 0.4543831125877101 0.651646643715145 0.45320151785006957 0.6553620910741419 0.4510833144472779 0.6591208740579444 0.4485237167369915 0.663257332886829 0.44705145745944785 0.6664084704034765 0.4457853754215091 0.666914903218652 0.443844049630003 0.6614004125645188 0.4415228992271153 0.6598248438061948 0.4395393707010113 0.6647774753870473 0.43574323472392473 0.6714736426099235 0.43181838040631454 0.6740058066858009 0.43143855579493295 0.6764817004488812 0.43291565150586153 0.6795202973399341 0.4332110706480472 0.6802518114062989 0.4316073667333248 0.6821650020414062 0.4298770546148084 0.6846408958044864 0.428357756169282 0.6870042489419723 0.428357756169282 0.6888611692642824 0.42899079718825134 0.6903804677098089 0.4306367038375718 0.6971191686217368 0.43908830568244606 0.6972792375060246 0.44104914951497276 0.6956785486631457 0.4417694594942682 0.6945580664731303 0.44284992446321153 0.6948782042417062 0.44385035499001085 0.6972792375060246 0.44525095772752993 0.6990933515279543 0.4468916637914808 0.6997336270651057 0.4475319393286325 0.7017078099713231 0.4469316810125528 0.7032551425194394 0.4471717843389847 0.7040554869408788 0.4482922665289999 0.7044823372989799 0.4524940747415572 0.7066699453842478 0.45373460859478826 0.7080038527533135 0.4535345224894285 0.7080038527533135 0.4520939025308374 0.7068300142685356 0.44957281760330303 0.706189738731384 0.4479321115393521 0.7059229572575709 0.44593125048575344 0.705762888373283 0.4447307338535943 0.7010141781394088 0.44188951115748426 0.6992000641174794 0.4402888223146052 0.6973859500955499 0.4389282367981581 0.6905371668179735 0.4305852987344341 0.6896834661017714 0.4292647304390589 0.692351280839903 0.42902462711262707 0.6963530029471003 0.42998504041835445 0.6998211621066713 0.43014510930264227 0.7006215065281108 0.4317057809244493 0.7043564471614949 0.4353073308209269 0.708838375921556 0.43574752025271857 0.7197764163478955 0.44523160164677633 0.71966970375837 0.4496334959646934 0.7245251265817696 0.45127420202864427 0.7311946634270984 0.4510340987022124 0.7341826159338057 0.4524747186608035 0.7387179009886294 0.45263478754509134 0.7396783142943569 0.45343513196653085 0.7404253024210337 0.4544355624933302 0.7403434106687037 0.4568528915762717 0.7393305351599948 0.4578887869829058 0.7410800474023101 0.46075476427459333 0.7437043157657831 0.4623086073845446 0.7460063055583032 0.46476022651357857 0.7484003749425243 0.46918004691521725 0.747962523385665 0.47043463399942903 0.7463511305309009 0.46981309675544863 0.7420694295168133 0.4663255822197805 0.7296386846372042 0.46456456002850255 0.7249886652563133 0.46629105237289264 0.7241139091351557 0.470123865377439 0.7262317397442744 0.4834523862761307 0.7313421570836691 0.48317614750102833 0.7379718876861274 0.48372862505123315 0.7420694295168133 0.4868017814242476 0.7423456682919156 0.49360416126114487 0.7489293590985235 0.492706385242062 0.7513357209581248 0.4927176894824814 0.7603424193372645 0.4907995963091461 0.7639562180696352 0.4899239450778409 0.7679591951270307 0.4895903636563912 0.7698494898485784 0.4895903636563912 0.775076432738176 0.4961606667286182 0.7745204637024267 0.4976200854474602 0.7745760606060016 0.5002887368190572 0.7773003088811734 0.5003721321744196 0.7784122469526722 0.49983006236456395 0.7791906036027213 0.5008308066289128 0.7801357509634951 0.5012477834057248 0.7821928363957678 0.49937138791007074 0.7798577664456203 0.4970780156376047 0.7788014252776967 0.49390899213383327 0.7794685881205958 0.49282485251412206 0.7829155961422419 0.49332522464629647 0.7855286506102638 0.49370050374542734 0.7866405886817626 0.4951182247865881
16 0.7581415368156729 0.4890039454187535 0.7539429187947507 0.49064495457481816 0.7506313327500799 0.49064495457481816 0.7505721972849966 0.4892257034128163 0.7520505839120818 0.4860767398971247 0.7531741577486665 0.4829721279802456 0.7534106996090002 0.4802223288538671 0.7551007536500639 0.479795595954248 0.75728876585815 0.48214623069131357 0.75728876585815 0.4830776142663773 0.7556921083008981 0.4849847330153172 0.7560469210913985 0.4862265777820689 0.7581166623693179 0.48804499333338375
16 0.6949207875202018 0.5285149286304099 0.6882552524179559 0.5325840052916648 0.6865501155313347 0.5325840052916648 0.6854650284216668 0.5338628579566306 0.6820547546484248 0.534444154622524 0.6787994933194209 0.5330490426243796 0.6738390951037959 0.5278173726313378 0.6712038835517453 0.5247946299686913 0.6705682136699457 0.5221613709297463 0.671990498029075 0.5208239428716065 0.675084125465643 0.5196434797708109 0.6768208987633654 0.5203354753816222 0.6791546878821798 0.5204575922541183 0.6802944453588101 0.5185851335425112 0.6832252502987166 0.5183816054216844 0.6888697635163145 0.5187072504150074 0.6957625825416501 0.5193585404016533 0.7073551996629956 0.521031989316716 0.7123484228939475 0.5193630587259358 0.7192955160848373 0.5201364655850776 0.7234197914658779 0.5212828354765126 0.7302572347501645 0.5218096932638291 0.7350340786885018 0.5220204363787558 0.7381249777074258 0.5225472941660724 0.7406070632832286 0.5239522482655834 0.7413563721363012 0.5247249730203144 0.7392489409870346 0.5261650509723131 0.7376566596742555 0.5276051289243119 0.7274004947478255 0.5279563674491895 0.7223426599895862 0.5278158720392384 0.7195706579661928 0.527771007481289 0.7184935264899011 0.526225557971827 0.7130142055018083 0.5261201864143638 0.7108131107459079 0.5273495212514357 0.7053806215611321 0.5294920762531901 0.7048186399213275 0.5373598192104514 0.7047718081180108 0.5395726219171811 0.7001505468032297 0.5413581014856266 0.6931872174470528 0.5424845224108905 0.6941429685351557 0.5377740349052416 0.6952352554929871 0.5320395283766254
5 0.7002309754949032 0.5881814105407493 0.6979045153690463 0.5889694050995073 0.6934016893190011 0.5905453942170232 0.6907750407898081 0.5895322583557631 0.6848463198239151 0.5836222991650787 0.6806436821772059 0.577599769323143 0.670095563347569 0.5737726094270175 0.6681443387258829 0.570733201843237 0.6719717408684214 0.5646543866756759 0.6773000850276416 0.5566055851112199 0.675949237212628 0.5515961911305446 0.6753488604059554 0.5466993678011204 0.6784257915401528 0.542083971099824 0.6821030994810232 0.5403391260054314 0.6876565849427456 0.53870685156229 0.6935853059086385 0.537806286352281 0.6929849291019659 0.5419151151229473 0.6914839870852841 0.5428719656585819 0.6903582805727728 0.5436599602173398 0.6912588457827818 0.5448982373811023 0.693885494311975 0.5465305118242436 0.6998142152778678 0.5469807944292482 0.7028911464120654 0.5490633514773942 0.7072438782604425 0.5492322074542708 0.710245762293806 0.5500202020130288 0.7115966101088196 0.5514273351536679 0.71197184561299 0.5536787481786906 0.7122720340163263 0.5560427318549643 0.7109211862013127 0.5577875769493568 0.7097204325879674 0.5596449926950005 0.7097204325879674 0.5629095415812833 0.7086697731762901 0.5662303757931917 0.7095703383862991 0.5688757860975933 0.7106960448988106 0.5706206311919858 0.711071280402981 0.5724217616120039 0.7106960448988106 0.5757425958239123 0.7104709035963082 0.5777125822208071 0.7087448202771243 0.5800765658970809 0.706868642756272 0.5831722588064869 0.7032663819162359 0.5855925278083862
16 0.5595661288637404 0.5278772238332425 0.5571608969722948 0.529958674508532 0.5504077458924667 0.5289179491708872 0.5489276031900385 0.5229511239017239 0.5462448445418877 0.5121969620793949 0.5508702904869754 0.5117806719443371 0.5576234415668035 0.5144865578222133 0.5589185664314281 0.5213553450506687
16 0.5597714682745222 0.5031560099066478 0.5611591020580485 0.5039885901767636 0.562084191247066 0.5060700408520531 0.5615291377336555 0.5073189112572267 0.558291325572094 0.5089840717974583 0.552648281519087 0.5078739647706373 0.5515381744922659 0.5053762239602899 0.5490404336819186 0.503641681730882 0.5461726571959642 0.5018377578122977 0.5456176036825536 0.4987155817993635 0.5475602909794904 0.4971198029483082 0.5521857369245782 0.4976054747725424 0.5573662363830766 0.49781361984007133 0.5606965574635397 0.49975630713700825 0.5608815753013433 0.5012827042988872 0.5591239058422098 0.5025315747040608
16 0.5680047620567784 0.4919161762600845 0.5645819320574135 0.4918467945709082 0.5637493517872977 0.4948995888946661 0.556441147194059 0.49455268044878453 0.55227824584348 0.4938588635570214 0.5504280674654448 0.4918467945709082 0.5502430496276414 0.48997348896314763 0.5544059509782203 0.48837771011209236 0.5585688523287993 0.4860881143692739 0.5631017893549853 0.48483924396410016 0.5664321104354485 0.4847004805857476 0.569299886921403 0.4860881143692739 0.568559815570189 0.4882389467337397 0.5680047620567784 0.48948781713891343 0.5692073780025013 0.4909448326116161
16 0.5751828498002517 0.4497551666504494 0.5690386757396352 0.45000651922565665 0.5556332050619264 0.44950381407524254 0.5518349883699089 0.45117949790995615 0.550494441302138 0.4546984339628547 0.5518349883699089 0.4571281755231894 0.554404370249803 0.4578822332488105 0.5549629315280409 0.4591389961248457 0.5519467006255564 0.4583011542074889 0.5477016349109487 0.4572957439066607 0.5412223240833894 0.45813358582401764 0.5373123951357243 0.45897142774137434 0.5373123951357243 0.4617363060686518 0.5385412299478477 0.4643336160124579 0.5418925976172749 0.4665957891893212 0.5458025265649399 0.46760119949014933 0.549712455512605 0.46734984691494236 0.5516115638586137 0.4683552572157705 0.5525052619037943 0.4700309410504841 0.5522818373924991 0.47078499877610525 0.5564151908514594 0.4739687980620611 0.5624476526564284 0.477906655073638 0.5661341570927982 0.48033639663397276 0.5704909350630536 0.48125802274306523 0.5733954537098905 0.47958233890835167 0.5744008640107188 0.4759796186637174 0.5722783311534148 0.4738850138703254 0.570155798296111 0.47170662488519766 0.5706026473187013 0.46961202009180575 0.5738423027324808 0.46961202009180575 0.5760765478454322 0.4687741781744489 0.5786459297253265 0.46684714176452824 0.5776405194244983 0.46575794727196446 0.5738423027324808 0.464836321162872 0.5704909350630536 0.4645011843959292 0.5679215531831595 0.46374712667030804 0.5683684022057498 0.46140116930170905 0.5662458693484458 0.4583011542074889 0.5647936100250274 0.45545249168847585 0.5684801144613973 0.454363297195912 0.5726134679203575 0.4538605920454979 0.5759648355897847 0.4503416559925993