13 0.1873309205888823 0.7231015044229767 0.15692279929210276 0.7191194885388746 0.12168799207519951 0.7071734408865684 0.0974990555864994 0.6921467609457431 0.07191762020984362 0.670064672861177 0.05936823681752192 0.6461725775565647 0.05695489385746004 0.6154024548157758 0.06419492273764564 0.5933203667312097 0.08350166641814055 0.5697902728706066 0.11053110757083347 0.550966197782124 0.14286990323566248 0.5404681559058548 0.18486207074073893 0.5339521299136878 0.2234755581017288 0.5361241385777434 0.25822769672661966 0.5408301573498642 0.28767048083937447 0.5516902006701425 0.3175959335441416 0.569066269982588 0.32966264834445097 0.5777543046388107 0.3431773689207974 0.585718336407015 0.35910543245720566 0.5983883869473396 0.36972414148147786 0.6074384230475717 0.37310282162556446 0.6106964360436552 0.37455082740160167 0.6291585096881285 0.37696417036166346 0.6516025992167038 0.3571747580891562 0.6588426280968893 0.34124669455274786 0.6725986829692421 0.33062798552847567 0.6849067320655575 0.29249716675949816 0.7059028158180958 0.25291834221448356 0.7203828735784669 0.2181662035895927 0.7236408865745504
12 0.5811141000318033 0.7024952548278143 0.5315707715436355 0.7051181369242466 0.5175820670293293 0.7121124891813999 0.5129191655245605 0.7169211063581926 0.5187477924055215 0.7422756332903725 0.5251592819745785 0.764132984093976 0.534485084984116 0.7741873654636335 0.5525538283150948 0.7820560117529307 0.5752854731508423 0.7886132169940118 0.5933542164818212 0.7912360990904442 0.6120058225008961 0.7890503640100839 0.6324060165842593 0.7829303057850749 0.643480407658085 0.7715644833672012 0.655137661420007 0.7553900437725346 0.6545547987319108 0.7418384862743005 0.6522233479795265 0.7352812810332194 0.6481433091628539 0.7322212519207149 0.6394003688414124 0.7427127803064447 0.6294917031437788 0.7431499273225167 0.6201659001342414 0.7422756332903725 0.6038457448675508 0.7282869287760664
9 0.5502223775627104 0.6552833770920309 0.5659596701413049 0.6810750510402829 0.5816969627198993 0.699872372731382 0.5900774531000944 0.7109992726703198 0.6071273754721025 0.7294711944958082 0.6203923433395602 0.7411035509334251 0.6308002412047962 0.7418688375411631 0.639167374782731 0.7417157802196154 0.6469222790744754 0.7313078823543795 0.6567179476535212 0.732226226283665 0.6691666098060584 0.7388076911102114 0.7152878826990653 0.7320731689621173 0.7848779448960356 0.721053041810691 0.8283462242155512 0.7130940610902163 0.8322236763614232 0.7144715769841448 0.8340603642199944 0.7156960355565254 0.8397745042244376 0.712481831804026 0.8518150135195147 0.7098798573377171 0.8358970520785654 0.6832478833884366 0.8116119570596814 0.6491161006833244 0.8067141227701584 0.6394734894258263 0.7985510656209537 0.6367184576379696 0.8158975620630138 0.6295247635252329 0.8138567977757127 0.6249330438788053 0.7650825313092142 0.6281472476313047 0.7034514498327185 0.6335042538854703 0.6365143812092396 0.6408510053197545 0.5726384590167124 0.6474324701463007 0.5605979497216355 0.649269158004872 0.5510063575713199 0.6538608776512995
4 0.3532651424938559 0.5774285033392023 0.30077983959840854 0.5466453126364391 0.2633236048279555 0.5259830895932932 0.2583427043583221 0.5219983692175865 0.2576785842957043 0.5127837033487646 0.26081498316555607 0.5078035913879413 0.2646518449531911 0.5045652175738694 0.2985219681466987 0.47766835503784866 0.31944175011915915 0.4624766086054667 0.3254188306827194 0.45799379818279656 0.3287394309958083 0.45774475315931484 0.3433500723733998 0.4647180138168017 0.387846116568792 0.48738111095363396 0.41374679901088596 0.5030709474329793 0.42171623976229955 0.507055667808686 0.4280253803571686 0.5112894332078746 0.43234216076418425 0.5205040990766964 0.4336704008894198 0.5317111251333717 0.4366589411711999 0.5389334308143403 0.4263650802006241 0.5483971417066438 0.39581555732020557 0.5708111938199943 0.3831972761304675 0.5802749047122979 0.37290341515989167 0.5822672649001513 0.3622774941580069 0.5805239497357796
2 0.25011162661203595 0.5291709982249239 0.22399510383227816 0.5246095507531169 0.19680529929444807 0.5187065010837195 0.17927503057926814 0.5173648988861292 0.17140429768673837 0.5098519265796236 0.18102685652818454 0.47922030497925516 0.19497951938312366 0.44997337707178664 0.20535457637782198 0.4494367361927506 0.22324260567902598 0.45292490190648527 0.24792808611468747 0.4585596311363646 0.26295403072769885 0.4590962720154007 0.267962678932036 0.46526764212431615 0.27082476362022867 0.473585575749376 0.2765489329966139 0.47626878014455654 0.2715402847922768 0.48887984080190544 0.2676049183460119 0.4985393766245555 0.26690858579930926 0.5006799451488676 0.2606029766417675 0.5055273821887278 0.257111213398766 0.5107543417608839 0.2563230122540732 0.5147741675988168 0.2567959329408889 0.5217497477293473 0.2569535731698274 0.523523200304906
15 0.2981468702180011 0.47732082511487 0.29072117113967444 0.47837706679411474 0.28611211653933377 0.4781850228524338 0.2780796275538879 0.47530875566013286 0.2729584557757316 0.47252411850576037 0.26796531329202916 0.46196170171331297 0.26284414151387286 0.45447198798775934 0.25311391513537584 0.43882040674076905 0.23506178461737484 0.40684509045090556 0.22405126529433872 0.3886969379620641 0.22417929458879265 0.3863924106618938 0.2284042613057716 0.38533616898264905 0.22917243707249504 0.38216744394491475 0.23339740378947404 0.37967087270306366 0.254266178785461 0.3736214885401165 0.2928029964160872 0.36382724751439255 0.3249383493240181 0.35672162167220073 0.3327481362857065 0.35518527013875384 0.33633295653041595 0.3560494678763177 0.3408139818363026 0.35902614897237106 0.3478555930312676 0.370164697589861 0.35272070622051616 0.3800549605864254 0.3634751669546443 0.3987792449003094 0.37000466097179374 0.40962972760527805 0.38255153182827667 0.43286704454866237 0.3888249672565181 0.44352548331195024 0.3888249672565181 0.4474623841164079 0.38716058642861734 0.4522634826584294 0.38152729747264547 0.4581208228796957 0.37013269026624757 0.46090546003406824 0.34798362232572155 0.46599462448861106 0.3309557261633518 0.4574486690838127 0.32852316956872746 0.4565844713462488 0.32340199779057116 0.4575446910546531
16 0.5517077119848818 0.5341755682814201 0.555406476479283 0.5349523088252442 0.5551105753197308 0.5379483080657093 0.5517077119848818 0.5388360115443656 0.5450499358949595 0.5390579374140296 0.5446060841556315 0.5361729011083967 0.5457896887938398 0.5350632717600763
16 0.577155211706362 0.5299589767578027 0.5767113599670338 0.5336207536072598 0.5749359530097212 0.5348413458904122 0.5667986711220386 0.5356180864342365 0.5641355606860697 0.534064605346588 0.5608806479309968 0.5285164586049862 0.5610285985107728 0.5190846091442632 0.570941287355768 0.5205271272970796 0.574196200110841 0.5226354230588883 0.5750839035894972 0.5265191257780095 0.5808539762007632 0.5208600161015757 0.5851445430142685 0.5219696454498961 0.5855883947535966 0.5265191257780095 0.5845527406951644 0.5292931991488105 0.5820375808389715 0.5317343837151153
16 0.6159182636076864 0.5136474253374933 0.6061535253424674 0.5140912770768215 0.6077809817200038 0.5113172037060206 0.6071891794008997 0.5009976507666413 0.6089645863582124 0.4983345403306725 0.6125154002728374 0.4987783920700005 0.614438757809926 0.4994441696789928 0.6154744118683584 0.5019963171801296 0.6159182636076864 0.509541796748708
16 0.6041470741385147 0.5846073523350834 0.5935850623528762 0.5820988745359944 0.5955214311802433 0.5774779943797775 0.6043231076682752 0.5715368627503561 0.6076677447337274 0.5732531896655223 0.607843778263488 0.5776100195270981 0.6066115435551636 0.5807786230627896
16 0.5644384546013151 0.572064188080675 0.5621127177043842 0.5701857082793078 0.5632755861528497 0.5675692542702605 0.5682848656231624 0.567636342834595 0.5732046936743626 0.570454062536646 0.5817920299091844 0.5742110221393805 0.5836705097105517 0.5779008931777806 0.5789295844975771 0.5759553248120787 0.5708789567774316 0.5732717822386969
16 0.6092860528574829 0.4386104834337228 0.6108870297230994 0.44118348196774937 0.6074563650110641 0.4453002796221918 0.6083712089342735 0.44804481139182006 0.6122592956079137 0.45199007581066075 0.6300987521104976 0.45130394286825376 0.6250671105328457 0.444442613444183 0.6104296077614947 0.4356944184284927
16 0.6072276540302618 0.424373224878776 0.6033395673566216 0.4226578925227583 0.6015098795102027 0.4185410948683159 0.6122592956079137 0.41133669897304165 0.6223225787632174 0.4061907019049886 0.6257532434752527 0.40653376837619215 0.6195780469935891 0.41408123074266995 0.6264393764176599 0.4128804980934575 0.6257532434752527 0.4157965630986876 0.6163760932623561 0.4168257625122982
16 0.726677131977093 0.4607886631838841 0.7269673014219539 0.46383544235492463 0.729772272722277 0.46485103541193806 0.7386708023646811 0.4644883236058618 0.7482463940450941 0.4644883236058618 0.7512448116419911 0.4628923916591263 0.7511480884937041 0.46100629026752993 0.7479562246002331 0.4591201888759333 0.7357987521011496 0.4591877689595015
16 0.7229122723682591 0.5094986159228346 0.7129670491222249 0.509112809848635 0.7093661924296952 0.5130994726153644 0.7013071322130813 0.5182435536046924 0.7035362339751233 0.5217158082724888 0.7079944374992079 0.5218444102972221 0.7182825994778639 0.5174719414562932 0.7251413741303012 0.5125850645164315
16 0.7627144251539787 0.37783165239220295 0.7719837323031575 0.38192559638309037 0.7763094089727745 0.38439741162287144 0.7767213781794046 0.38771891335132713 0.7674520710302258 0.38725544799386824 0.7649802557904447 0.3864830057314366
16 0.6561186645462004 0.31880777215621436 0.6601754983942466 0.3260061785573207 0.6691796905935686 0.3227409220454787 0.6809544034696051 0.3178430372777156 0.6796680902982735 0.3146519911411427 0.6754133621161762 0.31175778650564634
1 0.5621929430421934 0.4307235588606939 0.5581041516005649 0.43008171369253134 0.5541104483319974 0.4311514556394691 0.5480248052560851 0.4350025266484449 0.5397521341997668 0.43600095246558673 0.539942310545889 0.44013728799374585 0.544316366506701 0.4412783460704795 0.5483100697752684 0.4399946557341542 0.547264099871596 0.44270466866639635 0.550877450447919 0.4428473009259881 0.5580090634275038 0.4407791331619084 0.5609567967923987 0.4377838557104829 0.5630487365997437 0.4350738427782407
20 0.5427066268317491 0.22602567189719572 0.5540385372114188 0.22740387721364205 0.5635328405024935 0.22717417632756765 0.5485257159456336 0.22074255151748484 0.5635328405024935 0.2179861408845922 0.5659829832872869 0.21362182404917887 0.5748647508821632 0.21270302050488132 0.5843590541732377 0.20810900278339362 0.5969160359453042 0.19662395847967434 0.6005912501224944 0.19662395847967434 0.6018163215148911 0.20052887354293886 0.5975285716415025 0.2019070788593852 0.596609768097205 0.20764960101124486 0.5984473751858 0.21408122582132766 0.5993661787300977 0.21683763645422027 0.6012037858186927 0.22349896215037746 0.5956909645529075 0.22947118518831153 0.5886468040466264 0.2418750330363283 0.5773148936669565 0.24371264012492344 0.555876144300014 0.24600964898566732 0.5635328405024935 0.25473828265649395 0.5757835544264608 0.2588728986058329 0.5849715898694361 0.2657639251880645 0.5858903934137337 0.273803456200668 0.5592450906291049 0.27678956771963503 0.547606912401336 0.2673718313905852 0.5463818410089393 0.26438571987161813 0.5436254303760466 0.260710505694428 0.530762180755881 0.25565708620079153 0.5209616096167072 0.24853635873248553 0.5371938055659639 0.25014426493500624 0.5503633230342286 0.25313037645397324 0.5399502161988564 0.23728101531484064 0.5258618951862941 0.24072652860595642 0.5191240025281122 0.22832268075793954 0.5191240025281122 0.22510686835289817 0.5368875377178647 0.22602567189719572 0.532293519996377 0.2329166984794273 0.5399502161988564 0.23016028784653467