9 0.3799503256979677 0.7497600852708882 0.35941247025483425 0.7632380529054444 0.3578721310965992 0.7686292399592669 0.36095280941306934 0.7859580554894108 0.36352004134346105 0.8009763622822021 0.37686964738149764 0.7971255143866146 0.4128108944069811 0.7948150056492619 0.4651824257869712 0.790193988174557 0.509338814989708 0.7890387338058809 0.5355245806797032 0.7898089033849982 0.5688985957747948 0.7909641577536746 0.5766002915659699 0.7898089033849982 0.5827616481989099 0.7817221228042645 0.5827616481989099 0.779411614066912 0.5694120421608732 0.7832624619624994 0.5683851493887165 0.7786414444877946 0.5801944162685183 0.7524556787977994 0.5812213090406748 0.7289655066347156 0.5822482018128317 0.6943078755744281 0.5812213090406748 0.6631160076201691 0.5632506855279331 0.6615756684619342 0.5570893288949932 0.6692773642531091 0.5252556529581365 0.6750536360964905 0.4698034432616762 0.6746685513069317 0.3922730389638477 0.6769790600442842 0.38303100401443774 0.6765939752547254 0.3671141660460093 0.668122109884433 0.34092840035601424 0.6781343144129605 0.35273766723581595 0.7131770302628069 0.36095280941306934 0.7486048309022117
17 0.20129317122873783 0.34183968358771144 0.2030704685196068 0.33810735927688657 0.2028927387905199 0.33557471063739824 0.20786917120495305 0.3371742781991804 0.2071582522886055 0.33424173766924653 0.21213468470303862 0.3318423863265734 0.2164001982011242 0.33690768360554996 0.21675565765929797 0.3390404403545928 0.21000192795399586 0.34077330521319005
17 0.2256421441136429 0.3931591428615533 0.22350938736460008 0.38689416991124015 0.2240425765518608 0.38289525100678484 0.21782203603381936 0.3819621699290787 0.2164001982011242 0.384494818568567 0.21782203603381936 0.3908930888156953 0.22013252251194904 0.3947587104233353 0.2245757657391215 0.395291899610596 0.22706398194633806 0.3948920077201505
17 0.19676596081756667 0.42307743108501844 0.1948109337976108 0.42281083649138806 0.19232271759039424 0.41961170136782394 0.1900122311122646 0.408148133841719 0.19214498786130732 0.40548218790541557 0.1951663932557846 0.40521559331178514 0.19818779865026187 0.405882079795861 0.19925417702478324 0.41094737707483764 0.19907644729569637 0.41467970138566246 0.1978323391920881 0.4166791608378901
17 0.20600774283068737 0.504496279383163 0.18484181375618777 0.5029200931754874 0.18138921539651762 0.5019068306134102 0.1792876337862836 0.49515174686622965 0.18619283050562394 0.4941384843041525 0.18859463806017707 0.4939133148459131 0.19459915694655994 0.4945888232206312 0.2054072909420491 0.49481399267887055 0.20901000227387878 0.4987544581980593
17 0.23358317242261864 0.5586236793221042 0.23800051436278072 0.5535821477599628 0.23319905573216976 0.5495489225102497 0.22244378839960136 0.5486846599567395 0.22090732163780583 0.5514214913761879
17 0.2226530571816622 0.6027780283775785 0.2186543358668346 0.6017783480488716 0.2096315800795313 0.5970875403526315 0.21014423665835535 0.594088499366511 0.21516827113083106 0.5884749098283876 0.220602430866366 0.5850913764081489 0.22501127744425284 0.5837841021321475 0.2259340592861361 0.5841685945662656 0.22419102691813436 0.5900128795648597 0.2229606511289566 0.5920122402222735 0.2237809016550751 0.5982410176549857 0.2266517784964898 0.5977027282472205 0.2277796229699027 0.5981641191681621 0.22562646533884168 0.6014707541015772
17 0.4452931357280384 0.6297102794695462 0.4366485600906641 0.6298349608489313 0.4366485600906641 0.6233515291209006 0.437147285608205 0.6208579015331965 0.4467893122806608 0.6212319456713521 0.44712179595902135 0.6258451567086047
17 0.48353316159364645 0.5220271812659294 0.48163421696784525 0.5192883188248699 0.4775441823891965 0.5162207928908834 0.474622729118733 0.5168781198767378 0.4725777118294087 0.520164754806009 0.4705326945400843 0.524218271218777 0.46980233122246845 0.5262998066739821 0.47272378449293184 0.5290386691150416 0.47827454570681227 0.5270666881574788 0.4813420716407989 0.5260806976786974 0.4836792342571696 0.5239991622234922
17 0.5122679655587336 0.4948570452791693 0.5054325672267564 0.5002737760328115 0.5023372925103894 0.49717850131644453 0.5042718392081188 0.492729043911667 0.5047877183275133 0.48934358719064064 0.5085278419431234 0.48953704186041347 0.5123969353385821 0.4929224985814399
17 0.45371568550745833 0.44233410243581717 0.44791204541427027 0.4478475605243458 0.4394000399442611 0.44562283182195705 0.4401738586233528 0.44165701109161193 0.44430089157850877 0.4387551910450178 0.4517811388097289 0.4376911903612667 0.4568109602238253 0.4368206443472885 0.45693993000367394 0.4396257370589961
17 0.47937054688577196 0.39918620024775886 0.48106618765501613 0.4023739752788104 0.4827402955873675 0.4053051263191581 0.4786901372943852 0.4081980965284312 0.4744471143207846 0.40935528461214044 0.4726349236183248 0.40844043120851675 0.4747589427637505 0.4035674634496252 0.46962549730532954 0.39937453739014833 0.47367565559831193 0.39691551271226616 0.4810045134618036 0.3957583246285569 0.48378291435577714 0.39549840498833805 0.4827784495963663 0.3974445554596965
17 0.28880866531901683 0.3736603706882386 0.2882692393471845 0.376087787561484 0.28578787987675597 0.37705875431078206 0.279962079380967 0.3781106349558552 0.28136458690773103 0.3747122513333116 0.2849247983218242 0.3731748873135895 0.28298286482322793 0.37058564264879446 0.2866509614316876 0.36880553694174784 0.293987154648607 0.3680773118797742 0.29387926945424053 0.37058564264879446
17 0.3248423202374149 0.3709012944980199 0.31987960129655774 0.3681502220416752 0.32225307557261984 0.3665319441261783 0.3267842537360112 0.36620828854307885 0.3343362173416635 0.3657228051684298 0.3351992988965952 0.3690402748951985 0.3304523503444709 0.3694448443740727
17 0.3231446243235908 0.3558653011214418 0.3143326148864829 0.35613323384081325 0.3111174222540246 0.35702634290538504 0.3079022296215663 0.357562208344128 0.30456795578049856 0.3553294356826987 0.3074259047871281 0.3526501084889835 0.31109931950502856 0.3510722328580612 0.3150164266985381 0.3514010390794895 0.31895334768225214 0.3526350992957935 0.3219105641072868 0.3528408752322018 0.32516900486995337 0.35398977208584115
17 0.46335707697495737 0.35973216047783163 0.46335707697495737 0.3635530064911464 0.45045110821887185 0.3643171756938093 0.4502812928405023 0.362534114220929 0.4518096312458282 0.3598595220116087 0.4516398158674586 0.3555292298631853 0.45622483108343637 0.3533640837889736 0.46097966167778365 0.35374616839030504 0.4594513232724578 0.3509442146472075 0.46709301529908737 0.34839698397166435 0.4726969227852823 0.3509442146472075 0.47490452270408645 0.352090468451202 0.47456489194734736 0.3547650606605223 0.4757535995959342 0.3589679912751686 0.4691307998395219 0.3615152219507118 0.4655646768937614 0.36215202961959764 0.465734492272131 0.3592227143427229
8 0.47027949882521447 0.28660689300877606 0.4511034248790315 0.3019808143621814 0.41473500877420155 0.3143791380342826 0.37968908052772904 0.3118994732998623 0.3464918188896526 0.29508010339600654 0.32929947673100574 0.2727631207862245 0.3094621588556439 0.2241616919915882 0.2869798652635672 0.17308059846253157 0.26780379131738413 0.1363815603931123 0.25590140059216704 0.11456051073021431 0.25722388845052446 0.09373132696108444 0.2625138398839543 0.0679428137231141 0.2664813034590267 0.06298348425427366 0.3240095252975759 0.06645501488246197 0.43113104182452955 0.0724062102450705 0.44369467647892535 0.08381266802340354 0.45162960362907 0.10960118126137386 0.4549358232749637 0.13538969449934418 0.46353199435428716 0.1745683973031837 0.46287075042510833 0.20382844116934234 0.4714669215044318 0.2395356133449936 0.4721281654336106 0.2524298699639787