8 0.46561009642331846 0.31360717993185716 0.44035797547188854 0.31360717993185716 0.4066884808699821 0.3079955974982061 0.4066884808699821 0.30308546286876137 0.42445849190987717 0.302384015064555 0.4043503215226275 0.2908101262951497 0.39640057974162185 0.2771318941131251 0.37909820057119764 0.2743261028962996 0.37535714561543027 0.2736246550920932 0.3594576620534189 0.23223923464391652 0.3301480998464717 0.16203444277167484 0.3184573031096986 0.12836494816976834 0.3119104569371057 0.1083736857498864 0.3142486162844603 0.08803169942790123 0.32313362180440786 0.0585708916512331 0.3670910175346746 0.06137668286805865 0.4087102539175868 0.06383175018278099 0.4512647540394408 0.06593609359540015 0.48727240798870186 0.06768971310591611 0.4947545179002366 0.07996504967952783 0.5069129465064806 0.09644907307837787 0.5083158421148933 0.11293309647722792 0.5097187377233062 0.15081127790437265 0.5125245289401317 0.21990388661870156 0.5167332157653701 0.26549799389211653 0.5134597926790736 0.2711095763257676 0.5078482102454224 0.2742660914446963 0.49381925416129474 0.2721617480320772 0.4765168749908707 0.2802283977804506 0.4751139793824578 0.2875935997246177 0.4709052925572195 0.2995182123961262
18 0.43763861305757706 0.7577401541564945 0.419810701431907 0.7514355573496114 0.42288248705214043 0.7479797985268487 0.4223705227821015 0.7314689508180939 0.4402892722334634 0.7272452455902729 0.44643284347393036 0.729549084805448 0.44540891493385254 0.7395323880712068 0.4623037358451366 0.7379964952610901 0.4720310569758759 0.7426041736914403 0.4704951641657591 0.7360766292484441 0.48994980642723784 0.7353086828433857 0.4909737349673156 0.7307010044130355 0.47561480686614827 0.7310849776155647 0.4791985567564206 0.7145741299068098 0.47254302124591485 0.7111183710840472 0.46691141427548677 0.7214856475523352 0.4571840931447475 0.7191818083371601 0.4571840931447475 0.7207177011472768 0.4571840931447475 0.7257093527801562 0.4505285576342416 0.7257093527801562 0.43772945088326887 0.7207177011472768 0.4387533794233467 0.714958103109339 0.4418251650435801 0.7153420763118682 0.44080123650350234 0.7061267194511678 0.44592087920389145 0.7065106926536971 0.4402892722334634 0.6972953357929967 0.4505285576342416 0.6830883272994168 0.45564820033463077 0.6884639521348255 0.4699831998957203 0.6765607828564206 0.4904617706972767 0.6807844880842417 0.4976292704778215 0.6846242201095336 0.5150360556591443 0.6715691312235414 0.535002662190662 0.6815524344893 0.534490697920623 0.6873120325272378 0.5232274839797669 0.6923036841601173 0.5319308765704285 0.6942235501727633 0.535002662190662 0.7045908266410511 0.5191317698194557 0.7141901567042808 0.5088924844186775 0.7088145318688721 0.5078685558785996 0.7203337279447476 0.5222035554396891 0.7180298887295724 0.528859090950195 0.7264772991852146 0.528859090950195 0.7360766292484442 0.5447299833214011 0.7372285488560317 0.5416581977011679 0.7575791285900785 0.5426821262412457 0.7671784586533081 0.5506465163680491 0.7664786124323135 0.5518851456633486 0.7691726311495901 0.5180705659016704 0.7734459022183736 0.5108865159889329 0.7811563695816135 0.5262455192506476 0.7806918835958762 0.5266171080392374 0.7837574911017425 0.5188137434788502 0.7863586126218717 0.5023399738513659 0.78422197708748 0.5064274505258545 0.7748393601755857 0.48269383637824137 0.7653800072979845 0.46399053401921786 0.756090287583238 0.4570542099655402 0.7559973903860906 0.4482599419689134 0.7533962688659614 0.44268611014006526 0.7540465492459937 0.44305769892865515 0.7588772034976621
11 0.26179777811878574 0.3755122101055517 0.24821993549350027 0.37837628628432285 0.24949285823962078 0.3806039010900337 0.23209624737597376 0.39619720473001 0.22997470946577286 0.3996977422818415 0.20621348487152333 0.4063805866989741 0.1960301029025592 0.40097066502796186 0.20281902421520198 0.39619720473001 0.20706210003560366 0.37964920903044336 0.21469963651232674 0.3681929043153588 0.21682117442252763 0.3592824450925151 0.2282774791376122 0.3545089847945632 0.21300240618416605 0.3468714483178401 0.21045656069192503 0.33318752879704455 0.22361009573517035 0.3284140684990927 0.22318578815313017 0.32173122408196003 0.22785317155557205 0.3179124558435984 0.24567409000125923 0.32236768545502026 0.26816239184938834 0.3287322991856228 0.2685866994314285 0.33636983566234585 0.2753756207440713 0.33891568115458687 0.27877008140039267 0.3443256028255991 0.2834374648028345 0.3462349869447799 0.2881048482052764 0.34846260175049076 0.2936208467717986 0.35355429273497285 0.2940451543538388 0.36278298264434655 0.28980207853343704 0.3726481339267805 0.2804673117285533 0.3764669021651421
11 0.31865499411216874 0.39651543541654016 0.31271468796360635 0.3895143603128774 0.3182306865301286 0.38346797726880494 0.3220494547684902 0.3732845952998408 0.3228980699325705 0.36755644294229844 0.3292626836631731 0.3643741360769972 0.3377488353039764 0.3669199815692382 0.3547211385855833 0.3758304407920818 0.35005375518314147 0.3847409000149254 0.34199191112437816 0.39842481953572095
11 0.32936590722087433 0.3046470706901742 0.32978512268612425 0.3024461894976122 0.32307767524212566 0.29647236911780095 0.3197239515201264 0.2971011923156758 0.3197239515201264 0.3024461894976122 0.32182002884637595 0.3068479518827362
9 0.6808333626593235 0.710079947784805 0.6711829169943955 0.7043658681147817 0.6620403895223584 0.7081752545614638 0.6203910977053008 0.7184605979675055 0.6234386068626464 0.6959852179320813 0.6310573797560106 0.6586532307545965 0.6381682344564839 0.6316065869831535 0.6330890525275744 0.6258925073131304 0.6203910977053008 0.6316065869831535 0.59855061541099 0.6350350347851674 0.607693142883027 0.6114168388157384 0.6153119157763912 0.6098930842370656 0.6163277521621732 0.6060836977903834 0.6264861160199922 0.6003696181203603 0.6473107619285209 0.6003696181203603 0.771527735001349 0.5999783653524314 0.7750831623515855 0.5923595924590672 0.8096215994681699 0.5915977151697308 0.8192720451330979 0.5912167765250627 0.8202878815188798 0.6095018314691367 0.8253670634477893 0.6479766345806258 0.8268908180264621 0.6898798854941292 0.846699627549209 0.6994033516108344 0.8416204456202996 0.7154027746868992 0.8314620817624807 0.7192121611335813 0.8075899266966061 0.7134980814635583 0.7862573625951863 0.7100696336615442 0.7395288888492192 0.7100696336615442
17 0.5962491758663669 0.5421590607561269 0.5968082468235787 0.5354502092695854 0.5906584662942492 0.5310475254815427 0.5906584662942492 0.5245483256039557 0.5979263887380024 0.5249676288218645 0.6018398854384849 0.5245483256039557 0.6004422080454553 0.519726338598004 0.5959696403877611 0.5149043515920524 0.5741658730565016 0.5130174871114627 0.5797565826286194 0.5199359902069585 0.5772407633211664 0.5230807643412747 0.5738863375778956 0.5190973837711408 0.5694137699202013 0.5228711127323203 0.5646616667839012 0.5262255384755911 0.5657798086983248 0.528741357783044 0.5733272666206839 0.5299992674367706 0.5716500537490485 0.5346116028337679 0.5828314728932842 0.5411108027113547 0.5856268276793432 0.5385949834039018 0.5892607889012197 0.5419494091471724
17 0.5523659974438289 0.5050712393320415 0.5599328591890105 0.49921002265237213 0.5476522147173222 0.4944652281974017 0.5410777282829841 0.49548861523670895 0.5395891653167189 0.4973493189445406 0.547900308545033 0.5022801837702942
17 0.525447817137199 0.5092578226746626 0.5271844739311752 0.506931943039873 0.5301615998637056 0.5048851689612583 0.5281768492420187 0.4989309170961974 0.5250756763956328 0.49753538931532376 0.5191214245305718 0.49855877635463103 0.5187492837890055 0.5017219726579446 0.5216023628076805 0.5051642745174331 0.5224706912046686 0.508048365264572
17 0.5692175338477585 0.48806424890910344 0.5624593019253991 0.4883912601311532 0.5580991522980704 0.48888177696422763 0.5546110325962075 0.4833225861893836 0.549378853043413 0.4774363841924899 0.5504688904502453 0.4741662719719934 0.556355092447139 0.4733487439168693 0.5615872719999334 0.4756378224712168 0.5687815188850257 0.47939845152478777
17 0.5275781049067697 0.45307404814979096 0.5295401722390677 0.4437542283213759 0.5219099103912425 0.4426096890442021 0.516677730838448 0.4399935992678049 0.5029432595123627 0.4391760712126808 0.5053413418073935 0.4475148573749469 0.5168957383198145 0.4498039359292944 0.5249620151303726 0.4537280705938902
17 0.6734149139454776 0.5696905516646724 0.6734149139454776 0.5646413824298627 0.6789930437667913 0.5630545006703511 0.6820706326337228 0.556129925719755 0.6816859340253564 0.5538217340695563 0.6741843111622106 0.5519463283537698 0.6672597362116144 0.5455988013157232 0.6614892570861176 0.5383857024088523 0.662643352911217 0.5375201305400277 0.6755307562914932 0.5359332487805161 0.6722608181203783 0.5264119582234464 0.6653362431697823 0.5230939327262858 0.6501406481393072 0.5232381947044231 0.6472554085765588 0.528720149873645 0.6478324564891085 0.5329037472396303 0.6291745739833354 0.5382414404307149 0.6328292107628168 0.5438676575780742 0.641484929451062 0.5584381173699536 0.6464860113598259 0.5585823793480912 0.6561034765689873 0.565074168364275 0.6622586543028504 0.5675266219926111 0.6655285924739655 0.5670938360581989
17 0.6893215586724165 0.568666796982935 0.6915138580412067 0.5573921145148719 0.6865028880554006 0.551284994844671 0.7062335823745112 0.5519896624989249 0.7168818935943484 0.5475267673553167 0.7353598454170076 0.5364869741053381 0.7463213422609578 0.5393056447223539 0.7525850547432151 0.5458825428287241 0.7413103722751521 0.5529292193712635 0.7121841092326555 0.5609154527861415 0.6974643848993509 0.5691365754191043
17 0.7627863053217987 0.5685684263860594 0.7718766898505152 0.5664094600604893 0.769755600127148 0.5633414552820475 0.7627863053217987 0.5616370081829131 0.7544534528371419 0.5626596764423938 0.7556655041076376 0.5652731619943997
17 0.7539625951802472 0.5036865738027502 0.7503227581562197 0.5010304765149463 0.7499292622617301 0.49505425761738736 0.7524869855759119 0.4953493795382544 0.7562251965735619 0.497489013464541 0.7589796678349882 0.49623474530085576 0.7623243829381486 0.4977103549051913 0.7583894239932539 0.5031701104412328
17 0.7769247264124727 0.47606239758546354 0.7718530683037614 0.4791053924506901 0.7642455811406947 0.4743507129737734 0.7670349931004858 0.4648413540199401 0.7634848324243881 0.4680745360642435 0.7573988426939348 0.4627492950500967 0.7573988426939348 0.45571236942426 0.7665278272896149 0.4574240540359501 0.7690636563439703 0.45628293096149003 0.7774318922233437 0.45628293096149003
17 0.6798420538707718 0.5098802177671857 0.6660131503325524 0.5163926665264637 0.6610283130106359 0.5093978141553875 0.6581338913398457 0.4981819301810757 0.6599027045831065 0.4878102525274111 0.6755004213645865 0.484312826341873 0.6787164454432423 0.484312826341873 0.6814500659100996 0.4922724859365459 0.680485258686503 0.4970965220545295 0.6788772466471751 0.4995085401135212
17 0.7930276752282471 0.45198179021605855 0.7847155039640001 0.45094276880802775 0.7855813551373592 0.44353974127580786 0.778481375515815 0.4339287932515223 0.79043012170817 0.43379891557551853 0.7874862277187491 0.4187331051590708 0.7871398872494055 0.41626542931499755 0.794066696636278 0.40886240178277766 0.7980496120337297 0.41626542931499755 0.7956252287483241 0.4199020042431056 0.7970105906256988 0.4293830745913872 0.8016861869618377 0.442500719867777 0.8011666762578222 0.44574766176787345
17 0.7320131384465403 0.4156127290836297 0.7320131384465403 0.40100362930060496 0.7199046953831324 0.41087464266751356 0.7195537260189756 0.4137701399218067 0.722536965614308 0.417192091222335
17 0.7536436879537297 0.39891736714894516 0.759766543772499 0.3953235169944502 0.7539098990762849 0.3867382082920454 0.7480532543800709 0.38653854995012904 0.7432614541740776 0.39153000849803876 0.7472546210124053 0.3949242003106174
17 0.8095480236903186 0.3621802322363296 0.7973023120527801 0.3637774989716608 0.7978347342978905 0.35958467379141656 0.7847903892926864 0.36317852394591155 0.7762716333709205 0.36058296550099844 0.7738757332679238 0.3406171313093596 0.7869200782731279 0.34001815628361043 0.8039575901166597 0.3376222561806138 0.8068859124647667 0.3396188395997777 0.8074183347098771 0.34860346498601513 0.8020941122587735 0.35738843203033627
17 0.756300955609196 0.3394052997803577 0.7605850117523076 0.3424576897823247 0.7586571864879074 0.3461526882057584 0.7663684875455082 0.34422486294135823 0.7644406622811082 0.34036921241255785 0.7708667464957754 0.33426443240862386 0.7727945717601756 0.32960552135299 0.7674395015812862 0.3267137834563897 0.7625128370167079 0.33073008609055676 0.7565151584163516 0.3279990002993231 0.7565151584163516 0.32109095976855573 0.7539447247304847 0.3167533529236552 0.7498748713945287 0.31948443871488885 0.7473044377086617 0.32574987082418955 0.7488038573587508 0.3299268255637233 0.744091395601328 0.33458573661935714 0.7438771927941724 0.3397266039910911 0.7483754517444396 0.3405298645179245
17 0.7690375859186451 0.2952572032001378 0.7662851336635836 0.29456909013637245 0.7610860571818006 0.293880977072607 0.7558869807000176 0.2961746872851584 0.7549694966149968 0.30259707588030216 0.7500762481615539 0.3014502207740265 0.741818891396369 0.30167959179528164 0.7454888277364513 0.29846839749770976 0.7424305474530495 0.2929634929875865 0.751605388303255 0.29273412196633136 0.7571102928133782 0.28883481460499405 0.7598627450684396 0.28332991009487085 0.768731757890305 0.28493550724365674 0.7693434139469854 0.28745858847746325 0.7748483184571087 0.29044041175378
17 0.5167252412419677 0.2748500429914543 0.5132834490629117 0.2728553679785923 0.5097733967723238 0.2740658532857108 0.5090594313886155 0.27684471800431637 0.5020858122348931 0.2785224028161893 0.5043811364765732 0.2835509750035544 0.5115691255492033 0.2828261357693396 0.5185155015437617 0.27992677883248046
17 0.6319593369123885 0.3904226089866371 0.6362117715763624 0.38309897150979294 0.6365267667366569 0.37624782677339025 0.6267619167675312 0.3751847181073968 0.6280218974087086 0.37187726892430584 0.630699356271211 0.36656172559433825 0.6352667860954794 0.36727046470500063 0.640149211080042 0.36372676915168883 0.6393617231793062 0.36006495041326686 0.6343218006145962 0.35474940708329916 0.6286518877292974 0.3542769143428576 0.6275494046682671 0.35250506656620173 0.6318018393322412 0.34896137101289004 0.6419601366799366 0.34858151926076286 0.6454250834431747 0.3427934831903537 0.6303053157490446 0.3374779398603861 0.6172330165968282 0.3370054471199445 0.6088856448490272 0.3418484977094705 0.5926633940938668 0.3394860340072627 0.5767561384990009 0.3400766499328147 0.5602188925835462 0.3472821642245485 0.5638413369269315 0.35496017125672386 0.542421666026914 0.35874011318025645 0.5403741974850005 0.36287442465912007 0.5376967386224983 0.3632287942144512 0.5358067676607321 0.36677248976776305 0.5329718112180828 0.37433237361482796 0.527301898332784 0.3762223445765943 0.5296643620349918 0.37941167057457487 0.5288768741342558 0.3836641052385488 0.5211594927070436 0.3833097356832177 0.5186395314246887 0.38720780079186057 0.5243094443099874 0.39512205419425667 0.541634178126178 0.3984295033773477 0.5529740038967755 0.40197319893065936 0.5595889022629574 0.3998469815986724 0.5709287280335549 0.40197319893065936 0.5921909013534252 0.3957126701198087 0.5931358868343084 0.3931139600473801 0.6140830649938844 0.38519970664498393 0.616288031115945 0.38307348931299695 0.6205404657799191 0.38496346027476314
17 0.5085134157270137 0.3693315630837407 0.5013019207714037 0.3673226466318208 0.5013019207714037 0.36036870506748253 0.49635689565898544 0.35542367995506424 0.4973871092240725 0.35094225094693526 0.5023321343364909 0.3500150587383568 0.5101617574311532 0.352642103329329 0.509131543866066 0.3629957496584548
17 0.6169150000678928 0.3176538131115193 0.6151155642001919 0.31619177146901223 0.604318948993986 0.31596684198554964 0.6047688079609113 0.3100062106737901 0.6128662693655657 0.3100062106737901 0.6164651411009676 0.308881563256477 0.619014341913544 0.3089940279982083 0.62096373077022 0.31034360489898405 0.6238128375607466 0.3150671240516991
17 0.6215551393017147 0.301180578356452 0.6179562675663127 0.29758170662105005 0.6169065966434871 0.28970917469985824 0.6091090412167829 0.2902714984085148 0.5966629431318511 0.2944326938525733 0.5995120499223777 0.30061825464779546 0.6058100754593311 0.2984814245549005 0.6125579599632097 0.2983689598131692 0.6173564556104123 0.3019678315485712
17 0.5754653707230464 0.32815081794416423 0.5850910044454717 0.32795303094986783 0.5901016083009809 0.3235028235781986 0.5850910044454717 0.32023933817230776 0.5746742227458607 0.3220194211209754 0.568872470913166 0.3224149951095683 0.5599061271717285 0.3258762675097555 0.5653123050158305 0.32943643340709095 0.5708503408561301 0.3292386464127945
17 0.612750119233541 0.47687191482723307 0.5969794005338704 0.47196760596331117 0.5908249737242429 0.4627359657488698 0.6050570857215065 0.4535043255344286 0.5942868388046584 0.4488885054272079 0.6158273326383548 0.43619500013235113 0.6350599164184407 0.43532953386224726 0.6235203661503892 0.4269633599179098 0.6339059613916356 0.4226360285673906 0.6423682982548735 0.4223475398106892 0.6408296915524665 0.41571229840655943 0.6502892887379882 0.40770488322130904 0.6599722797144942 0.4035004266130893 0.6747515817312667 0.40171671774899614 0.6886814985746615 0.4085967376533557 0.6863032200892039 0.4175152819738219 0.6971753503084386 0.4232486318941215 0.7114450212211846 0.4263064185182813 0.7146726848800199 0.42592419519026137 0.7199388729549618 0.43955682722297384 0.7071980953542959 0.44159535163908037 0.6915694081641458 0.4417227594150871 0.6783189994594533 0.4463094393513268 0.6693155166216493 0.44427091493522025 0.6575940012290367 0.45828577029595274 0.6550458457089035 0.4603242947120593 0.6492700265299349 0.46006947916004604 0.6587831404717654 0.46886061570450543 0.6509687968766903 0.47306507231272527 0.6299040445769227 0.4771421211449384
17 0.6904664683452697 0.3688451994706824 0.6871037211058908 0.36220819834032947 0.6791393197494671 0.3535800968708704 0.6862187876218436 0.3474740558309456 0.7026785504251193 0.3369875940449878 0.7097580182974959 0.33327087341199 0.7129437788400653 0.33566019381891715 0.7101119916911148 0.3405715746553784 0.7056873242708793 0.3413680147910208 0.7023245770315004 0.34442103531098317 0.7069262311485451 0.34627939562748206 0.7155985792922066 0.34641213565008916 0.7177224196539194 0.35304913678044214 0.7071032178453547 0.35822599766211755 0.6931212687974109 0.37070355978718134
17 0.6679477937587318 0.3885300461708679 0.6610453125831647 0.382291265108336 0.6532578979235504 0.38295496522137135 0.6383910153915595 0.3890610062612962 0.6378600553011312 0.39768910773075516 0.6470633635352208 0.4023350085220023 0.6571516052533575 0.40021116816028934
17 0.6948497716737628 0.3860079857413337 0.6849385166524355 0.3832204452665855 0.6725494478757768 0.3820257850631219 0.6737883547534425 0.37698166420405355 0.6776820620832495 0.3763179640910183 0.6886552372854333 0.37830906443012424 0.6960886785514288 0.38268948517615725