3 0.7004901793991785 0.43649227725729056 0.6982931887863536 0.43072517689862555 0.696645445826735 0.4196029119212001 0.7102243206269613 0.4119956086952507 0.71676080850342 0.4089470814614545 0.717894836015981 0.40054756428712746 0.7398779773578661 0.39671628993306085 0.7389072727116254 0.3996997802885506 0.7384103533385429 0.40119885380462283 0.7362576597389472 0.40438139635307147 0.7342614675664343 0.4115526158965938 0.7355873186210218 0.42074585823483035 0.7363993648182233 0.42949837789030915 0.727753140498203 0.4288251052407336 0.7123742062084297 0.4362399485590172 0.7079802249827803 0.4352101092092556
3 0.6512618452184636 0.6282077231765916 0.6430526622955418 0.6197933106805967 0.6200669501113607 0.6189723923883045 0.6055640602808656 0.6372378243918055 0.6058376997116296 0.64359994115707 0.6176041952344843 0.6501672874954074 0.6238979021420576 0.6518091240799919 0.6340225610803278 0.6505777466415537 0.6446944988801262 0.6491411396300422 0.6518091240799917 0.6526300423722841 0.6572819126952729 0.6522195832261378 0.6685011293565996 0.6331332329303446
3 0.6985419246932298 0.656722039576065 0.689097260084793 0.65209052135462 0.690550285409168 0.6470503397606946 0.7056254231495575 0.6413290525459684 0.7157966004201817 0.6428274849117301 0.7243701056504078 0.6399666758848084 0.7372287239547114 0.6406479469251677 0.7473999012253355 0.640920389173488 0.7566629376682257 0.640920389173488 0.7597506164825222 0.6448708017741321 0.7615668981379907 0.6519543002304599 0.753393630688382 0.6571307029485454 0.7448571069076796 0.6515456368579794 0.7357756986303364 0.6510007523613388 0.7223352143798687 0.6544062804653424 0.7043540259907295 0.6553598283344635
3 0.5789029983964337 0.6180893223356979 0.5652274635342598 0.5961107841643469 0.5869346617281866 0.5764115018033584 0.5886712375837007 0.5799931895053563 0.5990906927167856 0.5852029170718988 0.5932297492044253 0.5895986247061689 0.5947492530780002 0.5948083522727113 0.6090760038859919 0.5961107841643469 0.6136345155067165 0.6021345316631617 0.6312173460437972 0.6013205117308894 0.6166735232538663 0.6174381063898801
3 0.6769579414503316 0.5761391977038758 0.6653095586781457 0.5788692874161069 0.6616694390618376 0.5777772515312145 0.6628828122672736 0.5737731199532756 0.6606987404974887 0.5666748867014747 0.6660375826014072 0.5650368328741361 0.6638535108316225 0.5615787192386434 0.66579490796032 0.5592126414880432 0.6638535108316224 0.5577565936415199 0.6660375826014072 0.5530244381403194 0.6623067451405537 0.5514348633137577 0.6640452643299015 0.5485045098760433 0.6724746239986886 0.5487463270307641 0.6745311950394595 0.5439241390995491 0.6888089603024793 0.537497310713149 0.6979641156671861 0.5407980255563701 0.7133591376134124 0.5522964142170578 0.7085056447916683 0.5617607252194589 0.698555984507093 0.5708610242602291 0.6934598170442616 0.5621247371810897 0.6716190993464131 0.5603046773729355 0.6706484007820641 0.5684949465096287
16 0.6802797658646701 0.5705718653162006 0.6951116930840668 0.5695772639678679 0.6929762528018673 0.5626192467933866 0.6720255724128225 0.5605735422776152 0.6711885050608447 0.568368731992908 0.6745290825265339 0.5710763316758107
3 0.6874927783549784 0.5092488960266609 0.6836983731409899 0.5014395993828672 0.6721047578778552 0.4926594421861864 0.6723636459380958 0.48484406932401636 0.6755836445320498 0.4812337081790786 0.6801466527382383 0.4795225801017579 0.6953566800921998 0.4795225801017579 0.7071282682605061 0.4883998203210291 0.7283899809300044 0.49895785301621615 0.7328801958236155 0.5037999881804074 0.7192963305796549 0.5137997821230814
5 0.5519833790814834 0.5103379004402556 0.547186831130306 0.4980467463153634 0.5483859681181004 0.4764622805350647 0.5527828037400131 0.4722653010777843 0.5707698585569286 0.4725650853247329 0.5867583517275203 0.48185839698013927 0.5927540366664921 0.49145149288249435 0.5907554750201682 0.5097383319463585 0.5751666941788414 0.5106376846872043 0.5627756119716328 0.5136355271566901
3 0.5566852032116664 0.5529297196462912 0.5401406255551093 0.5298854864818011 0.5468935143945203 0.5205158532171184 0.5590487143054602 0.5154511865875601 0.5745803586361055 0.5116526866153914 0.5924755140605447 0.5101332866265239 0.6043294371703429 0.5126430222790012 0.6166336110844393 0.5160226196631287 0.6203955649067163 0.5258354878542921 0.6189910593442352 0.5301234632724073 0.6171417914490989 0.5321268368254716 0.612518621711258 0.5319727311675435 0.6110803022372633 0.5336678934047518 0.6131350443429703 0.5380599046557006 0.6106693538161218 0.540987912156333 0.6127240959218289 0.5458422403810658 0.6103611425002657 0.5500801459740864 0.6056352356571397 0.5520835195271508 0.5973135301290263 0.552699942158863 0.5870398196004912 0.5506965686057987 0.585806974337067 0.5482308780789502 0.5814920159150824 0.5480767724210223 0.5800536964410874 0.5460733988679579 0.5708073569654059 0.5469980328155261 0.5685471406491281 0.5506965686057987 0.5669033469645626 0.5516982553823309 0.564129445121858 0.5487702478816984 0.5610473319632975 0.5497719346582305 0.5581706930153078 0.5521480127372306
16 0.5407566668471256 0.522183081626665 0.5351845912809875 0.5134269628798765 0.5418180145740092 0.5022828117476 0.5473900901401474 0.5024818144463907 0.5516354810476813 0.5114369358919699 0.5595955889993073 0.5138249682774577 0.5519008179794022 0.5174070168556895 0.5500434594573561 0.5162130006629455 0.5476554270718683 0.515416989867783 0.5465940793449848 0.518203027650852 0.5452673946863804 0.5205910600363398
5 0.703834428684012 0.6407748827632243 0.6964312115528503 0.6442120907169779 0.6828586468123874 0.6443442910228915 0.6807434419177697 0.6413036839868786 0.684973851707005 0.6376020754212979 0.6921381405335627 0.636649988761087 0.7036878265536619 0.6279121852133331 0.7077873485693296 0.6269409744101245 0.7147118334495084 0.6295833467438777 0.7159706730965439 0.63377612244136
16 0.7746145777898584 0.6448145160863151 0.7733593922523628 0.6406959385414075 0.765671380835202 0.6354006245550978 0.7645730934898934 0.6318704152308914 0.7571988784571065 0.631635067942611 0.7559436929196108 0.6350476036226772 0.7549285360790882 0.6385525081416029 0.7578264712258543 0.6415196540503891 0.7606971057315394 0.645339034791617 0.7629784397794368 0.646311421077781 0.7674915703383715 0.6468172029507651 0.7692034474469331 0.6465448588653121 0.768944072127454 0.6458056392047969 0.7716415754500354 0.6456889203110314 0.7721603260889935 0.646311421077781 0.7727309517918474 0.6470506407382962 0.7735609528141802 0.647089547036218
16 0.5555627237129522 0.6183816080385225 0.5530045069912217 0.6117862055528107 0.5563621664384931 0.6067497163819036 0.5536440611716542 0.6037518061611254 0.5446903026455971 0.6078289640613838 0.5440507484651644 0.6165828619060556 0.5510858444499236 0.620779936215145 0.5511358149878404 0.6246445736013186 0.547938044085677 0.6265632361426166 0.5592901307883568 0.6392743754787156 0.5636071215062771 0.637715462163911 0.5637670100513852 0.636756130893262 0.5690433320399547 0.6374756293462488 0.5770377592953628 0.6368760473020931 0.5856717407312038 0.6336383042636528 0.5823140812839322 0.6300408119987191 0.5735202113029833 0.6325590565841727 0.5621681246003036 0.6339980534901462 0.5559324713410853 0.6234454095130073
16 0.5699696747968462 0.5878298905069076 0.5660107500191469 0.5891363356835483 0.5609433263036918 0.5884237292235626 0.5458994121484346 0.5827228775436756 0.544632556219571 0.5795161484737392 0.5457410551573267 0.5769032581204576 0.5378232056019282 0.5740528322805142 0.5398818464863319 0.570014729007261 0.5428906293173833 0.564551412814036 0.5379815625930362 0.5606320772841137 0.5368730636552804 0.5530309417109311 0.5417392665803662 0.5507260258257435 0.5395222687048546 0.5441937999425398 0.5447480494114176 0.5416996773325893 0.5479151892335771 0.542887354765899 0.5531409699401401 0.5520324710023843 0.5551281435659992 0.555838285368819 0.5580458231473732 0.5558719122395341 0.5577052596569104 0.552975279927181 0.5611245037603027 0.5500393518503526 0.5640674644443603 0.5489725286023818 0.5668632770942149 0.55195227629499 0.5686781028493838 0.550775092021367 0.5709834220518955 0.5473539002261502 0.5798613534488023 0.5463606509952806 0.5813818831355653 0.5482367884313674 0.5854812250079996 0.5485552871786138 0.5864543082531305 0.551249979242053 0.5949126472300369 0.5531587194536558 0.6033709862069433 0.5528780223637142 0.6107968677128924 0.5503347145394747 0.6141652327921916 0.5489873685077551 0.6241206229154531 0.5487628108358018 0.6295100070423316 0.5498294597775799 0.636171884643612 0.5524118730050425 0.6358724744143409 0.555331122740435 0.6390162818216867 0.5566223293541663 0.6394653971655933 0.5542083343806685 0.6385671664777801 0.5518504788251593 0.6374443781180137 0.5493803444336733 0.6378934934619203 0.5487066714178135 0.6455284543083315 0.5480891378199421 0.6432828775887988 0.5453944457565029 0.6463518324388268 0.5437102632168532 0.6498699026327615 0.5439348208888065 0.6556335495462285 0.5450576092485728 0.6590019146255276 0.5488189502537901 0.6586276518389389 0.5506154116294163 0.6640170359658173 0.5525241518410191 0.6649901192109481 0.5544890314706102 0.6634344097757431 0.5576157526870693 0.6653546944135145 0.5592488309105327 0.6637282164065804 0.5614136916426968 0.6637044804381614 0.5616155851646578 0.6657600101267593 0.5649160131153647 0.6605709859346588 0.5666248936701284 0.6627227227227227 0.5736936936936937 0.6615215215215217 0.5777477477477478 0.6613149936090693 0.5794928858768528 0.6627395526532073 0.5812616843706245 0.6601997394313812 0.582259468136342 0.6586879458469608 0.5836654361698529 0.6569045483023346 0.5849734095556136 0.6497688825838704 0.590415866459527 0.6434193495293047 0.5942709400997989 0.6431169908124208 0.600665826961897 0.636827929501232 0.6003029965016361 0.6316273595708259 0.6003937041167013 0.615284428245756 0.6016465491568679 0.6097234336329171 0.5959535254671787 0.5954245209425106 0.5944246666711989 0.5941304528425635 0.5898062372482858 0.6001196711171861 0.5849190351361939 0.5891953369842744 0.5797084152372722 0.5870871321516072 0.5756836605567258 0.5736233694702556 0.5875782480501263
16 0.7394198517863084 0.6364778318290872 0.7318864254145925 0.6301045976465376 0.7384592299545196 0.6268292231707757 0.748283389441527 0.6276857743162494 0.7501418731434277 0.6276857743162494 0.7520144090793162 0.6372168915279194 0.7516838181526956 0.6399532348135709 0.744423461752964 0.6398016584497941
16 0.7459667658859764 0.615658466325787 0.7446801233231222 0.6078313907350901 0.7495407730050162 0.6078313907350901 0.7526858992697713 0.6057942066772374 0.7588331915145196 0.6071880694536629 0.7608346355011818 0.5970021491643995 0.764980483759268 0.5951794055336893 0.7708418554344931 0.5982887917272539 0.766696007176407 0.6100830152200851 0.7605487149316588 0.6128707407729361 0.7619783177792745 0.6153368056850735 0.7569747078126189 0.6186606323057804 0.7551162241107182 0.616194567393643 0.7489689318659698 0.6187678525193516
16 0.7658020896739873 0.6238496102227068 0.7630858442635171 0.6210618846698558 0.7728071436273052 0.6120553867298756 0.7745226670444444 0.6122698271570179 0.7781202689435075 0.6142601676028998 0.7767392453074803 0.6207964360705452
1 0.6778141923967499 0.441170993535446 0.6856956522367531 0.4338690528013253 0.6943498042179331 0.43607122540367915 0.6920317277944028 0.44430039670721194 0.6838411910979287 0.44314135849544684
1 0.677753533693242 0.6332487989124717 0.6693991129026703 0.6327267849581567 0.6526824504047682 0.6277338388999835 0.6431918550391955 0.6193618699451203 0.6331713343355891 0.6181077038568634 0.6251999975237584 0.6095088188415319 0.6323333883832511 0.6014356132524633 0.6438680284024505 0.6011498802200725 0.6442416155587019 0.5942575154056658 0.6581506367256363 0.5857242237898366 0.6661852625663749 0.5814199599465837 0.6787286882657352 0.5758460986476096 0.6746108620970177 0.5722733364403829 0.696238937481364 0.5705771683275273 0.7002672637914674 0.5737939696783603 0.7070305228891235 0.5827835613798854 0.7135389173479078 0.5790831438912556 0.7241735248967268 0.5808561421485774 0.7363758928684168 0.5900083176310515 0.7380120968970146 0.5942384184572185 0.7379691663829467 0.6017224583613483 0.7364438038025345 0.6046714766876771 0.7375765604377178 0.6096026193737231 0.7343883344569587 0.6081126657192546 0.7298843811905594 0.6106083801145397 0.7265080144444291 0.6131288818140629 0.7203502385146732 0.6193237068353845 0.7139683457906625 0.6236383923868923 0.7055034900814988 0.6268037847412853 0.6981290567145494 0.6291148144914325 0.6954543706616984 0.6303778230993768 0.682248011765817 0.6319611308096437
16 0.6210735957138557 0.5442590248813807 0.617999988344767 0.5464105500397428 0.6136969380280428 0.5467947509608788 0.6109614325218025 0.541267754400792 0.6135908293826439 0.5380303158904943 0.6112263362449879 0.5335666694224941 0.6126397578858422 0.5321027684373235 0.6151076369413021 0.5322542064702722 0.6181162763411016 0.5322764156259333 0.6216938787217399 0.5264088658156444 0.6188606701448714 0.517928953512835 0.6154273959353774 0.5106007606565681 0.6162825683175741 0.51004708087777 0.6249851056594695 0.504412639155003 0.6394528048876323 0.5085757385058416 0.6477157201200586 0.5127694816481831 0.6404259247633436 0.5171933706832745 0.6442118030502028 0.5216532386516328 0.6423169464504912 0.5240184474437012 0.6345147570601463 0.5254433865911852 0.6342385231888249 0.5270486792248827 0.6358803128929928 0.5314827919119026 0.6451211776202299 0.5346654356956645 0.6500488150067099 0.541554932145521 0.6400340384297549 0.5457689590880256 0.6339271646394684 0.5424751036176614 0.6330118507919126 0.5393223484526344 0.6267889147822462 0.5401858140248265 0.6218382161834654 0.5419294141308818
5 0.7550260093944365 0.6367242403895196 0.7571001218352713 0.6312837785115721 0.7597055250674154 0.6310536550075414 0.7621675583266595 0.6220007882991252 0.7629588047326447 0.6198173011771889 0.770314027815736 0.6131674534952635 0.7741213829664289 0.6094126131458516 0.7783263204479166 0.6046199250924866 0.775352690321941 0.5975868241132166 0.7717625960850854 0.5953147332838516 0.7694192249068443 0.5973306049870827 0.7712062176059866 0.5982057199582866 0.7702566845383475 0.6011173501918109 0.7671333729666077 0.6103971893809231 0.7609921098408556 0.612906694109728 0.7623282782408538 0.615172252264641 0.7570426740425243 0.6187760733089563 0.7551206361522229 0.616793971734583 0.748633758272455 0.6190463598872801 0.7455104467007151 0.6158029209473962 0.7444293003874204 0.6076943235976866 0.7494131553081556 0.6075691151659236 0.7526930067973755 0.6055484923734576 0.7583156093503244 0.6068662898468049 0.7605741328395014 0.5970061820087977 0.7652927501774006 0.594604154940799 0.7592730095764434 0.5940805802720802 0.7548343927333662 0.594853779468997 0.7480404146485532 0.5959519440301198 0.7449198399483221 0.6042599197773691 0.7435761265048726 0.6077681947078011 0.7412464365637402 0.6129076048538558 0.739840785925503 0.6129515314363008 0.7373141137615995 0.6097569036607797 0.7346505060855244 0.6088407867198318 0.7301828495236498 0.6122503041929216 0.7281855993834531 0.6130393846011906 0.7178613054457217 0.624472747392497 0.725174620314066 0.6328861433682351 0.7331856032792514 0.6377549957147273 0.7406959943094652 0.6377865561524568 0.731355715325839 0.6301104007419507 0.738581896302101 0.6263645022916156 0.7481204280744297 0.6273621868700727 0.7504836387628725 0.6273621868700727 0.7525764299876573 0.6374515533612181
6 0.24523649148642462 0.6858419493279777 0.22367806615591065 0.6724608577435208 0.1951836706608279 0.6602681990068434 0.19652994427875342 0.6540351535902934 0.21659446079554578 0.6490172442461222 0.22317297569144368 0.6496748348358152 0.22776673302893916 0.6445835836092355 0.23966103665956756 0.6328751284728358 0.2530421282440245 0.6242331734912072 0.24858176438253884 0.6197728096297217 0.26329585757897694 0.6100414682461093 0.27814140482374133 0.6048084454143752 0.28500806925133826 0.5999799449943791 0.29383100779776516 0.6021887643454427 0.3062019184532881 0.5956036043051414 0.3100095566545108 0.5926211273226178 0.3159780710495042 0.5910325140468087 0.32032640401465934 0.5924423996882826 0.32801288901603554 0.5905696730262106 0.32663813195853764 0.5840898987378365 0.330726798831566 0.5838111259964937 0.3596071330348922 0.6098210141136268 0.3603505270118065 0.6221030366674717 0.33407207172768033 0.6390081287823786 0.31325704037408064 0.6462562200572927 0.3035929186741951 0.6565708114869782 0.2807369511939508 0.6769098788894677 0.2604341311647112 0.6826800832854198
12 0.3397356718383261 0.7823747608088389 0.33113770794246294 0.7637458390344688 0.32986393551344617 0.7556255397994869 0.33432213901500485 0.7439227556078954 0.34546764776890143 0.7312646420945415 0.3629820186678819 0.7224278458682377 0.3820886051031333 0.7209948518855939 0.4094747123269936 0.7240996721813222 0.42380465215343216 0.7281598217988132 0.4306280284760609 0.7236297305513927 0.4343418463161306 0.7155933199305118 0.4379880308702085 0.7098529543937222 0.4455069149640588 0.7061749232500135 0.458888832737663 0.7015247660068882 0.478731887864415 0.6992973194103703 0.49399027472861945 0.7005234397833868 0.5095211327868275 0.7048148610889443 0.5198750381589663 0.7109454629540265 0.5310184469652082 0.7217622378417177 0.5435111013997813 0.7381892672118545 0.5446472848943139 0.7437185445205644 0.5415646818520167 0.749924311171505 0.5345882644405018 0.7580769850070542 0.5237180326597692 0.7713402902022019 0.5172283420444065 0.7801013725329414 0.4974347856675503 0.7822916431156266 0.4889981878675789 0.7848469587954257 0.4784524406176145 0.7858204123877299 0.4696913582868749 0.7826566882127406 0.4620020833292661 0.7784900696242694 0.46029319841505356 0.773216362578606 0.45879711130990086 0.772206503782628 0.45032221865098054 0.7796109904951026 0.4449363050724306 0.7882508935273599 0.4305738688629641 0.7952076985663203 0.416959476206074 0.7992471337502329 0.3994552570757868 0.8018278840066212 0.3889826473397174 0.802276710138167 0.37297451531458287 0.7996959598817786 0.360556992341815 0.7948710789676611 0.3496355564741998 0.7901584045864297 0.3436512080535888 0.7864555890011766
9 0.4406423179663382 0.7054609151636332 0.44130713498961105 0.6896257268077833 0.444418061419548 0.6852926507089429 0.46352803806058857 0.6916256080841714 0.48930428562292233 0.6966253112751413 0.504414499711187 0.6972919383672704 0.5293019111506816 0.6976252519133354 0.555522576774435 0.6976252519133354 0.5866318410738033 0.6979585654593999 0.6044085635305853 0.6962919977290766 0.6177411053731717 0.6946254299987532 0.6355178278299536 0.6869592184392661 0.6475171154882814 0.6809595746101023 0.6555166405938333 0.6836260829786195 0.6710712727435173 0.7029582686503698 0.6741821991734542 0.7119577343941158 0.6728489449891957 0.7146242427626329 0.676404289480552 0.738289504533224 0.6790707978490693 0.7692876643172375 0.6799596339719084 0.7882865364429233 0.6781819617262301 0.798285942824863 0.6777375436648105 0.8132850523977727 0.6488503696725401 0.8122851117595786 0.6412952626284077 0.8052855272922208 0.6154507052978715 0.7995856100763961 0.6050757585740902 0.8020355072363246 0.5660841383159957 0.8030287841710485 0.5442997019871778 0.8026786771586211 0.5169135534595211 0.8033788911834759 0.48392569273302544 0.8038457005333791 0.4663425405533367 0.8062964496203712 0.46291927198737953 0.8066465566327986 0.4582511784883472 0.8055962355955163 0.4492261977235512 0.803262188846 0.4426908668249058 0.8048960215706614 0.4400456138421208 0.8050127239081373 0.4339770922933786 0.8031454865085244 0.4195060024463782 0.7991776070343467 0.43084935033568866 0.7956647771913211 0.4452659592063107 0.7885518144646724 0.4505031936731779 0.7797862149043648 0.4587843020826981 0.772635586754697 0.4601275895493569 0.7733332152303087 0.46185784013799647 0.7786678409461382 0.46950916762559447 0.7828659953090522 0.47847641229740595 0.7859824240575749 0.4892191750478881 0.7850129008632887 0.49746569417170217 0.7824052177890014 0.5173464916269511 0.7802655803947147 0.5289457461319915 0.7653263264453187 0.5418504341662844 0.7500193223187798 0.5448143944950659 0.7436801213329792 0.5436395811285536 0.7381568144914094 0.5361904783161182 0.7284831255277894 0.5312920410581354 0.721852844328005 0.5199897536226045 0.7109326402903023 0.5096234874031144 0.704744018532149 0.4942227776189543 0.7004630520012373 0.4787951435169898 0.6992312644616825 0.45880696364567336 0.7014592933947773 0.4454429083461342 0.7061251920122887 0.4397778629441028 0.7077687477468625
4 0.1760461695246148 0.5040205583827456 0.19814481731899744 0.42229614191111337 0.20474964456296404 0.41734252147813833 0.21685849451023606 0.414452909558903 0.24988263073006897 0.41858092658638213 0.277953146516927 0.4227089436138612 0.2854059472519469 0.4268762813508919 0.29459678595897715 0.42509740934307966 0.31416437804491265 0.42754335835382157 0.31890803673241214 0.42909987136065736 0.32123751198073774 0.43178406215815984 0.3195616499748553 0.4394766826443463 0.31638509281804766 0.4515475998402155 0.31164093289864964 0.466521589538268 0.3077563856851965 0.48268631826521846 0.3041224544209982 0.493588112057813 0.2979823636642497 0.5150157757191193 0.2956015121463267 0.5238499879303598 0.2902132692373432 0.5286430179598625 0.28219355886118175 0.5314624473889817 0.2744244644342753 0.5322142952367468 0.267156601905879 0.531650409350923 0.24748324988935785 0.5289249609027744 0.22718335799969913 0.5261055314736551 0.20437730661748998 0.5233800830255064 0.18420272270245874 0.5198088057486221 0.17643362827555234 0.5145458708142662 0.17530585650390462 0.5090009929369982
0 0.2509759607336792 0.4117049935363772 0.24612798526631244 0.4136628297828138 0.23829664028056616 0.41198468442872527 0.23382158600299682 0.4083487028282002 0.23232990124380704 0.4047127212276751 0.23531327076218664 0.4019158123041944 0.2289736105356301 0.397440758026625 0.23456742838259173 0.3943641582107962 0.23270282243360452 0.38541404965565745 0.229719452915225 0.3817780680551324 0.23605911314178146 0.37310765039234184 0.23419450719279428 0.37198888682294956 0.22748192577644027 0.3750654866387784 0.22524439863765566 0.3644372327295513 0.22002350198049142 0.3560465059591088 0.22114226554988373 0.3526902152509318 0.2192776596008966 0.34933392454275486 0.21517552651312466 0.3490542336504068 0.20846294509677069 0.34429948848048947 0.20622541795798605 0.3353493799253507 0.21592136889271957 0.3331118527865661 0.21890473841109911 0.3269586531549082 0.22114226554988373 0.3269586531549082 0.2289736105356301 0.33171339832482566 0.22934653172542752 0.3258398895855159 0.23307574362340197 0.3210851444155985 0.229719452915225 0.31828823549211765 0.23382158600299682 0.31241472675280807 0.23307574362340197 0.3065412180134982 0.23643203433157894 0.3012270910588847 0.2308382164846173 0.2989895639201 0.2394154038499585 0.2975911094583596 0.2517218031132741 0.2978708003507077 0.27223246855213346 0.302345854628277 0.2878951585236261 0.3073802906905425 0.30654121801349826 0.31912730816916196 0.3173559325176241 0.329475871186041 0.3244414351237755 0.3403838159876162 0.32705188345235753 0.35017299721979905 0.3285435682115473 0.36583568719129167 0.3292894105911423 0.38149837716278434 0.3218309867951934 0.3957626126725365 0.3113891934808651 0.41086592085933304 0.30094740016653665 0.42009572030681963 0.29684526707876474 0.424570774584389 0.2938381630812376 0.4246240908238349 0.2857006772571693 0.42640702311113066 0.27836601788062726 0.42245209061100447 0.27214861298133913 0.4211491785549037 0.2696171142515994 0.4180933182337231 0.25916363625853817 0.41526654820741354 0.2545785886281058 0.4106326618701606
15 0.35710889599867923 0.4183175523271218 0.3471888650187698 0.40641351515123053 0.34492142936621906 0.3925963291434995 0.3435165013614347 0.37285145011630966 0.3440833602745723 0.3696628687299102 0.337564482773489 0.35967198038585857 0.3284947401632861 0.3373519106810624 0.32140900374906506 0.31588212934597276 0.3131895495085687 0.2954752084730162 0.3143232673348441 0.29058605034720375 0.32566044559759777 0.28357117129712495 0.36137255712527167 0.2744305713227798 0.39396694463068826 0.2669905480878478 0.4180584484390397 0.2644396829787282 0.4321246796552514 0.2702695891522387 0.43520506259103164 0.2784839436476525 0.43965450460938077 0.29285906401462664 0.4461575352515833 0.30723418438160083 0.4523183011231437 0.3249463862623368 0.45916359653598854 0.34188849240912783 0.4630842346789531 0.34962346321105 0.4647955585321643 0.356040927660592 0.4606883812844574 0.3642552821560058 0.45418535064225485 0.36836245940371265 0.44460193706427215 0.37015934944958445 0.43844117119271175 0.37349643096334634 0.43467625871564697 0.37400982811930966 0.423381521284453 0.3842777712385768 0.4086641361468367 0.39659930298169754 0.39600033963307374 0.3973693987156427 0.3853901317431642 0.39993638449545943 0.3710150113761901 0.40224667169729467 0.3658810398165564 0.4053270546330747 0.3631429216514185 0.41405480628445196
19 0.5981463845674383 0.34481360035484065 0.6154056226278269 0.33459431466118944 0.6263061940343883 0.31994667183362274 0.6362983844904028 0.3090461004270614 0.6499240987486045 0.2780476004896527 0.6667291463337197 0.24977424340388427 0.6749045748886409 0.2334233862940424 0.679014760533714 0.20642957101175446 0.6685683796024261 0.1747497853614358 0.655396855819498 0.1573769996822287 0.6335957130063753 0.14170742828529687 0.5972604749845043 0.126037856888365 0.566375522665914 0.11990628547217426 0.5055139989792801 0.12126885689799441 0.4678161895315889 0.13216942830455572 0.4460150467184663 0.14375128542402707 0.4264848562817107 0.16282728538550933 0.4160384753504227 0.18803485676318238 0.3869702849329259 0.18565035676799707 0.36698590402089687 0.18871614247609242 0.3519976183368751 0.19791349960037855 0.3479099040594147 0.2077921424375747 0.34745571358414123 0.22073657098286625 0.3524518088121485 0.2350435709539779 0.3619898087928896 0.24390028522180898 0.3756155230510913 0.2510537852073648 0.4178552372515163 0.26161371375747106 0.4260306658064373 0.2650201423220215 0.43420609436135826 0.2708110708817572 0.4414731419657325 0.29295285655133485 0.44556085624319297 0.3035127851014411 0.4519195228970203 0.3181604279290078 0.4537362847981139 0.3219074993500132 0.46418266572940176 0.3467744278712312 0.4891631418694381 0.3498402135793266 0.5177771418116615 0.3491589278664165 0.5345821893967768 0.3498402135793266 0.552295617932439 0.3505214992922367 0.5786386654982955 0.35018085643578156 0.5899934273801302 0.3494995707228716
2 0.7368107190094085 0.354670925941598 0.7263321862963246 0.3270008857683538 0.732765469732999 0.2935391817881094 0.7791283590522319 0.2845977674194002 0.7890632639063533 0.2860880031475183 0.791712571867452 0.29403592703081544 0.7983358417701997 0.2935391817881094 0.8129070355562444 0.29204894605999115 0.8162186705076182 0.2955261627589337 0.8195303054589921 0.3049643223703488 0.8228419404103657 0.3168862081952945 0.8241665943909153 0.33427229169000683 0.8251792435536209 0.35461694803726784 0.8193168270181892 0.36077289742880375 0.8042363600348282 0.36044228558621044 0.8006571633213463 0.3609290391698828 0.7769484226571302 0.3594675414577051 0.7594592115888474 0.35722673854430204 0.7495170502815163 0.35598396838088564
16 0.6800484312072416 0.6386448912806367 0.6762787614111927 0.6339328040355754 0.6828966261642564 0.6326134196069583 0.6920276041146863 0.6308542403688021 0.6946244877519646 0.6312940351783412 0.6946244877519646 0.6328019030967608 0.6907710475160033 0.6345610823349169 0.6885930160782859 0.6358176389336 0.685242198481798 0.6366344007227439 0.68264531484452 0.6361317780832707
1 0.7632228092209303 0.6488219171386873 0.7699565391329378 0.6467558863702307 0.7717930109271218 0.6473680436349586 0.7738335351428816 0.6477506419254135 0.7748537972507615 0.6463732880797757 0.7785267408391293 0.6478271615835045 0.7798530815793732 0.6464498077378668 0.781587527162769 0.6501227513262344 0.781077396108829 0.6511175068814175 0.7759760855694294 0.6511940265395083 0.7717930109271218 0.6508879479071443 0.768732224603482 0.6505053496166895
16 0.5445677555387153 0.41906407847699656 0.5448458800308189 0.41384924425005537 0.5504083698728894 0.4092601901303471 0.5437333820624047 0.40321098242709524 0.5345552738229882 0.3982047415692317 0.5440115065545083 0.3954930277712223 0.5454021290150258 0.3911125670205916 0.5551364862386495 0.3892352266988928 0.5579177311596849 0.38568913942457284 0.5754395741622074 0.38485476594826223 0.5873989273226593 0.3833946123647186 0.5943520396252475 0.38902663332981513 0.5990801559910076 0.3900696001752034 0.6021395254041464 0.3865235129008833 0.6174363724698407 0.38798366648442695 0.6305082235987066 0.3865235129008833 0.638573833869709 0.3938242808186011 0.6433019502354691 0.3902781935442811 0.6483081910933328 0.39069538028243633 0.6535925564432997 0.38714929300811624 0.6597112952695775 0.3867321062699609 0.6638831626511305 0.3931985007113681 0.6735547688264615 0.3917063160956025 0.6844989948110952 0.39409603632642454 0.6864384778969799 0.39794036887165984 0.6727235617896536 0.397628666232857 0.6635802843847697 0.4109279788217793 0.6635802843847697 0.4126942937749955 0.670962972642964 0.416679472727133 0.6589877296947938 0.41800559023481626 0.6569784607437587 0.4175233656865678 0.6543262257283919 0.414569740328546 0.6390278971872518 0.410312812490909 0.6297048892544482 0.4079016897496667 0.6190858764177495 0.4073861335573332 0.6164447024158457 0.4084200462375612 0.6117541165797147 0.4099458994613627 0.5979084114007743 0.42164410751050824 0.5967098197843013 0.4247534178139858 0.5907856264919078 0.4242740311139763 0.584140983255924 0.42359600629397787 0.5822877154145951 0.4250198584159745 0.5792592045519357 0.42651151301997087 0.5755978705239444 0.42607079688697197 0.573202182826617 0.4239689199449771 0.5640262469293058 0.42285017899197974 0.5515053885866694 0.42183314176198217 0.5486576843426763 0.4221043516899815
16 0.6081436034100289 0.5112729771663375 0.6035573613620502 0.5116551640036691 0.591582173792328 0.5092664962703468 0.5929835255292104 0.49818307798773154 0.5950218553283121 0.49646323721973956 0.6053408999362642 0.49636769051040663 0.6114558893335691 0.5016227595237156 0.6104367244340182 0.509075402851681
1 0.8281359024095665 0.6172393526354885 0.8281737384617768 0.6222212828272402 0.8030785255124967 0.6195374448806569 0.7902531542591674 0.6018181819648731 0.7740224054640783 0.5803480492131465 0.7620970602636141 0.5698852463485884 0.7564718974332068 0.564316335146485 0.7620970602636141 0.562797541182275 0.7575969299992883 0.5499721699289457 0.7366713242701722 0.5521659834328047 0.7341962526247928 0.5422094452229833 0.7395964089419842 0.5403531414889489 0.7391463959155514 0.5371467986756165 0.7321711940058462 0.5356280047114065 0.7309143301077077 0.5327230120423739 0.7348682716152455 0.5282748278463938 0.749271915678419 0.5219202789949937 0.7549204035463302 0.5221320972900404 0.760851315807637 0.5195902777494804 0.7690416232161081 0.5210730058148071 0.772995564723646 0.5183193679792004 0.7811858721321172 0.5189548228643404 0.7902234527207752 0.5225557338801338 0.7933301210481263 0.520437550929667 0.7995434577028288 0.5225557338801338 0.801238004063202 0.5257330083058338 0.8060392187509265 0.5244620985355538 0.8167713456999579 0.5284866461414405 0.8176186188801445 0.5331466486324672 0.8210077116008913 0.5363239230581672 0.8173361944867489 0.5378066511234939 0.8116877066188377 0.5380184694185406 0.8111228578320467 0.5471266561055474 0.8085810382914866 0.5494566573510608 0.7964367893754776 0.5492448390560142 0.7961543649820819 0.5524221134817141 0.7950246674085 0.5555993879074143 0.7958719405886864 0.5617421184637676 0.7953070918018953 0.5693675770854477 0.7964367893754776 0.5788994003625478 0.800673155276411 0.5822884930832946 0.8060392187509265 0.5852539492139479 0.8097107358650689 0.5941503176059081 0.819878014027309 0.6026230494077749
16 0.6202354324311505 0.6143298565416712 0.6220602426309071 0.6118031962650852 0.625990603061152 0.6126454163572804 0.6290787433992014 0.6149615216108176 0.6306228135682262 0.6183304019795989 0.6285172633377379 0.6187515120256966 0.6268328231533472 0.6187515120256966 0.6250080129535908 0.6156984641914884
16 0.7937696455930298 0.5101733003145377 0.7992857938148527 0.522214847036592 0.7932206632889935 0.5197693914861617 0.7900115728859933 0.5220390207299674 0.7831468476614708 0.5186888574311592 0.7800148139380967 0.5181732177327989 0.7723757072957205 0.5176002847346206 0.7718409698307542 0.5127303542501059 0.776042478484061 0.5093500495608544 0.7696256289044651 0.5090635830617654 0.7648893827861919 0.5032196664803475 0.7563479486616645 0.49106087273854615 0.7665843515624485 0.487909741248566 0.7701747316843653 0.4880243278482016 0.7751401510019099 0.48378462366168284 0.7787305311238267 0.4849877829578571 0.7784249668581318 0.48836808764710854 0.7785777489909792 0.4914046325374531 0.7834667772421 0.4966183228208748 0.7872099394968644 0.49335260473125897 0.7947726550728166 0.4918629789359957 0.7962240853348682 0.49495681712615797 0.7949254372056642 0.4966183228208748 0.7938559622757314 0.49885276151376984 0.789883626821696 0.5000559208099441 0.7901128000209671 0.5011444935064827 0.7945434818735454 0.5028059992011995
16 0.669960485376908 0.4933671403087839 0.6642594765801239 0.4886776008146551 0.6589262748024873 0.48936723897555645 0.6537769765344242 0.4879879626537539 0.6502828098525244 0.4900568771364577 0.6508345203812455 0.49267750214788264 0.6491793887950824 0.4937809232053247 0.6410876343738405 0.49460848899840626 0.6318924588951568 0.4882638179181144 0.6280022529054435 0.48674678609507827 0.6273724277621718 0.48328625368206635 0.6326939479824165 0.4816368915145267 0.6358036655274686 0.4835388965405288 0.6519379414386876 0.4757124033897109 0.6565355291780296 0.47364348890700697 0.6727190380205131 0.48122950867692116 0.6712478099439239 0.48481562711360787
5 0.6898220644108651 0.4788847389298568 0.6793395643651655 0.4788847389298568 0.6738224590779551 0.48067779814820016 0.6592940818216345 0.47391934417136744 0.6576389502354716 0.4695056599415992 0.6587423712929136 0.4663333244014533 0.6627882485035345 0.460816219114243 0.6618687309556661 0.4521267782868867 0.6563516256684558 0.4457821072065947 0.6478920642280667 0.44012707428720416 0.6427427659600035 0.437368521643599 0.6396987170584397 0.4333959428572044 0.633363686971746 0.43571339005743587 0.628766099232404 0.4311617781954874 0.621961669378178 0.43392033083909254 0.6135021079377888 0.43171348872420845 0.6092723272175943 0.43143763345984787 0.6065137745739891 0.4284032255518822 0.6063298710644153 0.42633431106917835 0.600812765777205 0.42688602159789935 0.5975025026048789 0.42454125185083497 0.5980542131335999 0.4220585544715904 0.6021000903442209 0.41861036366708393 0.608294193360609 0.41360239680807864 0.6121574654303483 0.41030149978646585 0.6160696396781856 0.40916452414568816 0.6190037703640636 0.40795419523776355 0.6293221299427346 0.4083209615734982 0.6541644364165019 0.41473937244885645 0.6568540562118899 0.4176735031347343 0.6590546542262985 0.41829700590548347 0.6714269052850841 0.41679326392897087 0.663883369036965 0.4126371856712822 0.6638052027821978 0.41109264425883507 0.6667337152185611 0.4066766989816917 0.6713638104631344 0.3999630608770604 0.6728248627403108 0.3977714824612956 0.6860932724390413 0.3987179814191061 0.6923808595036518 0.401426994994816 0.6943206470023084 0.40885169886898376 0.694243256846733 0.41518141393657115 0.6903636818494201 0.41518141393657115 0.6850794331461836 0.42100077643254047 0.6838106096347574 0.4291647626322247 0.6847036115715054 0.433719072509639 0.6814888045992127 0.43653202861039486 0.6739875883305304 0.43733573035346796 0.6682922640501466 0.43219755675072574 0.6632342696853202 0.4327595561245954 0.6604242728159719 0.4380985501763569 0.6692289296732628 0.4441400434454553 0.6754109227858287 0.4428755448542486 0.6782209196551767 0.4497600371841516 0.6812182496491481 0.45664452951405443 0.680281584026032 0.46029752544420705 0.6707275946702483 0.4622645232527507 0.6769095877828143 0.4659175191829032 0.6754109227858287 0.469992014643458
16 0.6807259832844668 0.4369631023480157 0.6742480794296335 0.437791243465821 0.6682118508376297 0.43254634971972017 0.663416442713084 0.43288624723657015 0.6606507676135565 0.438041709379585 0.6692736911991761 0.4439822577130005 0.6755372480708153 0.44278150858177817 0.6814356648557669 0.45655852492948656 0.6803402445957044 0.46037143006547315 0.6710432162346617 0.4623305470690464 0.6771944223103968 0.4658695971400174 0.675649598866719 0.46985102846985977 0.6907388526421994 0.47914498066050953 0.6955130305131263 0.4791879113744656 0.7077479348918917 0.4876885427910005 0.7294319999994373 0.49665999189579024 0.7259242759049026 0.48840886817341866 0.7117491071819648 0.4735427527621944 0.7088791511046183 0.46816158511716943 0.712227433194856 0.45261598969820854 0.7155757152850939 0.4474739850596292 0.7313604737105003 0.44651733303384694 0.7340709877835497 0.43730955728569315 0.7374192698737876 0.4337221121890098 0.7361437338394112 0.4307325746084404 0.7283310756288566 0.4291780150665442 0.7121388554044077 0.43669983906727106 0.708536645691408 0.4356021995691562 0.7005482331487792 0.436971128552127 0.6957738347618934 0.41923764882940795 0.7079750750839351 0.4114508324127012 0.7151745647149536 0.4088362809151208 0.7169933831480528 0.4034935017678914 0.7157808375259865 0.4007652741182423 0.7067625294618689 0.39707079917600924 0.7000177444391252 0.3992306460653148 0.6997146080336087 0.40008321720583007 0.6922119819970738 0.3980370464685933 0.6930456071122443 0.39667293264376874 0.6861492538867424 0.3954224949710129 0.6872102313060505 0.3983780749247995 0.6928182548081068 0.40116314065048286 0.6950917778494811 0.40889311899115527 0.6948644255453437 0.4154863358111405 0.690524301831876 0.41541043340199935 0.6855780578337025 0.42121210755845434 0.6842683517133057 0.42883141140752007 0.6851402262161863 0.4335323908915737 0.6947329347080398 0.43593056801453706 0.6922145819121391 0.444462160122542 0.6835693014194811 0.44324826799857286 0.6773715432580779 0.4412645906252575 0.6821876355873212 0.43652745062928056
3 0.7794212493077366 0.4036364543946366 0.7772951684312833 0.39332496214383866 0.7670899802243082 0.3944943066258879
5 0.7291645302069729 0.46440934218497204 0.7289195185961452 0.4561402003195365 0.7316146463152502 0.447871058454101 0.7352898204776659 0.4372130533830953 0.7387100066455704 0.4336705511650613 0.7369949253697766 0.4307304118351287 0.7360148789264656 0.41437588681237847 0.7352798440939824 0.4107007126499627 0.7411601227538476 0.39673505083278277 0.7453253201379187 0.38736335671862254 0.7556158077926831 0.38570952834553546 0.7646812373933087 0.3926923592541254 0.7759517714913836 0.40463667528197667 0.7820770617620767 0.41474340422862005 0.7916325145843577 0.4307304118351287 0.7889373868652528 0.43477310341378606 0.7906524681410468 0.4476362129822412 0.7828120965945599 0.451311387144657 0.7703165044423461 0.4603155638425757 0.7580659239009602 0.4684009469998904 0.7546357613493722 0.4656445663780786 0.7463053665812296 0.46931974054049436
3 0.7581489092192115 0.4898341864512019 0.7280967461974499 0.48861218584640126 0.7127431675703277 0.470062899313273 0.713286278950239 0.4539053357609103 0.7165449472297073 0.44942466687664173 0.7310279173606764 0.447523777046952 0.7281313233344826 0.4553988920556666 0.7281313233344826 0.4651748968940709 0.7460539988715571 0.4703344550032287 0.7545627438235016 0.4663968974988714 0.7581834863562439 0.46897667655345027 0.7741147535003102 0.4586575603351346 0.7788217187928751 0.46381711844429246 0.7793648301727865 0.468433565173539 0.7775544589064154 0.4763086801822535 0.7744768277535844 0.48078934906652215 0.7681405283212854 0.48594890717568
16 0.795979266159816 0.4685465171127744 0.7993121278479448 0.46849789325549585 0.8036606411258346 0.47148749613404495 0.8045822474202357 0.47600360961297705 0.8010842111092096 0.4808571610867494 0.7988414412342497 0.4840816628301916 0.7926355202738934 0.4850668307464449 0.7823995986389118 0.48407259812709186 0.7761635536493485 0.4814767334916994 0.7747996869695369 0.48104193490595404 0.778048321218062 0.47640668847818046 0.7799099245910319 0.4680707498507516 0.7793156622284969 0.4635840690136119 0.7751162081999158 0.45888939634958475 0.7749181207457374 0.45743345356137377 0.7775328751408918 0.45716603549823304 0.7831189413487213 0.4569877567894725 0.7859714006888897 0.45936480623961273 0.7870410729414529 0.46135558515410535 0.7855356082896974 0.4635840690136119 0.7887050075565512 0.4678627580238643 0.7891804174465791 0.46943755328458214 0.7879126577398378 0.47202259456160983 0.7878730402490021 0.47410251283048255 0.7898935322816213 0.47416193906673604 0.7907254995891704 0.47193345520722957 0.7936175764201745 0.46943755328458214
5 0.7539951480948549 0.5166555538629344 0.7292102608548694 0.5157443447732291 0.6903320063607744 0.5173845211346987 0.6898460281795983 0.525949886577929 0.6869854527148075 0.5353409831318896 0.7013771026817711 0.5411990993443492 0.7128931526738197 0.5425124734456708 0.7291012111504521 0.5420223103869016 0.7349831678556816 0.5405518212105943 0.7386430520278247 0.5398655929283175 0.7375973708357837 0.5377088754697333 0.7319768344285644 0.5362383862934259 0.7301468923424929 0.5325131470467805 0.7338067765146357 0.527219386012074 0.7481848929051967 0.5213374293068445 0.7527597481203753 0.5215334945303521 0.7583802845275947 0.5196708749070295 0.7621708788487426 0.5192787444600141 0.7668764442129262 0.519866940130537 0.7717127197261149 0.5179062878954606 0.7713205892790996 0.5128085920842617 0.7732812415141762 0.5103577767904159 0.7687063862989977 0.508593189778847 0.7549818206534621 0.4913394501101738 0.7279248198094063 0.48967289571035877 0.7323689648755797 0.4960450154743575 0.7345910374086664 0.5001623851680181 0.7466163711171356 0.5067305701555245 0.7485770233522122 0.5096715485081392
16 0.6910788691470686 0.5162872789086627 0.6881134517702072 0.5130747434170628 0.6917378507863713 0.5104388168598526 0.719524909910295 0.5141455885809294 0.7310302985329495 0.5054389173450471 0.7435509496796978 0.5060978989843496 0.7458573854172568 0.5069216260334778 0.7482736514280329 0.5103812796398162 0.7528865229031506 0.5162297416886262 0.7389380782045801 0.5154883873444108 0.7272960692435685 0.5155707600493237 0.7181801565665499 0.5159002508689748
1 0.5456396821591317 0.46171330123777493 0.5432755587528965 0.45231591069798915 0.5487130425872377 0.4482377978222331 0.5484766302466143 0.4418546646253975 0.5581695362121795 0.4374219332387061 0.5690445038808624 0.4329892018520147 0.5818107702745334 0.43103880004187045 0.5943406243275812 0.4321026555746764 0.5978868094369343 0.42908839823172634 0.6052155919962641 0.42908839823172634 0.6095922142188479 0.4329414235136053 0.6127991877263561 0.43244033390305714 0.6213511170797112 0.4344446923452498 0.6287004313677509 0.43173880844828977 0.6335108916290131 0.4360481790990039 0.639541680633536 0.43390811763469145 0.6425936914236307 0.43766619062249473 0.6476044554073684 0.44046766321340264 0.6558179006715634 0.44580994925313777 0.6612386362539705 0.45202785183295774 0.6624229986501269 0.4606714197049053 0.6584143874631365 0.4643611640929304 0.6560136064235859 0.4699624821972671 0.6511720383042049 0.4717285418638696 0.6489709351932169 0.4723349111907179 0.6532008000695518 0.4736861180262138 0.6485792810380008 0.4753898136014041 0.6432527845270607 0.4766822723136176 0.6346363931123047 0.4782097235189607 0.6259416708665053 0.4793259378613268 0.6241400617525108 0.4770347610533122 0.6253150242181593 0.47374486614949624 0.6220251293143435 0.47274614805369486 0.6187352344105276 0.4743323473823205 0.621868467652257 0.4777984866559837 0.6257850092044188 0.4852007501895696 0.6313169764030372 0.4912643926776298 0.6426634584302814 0.5011549970714466 0.6503775045532619 0.5010406377974952 0.6494798606888186 0.498606641934293 0.6440249479741241 0.4986584290803186 0.6429892050536126 0.4952922645886558 0.6438175956750414 0.4948496989931087 0.6493742440848869 0.49426747664134185 0.6515805603652663 0.4927659558394167 0.6508042638962439 0.4902532067423174 0.6537868766456463 0.48841460984200097 0.658830555946739 0.4896183545542789 0.664060342685417 0.48900548892084006 0.6697804219308461 0.49381648414333496 0.6757456474296507 0.49764689435232756 0.6826506002330617 0.5022740298847906 0.6862869363247985 0.5109154353162781 0.6880029600984272 0.5161554364821801 0.6886158257318661 0.519342337776062 0.6873900944649884 0.5222840928165684 0.6872675213383006 0.5268499417856877 0.6875535253005721 0.5290256147843956 0.6856840069987975 0.533048534630027 0.6797648742636468 0.5313946593069702 0.6659535645482955 0.52338642090059 0.6594541246822478 0.5231252826916863 0.6546956062088916 0.5253014344325505 0.6550437904874298 0.5265200794074345 0.663632336024707 0.5309594289587973 0.6707120830216519 0.5332226267692961 0.6776757685924172 0.5334837649781998 0.6792752906192737 0.5324006152275598 0.6781146973444718 0.5306959938551946 0.6796966155823833 0.5314973170494843 0.6856631979838536 0.5331562795558046 0.682037623946805 0.5374071109301933 0.67839499805105 0.5392143594617742 0.6724073111808475 0.5407278217507894 0.667973649792414 0.5407452606979504 0.666600898455631 0.5419312647749976 0.6720925089107488 0.5456721095116261 0.6722049672558204 0.5485342886079563 0.6642642642642643 0.5483483483483484 0.6636836836836837 0.5484834834834835 0.6619219219219219 0.5515615615615617 0.6587987987987988 0.5505705705705707 0.6591791791791792 0.5487537537537538 0.6557757757757757 0.544984984984985 0.6504117439672394 0.5438237434888263 0.646332117511815 0.543564413374042 0.6430573308009166 0.5451797481037861 0.6430600461478261 0.545549131113694 0.6451921278057386 0.5479966420843824 0.6376600786237043 0.5486176355009862 0.637286147104029 0.5492786930089839 0.6392092234909312 0.5541464801133305 0.6388620013655184 0.5563099410485955 0.6360575149679525 0.5552883067180537 0.6363246089105777 0.5523435960006094 0.6296472603449447 0.5497193980143158 0.6340898212675024 0.5486981134537569 0.6292563283723845 0.5443963047771021 0.6332520158323485 0.5425112425480063 0.6402216598501191 0.5461291152446346 0.6506022029600027 0.5414603467427003 0.6456861887030098 0.5346221949558514 0.6360945763998783 0.5307748724879965 0.6344260742868454 0.5266876830217064 0.6347245205026589 0.5256795387863972 0.6421790336337415 0.5243159083355894 0.6454517467156801 0.5217250104790546 0.6412699466665363 0.5177704821717121 0.6490880945845008 0.5129977755938849 0.6407244944862132 0.5080887059709769 0.6223609377486684 0.5022250950325036 0.5919974330440154 0.485997892667891 0.5730884241261476 0.47290704034013636 0.5632702848803316 0.46527070981561286 0.5629066500934495 0.4609070923730279 0.5596339370115109 0.4603616401927048 0.5554521369623671 0.4622707228238357
16 0.6780933134577619 0.5321958853813732 0.6768943058306867 0.530479124460788 0.6658852358002681 0.5242660849386708 0.6596396396396397 0.5233483483483483 0.6553153153153154 0.5252702702702703 0.6553753753753753 0.5263063063063064 0.6634834834834835 0.5306006006006005 0.670634941462618 0.5328453946363265 0.6772169307117085 0.5331411291763202
3 0.5969571336980714 0.4956444382411419 0.5963896958211599 0.4929693739642738 0.6023072622518075 0.492665389387357 0.6067657027132545 0.49448929684885795 0.6159257712976816 0.5003258007256611 0.6212758998514178 0.5020889112717788 0.6244373394513528 0.5034872403255961 0.6156825836361481 0.5098709164408496 0.6119412189720426 0.5095389478279927 0.612670781956643 0.5031552717127392 0.6051319644491056 0.4958596418667353
16 0.7195457433052862 0.5779032357321255 0.7288393071129156 0.571430932366098 0.7250776265241131 0.5677798894416722 0.7166691640314963 0.571430932366098 0.7106947301551633 0.5701032803935795 0.7135713094289532 0.5608097165859504 0.7113585561414224 0.5601458905996911 0.7142351354152124 0.5515161527783211 0.7075968755526202 0.5460395883916825 0.7171117146890025 0.5448778929157287 0.7323797123729646 0.5427204584603863 0.7348137409892486 0.5523459352611452 0.7226435979078293 0.5563288911787005 0.7252989018528663 0.5606437600893854 0.7341499150029892 0.5616394990687743 0.7368052189480262 0.5556650651924413 0.7412307255230879 0.553341674240534 0.7567199985358032 0.5510182832886267 0.7600391284670994 0.5616394990687743 0.7538434192620131 0.5642948030138113 0.76512846102842 0.574086236311135 0.7598178531383462 0.5847074520912826 0.7494179126869516 0.5896861469882269 0.7403456242080755 0.5900180599813564 0.7312733357291993 0.5842095826015882