7 0.44257391923289563 0.49129871525722846 0.4434998060932155 0.508659093888226 0.4337779940598569 0.5305331709632828 0.41433436999313966 0.5496295874573801 0.38378010360258424 0.5638650979347979 0.3606329320945876 0.5669899660883775 0.3166533062293939 0.5666427585157576 0.254618886587963 0.5558793237645391 0.21156514758308925 0.5406021905692614 0.1800849943322138 0.5131727923322853 0.16758552171789565 0.48435456380482944 0.16758552171789565 0.45623075042261363 0.16573374799725593 0.45102263683331434 0.13348666892448313 0.4382104065952147 0.13835299110963326 0.4257984128951104 0.15091955823213804 0.41769070986179924 0.1870291457846128 0.42671810674991795 0.19578627248721525 0.4178441853720759 0.21601126549175187 0.4053338804208162 0.24999759394267426 0.3929799542814472 0.29545170193225134 0.38875772636039696 0.3288125151356108 0.39219806022199344 0.36363286391661703 0.40173716774732904 0.39094702972686757 0.41674953368884077 0.40887846682367324 0.43254379368980617 0.42076325652736996 0.4508401146810236 0.4307715004883777 0.47116936022682077
2 0.5069731390552336 0.7099727569756902 0.509918211232318 0.7311141679611884 0.48761980760582224 0.7541488396319553 0.4649006793826001 0.7629840561632083 0.4198831475328823 0.7841254671487067 0.3773899632635224 0.7629840561632083 0.36350605157155336 0.7629840561632083 0.35929880560429006 0.7415271017301651 0.3449941693155947 0.7194390604020326 0.34373199552541567 0.7099727569756902 0.352987936653395 0.7083950397379664 0.3879080781816808 0.717545799716764 0.4097857572114503 0.6799961294589388 0.41735879995252423 0.677156238431036 0.44344372494955697 0.6853603680671996
12 0.5657461909089747 0.7582347795019954 0.5476552764082975 0.7522555789466865 0.5286226542231793 0.7411908996061368 0.5203437611465982 0.7273927444785016 0.5178907557905741 0.7106049890732122 0.5286226542231793 0.6915175411466502 0.5531527077834196 0.6779493552711421 0.5743098789791268 0.6715102162115791 0.6114115849889904 0.663231323134998 0.6209169807435834 0.668750585186052 0.6383946439052547 0.6926673874072864 0.6512729220243808 0.7234832671923384 0.6377813925662487 0.7423407458667731 0.6178507240485535 0.7547590854816448 0.590254413793283 0.7600483782805716
4 0.8208298840600762 0.6830412392524249 0.822191880549114 0.7004066944876561 0.8181058910820006 0.7096001707886608 0.8053939238509819 0.7130051620112551 0.7422880865255667 0.7133456611335146 0.700520194195076 0.7126646628889958 0.6669242807988118 0.7136861602557741 0.6605682971833025 0.7096001707886609 0.6564823077161893 0.7044926839547692 0.6533043159084344 0.6772527541740146 0.651942319419397 0.6462673340484061 0.6514883205897175 0.6340093656470664 0.6642002878207365 0.6329878682802882 0.7118701649370572 0.6326473691580288 0.7813319858779818 0.6326473691580288 0.8031239297025856 0.6329878682802882 0.8144739004445667 0.6360523603806231 0.8167438945929628 0.6401383498477364 0.8194678875710383 0.6493318261487411 0.8199218864007176 0.6632922901613779 0.8237849416771035 0.6622524457483546 0.8323809888247631 0.665475963428727 0.8348766154160192 0.6698433099634251 0.8343220317290734 0.6773301897371933 0.8314104673726079 0.6798258163284493 0.8215666069293203 0.682217458478403
9 0.13149673140815685 0.6683287482909415 0.11161406411620184 0.6588392934470536 0.1007689728660446 0.6357934745404696 0.1364673982311456 0.6378269291498742 0.15318691390847136 0.6344378381342001 0.15273503510638148 0.6202036558683687 0.16267636875235897 0.5954632914539474 0.16583952036698818 0.5893629276257338 0.15860945953355002 0.5798734727818463 0.15363879271056127 0.5537774719611553 0.18120339963804433 0.5629280177034756 0.21735370380523522 0.5727563816489306 0.2788092208894597 0.5778400181724418 0.3194783130775495 0.582923654695953 0.352917344432201 0.5714007452426609 0.365118072088628 0.5944465641492451 0.36195492047399874 0.6015636552821608 0.35924364766145944 0.624609474188745 0.34885043521339204 0.6629062026658628 0.3366497075569651 0.7018807493461154 0.33439031354651566 0.7052698403617896 0.3158632826608304 0.702219658447683 0.27157916005602156 0.6801905668458009 0.22322812823240373 0.6795127486426661 0.2006341881279094 0.6768014758301268
0 0.1938976045786368 0.4157874689732035 0.18145660021600127 0.4082773504860027 0.16082273932187402 0.39007100263824346 0.15171956539799436 0.37027159935380516 0.1505058088748104 0.35024461672126994 0.16325025236824192 0.32589362647489184 0.18115316108520527 0.3058666438423566 0.21552045986956314 0.28218988237132686 0.23433311869431825 0.2730310879434856 0.26568755006891015 0.2633772235465718 0.28483025553971364 0.26808038825276054 0.28780067535414866 0.27154587803626806 0.30958375399333876 0.2774867176651381 0.30892366070124216 0.2804571374795731 0.3254259930036589 0.28788318701566074 0.3336771591548673 0.28615044212390695 0.34225837195212405 0.2893683969228782 0.36470154388341086 0.28342755729400815 0.3878048091067944 0.2873881170465882 0.4026569081789694 0.29580430652082074 0.41123812097622614 0.3059532408868071 0.4155287273748545 0.31288422045382214 0.41783905389719295 0.32377575977341716 0.4125583075604195 0.3386278588455923 0.40562732799340445 0.3532324229332311 0.38318415606211764 0.3792235963095376 0.35678042437825075 0.3953133703043939 0.33565743903115736 0.3911052755672777 0.3029828210723721 0.3866496458456251 0.2778992759726986 0.38739225079923384 0.2554561040414117 0.38986760064459636 0.22806223241939988 0.3965510452270751
15 0.4010622366986105 0.2937735204747082 0.41476595777031705 0.29343092744791555 0.4216178183061703 0.29223185185414124 0.425272143925292 0.2903475902067816 0.4243585625205116 0.27441701446092276 0.422988190413341 0.24409753158977213 0.4216178183061703 0.21412064174541418 0.41979065549660943 0.18637060657520851 0.3885004923828796 0.18671319960200117 0.3250065847506394 0.18825486822256812 0.3147287939468595 0.18928264730294614 0.3067349566550307 0.1928798740842691 0.30262384033351875 0.19819006599955538 0.30262384033351875 0.20487063002201228 0.2902904913689829 0.20401414745503066 0.284123816886715 0.20469933350861594 0.28572258434508074 0.2070974846961646 0.2896053053153976 0.2098382289105059 0.29896951471439703 0.21343545569182884 0.30376581708949435 0.21651879293296278 0.3049077938454698 0.22902343841089498 0.3078769334110063 0.2576299561480824 0.30870526334916126 0.2761984702809396 0.3102999359761163 0.2772591761368584 0.3095447186083619 0.2803036461506186 0.3255930876731443 0.2873838089733167 0.3339948808894128 0.2855429666394152 0.3427742827895584 0.28851663502494845 0.36410917342862203 0.28292330639501695 0.38837053136773436 0.28653418943459297
6 0.6258713835175641 0.27538814660831495 0.6137898390211993 0.28231726771652416 0.6109471226691134 0.2947541517568997 0.601471401495494 0.30239395195313035 0.5678325913291451 0.30061725423307667 0.5450908605124583 0.2915560958608031 0.5443801814244368 0.28906871905272796 0.5396423208376271 0.28249493748852955 0.5479335768645441 0.266149318464036 0.5588306562142065 0.24038720152325813 0.5692539495051879 0.22546294067480757 0.5690170564758474 0.2172901311625608 0.5737549170626571 0.2107163495983623 0.586310247617703 0.20929499142231936 0.5960228618206629 0.21409207526646423 0.6047879039062608 0.2201328475146466 0.6123684808451564 0.2188891591106091 0.6185276996080091 0.2215542056906895 0.6187645926373496 0.22866099657090408 0.6242131323121807 0.23683380608315086 0.6265820626055856 0.2492706901235264 0.627766527752288 0.25957553689983753 0.6275296347229475 0.26685999755205747
1 0.7118537805593143 0.4129884623689404 0.6945675553094 0.4159703362245506 0.6869616161994376 0.4078025947939662 0.6809114373619677 0.40183884708274575 0.683677233401954 0.39276357882654084 0.6866158916944394 0.3856330109109512 0.6909374480069179 0.3823918436765923 0.6840159331391049 0.3792165664199928 0.6826330351191118 0.3736417587768954 0.6850531066540998 0.36780765775504937 0.6971534643290397 0.3588620361882187 0.7090809597514804 0.35134252820450607 0.7128839293064615 0.35095358813638305 0.7189341081439317 0.3458973672507831 0.7332816751013604 0.343304433463296 0.7701013348836776 0.34045220629706013 0.7732128554286622 0.3452491338039113 0.7794358965186313 0.34797171428077284 0.7801273455286278 0.3447305470464139 0.7842760395886073 0.3462863073189062 0.7870418356285935 0.34784206759139846 0.7851403508511029 0.3536761686132445 0.7913633919410721 0.354583695438865 0.7965492595160464 0.3595102696350906 0.7930920144660635 0.3608067365288341 0.7903262184260772 0.3661222507931827 0.7967221217685456 0.3719563518150288 0.7949934992435543 0.38180950020747983 0.7939563257285593 0.38479137406309005 0.8041551986260087 0.38582854757808493 0.8110696887259743 0.38958830156994123 0.8141812092709589 0.3942555823874181 0.8126254489984666 0.40281226388612557 0.8079581681809898 0.4039790840904949 0.8053652343935026 0.4082574248398486 0.8062295456559982 0.41240611889982803 0.8114154132309725 0.4081277781504742 0.8183299033309381 0.408387071529223 0.8357889908333516 0.41059106524858696 0.8385547868733378 0.4240743209435201 0.8416663074183224 0.43470534947221734 0.8300845365008799 0.4419655640771813 0.8233429086534134 0.44455849786466844 0.8146997960284562 0.45091118564401184 0.8110696887259743 0.45389305949962205 0.8003522290710275 0.45907892707459635 0.7815102435486212 0.46257938768770396 0.7675084010961907 0.4656909082326885 0.7548894566637533 0.46154221417270913 0.7493578645837807 0.45441164625711955 0.7408876142113227 0.46050504065771425 0.7376032314138389 0.46050504065771425 0.7360474711413467 0.45596740652961176 0.7249842869814016 0.45324482605275035 0.7210084551739213 0.44624390482653503 0.7241199757189059 0.4409283905621864 0.722045628688916 0.43677969650220705 0.7165140366089436 0.4362611097447096 0.715822587598947 0.4269265481097559 0.718242659133935 0.4213517404666586 0.7106367200239728 0.42005527357291506
3 0.5641453108115996 0.41062056250189494 0.5573205468149004 0.4161140338312993 0.5493735413942497 0.4242817894025238 0.5471660398885133 0.4251647900048183 0.5325965299506534 0.42704116628469424 0.5089026804557502 0.41942528608990387 0.5015443421032957 0.40176527404401313 0.5021330091714922 0.3998888977641373 0.5091970139898484 0.39911627223712964 0.5119931825637811 0.3954738947526646 0.5044876774442775 0.3934871433975019 0.5047820109783757 0.38509863767570385 0.5206760218196772 0.37748275748091353 0.5386303673996662 0.37483375567402993 0.5557017123773605 0.3836637616969753 0.5595280483206369 0.387416514256727 0.5614412162922751 0.3953635196773779 0.5636487177980114 0.40308977494745507 0.5721843902868586 0.39326639324692836 0.5857237328553747 0.3780346328573476 0.5952895727135654 0.36655562502751865 0.6007347430943818 0.3681008760815341 0.6050025793388053 0.36821125115682085 0.6098590826514253 0.3715225034154253 0.6161872536345361 0.37262625416829354 0.6200135895778124 0.37052912773784397 0.6363491007202613 0.37472338059874305 0.6367906010214087 0.36765937578038677 0.6438546058397648 0.3620302469407592 0.654009112766152 0.3536417412189611 0.6682842891699137 0.3516549898637984 0.6791746299315462 0.35253799046609285 0.6960988081421915 0.35419361659539517 0.6974233090456333 0.35662186825170517 0.6841783000112153 0.36765937578038677 0.6821179652725281 0.372957379394154 0.6831481326418717 0.3794695088360762 0.6900649706931788 0.38233926079353353 0.685208467380559 0.38531938782627756 0.6800576305338408 0.4020963992698736 0.6937441398694061 0.4166659092077335 0.6825594655736754 0.4205290368427721 0.6643107864595882 0.42814491703756247 0.6585517733331084 0.430135588174975 0.652904928214696 0.42772481968211407 0.650733064707614 0.43000527636455005 0.6514280610298804 0.4319599535209237 0.6474318321768496 0.43319791571996036 0.6451730941294845 0.42909309369157567 0.6422193597598532 0.42655201338828985 0.631056660617698 0.42989866259177845 0.6258441882007016 0.42312244844968305 0.6195023467600227 0.42312244844968305 0.6160273651486918 0.4197994972838479 0.613247379859627 0.4136748421938771 0.6097723982482961 0.415368895729401 0.6025618114047844 0.415368895729401 0.5974362135280712 0.41373999809908957 0.5934399846750406 0.4159552988763131 0.5852737778884128 0.4162810784023753
16 0.5042091201256763 0.3927039856293325 0.5020948430494884 0.3924282103585254 0.49942901543168633 0.394427581071877 0.5000724910635695 0.3964269517852285 0.501083667056529 0.3997362550349139 0.5020029179592194 0.39911576067559795 0.5089892248196664 0.39877104158708904 0.5111954269861232 0.39580645742591253 0.5041171950354073 0.3938070867125609
10 0.8009506710594094 0.4626152822566019 0.8000344916432074 0.4609631819153575 0.8104438623523198 0.4550382052840547 0.8199238249624042 0.45782642958113834 0.8232696941189046 0.4591508361222531 0.823083812499099 0.4658425744352539 0.8206673514416265 0.4795048734909638 0.8154263182567228 0.5002831246107734 0.8111763274471666 0.507954031839629 0.7956750924847691 0.5240324404442435 0.7706453922205199 0.5248781098302363 0.7644438167232388 0.5185355894352897 0.7824847636244202 0.5138844078123289 0.7776926371037941 0.5083875568033752 0.764161926927908 0.5085989741498734 0.7571146820446341 0.5126159037333397 0.7593698004072816 0.5151529118913182 0.7534501147053315 0.5170556680098022 0.7351685862231389 0.5181839162671337 0.7176914189126193 0.522412263197098 0.7033150393507406 0.5143784040301658 0.6900662189701855 0.5202980897321159 0.6756898394083066 0.5150126560696604 0.6635685782090753 0.5135327346441728 0.6565213333258015 0.507824466288721 0.6508835374191824 0.5002134418147851 0.6365071578573034 0.492390999994351 0.6280504639973747 0.48625989694590266 0.6401717251966059 0.48858548775738314 0.6489103088518656 0.4906996612223653 0.6503197578285203 0.48816265306438666 0.6402130290517383 0.47934502104481813 0.6340571345416254 0.46766692704769225 0.6172189524992578 0.4739133494182479 0.6074419435714316 0.4763576016502045 0.6059934978043462 0.48233244043943174 0.6036397734328325 0.4912946986232726 0.6145031166859728 0.5021580418764129 0.6197537325916573 0.5085402560376329 0.6246422370555704 0.5177740978028021 0.6181242311036863 0.5202183500347588 0.6056313863625749 0.51451509482686 0.59438979037602 0.5027904615127587 0.5940438202258917 0.5024296254577414 0.587344758553122 0.48233244043943174 0.5761193038582102 0.48789990385666615 0.5710497436734114 0.4884430710193232 0.5735845237658108 0.48464090088072403 0.5679717964183549 0.4842335255087313 0.556927397444329 0.4908873232512797 0.5485988342835879 0.4911589068326083 0.5498662243297876 0.4862704023686951 0.5592811218158427 0.47011117927964885 0.5639885705588701 0.4661732173503854 0.5610916790246994 0.45911204423584423 0.5504093914924447 0.44852028456403237 0.5518578372595301 0.44743395023871835 0.5650749048841842 0.44594024054141157 0.5706876322316401 0.4486560763546967 0.5782919725088383 0.44987820247067495 0.5791972511132667 0.4517792875399745 0.5819130869265517 0.45286562186528856 0.5896984829246357 0.4483844927733681 0.5902416500872927 0.4466191994947329 0.6001997147360048 0.4390148592175345 0.5935006530632347 0.42570726373243756 0.5875258142740075 0.42163351001251004 0.5880689814366645 0.41755975629258235 0.5938627645050061 0.4168807973392611 0.603820829153718 0.4204113838965317 0.6088903893385169 0.4248925129884522 0.6128736151980018 0.42475672119778785 0.6166757853366008 0.42570726373243756 0.6139599495233157 0.429102058499044 0.6222885126840567 0.4315463107310006 0.6268149057061985 0.42570726373243756 0.630742412202251 0.4303823776456352 0.6419967031616433 0.4268085366916436 0.644491679107267 0.4290199926434463 0.6465011912432699 0.43395570254222415 0.6512643271394605 0.43282162256694057 0.6523228017830585 0.43197106258547796 0.6516423537978884 0.4301565346250244 0.6532300657632852 0.4286822306571559 0.6587492549763314 0.4311205026040154 0.6638148121992644 0.4295327906386185 0.6924494974749432 0.430114866257274 0.6998681261067772 0.4305122927911222 0.7051671465580873 0.4337910616953703 0.7086115098514388 0.4372685438665426 0.7158976629719902 0.43836146683462524 0.7174873691073832 0.4372685438665426 0.7214616344458658 0.4370698305996184 0.7231838160925415 0.44014988623694234 0.7196069772879072 0.445713857710818 0.7239786691602379 0.4538611016547073 0.7348416610854236 0.45654373075818294 0.7371869210730257 0.4607767119492355 0.7408030590931474 0.4610147792639758 0.7494139673265263 0.455053381256252 0.7547129877778365 0.46171027569821027 0.7677790331735017 0.46625283667024175 0.7899110929863558 0.4627850696382835 0.7908358308615446 0.4658829415201663 0.794473133170621 0.4688883396145302 0.8008660225298406 0.4662372597902506
16 0.7995793504773212 0.4611211133132685 0.8006878439294413 0.4626452918099335 0.8005030950207545 0.4660746934274297 0.7940830704438929 0.4682223994909121 0.7910347134505629 0.4655550871217485 0.7903419050429881 0.46216032592463097 0.7929283897646013 0.4612250345744048
16 0.7065305858333162 0.42009759631933696 0.6982048841451626 0.4200357718018507 0.6955670380657475 0.41713001947999506 0.6970508264854185 0.4157698800952968 0.7113116818522558 0.4136060219832766 0.7101576241925119 0.42009759631933696 0.7175765662908666 0.4215195602215217 0.7149387202114516 0.42677464420785627 0.7160103451812138 0.4359864973133134 0.7165873740110859 0.43672839152314885 0.7161752105611773 0.4377175838029295 0.7091684319127313 0.4369138650756077 0.7058711243134624 0.43351351661386184 0.6995238071848701 0.4298040455646845 0.6970508264854185 0.4288766778023901 0.6966386630355099 0.42590910096304824 0.7026562494041754 0.4246726106133224 0.7088387011528043 0.4210249640816313
16 0.5042798492317253 0.44594332340139187 0.5136136933645787 0.4489705160931281 0.5141182254798681 0.4593764909709714 0.5073070419234615 0.45786289462510316
16 0.5187423143585644 0.47503349133631967 0.5218043980209189 0.4731073419358063 0.5235823820829312 0.474070416636063 0.5257554737142796 0.4771818887445845 0.5294102187306382 0.48577547837764384 0.5290151111613021 0.4881461237936602 0.5235823820829312 0.4889610331554158 0.5221007286979209 0.4882942891321613
16 0.5337903261730215 0.4993171907484498 0.5208505532772655 0.4978355373634396 0.5203566688155953 0.5002802654487065 0.5216407684159374 0.5030954068802259 0.5305306887259988 0.503391737557228 0.5303331349413309 0.5050956389499898 0.5268759437096404 0.5052438042884907 0.5219370990929395 0.5065032096657495 0.5219370990929395 0.5145041379448048 0.51984818123505 0.5254756047094615 0.5178789804237316 0.5293788420318961 0.5211140960423261 0.5342315154597878 0.5244898688617289 0.5378182740804033 0.5242293874131021 0.5431829452220409 0.5228228154050176 0.5440268884268916 0.5219788722001668 0.545081817432955 0.5225415010034007 0.5505674482644847 0.5250733306179528 0.5551036429905573 0.5240887302122936 0.5633320892378516 0.5240887302122936 0.569028705870594 0.5364665638834374 0.5654419472499785 0.5312622474535247 0.5765187018136441 0.5346380202729276 0.5787340527263773 0.5354819634777783 0.5813713752415357 0.5328094766624177 0.58643503447064 0.5344973630721191 0.5935030588112647 0.5426554807190094 0.5975117890343057 0.5451873103335615 0.6055292494803874 0.5478597971489221 0.6118588235167678 0.555595943193387 0.6139686815288945 0.5606596024224912 0.6111203732125233 0.574584665302528 0.5980392535373372 0.5821801541461845 0.5974062961336992 0.5886503853833732 0.6010985476549211 0.6059512210828129 0.6050017849773557 0.6195949695612326 0.6096434726040346 0.6411155212849259 0.6134412170258629 0.646460494915647 0.6132302312246501 0.6650272454223629 0.6143906531313199 0.6878137119533321 0.6137576957276819 0.692455399580011 0.6167114969446594 0.7090529492754084 0.6171334685470847 0.7172110669222986 0.6137576957276819 0.7243845841635299 0.6149181176343516 0.7450611926823725 0.6124917809204058 0.7606741419721107 0.6109093874113107 0.766722401606874 0.6144961460319263 0.7724893468400205 0.6138631886282883 0.7730519756432543 0.6112258661131298 0.7862737525192487 0.6111203732125234 0.7886649249329925 0.6090105152003966 0.7955571277726066 0.6090105152003966 0.8070910182388996 0.6085885435979712 0.8124359918696209 0.6094324868028219 0.8283302555609761 0.6093269939022156 0.8288928843642099 0.6052127707785684 0.8291741987658267 0.6016260121579529 0.8294555131674437 0.5999381257482514 0.8248138255407649 0.5977227748355183 0.8336752291916973 0.5961403813264232 0.8400048032280778 0.5954019310221789 0.8381762596175677 0.5882284137809478 0.8310027423763366 0.5822153184463865 0.8339565435933143 0.5788395456269836 0.8311433995771451 0.573353914795454 0.8287522271634015 0.5603782880208742 0.824251196737531 0.5407566085080951 0.8197501663116604 0.5367478782850543 0.8172183366971084 0.5297853468450358 0.8241105395367225 0.5292578823420041 0.828611569962593 0.5274645030316965 0.8273456551553169 0.5247216876159317 0.8214380527213619 0.5236667586098681 0.8166557078938745 0.5242997160135062 0.8190468803076182 0.5209239431941034 0.8232665963318717 0.5173371845734878 0.8208754239181281 0.5151218336607547 0.8172183366971084 0.5128009898474152 0.8152491358857901 0.5101636673322567 0.8113107342631534 0.509003245425587 0.7964010709774574 0.5245107018147188 0.769535545623043 0.525460137920176 0.7633466287874711 0.5183921135795512 0.78163206489257 0.5135394401516595 0.7778343204707417 0.509003245425587 0.7641905719923217 0.5091087383261933 0.7581423123575584 0.5125900040462026 0.7602521703696852 0.5155438052631801 0.7537819391324961 0.5176536632753067 0.7349338742241638 0.5187085922813701 0.7177736957255325 0.5228228154050174 0.7034266612430704 0.5150163407601484 0.6948465719937549 0.5191305638837955 0.6937213143872873 0.5209239431941033 0.6989256308171999 0.5244052089141125 0.6954092007969886 0.5254601379201759 0.6945652575921379 0.5242997160135062 0.6904861987686928 0.5208184502934969 0.6844379391339294 0.5216623934983476 0.6793742799048252 0.5246161947153252 0.676279821487039 0.522084365100773 0.6783896794991658 0.5184976064801575 0.6754358782821884 0.5157547910643927 0.6630580446110446 0.5142778904559039 0.6551812413657713 0.5078428235189174 0.6508208681407092 0.5010912778801117 0.6354892332525879 0.4926518458316043 0.6264871724008467 0.485689314391586 0.648570352927774 0.4900145233164459 0.6489923245301994 0.4882211440061382 0.6394276348752246 0.4796762190570247 0.633660689642078 0.4681774928909338 0.6174851115491059 0.473874109523676 0.6082017362957481 0.4765114320388345 0.6045446490747284 0.4905419878194776 0.6149532819345539 0.4998253630728355 0.6219861419749765 0.5076318377177046 0.6256432291959961 0.5180756348777321 0.6319728032323766 0.5176536632753068 0.6338013468428864 0.5176536632753068 0.6267684868024638 0.5238777444110808 0.6217048275733595 0.5228228154050174 0.6124214523200017 0.5234557728086554 0.6007469046529001 0.5248271805165379 0.6018721622593678 0.520818450293497 0.6031380770666438 0.5194470425856146 0.6000436186488579 0.5154383123625736 0.6049666206771538 0.515227326561361 0.5939953590140944 0.5035176145940573 0.5873844705760971 0.4842124137830972 0.5849932981623535 0.48516184988855426 0.5837273833550775 0.48938156591280785 0.5830240973510352 0.49623860445221996 0.5797889817324408 0.4953946612473692 0.5740220364992942 0.5009857849795052 0.5608002596232996 0.4994033914704101 0.5582684300087475 0.5003528275758672 0.5548926571893447 0.4985594482655594 0.5506729411650911 0.5004583204764735 0.5540487139844938 0.5119570466425645 0.558409087209556 0.5145943691577229 0.5630507748362349 0.5118515537419582 0.5595343448160236 0.5028846571904193 0.5650199756475532 0.5026736713892066 0.5662858904548294 0.5057329655067905 0.5740220364992942 0.5062604300098222 0.580210953334866 0.5073153590158855 0.5823208113469929 0.5104801460340758 0.5887910425841817 0.5103746531334694 0.5934327302108605 0.5138559188534786 0.5962458742270297 0.5171261987722752 0.593292073010052 0.5259876024232076 0.5909009005963085 0.5211349289953161 0.587665784977714 0.5156492981637864 0.5837273833550775 0.5153328194619674 0.5796483245316323 0.5165987342692434 0.5764132089130378 0.5182866206789448 0.5790856957283984 0.5244052089141125 0.5803516105356745 0.5287304178389723 0.5762725517122295 0.5309457687517055 0.5727561216920181 0.5352709776765655 0.5645980040451278 0.533583091266864 0.5534860851812601 0.5370643569868732 0.5474378255464967 0.5392797078996063 0.5467345395424543 0.544765338731136 0.5409675943093079 0.5429719594208282 0.5406862799076909 0.5414950588123395 0.546312567940029 0.5386467504959682 0.5480004543497304 0.5337940770680767 0.5482817687513474 0.5268315456280583 0.5420928519157755 0.5254601379201759 0.5374511642890965 0.5198690141880399 0.5397016795020317 0.5176536632753067 0.546593882341646 0.5165987342692434 0.5485630831529643 0.5163877484680307 0.5482817687513474 0.5126954969468088 0.541952194714967 0.5056274726061841