9 0.5965031233402708 0.37735179781302475 0.6021017045784711 0.3595611447758913 0.6006235498209136 0.3410842103064211 0.6021017045784711 0.3048694187462594 0.5996381133158751 0.275306323595107 0.5996381133158751 0.25793800519380494 0.6139269426389321 0.2601552373301414 0.6410264465274885 0.2642201629134248 0.666155077405968 0.277154017042054 0.699167200324755 0.27382816883754935 0.7104997201326968 0.2756758622844964 0.7558297993644638 0.2756758622844964 0.8150372040656935 0.27752355573144344 0.8208686086969992 0.2845447908298421 0.8234837869966395 0.28729399045341747 0.8323310759346476 0.28938940099136673 0.837918837369179 0.2942786922465817 0.8451363625554488 0.3065019203846192 0.8334951929001749 0.31296276954329616 0.8083502664447838 0.3269321731296246 0.8120879951518992 0.34452041594782756 0.8153475226553758 0.36617299150663674 0.818374226765747 0.38136471790676907 0.7811224838688708 0.38119010036194 0.7254776929166621 0.38031701263779444 0.6584245557022854 0.37822160209984523
4 0.31158604331910994 0.6425272767488629 0.3236128126988557 0.6438973775588408 0.3404386855721188 0.6461665701664926 0.35104897408059976 0.6487908698017749 0.3562184234612392 0.6526175815331046 0.35786493978697875 0.6566252831248525 0.3580096076683976 0.6654924528069401 0.3531710317822959 0.6829994288459338 0.34953321857938824 0.7041442180878351 0.3456060696136427 0.7164247980770927 0.34316704547429955 0.7209691041512835 0.33376936136678786 0.7257437339801001 0.3146708420515221 0.7239248273786462 0.2795053144234137 0.7200596508505567 0.24161142689312437 0.716421837647649 0.20674905036525826 0.713693477745468 0.19613876185677723 0.710283027867742 0.19462300635556568 0.6975506816575647 0.19522930855605028 0.6714038992616652 0.20022614311149098 0.6439107649516492 0.20268345390944828 0.6350757427258992 0.20554293890965664 0.6311953143208747 0.21180580539735508 0.630011154382628 0.2703577739371399 0.6369245280769443 0.3000904119994847 0.6412163071756808
2 0.5930268842096639 0.7699124893273738 0.5964350846936276 0.7835452912632284 0.6021154188335669 0.8000750636104516 0.605750832683128 0.8014383438040372 0.6327892231892391 0.7978597332958753 0.6723243488032168 0.7929178425941281 0.6979994591157425 0.7903616922311553 0.6984538858469375 0.7895096421101645 0.6945912586317788 0.7760472501985085 0.6884564977606444 0.7462254959638269 0.6859571507390712 0.7441805756734489 0.6534656394586181 0.7475887761574126 0.6023426321991645 0.7538939470527452 0.591286432020922 0.7556721142322548 0.5899301033593453 0.7607592438779718 0.5918117502661546 0.7669343132753437
12 0.5415216634082602 0.8039759452976601 0.549903120952277 0.7930436093706819 0.5608354568792553 0.775278563489342 0.5695813256208381 0.7566935924134788 0.5692102905980079 0.7458586186181003 0.5597355994612933 0.7313732735148537 0.5469812075464852 0.7212608627823989 0.5294894700633198 0.7141548444298629 0.5061671534190992 0.7106018352535949 0.4839380703675765 0.7141548444298629 0.4689972112673727 0.7204409375878754 0.45405635216716894 0.7310999651166793 0.44749695061098194 0.7420323010436577 0.4449460722280203 0.7570642629432531 0.4489545954012456 0.766630056879359 0.45697164174769644 0.7753759256209417 0.47081926725520246 0.7876748035387924 0.4857601263554062 0.7928676631041072 0.5028874526410057 0.7966939806785495 0.5192859565314732 0.8002469898548177 0.5331335820389792 0.803526690632911
19 0.1760228096615765 0.6164727418727981 0.15755613096940219 0.6091057157987924 0.1386965442199476 0.5967291119944628 0.12455185415785663 0.5861205944478945 0.11355042855400811 0.5722705854287639 0.1080497157520838 0.5578312143237125 0.10412063517928076 0.5407397138320194 0.10569226740840197 0.5212907649966443 0.11669369301225052 0.5006630919894283 0.13555327976170514 0.4806247810681327 0.15677031485484158 0.46706945309196224 0.18702423526542508 0.4576396597172349 0.22238596042065248 0.45469284928763265 0.2506753405448344 0.45498753033059286 0.2832867092990997 0.4617651943186781 0.3025392041058346 0.4703109445645247 0.32493496337081207 0.48239286732589404 0.33122149228729697 0.48150882419701324 0.35833214823963794 0.47090030665044513 0.38583571224925917 0.46353328057643944 0.398408770082229 0.4629439184905191 0.4070527473423957 0.46706945309196224 0.4176612648889638 0.4767939275096499 0.4227690696336078 0.4856343587984566 0.41962580517536535 0.49535883321614416 0.4105889198579184 0.5047886265908714 0.3917293331084638 0.5177545924811215 0.3799420913900547 0.5236482133403261 0.3917293331084638 0.5445705673905022 0.39723004591038813 0.5575365332807523 0.3940867814521457 0.5728599475146842 0.3830853558482971 0.595845068865582 0.3599037804687592 0.6102844399706333 0.3398654695474636 0.6194195523024003 0.31511226193880437 0.6226610437749629 0.2738569159243724 0.6244291300327242 0.2247434087643343 0.6253131731616048 0.192132040010069 0.6220716816890424
15 0.22665510215878665 0.4523287897913616 0.23078737384809905 0.4369877311447891 0.2365725542131365 0.4145185038341528 0.23822546288886146 0.4075452953584381 0.24504371117622692 0.4016568082011679 0.25496116323057677 0.3987125646225328 0.26611829679172033 0.3993324053759297 0.3066145593469821 0.40444609159145384 0.3582679554633875 0.41110937969047007 0.3832681991837277 0.41374370289240675 0.39153274256235243 0.41699786684774026 0.39566501425166495 0.42040699099142304 0.39690469575845877 0.4235061947584073 0.3960782414205962 0.4324938856826619 0.3913261289778869 0.453413511109806 0.38905337954876507 0.4624012020340605 0.3807888361701402 0.46286608259910816 0.36302006790609664 0.46766984843793385 0.34318516379739705 0.4754178578553947 0.3310765227239362 0.4808523376387283 0.325141376512581 0.4816804975751964 0.30352061671557534 0.46967020396949694 0.2840588582085739 0.46066396466040593 0.2528648339349404 0.45434924514483627
0 0.28335303289983416 0.38706603655083266 0.2795344305299596 0.3828637328660349 0.26561267680924 0.3816772197648373 0.25548776501235315 0.37954149618268146 0.23840197635510646 0.38096531190411864 0.22796066106456686 0.38405024596723264 0.21720294228037448 0.38760978527082574 0.21467171433115276 0.3859486669291489 0.20866004795175117 0.3864232721696281 0.20802724096444572 0.3916439298148978 0.20074996061043326 0.3947288638780118 0.18366417195318657 0.3899828114732211 0.175437681118216 0.3776430752207651 0.17860171605474315 0.37360893067669293 0.17417206714360506 0.3700493913730999 0.1725900496753415 0.3584215629813626 0.17448847063725778 0.3569977472599254 0.17322285666264695 0.34964136603249973 0.17986733002935398 0.34608182672890675 0.18492978592779744 0.341335774324116 0.1839805754468393 0.335165906197888 0.18208215448492301 0.3304198537930973 0.18193200885031174 0.3175109058805005 0.18541244728049164 0.3158497875388237 0.1847796402931862 0.3087307089316376 0.1904749031789351 0.2997132093625352 0.18762727173606067 0.29923860412205616 0.18762727173606064 0.2918822228946306 0.18446323679953347 0.28855998621127704 0.1787679739137846 0.2902211045529538 0.17592034247091015 0.28547505214816304 0.18193200885031174 0.28286472332552814 0.19711937654564213 0.2812036049838514 0.21768560363306866 0.2816782102243304 0.2442634970998968 0.28500044690768395 0.26799375912385054 0.29140761765415146 0.2806498988699591 0.29496715695774456 0.2936224421097205 0.30161163032445154 0.29298963512241505 0.3063576827292423 0.29140761765415146 0.3089680115518772 0.28191551284457 0.31300215609594934 0.2803334953763064 0.31751090588050057 0.27558744297151566 0.3205958399436145 0.28223191633822275 0.3217823530448122 0.2860287582620553 0.32961333951271693 0.28697796874301346 0.33222366833535183 0.28413033730013904 0.33602051025918445 0.2872943722366662 0.34029195742349605 0.2844467407937917 0.342902286246131 0.2847432294996459 0.3525747177999217 0.289266915375046 0.3538616308060138 0.2910717994599868 0.35850256516672796 0.29588828272475404 0.35957651075954755 0.2986219624155678 0.36133387627507074 0.3008349412128933 0.3640675559658845 0.298882312862312 0.3669964984917565 0.2970598597351028 0.3669964984917565 0.29823143674545155 0.36992544101762853 0.2977107358519632 0.3730496463785586 0.29927283853242825 0.3789075314303025 0.2996633642025445 0.3825198938788779 0.2962788083948703 0.3862298877449824 0.29523740660789355 0.3894517245234415 0.29146232513010306 0.388768304600738
6 0.48058277438333863 0.3201614637396329 0.47584315405982136 0.3196767298429095 0.4754122794849562 0.31878805103225005 0.470995815092588 0.3184648951011012 0.470672659161439 0.3169299044281439 0.47422737440407686 0.3165259595142078 0.4747659676226583 0.3140215010478038 0.4708381916839457 0.3096641710234323 0.4686838188096197 0.30893707017834726 0.46480594763583283 0.3019084286758587 0.46480594763583283 0.29681872276026355 0.4575887985068408 0.296253199880753 0.4485404324346716 0.29609162191517857 0.44380081211115446 0.29706108970862527 0.4342138528204038 0.29601083293239133 0.4323826358772267 0.2917290168446684 0.43442929010783643 0.2868816778774349 0.4416464392368285 0.2845387973766054 0.45381864597677035 0.28486195330775427 0.4586659849440038 0.2856698431356266 0.46717575779759146 0.28518510923890317 0.46717575779759146 0.2829230177208609 0.4725616899834065 0.2796914584093719 0.47116134761509465 0.27540964232164905 0.4721308154085413 0.273955440631479 0.4696532866030665 0.27040072538884113 0.470945910327662 0.2695120465781816 0.4753623747200304 0.26959283556096886 0.474177469639151 0.2677346889568627 0.476331842513477 0.2661189093011182 0.4768704357320585 0.2627257720240548 0.4746083442140162 0.2627257720240548 0.469868723890499 0.25634344238386403 0.469868723890499 0.25480845171090677 0.46803750694732194 0.2533542500207367 0.46879153745333596 0.25254636019286447 0.47428518828286736 0.2514153144338433 0.4783784967440867 0.25093058053712 0.4798865577561149 0.2519000483305666 0.48020971368726373 0.25537397459041733 0.47891708996266824 0.25795922203960847 0.4815023374118594 0.2611907813510975 0.48214864927415724 0.2583631669535446 0.48171777469929195 0.2552123966248429 0.4833335543550364 0.25084979155433274 0.48979667297801444 0.24899164495022652 0.4952903238075457 0.24737586529448202 0.49550576109497824 0.24470982886250361 0.4949671678763967 0.244144305982993 0.4975524153255879 0.24349799412069523 0.5035846593737008 0.24729507631169484 0.5108018085026929 0.2516576813822049 0.5203887677934435 0.25650502034943845 0.5269596050601378 0.25973657966092745 0.5315915067399387 0.25989815762650187 0.5347153474077114 0.2611099923683103 0.5368697202820375 0.26523023049045874 0.5401012795935263 0.26700758811177766 0.5439791507673131 0.2666036431978416 0.5454872117793413 0.26684601014620324 0.544625462629611 0.2685425787847349 0.546133523641639 0.27023914742326666 0.5502268321028585 0.2713701931822878 0.5566899507258365 0.27872199061592523 0.5602446659684743 0.28938613634383886 0.5612141337619211 0.2957684659840296 0.5616450083367862 0.29891923631273143 0.555074171070092 0.3086947032299856 0.5463489609290717 0.3172583354054314 0.5425788083990012 0.3216209404759416 0.5355770965574418 0.32864958197843014 0.5319146626710877 0.33470875568747194 0.5251283881169606 0.33470875568747194 0.5151105542513448 0.32864958197843014 0.5138179305267491 0.3245293438562817 0.5169417711945218 0.3217017294587288 0.5162954593322241 0.3187933260783887 0.5117712762961395 0.3167736015087081 0.5083242796972179 0.31838938116445253 0.5087551542720832 0.3214593625103671 0.5025074729365377 0.3208938396308565 0.5005685373496443 0.32533723368415385 0.4969061034632902 0.3233982980972605 0.4962597916009925 0.3233982980972605 0.49647522888842505 0.3267106463915368 0.4989527576938999 0.32816484808170676 0.5046618458108638 0.328972737909579 0.5099400593529625 0.3288919489267917 0.5114481203649907 0.3299422057030257 0.5100477779966788 0.3316387743415574 0.5088628729157995 0.3336584989112381 0.5103709339278276 0.33422402179074867 0.51263302544587 0.33600137941206754 0.5102632152841114 0.338667415844046 0.5030460661551194 0.3390713607579821 0.5014302864993748 0.3397176726202799 0.5017534424305237 0.3437571217596411 0.5013225678556585 0.3477965708990023 0.49615207295727615 0.34739262598506626 0.4888272051845678 0.34117187431045 0.4806405882621289 0.3327698201005786 0.4798865577561149 0.3308308845136852 0.4806405882621289 0.32816484808170676 0.47493150014516516 0.3224288303038138 0.47493150014516516 0.3213785735275799 0.4796711204686823 0.3209746286136438
6 0.39263869657731854 0.31476449233690934 0.3989799279986397 0.320685131878245 0.40182701149392686 0.32689695041341676 0.391215154829675 0.3266057714195806 0.3847445105222043 0.32029689321979676 0.3831915558884114 0.31884099825061585 0.38293273011611256 0.3170939242875988
22 0.6386488526846766 0.5620316297975533 0.6335043866448946 0.5667022634389344 0.6245692614179048 0.5689360447456817 0.6267353523820236 0.5742158914707212 0.620778602230697 0.5851817269765722 0.6096773860395885 0.5890400765064088 0.6039913972587769 0.5864001531438889 0.5909948514740645 0.5920861419247007 0.5834907534594835 0.5882967677861218 0.5794293329017609 0.5779401453639291 0.574014105491464 0.5710357304158007 0.5675158325991079 0.5586483977147467 0.5577684232605735 0.5545869771570241 0.5436888319938018 0.5493071304319846 0.5404396955476237 0.5509316986550737 0.5363782749899011 0.554383906129138 0.534753706766812 0.5448395678184897 0.5296092407270301 0.5373259397867028 0.5290677179860004 0.5192526183048373 0.5296092407270301 0.5101144220499614 0.5312338089501191 0.4859489697315118 0.5315045703206339 0.4826998332853337 0.5404396955476237 0.4812783360901308 0.5298800020975448 0.4737647080583439 0.5252770587987926 0.4674695061938739 0.5260893429103372 0.46381422769192354 0.535024468137327 0.45894052302265625 0.5320460930616636 0.45183303704664174 0.5269016270218816 0.4481777585446915 0.5293384793565152 0.43822727817827095 0.5388151273245346 0.4363996389272958 0.5458549229579205 0.43558735481575117 0.5493748207746134 0.43213514734168695 0.5639959347824148 0.4311197922022563 0.5745556282324937 0.43497814173209287 0.5856568444236022 0.43274436042534536 0.5851153216825725 0.43010443706282575 0.5983826288377998 0.4274645137003061 0.6054224244711857 0.4266522295887615 0.6170651634033238 0.42279388005892493 0.6371015048214222 0.42035702772429145 0.6525349029407681 0.4173109623059995 0.6584916530920947 0.41426489688770746 0.6658022100959954 0.4136556838040491 0.6809648468448266 0.41142190249730165 0.6928783471474795 0.41000040530209875 0.7018134723744693 0.40431441652128713 0.7110193589719739 0.40573591371649004 0.7083117452668255 0.4097973342742126 0.7112901203424887 0.4132495417482768 0.7204960069399934 0.41284339969250455 0.7204960069399934 0.4179201753896578 0.715893063641241 0.4262460875329892 0.7145392567886669 0.43213514734168695 0.7169761091233005 0.43416585762054827 0.7213082910515379 0.43355664453688986 0.7240159047566863 0.43985184640136005 0.7291603707964682 0.4453347641542856 0.7334925527247058 0.45162996601875577 0.7470306212504478 0.4520361080745279 0.7529873714017744 0.45081768190721117 0.7632763034813383 0.4540668183533893 0.7630055421108236 0.4595497361063148 0.7646301103339126 0.469297145444849 0.7695038150031798 0.47132785572371033 0.77642508731156 0.47797065039865155 0.7781681788596546 0.4849336145920812 0.7844533866342688 0.483376927325579 0.7929019762795213 0.48179281676709423 0.8030666856964657 0.4849610378840639 0.8120433121945462 0.4888223073703707 0.8148155056718945 0.49248556303686686 0.8119886704366802 0.5059253096160911 0.8123846980763012 0.5141428831382311 0.8053882097763266 0.5129548002193676 0.8022199886593572 0.5196872700929281 0.8063122742687762 0.5224594635702765 0.8101405414517813 0.5278058367051628 0.8108005875178166 0.5296869679933635 0.8144968454876146 0.5287959058042158 0.8175330573913772 0.5322611476509014 0.8174010481781699 0.5359244033173974 0.8168730113253417 0.5471121841366965 0.8065762926951905 0.5489933154248974 0.7952235003593825 0.5483002670555603 0.7904711686839281 0.54493403211878 0.7850587909424382 0.5448350252088747 0.7764781920839787 0.5415677971819998 0.7669735287330698 0.5366174516867346 0.7630132523368577 0.5300829956329848 0.7598450312198881 0.5329541960202385 0.7549606903312265 0.5352313549480604 0.7549606903312265 0.538696596794746 0.75614877325009 0.5464191357673596 0.7549606903312267 0.551171467442814 0.7392515939595854 0.5509734536230034 0.7170740461407977 0.5545377023795942 0.6941044430427677 0.5569138682173215 0.6703427846654955 0.5591910271451433 0.6629502687258996 0.5628542828116395 0.657933918624031 0.5605771238838176
22 0.770032863059905 0.43855096814940775 0.7758374966541655 0.4327931461163913 0.7805186527785689 0.428299236236964 0.7777099591039268 0.42436706509246497 0.7734032954694754 0.4236648916738044 0.7674114156302391 0.4193114164781091 0.76347924448574 0.42029445926423387 0.7574873646465035 0.425771411929786 0.7655389531804776 0.43504010105610497