9 0.13808257591836273 0.7273197432013299 0.13744625068371588 0.7101389618658653 0.13235564880654122 0.6800725945288025 0.1279013721640134 0.651437958969695 0.1279013721640134 0.6352116654862008 0.11962914411360458 0.6290074944483941 0.10053938707419957 0.6399841047460519 0.08844920761590976 0.6390296168940818 0.09290348425843759 0.6180308841507363 0.10308468801278693 0.6118267131129297 0.12535607122542605 0.6034411992878488 0.13330113795975382 0.6048864291139405 0.2014239328619955 0.5958727867127693 0.26107473023267824 0.5881542559847083 0.27088956971510975 0.5879088849976475 0.28070440919754125 0.5810384973599454 0.3058958305357821 0.5702421739292708 0.3363218329313199 0.5709782868904532 0.3379576395117251 0.5739227387351826 0.3386119621438872 0.5817746103211279 0.3418835753046977 0.5945339016482888 0.3503897695228051 0.6291312108238599 0.35006260820672397 0.6396821632674737 0.35529718926402076 0.6502331157110874 0.35660583452834493 0.6666729718441603 0.35856880242483125 0.6725618755336193 0.3595502863730744 0.6804137471195645 0.36020460900523643 0.6872841347572666 0.35595151189618285 0.694890635356151 0.35660583452834493 0.6983258291750021 0.34679099504591343 0.7037239908903393 0.3261798321328072 0.6931730384467254 0.31734647659861887 0.6848304248866587 0.3091674436965926 0.6865480217960842 0.30196989474280955 0.6843396829125371 0.291827893944297 0.6904739575890568 0.279068602617136 0.6904739575890568 0.25943892365227295 0.6956267483173335 0.21298201676876383 0.7051962168127041 0.1868091114822798 0.7069138137221296 0.16914240041390305 0.7159925402433788 0.1544201411902558 0.7255620087387495 0.1465682696043106 0.7248258957775672
8 0.40731166692755055 0.3390586092019121 0.4000596177189848 0.3320655617507951 0.3962609252764027 0.31833846860601 0.3878119648199675 0.2944849982192584 0.3729625307262376 0.2504546994529665 0.3591491036623029 0.20487039014198188 0.3525877258069338 0.18622226360566999 0.3522423901303355 0.16809214058425567 0.35673175392611417 0.1512570263500852 0.3629477961048849 0.134162910358466 0.3805599156114017 0.11758679788174434 0.3871212934667707 0.11318376800511513 0.5017727380974288 0.11370177152001268 0.5180035148975523 0.12276683303071985 0.5249102284295196 0.13260889981377336 0.5373423127870609 0.14970301580539258 0.5459757047020201 0.16731513531190934 0.5459757047020201 0.19295630929933816 0.542177012259438 0.26288678381050773 0.5394143268466511 0.32504720559821393 0.5307809349316919 0.3310042460195358 0.5218022073401343 0.32996823898974076 0.5086794516293963 0.3325582565642285 0.4938300175356664 0.34706235498136 0.47552722667595293 0.34758035849625757 0.44928171525447685 0.3509473813430916 0.4396123163097226 0.3517243866154379 0.4327056027777553 0.3473213567388087 0.4151647216566672 0.33618428116851135 0.41094945515205805 0.33255825656422844 0.40669140299300904 0.3329667949963035
11 0.19521298853793362 0.49841614094791553 0.19290550640391546 0.49322430614637475 0.20351992422039888 0.48560961510411493 0.20490441350080973 0.48007165798247153 0.21090386704925693 0.4755720678211361 0.20351992422039888 0.46103493037682186 0.20998087419564965 0.45618921789538386 0.2256717527069729 0.44269044741137775 0.22336427057295477 0.4329990224485016 0.22890222769459828 0.4191541296443929 0.2501310633275651 0.4053092368402841 0.2579765025832267 0.4077320930810032 0.2579765025832267 0.4125778055624412 0.2741288775213536 0.4129239278825439 0.2805898274966044 0.4077320930810032 0.2972036988615349 0.4053092368402841 0.3078181166780183 0.40842433772120856 0.31658654878728715 0.40980882700161947 0.32397049161614516 0.4129239278825439 0.3345849094326286 0.4118855609222357 0.34935279509034456 0.4132700502026466 0.3558137450655953 0.41707739572377656 0.3645821771748643 0.4295377992474744 0.3645821771748643 0.43715249028973424 0.37381210571093676 0.4413059581309669 0.38211904139340197 0.44269044741137775 0.3867340056614383 0.45653534021548653 0.37058163072331124 0.4686496214190817 0.3715046235769186 0.47972553566236864 0.3701201342965077 0.48457124814380687 0.36504367360166784 0.48630185974432033 0.3668896593088824 0.49357042846647753 0.35950571648002433 0.49668552934740196 0.35020960324184586 0.5034264169406494 0.34831829674126846 0.5089473787647817 0.34108938371330394 0.5134966074526967 0.33928692231151386 0.5183096767050664 0.34473783082230836 0.525067559595825 0.3336619165790213 0.533720617598393 0.326739470176967 0.5306055167174686 0.32074001662851986 0.527490415836544 0.31797103806769805 0.5326822506380847 0.3055106345440001 0.529913272077263 0.27366738109455 0.5243753149556195 0.2741288775213536 0.5181451131937705 0.26628343826569195 0.5160683792731542 0.24459310620592156 0.5129532783922297 0.22659474556058015 0.5070691989504835 0.22428726342656202 0.5036079757494563 0.21967229915852576 0.5025696087891481
18 0.516602070848699 0.7998677417815937 0.5190500941387026 0.7940536864678351 0.5194580980203699 0.7882396311540767 0.5117060242686918 0.7848735991303218 0.5084419932153538 0.7873216224203253 0.5039539505170139 0.7952776981128369 0.5108900165053574 0.7992557359590928
18 0.6328140204659265 0.8081536886124332 0.6222059195425776 0.799891610008671 0.6054777603942197 0.8020336303874241 0.5956856672342056 0.8026456362099252 0.5846695624291894 0.7986675983636693 0.5638613644641589 0.8001976129199215 0.5540692713041445 0.7995856070974205 0.5508052402508065 0.7980555925411683 0.5479492130791356 0.7995856070974205 0.5422371587357939 0.7873454906474027 0.5430531664991284 0.7839794586236476 0.5401971393274576 0.7821434411561451 0.5312210539307778 0.7824494440673955 0.5291810345224414 0.779389414954891 0.5291810345224414 0.7702093276173776 0.5210209568890962 0.769291318883626 0.5116368676107491 0.7671492985048731 0.5063328171490747 0.7494011296523471 0.5087808404390783 0.7353249957348266 0.5120448714924164 0.7163528152372988 0.5202049491257617 0.7142107948585454 0.5365251043924522 0.7047247046097818 0.5338509582971227 0.7006703615664415 0.5469471529172565 0.6972126068816026 0.5461649585773982 0.6930341420033536 0.5684140769419991 0.6919109277880299 0.5714140004443318 0.6957679722910293 0.5838480857091025 0.6954246865841297 0.6046493045518081 0.6957548530920392 0.6253484851801487 0.6990346528394877 0.6349692311059971 0.6990346528394877 0.6413830617232295 0.6950988931425496 0.6495461188724342 0.6961921597250326 0.6600414780642688 0.6950988931425496 0.6687876107241312 0.6966294663580257 0.6731606770540622 0.7027517592199293 0.6717029882774186 0.708218092132343 0.6763675923626784 0.7143403849942467 0.680157583181952 0.7211186378056399 0.6760760546073498 0.7305207304149919 0.6766591301180072 0.7379549431758747 0.6746183658307061 0.7429839694552957 0.6795745076712947 0.7493249156336956 0.675784516852021 0.7556658618120957 0.6746183658307061 0.7613508480410062 0.6798660454266233 0.7668171809534201 0.6816152719585957 0.7705342873338614 0.6746183658307061 0.7738140870813097 0.6693706862347887 0.7764379268792684 0.6731606770540622 0.7786244600442339 0.6792829699159658 0.7784058067277375 0.6851137250225406 0.778187153411241 0.6795745076712945 0.7860586728051167 0.6827814229799106 0.7902130858185515 0.6763675923626784 0.7963353786804549 0.6705368372561036 0.7937115388824963 0.6623737801068988 0.8000524850608964 0.6527530341810504 0.8004897916938896 0.6492545811171055 0.796772685313448 0.6448815147871744 0.7965540319969516 0.6477968923404618 0.8031136314918483 0.647505354585133 0.8053001646568138
1 0.6672253210061893 0.5818980739593289 0.6637118583490395 0.5828145291398384 0.6643709415425021 0.5897349026711948 0.6698633014880229 0.5961609638074542 0.672499634261873 0.599785921371498 0.6711814678749479 0.6124732728456512 0.6689845238967395 0.6195584171753731 0.6597573591882644 0.6215356667557606 0.6492193633562617 0.625792766853938 0.63801046550826 0.6288191692728985 0.6308367708855389 0.6274741015311384 0.6185414721691923 0.6296469032678278 0.6133681347008837 0.6296469032678278 0.5995725681187278 0.6335269063690591 0.5802587749037094 0.6350789076095517 0.5611346707291954 0.6288191692728983 0.552512441615348 0.6270085011589903 0.5497533282989168 0.6220938305640973 0.5497533282989168 0.6174378268426196 0.5435453233369466 0.6125231562477265 0.5435453233369466 0.6101951543869877 0.545269769159716 0.6083844862730797 0.5390617641977459 0.6042458162984329 0.5376822075395302 0.5887258038935074 0.5388748132677936 0.5865949784602819 0.5417709104109941 0.5841866009152256 0.5449248799951621 0.5794137964505521 0.5476839933115933 0.5791551295771367 0.5507879957925784 0.5750164596024899 0.5466493258179317 0.5688084546405197 0.5573408899191025 0.5644111177924575 0.5616891035625035 0.5500620127692363 0.5625142273874111 0.5473391041470395 0.569756899843043 0.5424244335521463 0.5907951388808308 0.5411310991850692 0.5994173679946784 0.5442351016660543 0.6114807385350477 0.5448097326216811 0.618041382880589 0.539941148623975 0.6300283571425636 0.5406826879755602 0.6375388448814645 0.5480202092279262 0.6461192383274225 0.5506328977067436 0.644078474040121 0.5425208596647214 0.6481600026147237 0.5295109873331764 0.6597923590523403 0.5247662103652011 0.6638606226590753 0.5193234920109688 0.677329666955263 0.5046299891424002 0.682431577673516 0.5050891611070429 0.6870658678553407 0.5060145787372232 0.6991658448293857 0.5038647025346623 0.7118185834106532 0.5052422184285905 0.7181449527012868 0.5064666770009713 0.7230427869908095 0.5079972502164471 0.728552850566523 0.5072319636087093 0.7395729777179492 0.5099869953965659 0.7485523405820744 0.5113645112904941 0.7522257162992164 0.5158031736153742 0.7589602384473104 0.518864320046326 0.7644703020230237 0.5231499250496584 0.7722252063147681 0.5237621543358488 0.7754904291744499 0.5242213263004916 0.7748781998882596 0.5268233007668006 0.7734496648871488 0.5282008166607289 0.777327117033021 0.5289661032684668 0.7803882634639728 0.532639478985609 0.7833294527133441 0.5337685939816397 0.7816968412835033 0.5358429313577792 0.7744700470307994 0.5436596061370355 0.7736537413158789 0.5453432366740589 0.7777352698904814 0.5487104977481059 0.7810004927501634 0.5473329818541776 0.7881431677557174 0.5508533002497721 0.7928369256165101 0.5529961027514384 0.7948776899038112 0.5502410709635818 0.8109997277734906 0.5499349563204866 0.8156934856342833 0.5528430454298908 0.8177750280518589 0.5542881378381119 0.8163052040327369 0.555906421189149 0.8156549832766555 0.5564637532657901 0.8179772002626605 0.558693081572355 0.8291238417954843 0.5579964164765535 0.8309816153842884 0.5583447490244543 0.8326536116142119 0.5602257447831183 0.8348829399207767 0.5604347443118587 0.8366478248301406 0.560086411763958 0.8426855889937535 0.5626640726184235 0.8447291399414378 0.5655203995112096 0.8446362512619977 0.5676103947986141 0.8424998116348731 0.5701183891434995 0.8373909342656622 0.5757613764194917 0.8334896097291736 0.5764580415152931 0.8385055984189446 0.5816133632242242 0.8426860998814902 0.5864526776456996 0.8501171942367062 0.5909810007684095 0.8518792356150664 0.5889692025835948 0.855670610286095 0.5930923225383383 0.8585141412893664 0.5972154424930819 0.8604098286248807 0.6000589734963533 0.8623055159603951 0.5987793845448811 0.8653386156972179 0.5977841486937362 0.8683717154340407 0.5990637376452083 0.872921365039275 0.5993480907455354 0.8702674027695549 0.6017650920983161 0.8717839526379663 0.6056038589527326 0.8742483461741349 0.6054616824025689 0.8767127397103035 0.6060303886032233 0.8750066211083407 0.6097269789074761 0.8734900712399294 0.6135657457618925 0.8689830745997442 0.6137761670561348 0.8663291123300242 0.615055756007607 0.8650021311951641 0.616335344959079 0.8600733441228272 0.6169040511597333 0.8572298131195556 0.619036699412187 0.8500262012446014 0.6174727573603876 0.84585568910647 0.6196054056128413 0.8322067402907671 0.6200319352633319 0.8282257968861874 0.6188945228620233 0.8263301095506731 0.6208849945643133 0.809458492264596 0.6262877034705291 0.8039609989916046 0.6248659379688933 0.7990322119192677 0.6252924676193841 0.796188680915996 0.6221645835157855 0.7903120501759018 0.6220224069656219 0.7855728318371162 0.6187523463118598 0.782918869567396 0.6187523463118598 0.7800753385641247 0.6221645835157855 0.7702177644194506 0.625292467619384 0.7679429396168334 0.6264298800206924 0.7554314032024391 0.6287047048233095 0.7459529665248676 0.6304108234252724 0.7474695163932792 0.632543471677726 0.7453842603242135 0.6346761199301796 0.7389389233834649 0.6352448261308339 0.7324935864427163 0.6338230606291981 0.7264273869690706 0.631548235826581 0.7139158505546765 0.631548235826581 0.7093662009494421 0.6311217061760903 0.7069018074132736 0.6288468813734732 0.7051956888113108 0.6258611738200381 0.6979920769363566 0.6157666387584246 0.6974233707357022 0.6124965781046625 0.7014043141402823 0.6082312815997554 0.7019730203409366 0.5992741589394505 0.7042478451435537 0.5920231548811083 0.7074705136139279 0.5898905066286548 0.7101244758836479 0.5894639769781641 0.7158115378901908 0.595435392085034 0.7188446376270136 0.5960040982856883 0.7186550688934621 0.5925918610817626 0.7097453384165451 0.5843456211722755 0.7065226699461707 0.5803646777676957 0.7006460392060767 0.5776633233145878 0.6985607831370108 0.5735402033598442 0.7099349071500964 0.5654361400005208 0.7133471443540222 0.564014374498885 0.7021625890744878 0.5611708434956135 0.6877553653245794 0.5613130200457772 0.6820683033180365 0.562023902796595 0.6813100283838308 0.5648674337998664 0.6813100283838308 0.5665735524018293 0.6879449340581308 0.5675687882529743 0.6900301901271965 0.5701279661559185 0.6900301901271965 0.5732558502595171 0.684532696854205 0.5751041454116436 0.6754333976437367 0.5765259109132792 0.6718315917062596 0.575957204712625 0.6674715108345767 0.5738245564601714 0.6644384110977538 0.5763837343631156 0.6669028046339224 0.5805068543178592
3 0.6735165190236629 0.5967469004526079 0.6726496362288715 0.5906503044706273 0.6815807799370517 0.5892762823616765 0.6905119236452315 0.5903067989433896 0.6969240268203352 0.5902209225615802 0.7019621078864879 0.590392675325199 0.7045956502619771 0.590392675325199 0.7094047276433048 0.5889327768344388 0.7116947644915561 0.5879022602527257 0.7063131778981655 0.5806027677989247 0.7003590820927121 0.5785417346354985 0.697496536032398 0.5728738934360766 0.7024201152561383 0.5693529617818902 0.7116947644915561 0.5640286261097059 0.7020766097289006 0.5612805818918044 0.6870768683728546 0.5616240874190421 0.6824293608245858 0.5622488011885938 0.6817478261020572 0.5644738116062602 0.6815874649908742 0.5663079418154178 0.6881221802715884 0.5673302438992106 0.690567687217132 0.5700964730671201 0.6904073261059487 0.5733137178602326 0.6849023058633306 0.5752553960918362 0.6756439061993063 0.5769931869089439 0.6717166953131879 0.5763181975378922 0.6678713013205301 0.5743545920948329 0.6650895269428628 0.5763181975378922 0.6672167661728436 0.5796931443931502 0.6676258506401477 0.5820862885268787 0.6641895411147939 0.5830067285783127 0.6646804424755587 0.5894498089383509 0.6726166811412565 0.5985928467825956
3 0.5387498317928039 0.5862481811891496 0.5356339234168384 0.5846755147911299 0.5343039819558406 0.5775270794382671 0.5377396640634181 0.5616509032476065 0.5378504925185013 0.5559986520383661 0.5331956974050092 0.5456916057156337 0.5419511453565775 0.544611028278573 0.5460517981946539 0.5428654801110134 0.5490441664818989 0.5431148441349506 0.5501524510327302 0.5456916057156337 0.5549180746013055 0.5465228191287572 0.560681154265629 0.551094492900937 0.5571346437029684 0.5638120581217279 0.5460517981946539 0.5681343678699704 0.5463330058518506 0.5691759762667253 0.5500155171040443 0.5750024153027304 0.547644585201947 0.5789749873727339 0.5448098838861914 0.5792388418262215 0.5414667594617307 0.5838304142779414
3 0.5539600905138407 0.5302055916786605 0.5643662069466999 0.5236383169786548 0.5775642082761798 0.5188794222685058 0.5644931108056371 0.5091712770598018 0.5594169564481449 0.5171662201728522
3 0.603135252716803 0.5436822499304381 0.6078186586827855 0.5392728730369334 0.6200752317426972 0.5367318761830493 0.624160756096001 0.5341161441275804 0.6338265088343054 0.5336677329180713 0.6407021473801094 0.5310520008626024 0.6469799043132347 0.5309025304594328 0.6433926146371632 0.5421128106971568 0.6455848472169847 0.5499600068635635 0.6390081494775199 0.5477179508160188 0.6308371007709123 0.5403191658591209 0.617982646098322 0.5391981378353485 0.6116052422297501 0.543308573922514
5 0.5337314374894413 0.544806382106951 0.5273680533591483 0.5424924242413899 0.5277537130034085 0.5372860190438773 0.5252469253157173 0.5368521519440846 0.5278281998969375 0.514721117839935 0.558858328874302 0.5172660301886207 0.5532441470924379 0.5302394048839442 0.5539814071570589 0.5305091530108182 0.5652747674856277 0.5238816702060299 0.5790344264644358 0.5193468878190077 0.5647305546080972 0.5080307361984729 0.5589881077453417 0.5167696130994119 0.5281393726476686 0.5142910627548637 0.5264039042484977 0.5111093706897172 0.5271752235370181 0.5053244760258143 0.5292963515804491 0.4980933576959358 0.5305564225277123 0.4936517611846605 0.5275898098795571 0.49342926523604885 0.5255131810258483 0.48797811449506345 0.5320397288517901 0.4789670285762918 0.5296664387332658 0.47329338188669484 0.5338196964406832 0.4667297514026513 0.5350285910948064 0.4614565974205551 0.5376985424781462 0.4545592230135942 0.5402201632290782 0.45055429593858454 0.542890114612418 0.44510314519759914 0.5565365327939322 0.4335333558697936 0.5658813626356214 0.43331085992118196 0.5753745231097184 0.43698204307327404 0.5903559169829026 0.4394294985080021 0.598959093662553 0.44009698635383715 0.610232221725543 0.4394294985080021 0.6216031502055054 0.4326123526848541 0.6366493682012213 0.42697002093646064 0.6448889637703037 0.4292538218822389 0.6531285593393862 0.4365082484158876 0.6556362623386721 0.43892639059377053 0.6693775791665451 0.4272051180926437 0.6742138635223107 0.42465263468265624 0.6804831210205257 0.42814550671737595 0.686035891947516 0.4321757436805141 0.6871106218043529 0.43634032187575683 0.6837073105910362 0.45058049247884496 0.6838864322338424 0.4597156962619582 0.6831699456626178 0.4633429095287825 0.6777962963784335 0.46979128866980346 0.6717061605230248 0.47409020809715086 0.6677654843812897 0.47838912752449825 0.6761842015931783 0.47986688107764885 0.6894392031608327 0.48067292847027654 0.7028733263712931 0.4808072697023811 0.7159492062961413 0.4802699047739627 0.7336822489339493 0.48174765832711336 0.7313536675774693 0.47691137397134753 0.7299206944350203 0.472343772079791 0.7243679235080299 0.4705973360624311 0.7209646122947132 0.4684478763487575 0.719352517509458 0.46132779104721344 0.7229349503655809 0.4548794119061924 0.7397723847893579 0.4525956109604141 0.7334381777465235 0.44949710462391856 0.7302768062907197 0.44101131808465527 0.7306095822334359 0.4370180067720607 0.7400936966008479 0.4433823466765082 0.7504097508250502 0.43864028949280226 0.7590619253356717 0.4377667526431722 0.7705426953593808 0.4378915436216908 0.7725393510156782 0.43464697818020775 0.7808587495835835 0.4309032488246505 0.7908420278650696 0.42903138414687175 0.8009916941179139 0.428407429254279 0.8043194535450761 0.428407429254279 0.8079799889149545 0.43215115860983633 0.8103094205139678 0.4336486503520592 0.8113077483421165 0.4312776217602062 0.818462431110515 0.42678514653353744 0.8232876822799 0.42915617512539034 0.8272809935924945 0.4319015766527991 0.833104572590028 0.4319015766527991 0.8447517305850955 0.43801633460020944 0.8449181185564535 0.44475504744021266 0.8454172824705278 0.4542391618076245 0.8452508944991696 0.4594803829054047 0.8447517305850955 0.460603501712072 0.8432542388428724 0.4788229845757844 0.8420895230433658 0.4823171319743047 0.8424222989860819 0.48631044328689915 0.8425886869574399 0.4909277094920866 0.841091195215217 0.49417227493356963 0.841091195215217 0.49604413961134824 0.8382625997021294 0.5024084795157958 0.836099556074474 0.5081488645276503 0.8291112612774334 0.5172586059595066 0.8271146056211363 0.5190056796587666 0.8212910266236026 0.5263683473913627 0.8164657754542177 0.529862494789883 0.8148018957406368 0.5363516256728491 0.8143027318265623 0.5402201460069249 0.8158002235687853 0.5470836498254468 0.8141058229847183 0.5508170414668073 0.8116710451553183 0.5490980272775101 0.7940949619323311 0.5495004597230285 0.7928559130450281 0.5521875270060409 0.7845857416875839 0.5479786005116273 0.7787769308531886 0.5394130658914172 0.7848786435898266 0.5343859831591422 0.7832049184341534 0.5321707586883981 0.7803497402274167 0.5318015546099408 0.7775930164416021 0.528183354641059 0.7790698327554311 0.5253035628290919 0.781629647699402 0.5217592036759015 0.7687321185586259 0.5208731138876038 0.7611540954363256 0.5196124026779837 0.7588348559565695 0.5181851783827492 0.7536611678863445 0.5156875358660888 0.7494984303585774 0.5107368515919943 0.7402536677949388 0.5095190733987014 0.7288358734330632 0.5067984270859107 0.7234837823259339 0.5076012407519801 0.7184884972926132 0.5061294156975196 0.7123038586799306 0.5044345868469285 0.6990977862576571 0.5028699193957118 0.6875683382944535 0.5047813805054009 0.6819856582280601 0.50368911701415 0.6759175277211109 0.50368911701415 0.6620330383081605 0.5188251583441587 0.658877610444547 0.523922387969996 0.6469840746509264 0.5284734858502079 0.6437072841771737 0.5299298371718758 0.6399450432628653 0.5302029030446885 0.6338769127559161 0.5329335617728157 0.6240465413346583 0.5330245837304199 0.6195561247595159 0.5356642205009429 0.6071771385253396 0.5383038572714657 0.6019585462893633 0.5432190429820946 0.5924922626985223 0.540306340338759 0.5689479163315594 0.5415806477452184 0.5616661597232202 0.5466778773710556 0.5609312666801078 0.550299000205028 0.5554596482858734 0.5462162022195669 0.5502103180728019 0.5452256972391466 0.5494232726780142 0.5428153707176094 0.5460783297501667 0.5422742770086929 0.541815167195067 0.5441435098213135
16 0.8152915982665341 0.5400332133779588 0.8172813126496612 0.5412456955801769 0.8192710270327882 0.5391005347608679 0.8218825271606424 0.5344371416754139 0.8243696701395514 0.5308929629304687 0.8243696701395514 0.5285612663877417 0.821758170011697 0.5274420520472327 0.8169082412028249 0.5297737485899597
16 0.5364139495577318 0.4538856146183854 0.533724413873345 0.44985131109180515 0.5385470295832799 0.44275650144161216 0.5429059322441828 0.4394873244459351 0.5462446661972147 0.4398351092327093 0.5466156366364405 0.441156691422451 0.5422567339755378 0.4444954253754831 0.5390107426323122 0.45138156415361136
16 0.5554416327803477 0.43354079920156663 0.5481088239560762 0.4355656669559579 0.5399474742931092 0.430627122983765 0.5440281491245926 0.4273579459880878 0.5501491613718179 0.4262450346704105 0.5486652796149148 0.4238105411629914 0.5437499212951734 0.42575813596892664 0.5334554916066583 0.4261059207557009 0.5302095002634328 0.42415832594976555 0.5331772637772391 0.419428452849637 0.5400402169029157 0.419428452849637 0.5443991195638186 0.41386389626125036 0.5517257857385275 0.40836889663021864 0.5539516083738821 0.4092035801184765 0.5577540553759462 0.41407256713331486 0.5592379371328494 0.41330744060241176 0.5590524519132365 0.4105947192655733 0.5610927893289782 0.4098295927346701 0.5607218188897525 0.4075342131419607 0.5611855319387846 0.4050301626771866 0.5641532954525907 0.4033607957006707 0.5561774310092368 0.40085674523589676 0.5461612291501409 0.39835269477112284 0.5431007230265283 0.39612687213576814 0.5389273055852384 0.3882669359546722 0.5398547316833028 0.3851368728737047 0.5463467143697538 0.3856237715751886 0.553116924885624 0.38868427769880115 0.5577540553759462 0.3925099103533169 0.5607218188897525 0.3902840877179623 0.5699960798703966 0.38993630293118814 0.5692541389919451 0.38847560682673665 0.5623911858662684 0.38673668289286584 0.5616492449878168 0.3822154806648018 0.5573830849367205 0.38089389847506 0.5552500049111723 0.3785289619249957 0.5579395405955592 0.37470332927048 0.5620202154270426 0.3744251014410606 0.5622057006466554 0.3723383927204157 0.5605363336701396 0.36969522834093205 0.5630403841349134 0.3671911778761581 0.566935573746784 0.36635649438790013 0.5730565859940093 0.3670520639614484 0.5745404677509123 0.3639915578378358 0.5809397078275569 0.36454801349667454 0.589750255759169 0.3674694057055774 0.5967059514946521 0.369695228340932 0.6024559933026516 0.3720601648909964 0.6071858664027802 0.37185149401893186 0.603383419400716 0.3695561144262223 0.613399621259812 0.36580003872906147 0.6202981176877482 0.3636591133335641 0.6147677489276405 0.36186548022217785 0.6089384413156352 0.3585024181383286 0.6104331355751238 0.3556998664017875 0.6240348533364696 0.35816611192994363 0.6258284864478558 0.36063235745809974 0.6315083246339123 0.3623138885000244 0.6380849793756619 0.36242599056948605 0.6416722455984345 0.36309860298625585 0.6527329831186498 0.3669100733479517 0.6518361665629565 0.3706094416401859 0.6516015165474681 0.37137703509225256 0.6485311427392011 0.37156893345526926 0.6464842268670232 0.3705134924586775 0.6455887011729453 0.3709452637754651 0.6476356170451233 0.3725284252703527 0.6519853132735015 0.37219260313507346 0.6551836193237796 0.37132906050149844 0.6551836193237796 0.3691702039175608 0.6651836923368364 0.3691644758533481 0.6676765115493842 0.3712595245480071 0.6706847865981252 0.37166241852774917 0.6714368553603106 0.3733545732426661 0.6769429716641278 0.37235168827130866 0.6823968579104454 0.37235168827130866 0.6911561297605915 0.37309540003217 0.696279477446526 0.3701205529887241 0.7056998264174381 0.36987264906843703 0.7035513257749494 0.36801336966628334 0.7164423296298814 0.3660301383039861 0.7256974093206019 0.36664989810470394 0.7296638720451964 0.36788941770613975 0.733630334769791 0.3685091775068577 0.7354482968518967 0.37061636082929844 0.7344566811707481 0.3742109676734622 0.7405716445378312 0.37656605491619016 0.74387703014166 0.37631815099590304 0.7447033765426173 0.3737151598328879 0.7503225320691261 0.37098821670972915 0.7542889947937206 0.37074031278944203 0.7564374954362093 0.3740870157133187 0.7549500719144863 0.37631815099590304 0.7552806104748692 0.3791690460792054 0.7557764183154435 0.3843750284052357 0.7557764183154435 0.38722592348853796 0.7569333032767837 0.39082053033270175 0.7556111490352522 0.394539089137009 0.7594123424796551 0.3965223204993063 0.7600734196004209 0.399869023423183 0.7622219202429096 0.4050750057492132 0.7650314980061641 0.4028438704666288 0.7727991541751617 0.4022241106659109 0.7734602312959276 0.39962111950289575 0.7833763881074137 0.39924926362246504 0.7883344665131566 0.4044552459484953 0.7888302743537311 0.4100330841549563 0.7863512351508595 0.41412349883969435 0.7962673919623459 0.41734624980342744 0.7985811618850259 0.419825289006299 0.8013907396482803 0.42019714488672977 0.8028781631700032 0.41883367332515037 0.8066793566144064 0.4194534331258683 0.8078362415757464 0.42143666448816547 0.8096542036578522 0.4218085203685963 0.809158395817278 0.4252791752526164 0.8060182794936407 0.42788216641563154 0.7999033161265574 0.4280061183757751 0.7904829671556455 0.42850192621634947 0.7800710025035849 0.4306091095387902 0.7716422692138216 0.4340797644228104 0.7701548456920988 0.4369306595061129 0.7599081503202295 0.43705461146625635 0.7493309163879777 0.438046227147405 0.7399924496657302 0.4426949899463624 0.7303524756618658 0.4360546276945062 0.7295336531752201 0.4407833275548844 0.733009890045111 0.4499634269739048 0.7387416474516298 0.4524198944338414 0.7224470799673832 0.454569303461286 0.7188442610261427 0.46120176560311515 0.720645670496763 0.46857116798292525 0.7241666071893388 0.47115045881585876 0.7294070711038705 0.4726243392918208 0.7307171870825033 0.4772916274657005 0.733009890045111 0.4812219754015992 0.7160602645715477 0.47999374167163095 0.7009120485686047 0.48030080010412296 0.6770843142072187 0.47968668323913877 0.6688960893407631 0.4780285677036815 0.6720076147900162 0.47415963145428125 0.6780669011911934 0.47035210689137935 0.6840443053437059 0.46384246812254704 0.6842899520896998 0.4591137682621689 0.6845467345376837 0.4505939849449636 0.688503652078364 0.4359533900444468 0.6867889878107358 0.4316007807496984 0.6741268516805589 0.42388479154537195 0.6693785506317428 0.4262589420697801 0.6555293392393616 0.4379318488147868 0.6453732508849491 0.4282374008401202 0.6365361350440965 0.42625894206978004 0.6207084648813755 0.43189754956524945 0.6100247875215388 0.43902000113847384 0.5992092129103461 0.439118924076991 0.5897126108127135 0.43862430938440583 0.5755996049176206 0.4361512359214806 0.5653116193118519 0.43249108719635143