13 0.38812386751197847 0.8202956051563711 0.3680602183186417 0.7927080875155329 0.36072406266331264 0.7706957508125295 0.36276163193690103 0.7432791482925925 0.3745015448451695 0.720637887683789 0.3942078272269057 0.7017701705097862 0.4252347399130438 0.6854181489589836 0.45458452218371503 0.6759842903719823 0.49651278257038817 0.6709528991255814 0.5300553908797266 0.6718962849842814 0.5665329774161322 0.681015681618383 0.5946249118752032 0.6907640021582843 0.6118154986337391 0.702084632462686 0.629006085392275 0.7187511159663889 0.6394881504889433 0.7338452897055912 0.6487123677740114 0.7590022459375948 0.6487123677740114 0.7832158163108985 0.6422328483860146 0.7955199911066623 0.6269096723729414 0.8193789408944041 0.602591281348671 0.8363598863510068 0.5581473253387975 0.8536552937605093 0.5229275866139922 0.8599445328185104 0.4893849783046537 0.8596300708656102 0.4491338483334475 0.8511395981373088 0.42188047908211 0.8426491254090077 0.4051091749274409 0.8351020385394066
2 0.20481531836328165 0.35851923282092474 0.1913840893295703 0.34414654982034937 0.18337255940106081 0.32607781732204766 0.17117236895703866 0.30001377410072744 0.19335453340071534 0.29474551004535426 0.21220937317784053 0.2911409083232568 0.23882797051025256 0.2847635360456997 0.24954934999136294 0.28337715076796993 0.2654465678426646 0.2811589343236023 0.27173151443503973 0.28337715076796993 0.28097408295323834 0.30528203815610067 0.29119687180770726 0.32599845041171155 0.2944973577558972 0.33531785245224344 0.29579136234294134 0.3426004757362708 0.2907566207022363 0.3446599583599665 0.28150794776225135 0.34565153760853606 0.26935524034417324 0.34843804311301485 0.26114783195832164 0.3497669388008475 0.24539646290994616 0.35208182115965037 0.22939817458497 0.3553735335567438 0.20683885063043278 0.3596430902533875
4 0.17592094080328594 0.5133121721262575 0.17327212355683108 0.48861232598140575 0.18277077385468007 0.4890175285658749 0.19740700188693608 0.48730683740920777 0.2193318880602322 0.4832726464939406 0.23808500446181963 0.4712584110508162 0.2510242309606471 0.452966711821297 0.2910231622443631 0.4526024831424432 0.3174455285477419 0.4504294661826067 0.32007845709502986 0.45791810311841225 0.3258950954501436 0.4672484553731903 0.3344496377482235 0.47061115579561646 0.3360794523830109 0.4872165627468466 0.33661890399507577 0.4984266022618931 0.31663613148362224 0.49486536500277767 0.3116178696860802 0.49668650839704687 0.3078946431911296 0.4996003378278778 0.2923542195600316 0.5010572525432933 0.2785944694699969 0.49705073707590075 0.2716336547185676 0.49292281204889027 0.25609323108746956 0.48272440904098235 0.23100192209975914 0.4925585833700365 0.2073675278274642 0.5013000716625292 0.19393153656307743 0.5033640341760344 0.1869707218116481 0.5051851775703036
11 0.24361810978046322 0.6449817046853482 0.23737213976028232 0.6397116674808205 0.24309761227878152 0.6356127496550769 0.2386733835144867 0.6320993915187251 0.24752184104307634 0.621364130546539 0.26391751234605126 0.6211689439834084 0.26521875610025564 0.6141422277107049 0.27354671612716347 0.612385548642529 0.28838089492509317 0.6145326008369663 0.29592810869947844 0.6096529367586999 0.2993113424604098 0.6053588323698256 0.3162275112650664 0.5993080489127752 0.3287194513054283 0.5987224892233833 0.3378281575848588 0.6049684592435642 0.34615611761176657 0.6139470411475743 0.3438138788541988 0.6186315186627099 0.33574616757813175 0.6266341677510667 0.32897970005626914 0.6264389811879362 0.33158218756467783 0.6313186452662024 0.3279387050529056 0.6354175630919461 0.31830950127179336 0.6342464437131622 0.30581756123143156 0.633856070586901 0.29514736244695583 0.6404924137333432 0.28655915366920703 0.6445913315590869 0.2790119398948218 0.6459576375010014 0.270423731117073 0.6430298390540417
11 0.28358424513138764 0.5895065345636067 0.2896214453450495 0.5940344347238532 0.28166331779067705 0.6032960486879937 0.2761749539600753 0.606383253342707 0.2717842628955939 0.6055599987681168 0.2542214986376683 0.5888890936326641 0.2517517349138976 0.5818914297486468 0.24379360735952502 0.5777751568756956 0.2457145347002356 0.5730414430718015 0.2542214986376683 0.5569879788672915 0.26602148087346206 0.5497845013396266 0.27919355406690627 0.5508135695578644 0.287974936195869 0.5536949605689304 0.294286554601061 0.5611042517402428 0.29757957289942205 0.5678961019806124 0.30526328226226446 0.5635740154640135 0.32117953737100957 0.5621333199584806 0.3294120831169121 0.5637798291076611 0.329137664925382 0.5676902883369649 0.3299609194999723 0.5730414430718015 0.33682137428822445 0.5753053931519247 0.33599811971363425 0.5788042250939334 0.329137664925382 0.5825088706795896 0.3239237192863104 0.5876542117707787 0.31624000992346796 0.5888890936326641 0.30910513694368574 0.5849786344033603 0.29922608204860257 0.585596075334303 0.2920912090688203 0.5853902616906554
12 0.2486591335273668 0.45274395239171933 0.23772613665970913 0.47021297999547657 0.21926741522926949 0.4826562408754651 0.1976347451741817 0.486934157792736 0.18275711847732792 0.48845273211534385 0.17360165589464865 0.48792453235095856 0.1609248615494005 0.48389700914752026 0.14622330144067516 0.47637016250502917 0.12448070684885038 0.46382305929584944 0.12300930369460863 0.4381102891754752 0.12212646180206362 0.43159933021795555 0.12683495189563715 0.4217777141633919 0.1315434419892107 0.4152667552058723 0.14581605258535552 0.40610727057071755 0.16420859201337712 0.39970666684976597 0.18083544765630868 0.39827204877438027 0.19363665509821174 0.3988238249572211 0.20702642380181147 0.4023551925274012 0.2133534573650509 0.4052244286781725 0.2165905443043827 0.4068797572266945 0.21644340398895853 0.40047915350574287 0.22012191187456287 0.3927542869459738 0.22556610354525727 0.38447764420336417 0.23454166278613184 0.3777459747727082 0.24528290581209647 0.3717867919980292 0.2566127100997578 0.36792435871814466 0.2689724965953883 0.3654965435136458 0.2810380024601706 0.36306872830914694 0.29428063084834616 0.3599787816852394 0.3066404173439766 0.357219900771036 0.3141445734306094 0.3554542169859459 0.31958876510130385 0.35600599316878656 0.3260629389799675 0.3603098473949437 0.3309185693889652 0.3696900425032347 0.3372456029522046 0.381829118525729 0.34460261872341325 0.395402812623609 0.3468097234547759 0.4066590467535582 0.34651544282392754 0.4181359913566437 0.3397469883144156 0.4287300940671841 0.3281229033959059 0.43877242059488397 0.32473867614114993 0.43877242059488397 0.32312013267148404 0.4419727224553597 0.3131145912226402 0.44726977381062993 0.3091418027061875 0.44969758901512885 0.2883950182313792 0.45179433850992334 0.2657354096560565 0.4516839832733552 0.25337562316042594 0.4485940366494475 0.24969711527482163 0.45135291756365076
9 0.32751134189861547 0.3334461885234495 0.32548269079806647 0.32610221700412445 0.3238236702093981 0.28400833993987956 0.32639040513387063 0.2817128100602472 0.32627569386291616 0.2670010895603277 0.32811107419818875 0.2652804204960096 0.32761538984616256 0.256379690583394 0.3285330800137989 0.24235623770920164 0.3309420167038442 0.23607579562444062 0.3328921083100714 0.2329785913086681 0.33553046754202576 0.22566574778531623 0.3303684603490715 0.2207618409520097 0.32830365747188983 0.21895513843447575 0.32910663636857157 0.21706240246372585 0.33197441814243506 0.21628810138478272 0.3342686435615258 0.21826687080874851 0.3394306507544801 0.21955737260698707 0.34941053132752486 0.22136407512452108 0.36156992604870597 0.22136407512452108 0.38703582820061366 0.22162217548416877 0.42018738550647533 0.22145010857773698 0.4387706114011106 0.22136407512452108 0.4657277600754272 0.22188027584381648 0.4833932958024262 0.22196630929703237 0.48442569724101703 0.22127804167130516 0.48671992266010783 0.22093390785844153 0.4892435706211076 0.2219663092970324 0.4950938454397891 0.22239647656311193 0.4971586483169708 0.22136407512452108 0.5001411413617888 0.22222440965668014 0.5042707471161522 0.22222440965668014 0.5342103888352868 0.22213837620346422 0.5693120377473757 0.22188027584381653 0.5710327068116937 0.2215361420309529 0.5720651082502847 0.22050374059236208 0.5788330732366024 0.22058977404557797 0.5899600665191926 0.22213837620346422 0.6032665739499191 0.22437524598707775 0.606249066994737 0.2311718887911341 0.6048725317432826 0.23530149454549748 0.6055607993690099 0.23977523411272453 0.605790221910919 0.24829254598109907 0.6063637782656917 0.2597349952588142 0.6051019542851916 0.2711774445365295 0.5961544751507376 0.27943665604525625 0.5917954468544652 0.27969475640490393 0.5920248693963742 0.2893305031650852 0.5924837144801924 0.3018053538813913 0.5922542919382834 0.3090321639515273 0.5667883897863758 0.30911819740474317 0.5471341689579583 0.3082196511841062 0.5137972865432918 0.30807298993268667 0.5103742533218176 0.30845808117010254 0.5066089167781959 0.3094849911365448 0.5025012769124267 0.3164166334100303 0.4985647887077313 0.32745591554928494 0.4925744805701513 0.3401639263840082 0.4696401579862735 0.34581193119944076 0.44875965533528034 0.3499195710652099 0.4280503043453608 0.3482508423697412 0.4133312614930213 0.3476090236407147 0.3962160953856499 0.34876429735296244 0.37927208093935216 0.3377250152137077 0.37619135104002516 0.33862356143434474 0.3720837111742561 0.33733992397629187 0.35205896682863147 0.3433730200291404
2 0.3460595358229666 0.4369265100652989 0.34791789186876165 0.43373945660365626 0.34362783730668345 0.4306449263264424 0.34875151281324435 0.42039757531332067 0.3508009830158687 0.38939933849862723 0.3548999234211174 0.38632513319469086 0.369587793206592 0.38555658186870656 0.386666711561795 0.38658131697001885 0.41330982419591145 0.38811841962198707 0.4290224290826982 0.3899117060492834 0.4467845041721093 0.3911926249259236 0.4546408066155026 0.4001590570624052 0.45634869845102294 0.41732337000938413 0.4539576498812945 0.42987637500045833 0.4515666013115661 0.4403799097889081 0.4525913364128783 0.44678450417210924 0.4471260825392133 0.45139581212801405 0.4406360935642363 0.4611307955904797 0.4194582348037846 0.49622797281042175 0.4136514025630156 0.4993021781143583 0.4078445703222465 0.5008392807663266 0.3432862589395794 0.4921290324051731 0.3418921383036729 0.4830732594983045 0.34295752335153973 0.4708213314478355 0.33549982801647166 0.46935642700701846 0.32707320969513093 0.4666386509656915 0.32085846358257414 0.4578492243207898 0.3181950009629069 0.4494593170688381 0.3196155143600628 0.44533095000835404 0.3231667978529524 0.4437328724365537 0.32547513212333057 0.43973767850705303 0.33115718571195396 0.43947133224508617 0.34411937046100094 0.43960450537606954
0 0.571567822418243 0.6800845887731946 0.5722324536671392 0.66762275285639 0.5795433974049979 0.6546624435029131 0.582423466150215 0.6510069716339839 0.5892913223888093 0.6508408138217596 0.5954945473785077 0.6500100247606394 0.6036916661148947 0.6538316544417928 0.6132330989815991 0.6561572004728146 0.6141192739801274 0.6530002020405574 0.620987130218722 0.6515047817305409 0.6236456552143069 0.6546617801627981 0.6356090176944392 0.6551602535994703 0.6422553301834015 0.652003255167213 0.6415906989345054 0.64901241454718 0.6449138551789866 0.6488462567349559 0.6502309051701565 0.6476831520493873 0.6568772176591189 0.6425322598704417 0.6602003739036002 0.6468523629882672 0.6635235301480814 0.64901241454718 0.667732861391091 0.6486800989227319 0.6706129301363081 0.6526678864161094 0.673492998881525 0.6546617801627981 0.6907734113528273 0.6495108879838521 0.7042875800803843 0.6456892583026987 0.7115985238182428 0.6363844208181515 0.722675711299847 0.6360521051937033 0.7293220237888094 0.6373813676914958 0.7370760550259321 0.638045998940392 0.7412853862689417 0.6353874739448071 0.7435008237652626 0.638045998940392 0.7448300862630549 0.6395414192504085 0.7432792800156304 0.6425322598704415 0.7510333112527532 0.6451907848660267 0.759008886239508 0.6471846786127154 0.7645474799803101 0.6458554161149227 0.7696429862218479 0.6488462567349559 0.7762892987108103 0.6488462567349561 0.7765108424604424 0.6531663598527815 0.7767323862100746 0.6553264114116943 0.7736307737152254 0.6564895160972627 0.7751815799626499 0.6566556739094868 0.777840104958235 0.6571541473461591 0.783821786198301 0.6543294645383498 0.8017668299184997 0.6691175098262915 0.7940127986813768 0.6847363441753529 0.7769539299597067 0.6978628113410537 0.7579011674913477 0.7108231206945306 0.734195986280715 0.7234511144235589 0.7164724863101486 0.7277712175413845 0.6963120050936292 0.7292666378514012 0.6945396550965726 0.7309282159736418 0.6648527926458739 0.7302635847247455 0.6420337864337695 0.7281035331658327 0.6298488802040052 0.714977066000132 0.6138977302304953 0.7001890207121906 0.593958792763608 0.6887241316687305
1 0.6971558977578134 0.43882539696318973 0.6977250299518224 0.4376403754886198 0.7004544463753521 0.43645523414682386 0.6960011880001192 0.43333077060936204 0.695857534504144 0.42988308670595593 0.7030402093029069 0.43009856694991877 0.7062005862143625 0.43042178731586317 0.7139578749970263 0.4258967021926425 0.7146761424769026 0.42406512011895797 0.7185547868682346 0.4219103176793292 0.725593808171022 0.418462633775923 0.725593808171022 0.4146917295065724 0.7280593349038333 0.4109704966879283 0.7324891759778344 0.4107053449932591 0.7332258635387022 0.4126475779444987 0.7355009021730745 0.41317711279905084 0.7371483439427923 0.4130006011808668 0.7383250880640193 0.41147083382327165 0.7410708243468824 0.41147083382327165 0.744800579128624 0.41433160508403477 0.747154067371078 0.41980346524774037 0.7484092611003867 0.4253341626175074 0.7480954626680595 0.4299823018963542 0.7473109665872415 0.43162974366607204 0.7447221295205421 0.4321004413145629 0.7439376334397241 0.43380672029034195 0.742368641278088 0.4352188132358144 0.7392306569548162 0.43504230161763036 0.735229726942644 0.4382195107449433 0.7320132930112903 0.43927858045404766 0.7302874016334904 0.4391020688358636 0.7286399598637726 0.43768997589039116 0.7263649212294004 0.4385725339813115 0.723383836122292 0.43863137118737294 0.7228346888657196 0.44139671987225637 0.7181277123808114 0.44174974310862436 0.7140483327605577 0.4386902083934341 0.713577635112067 0.4372781154479617 0.7155388753141119 0.4365720689752255 0.7208734486636744 0.4349246272055077 0.7207949990555926 0.4336890458782193 0.7183630612050568 0.43363020867215796 0.713499185503985 0.4355129992661212 0.706360271168541 0.4382783479510046 0.7007118993866512 0.43957276648435445 0.6977308142795429 0.4401023013389066
1 0.6734379445791354 0.5101944128265029 0.6731195061358514 0.506802287269329 0.6668935725419118 0.5052483244913278 0.666196200763732 0.5021101514895198 0.6728212326564382 0.5026331803231544 0.6713102604703824 0.5005410649886157 0.669101916506147 0.499059149959984 0.6694506023952368 0.4971413775699901 0.667707172949788 0.4960081484304483 0.6665448866528219 0.49269563248409526 0.669101916506147 0.49191108923364324 0.6694506023952368 0.4893831165377422 0.6697992882843267 0.4854604002854821 0.6729374612861347 0.4823222272836739 0.6746808907315837 0.4817120269777667 0.6791708166978055 0.48171958883921817 0.6798777107830393 0.48034910623420557 0.6844484925096804 0.48027461204501615 0.6843954194357997 0.4783639813853126 0.6849610915037053 0.47749844570423344 0.6886231336014703 0.47761786012046487 0.6895784489313221 0.4800061484450942 0.6906929834828158 0.4805236109154306 0.6936650756201324 0.48036439169378864 0.6944611717283422 0.4775780553150544 0.6944611717283422 0.47674215440143414 0.6986539445649139 0.47594605829322434 0.7001930637074528 0.477299421677181 0.7031651558447694 0.4778566889529278 0.706561832573131 0.47745864089882295 0.7076232940507442 0.4759858630986348 0.7114445553701512 0.4763043015419187 0.7128244552910482 0.476980983233897 0.7157965474283646 0.4763839111527397 0.7192993703044877 0.4765033255689712 0.720626197151504 0.4784139562286747 0.7196708818216523 0.4795682955855789 0.7208915625209074 0.48028478208296765 0.722483754737327 0.47944888116934736 0.7245536046186725 0.47968771000181026 0.7248720430619564 0.4804838061100201 0.726145796835092 0.48032458688837815 0.7271011121649438 0.480961463774946 0.728905596676886 0.48040419649919913 0.7321961272574865 0.48116048780199855 0.7340006117694287 0.48235463196431316 0.7335229541045029 0.4834691665158069 0.7327799310701735 0.48414584820778517 0.7330452964395769 0.4860564788674887 0.735486657838087 0.4871710134189825 0.736388900094058 0.4881263287488342 0.7398386498963005 0.4904350074626425 0.7418554267037653 0.4913903227924942 0.7394671383791358 0.49262427176021945 0.7384056769015228 0.49397763514417614 0.7411124036694361 0.4954504129443642 0.7437129842895881 0.4974804580202993 0.7432883996985429 0.49867460218261395 0.7422269382209299 0.49919206465295024 0.7399978691179424 0.500067770371981 0.7392548460836132 0.5009434760910119 0.7379280192365969 0.5025356683074315 0.7379280192365969 0.5040880557184405 0.7338944656216674 0.5026948875290733 0.7333637348828607 0.5048443470212398 0.7320369080358443 0.5052423950753446 0.7323022734052478 0.5069938065134062 0.7330983695134576 0.5094218996434461 0.7330452964395769 0.5110937014706868 0.7297547658589765 0.5113325303031495 0.7290648158985279 0.5122082360221804 0.728229748146721 0.5127936911307883 0.7266234545000178 0.5139198426548314 0.7233859969932979 0.5144771099305783 0.7229083393283722 0.5164275453956924 0.7208915625209075 0.5175022751417755 0.717123374275381 0.5170246174768497 0.7154250359112002 0.5143178907089364 0.7144697205813483 0.5132033561574426 0.710701532335822 0.5134023801844951 0.7069864171641764 0.5138402330440105 0.7048015372377612 0.515226958354695 0.6994569969885027 0.5149577062802193 0.696773590451024 0.5143916702621487 0.6946734640238649 0.5156712540928929 0.6937181486940132 0.5170644222822601 0.6921259564775936 0.5180993472229328 0.6898968873746061 0.5180993472229328 0.6826827096641533 0.5181697643554314 0.6803474654379668 0.5179728882043049 0.678398142588782 0.5166890212735742 0.6793353456723562 0.5120888216059489 0.6774777880865334 0.5126460888816957
1 0.77410367780877 0.44922108156499235 0.7700121005952748 0.44700481057434904 0.769102861214498 0.4440213688561755 0.7654659036913912 0.44171985667358454 0.7627381855490611 0.4379692442278806 0.762624530626464 0.4337924258224376 0.765238593846197 0.43200236079153354 0.7668297627625563 0.43149091363984654 0.7667161078399594 0.4291041602653077 0.7671707275303477 0.4263764421229775 0.7735354031957846 0.42560927139544724 0.7773996705640855 0.42791078357803836 0.7834233814617313 0.4329400139029594 0.7877422685204206 0.43396290820633326 0.7967210074055906 0.42987133099283803 0.7955844581796199 0.4280812659619339 0.7896744022045711 0.4287631954975165 0.7880832332882118 0.42748457761829917 0.7919475006565129 0.4246716182840213 0.7861510996040613 0.42288155325311716 0.7858101348362702 0.4193014231913088 0.7877422685204206 0.4174261169684568 0.7911519161983332 0.41572129312950046 0.7986531410897411 0.4152098459778135 0.7987667960123381 0.41623274028118745 0.7977439017089644 0.4188752172315697 0.7991077607801295 0.42143245299000415 0.8050178167551781 0.4230520356370127 0.8071772602845227 0.42390444755649087 0.8058134012133578 0.4263764421229775 0.8114961473432122 0.42714361285050795 0.8107005628850326 0.4291894014572555 0.8071772602845227 0.42961560741699467 0.8051314716777752 0.43097946648815966 0.8043358872195955 0.432684290327116 0.8019491338450567 0.43311049628685505 0.7989941058575325 0.43438911416607234 0.7987667960123381 0.43617917919697646 0.7993350706253237 0.437798761843985 0.8028583732258334 0.4396740680668369 0.8046768519873868 0.44555571031123625 0.8066089856715374 0.44674908699850563 0.8056997462907607 0.4485391520294099 0.803653957684013 0.4488801167972011 0.7992214157027265 0.4516930761314791 0.793311359727678 0.4511816289797922 0.788196888210809 0.45024397586836623 0.7846735856102992 0.4511816289797922 0.7809229731645954 0.4518635585153747 0.7786498747126536 0.4511816289797922
16 0.7303701067016403 0.3888792448622187 0.7254617054469249 0.3898163032835733 0.7229628829899791 0.3884107156515413 0.7232306139675088 0.3841270200110625 0.7241230505592755 0.38084731553632084 0.7253724617877482 0.37676441812898953 0.7275143096079877 0.37435483933122016 0.7309948123158767 0.3724137897441282 0.7342075840462359 0.3718783277890683 0.735456995274709 0.3734177809098654 0.7359032135705921 0.3764297544070771 0.7351892642971789 0.37991025711496607 0.7347430460012958 0.38238676865711796 0.7331366601361161 0.38566647313185953
16 0.7970749720957555 0.3708505709786449 0.7955034191571894 0.3715577698009996 0.7925174685739136 0.3712041703898222 0.7903172944599208 0.36943617333393525 0.7898458285783508 0.36684311098530104 0.7918888473984871 0.3643679151070592 0.7931460897493401 0.35918179040979076 0.7962891956264724 0.35847459158743594 0.803046873262307 0.35859245805782847 0.8068186003148657 0.360242588643323 0.8069757556087225 0.36189271922881744 0.8061899791394395 0.36295351746234966 0.8028897179684504 0.3635428498143119 0.8014753203237407 0.3635428498143119 0.7997466120913181 0.36637164510373116 0.7986465250343217 0.3692004403931503
16 0.7536718878238182 0.4600159958745913 0.748060731581106 0.4594051656716992 0.7482984725208013 0.4569816949256947 0.750499998393204 0.4515314307731624 0.7535107856683538 0.4470065094726919 0.7542027956456979 0.44553849497590436 0.7596413671290886 0.4451789532386933 0.7608676260056602 0.4471716239131221 0.7620938848822317 0.45046719464390816 0.7608676260056602 0.45284307121726564 0.7591304259305169 0.4553722301501945 0.7573932258553738 0.45705833610548047
16 0.7964897987634604 0.47792898237833903 0.7977769131730972 0.48021068519542254 0.7980109339748495 0.48143929440462135 0.7945006219485671 0.4817903256072496 0.7908732995214086 0.4822291146105349 0.7893521643100196 0.4823168724111919 0.7861928834863654 0.47863104478359547 0.7837356650679679 0.47538400615928433 0.7840866962705961 0.4730145455415438 0.7857248418828613 0.471873694133002 0.7863098938872417 0.4693287179139473 0.788416081103011 0.46695925729620674 0.7863098938872417 0.46669598389423556 0.7842037066714722 0.4674858041001491 0.7804593738434378 0.46546737468503674 0.7784701970285446 0.46546737468503674 0.7781191658259161 0.46687149949554974 0.7760129786101468 0.4666082260935785 0.7680562713505735 0.46090396905086967 0.768992354557582 0.45879778183510034 0.7695774065619625 0.45493643860618976 0.7713266671944495 0.45218079880494777 0.7740235027245184 0.44954364324974555 0.7808613986548226 0.4522010966947675 0.7846305092884136 0.4515558413417342 0.7875392794512934 0.4507262273164057 0.7884815571096914 0.4510949446609962 0.7879489653897274 0.45229327603091496 0.7876621852328237 0.4547513916615178 0.7897515835188361 0.4558882701406716 0.7928242280570896 0.45754749819132856 0.7954462180630659 0.4587151031158649 0.7975665518178987 0.4584322944042828 0.7991806308059527 0.4574741309645989 0.802274177688004 0.45766225205877775 0.8049496776941022 0.4581012012785282 0.8067890839482947 0.4581012012785282 0.8087957089528686 0.4562199903367404 0.809464583954393 0.45358629501823733 0.8111367714582045 0.45170508407644955 0.8130597870875875 0.45201861923341413 0.8183271777245936 0.45214403329620007 0.8212948924969833 0.4545632705673392 0.8214621112473643 0.45644448150912703 0.8219637674985077 0.45932900495320167 0.8202079706195058 0.4610220948008108 0.8173652518630263 0.4647218096529936 0.8123486893515921 0.46867235263074813 0.8100076268462559 0.4698010791958208 0.8071649080897767 0.46986378622721375 0.8039041424573443 0.4695502510702491 0.8015630799520084 0.46942483700746324 0.8005597674497215 0.4719958252945734 0.8003089393241498 0.4736889151421824 0.7993892361970535 0.475758247178149 0.7987203611955289 0.4768242667118288 0.7974662205676704 0.47776487218272273
16 0.680430500050742 0.4793563917768624 0.6778982311548046 0.4774571901049094 0.6794926226818763 0.47661310047293026 0.6811808019458347 0.47379946836633324 0.6842757972630913 0.4707748138517413 0.6884024576861004 0.46711709211316516 0.6928104813197691 0.4669060697051704 0.6994694106387155 0.46592129846786146 0.7018141040608797 0.4657806168625316 0.7047215239043634 0.4642331192039031 0.7105363635913307 0.46324834796659414 0.7127872692766083 0.4649365272305525 0.7135375711717009 0.46711709211316516 0.7165387787520711 0.46838322656113385 0.7187896844373486 0.46943833860110773 0.7203840759644204 0.4725333339183645 0.7217908920177188 0.47541730682762645 0.7209468023857397 0.47661310047293026 0.7203840759644204 0.4772461676969146 0.7194146729037623 0.4764670240960072 0.7157475380362749 0.47626344011055655 0.7127807301356792 0.4768866810773258 0.7114788807417214 0.47617260696944597 0.7075259997341169 0.4759085334904509 0.7064961785717324 0.477380400529142 0.7032124092048835 0.47777386993552473 0.7002783904214861 0.4772492440603477 0.698665651620016 0.4758648146675195 0.694293769326874 0.4767391911261478 0.6943326305028131 0.4775989946437992 0.6935554069840323 0.48032413460652423 0.690776832904391 0.48045529107531865 0.6897081505660677 0.4799743840230728 0.6886783294036829 0.47751155699793624 0.6848505035736876 0.4774241193520734 0.6842675859346019 0.47840050639754195 0.6843453082864801 0.4801492593147987 0.6814112895030826 0.48016383225577575
16 0.7783097720820215 0.5467602979028722 0.7821224853988262 0.5469645504019867 0.7843011787227148 0.5445816045789836 0.7851181887191729 0.5421986587559806 0.7872968820430615 0.5360710837825441 0.7872061031545661 0.5345051479559992 0.785662862050145 0.5335519696267981 0.7803069076289192 0.5328711279630829 0.7784913298590123 0.5347094004551138 0.7778558776395447 0.5390667871028908 0.7770388676430864 0.5417220695913799 0.775949520981142 0.544105015414383
16 0.7862500772731242 0.6140502327687722 0.7817404609569567 0.6154685798359539 0.772139342348342 0.612522782081038 0.7717029278661321 0.6091405698439124 0.7725757568305517 0.6070676010534161 0.7740304717712508 0.6046673214012623 0.7789765025696282 0.6017215236463465 0.7829042329095163 0.5999758657175074 0.7836315903798657 0.597902896927011 0.7894504501426626 0.5977937933064585 0.7911961080715016 0.5979028969270109 0.7910506365774316 0.6003031765791647 0.7927962945062706 0.6021579381285561 0.7936691234706902 0.6041218032985001 0.7887230926723129 0.6066311865712062 0.786541020261264 0.6070676010534161 0.784795362332425 0.6096860879466746
16 0.6773712441450076 0.5998008354348575 0.6810390583089397 0.5971947569499584 0.6860581724280047 0.5940095499128595 0.6926216293529359 0.5934304213606596 0.6980268291734675 0.5937199856367595 0.6976407434720009 0.5961812819836088 0.6993781291286002 0.5977738855021582 0.6989920434271337 0.6000903997109575 0.6901120722934033 0.5999456175729075 0.6835486153684722 0.5995112711587576
16 0.643395702415952 0.5779387325893147 0.6507313307438164 0.5754774362424656 0.6582600019224136 0.5720026649292667 0.658453044773147 0.5695413685824176 0.6572947876687475 0.5663561615453185 0.6538200163555488 0.5653426865789689 0.6509243735945496 0.5659218151311687 0.6499591593408831 0.567948765063868 0.6432026595652188 0.5698309328585174 0.6379905025954206 0.5705548435487672 0.6350948598344215 0.570989189962917 0.6331644313270888 0.5748983076902657 0.635480945535888 0.577070039761015 0.6406931025056863 0.577359604037115
16 0.5821939029614531 0.5544678583561361 0.5815574979590358 0.5508085295922361 0.5874972779815979 0.5484220108331711 0.5938613280057716 0.5466718970765232 0.5968312180170527 0.5463536945753146 0.5995889730275279 0.548899314584984 0.6008617830323627 0.5506494283416318 0.600649648031557 0.5517631370958622 0.5966190830162469 0.5519222383464666 0.5913157079961021 0.553990554604323 0.5879215479832095 0.5551042633585535 0.584315252969511 0.5560588708621795
16 0.6478602924608856 0.5420579608089973 0.6482845624624971 0.5447626820692711 0.6480724274616914 0.5476265045801493 0.645526807452022 0.5498539220886101 0.6429811874423524 0.5508085295922361 0.641284107435906 0.5508085295922361 0.638314217424625 0.5450808845704798 0.6336472474068976 0.5399896445511408 0.632162302401257 0.5363303157872409 0.6327987074036744 0.5342619995293845 0.6357685974149555 0.5341028982787801 0.6336472474068976 0.5320345820209237 0.6344957874101208 0.5304435695148803 0.6381020824238192 0.5302844682642759 0.6397991624302656 0.5290116582594411 0.6446782674487987 0.5333073920257584 0.6472238874584682 0.5344211007799888 0.6516787224753898 0.5369667207896582 0.6535879374826421 0.5376031257920757 0.6535879374826421 0.5398305433005365 0.6514665874745841 0.5407851508041626
16 0.6877416726123742 0.5218521019822456 0.6881659426139858 0.5255114307461456 0.6869494734252504 0.526299840084029 0.6821216399977176 0.5268067625939199 0.6798042799525018 0.5261550050812029 0.6773903632387354 0.524272150044465 0.6755557865362729 0.5247066550529431 0.6743005498451143 0.525720500072725 0.674976446524969 0.5286896176306577 0.6724206397867676 0.5326307228925554 0.670586063084305 0.5345859954307062 0.6632477562744552 0.5366136854702699 0.6600613862122836 0.5377723654928778 0.6513712860427244 0.5348756654363582 0.6505988326943192 0.5295167703317968 0.6478952459749009 0.5284305078106019 0.6450951025869319 0.527271827787994 0.6415225058505577 0.5264028177710381 0.6407500525021524 0.5230716127060405 0.6417156191876588 0.5203197476523468 0.6500194926830154 0.5161919500718063 0.653205862745187 0.5149608525477853 0.6609303962292394 0.5145987650407204 0.6634408696115566 0.5150332700491984 0.6660478996624242 0.5160471150689803 0.6674962496906841 0.5167712900831102 0.6701032797415519 0.5159022800661542 0.6742552164892301 0.5166988725816971 0.6833315433329916 0.5198852426438688
5 0.6840235254461396 0.5314812700398672 0.6824918343001866 0.5285272942583866 0.6875974714533629 0.5268861966020086 0.6905149783980352 0.5263938673050952 0.6952559271831273 0.5255186152216935 0.6992674992320516 0.5256280217321188 0.7027685075656581 0.5276520421749851 0.7051754507950128 0.5292384365761504 0.7104858787012863 0.5315515309008623 0.715810328875313 0.5342866936614924 0.7235417222786944 0.5364748238699965 0.7290849854735714 0.5390458768649888 0.7349199993629157 0.542601588453808 0.7398797611688583 0.5468137391051785 0.7431619564816145 0.5506976702252734 0.7436725201969321 0.5526122841577144 0.7435995825233154 0.5549098208766438 0.7421408290509792 0.5564415120225966 0.74075501325226 0.5574808738716361 0.741484389988428 0.559286081293652 0.7419949537037457 0.5654128458774635 0.740025636516092 0.5661786914504399 0.7374728179395038 0.5668898337682037 0.7325859938071779 0.5671633500442668 0.7280638580429362 0.5666163174921407 0.7198219009242373 0.5643187807732114 0.7160291418961635 0.564099967752361 0.7126010712361736 0.5649205165805501 0.7117987568263889 0.5658504719191643 0.7104129410276695 0.564647000304487 0.709902377312352 0.5633888254345971 0.7000557913740835 0.5593954878040771 0.6988887885962146 0.5586296422311007 0.6985970379017472 0.5563321055121714 0.6968465337349441 0.5543627883245177 0.6899174547413477 0.5502600441835725 0.686124695713274 0.5482360237407061 0.6857600073451899 0.5456102674905012 0.6845200668937043 0.5446256088966743 0.6863435087341244 0.5412340070734929 0.6900633300885815 0.5407416777765796 0.6949501542209073 0.5400852387140284 0.6948042788736737 0.5389364703545637 0.6964089076932435 0.5343961001719176 0.6919597096026183 0.5329738155363899
16 0.7353866018043845 0.5875966563014638 0.738896546533853 0.5854428265811084 0.741236509686832 0.582251967736137 0.7396410802643463 0.5801779094869056 0.7394283563413482 0.5763488788729401 0.7348547919968893 0.5735568773835903 0.733897534343398 0.5713232761921103 0.7323021049209123 0.5685312747027604 0.7243249578084839 0.5662179020401562 0.7184750499260366 0.5646224726176705 0.7145396573505721 0.5649415585021678 0.7130505898895855 0.5658190446845348 0.7128378659665874 0.5673347026358961 0.7165605346190539 0.569249217942879 0.7207086511175166 0.569807618240749 0.7225168044630004 0.5714828191343588 0.7232613381934937 0.5725198482589745 0.7257076633079717 0.5719614479611046 0.7260267491924688 0.5733175629702174 0.7262394731154669 0.5749927638638272 0.7257076633079717 0.5761095644595672 0.7232613381934937 0.5757904785750702 0.721346822886511 0.5753916212194486 0.7209213750405147 0.5762691074018158 0.7200704793485222 0.5776252224109286 0.7184750499260366 0.5785027085932958 0.7197513934640252 0.5798588236024085 0.7232613381934937 0.5823317392072613 0.7250694915389774 0.5835283112741255 0.7274094546919563 0.5836080827452498 0.7288985221529428 0.5844855689276169 0.7319830190364152 0.5856821409944811 0.7333657245359027 0.5874371133592153
16 0.7090088353526217 0.5654999588000377 0.7087961114296237 0.5638247579064277 0.7024143937396811 0.5613518423015751 0.6977344674337231 0.5591980125812194 0.6932672650507634 0.5585598408122251 0.6895445963982969 0.5589586981678465 0.687523719129815 0.560235041705835 0.6930545411277653 0.5627079573106878 0.6985853631257154 0.5646224726176706 0.7018825839321859 0.5654201873289134 0.7051798047386562 0.5658988161556592
16 0.5485548393347155 0.37676321638873894 0.5417327893260304 0.37815863570869723 0.5370813915928362 0.3686232703556488 0.5346006461351325 0.3649021521690934 0.5330501802240678 0.3625764533024963 0.5367712984106233 0.36094846409587833 0.5392520438683269 0.36141360386919774 0.5429731620548823 0.366065001602392 0.5457640006947989 0.37211181865554466
16 0.5581686454187672 0.4197913977271373 0.5587191066889677 0.4163510147883841 0.5548658777975642 0.41373632375493163 0.5504621876359601 0.41291063184963095 0.5499117263657596 0.41580055351818357 0.5497282392756928 0.4178647832814355 0.5530310068968959 0.41924093645693683
16 0.5620209568747205 0.4041761876447243 0.5521126540111113 0.40224957319902255 0.5519291669210445 0.3990844208953696 0.5552319345422476 0.3982587289900688 0.5561493699925818 0.395231192003966 0.5532135765515124 0.3904146558897116 0.5598191117939185 0.38876327207911004 0.5634888535952554 0.39344219287581433 0.5645897761356563 0.3977082677198683 0.5645897761356563 0.4018367272463721
16 0.5785347949807359 0.3829834287420047 0.5713787984681293 0.38422196659995583 0.555782395812448 0.37720358540489934 0.5546814732720471 0.37376320246614614 0.5611035214243864 0.37211181865554466 0.5689934662972604 0.3754145862767476 0.5726632080985972 0.3763778934995986 0.5732136693687977 0.37431366373634667 0.5772503853502681 0.3710108961151436 0.5844063818628746 0.37266227992574513 0.5873421753039441 0.37376320246614614 0.5869752011238104 0.3763778934995986 0.5860577656734762 0.3781668926277502 0.5935807363662164 0.3807815836612026 0.5959660685370853 0.3820201215191538 0.5965165298072859 0.3850476585052566 0.593030275096016 0.38573573509300724 0.5853238173132088 0.3840843512824057
16 0.5976174523476869 0.3816072755665034 0.5946816589066175 0.37830450794530035 0.5924798138258155 0.3759650475469482 0.5928467880059491 0.3723870492906449 0.5981679136178873 0.36935951230454206 0.6034890392298257 0.3674328978588403 0.6080762164814966 0.36316682301478637 0.6111954970126328 0.3617906698392851 0.6161496484444373 0.3648182068253879 0.6141312904537022 0.3672952825412901 0.6141312904537022 0.37156135738534407 0.6128468808232344 0.3732127411959457 0.6071587810311624 0.3765155088171487 0.6049569359503604 0.3792678151681513
16 0.6429387635941954 0.38876327207911004 0.6416543539637276 0.38766234953870893 0.6422048152339283 0.3832586593771048 0.6453240957650643 0.3813320449314031 0.6548654244485398 0.3784421232628505 0.6594526017002109 0.37761643135754963 0.6623883951412801 0.3805063530261023 0.6616544467810128 0.3824329674718041 0.6546819373584731 0.3842219665999558 0.6497277859266685 0.38711188826850845
16 0.7407456303405127 0.4105973823033352 0.7375072118001377 0.4104695499925309 0.7369958825569206 0.4127705315870078 0.7342687932597627 0.4127705315870078 0.7332461347733285 0.4099582207493138 0.7284737285033022 0.4099582207493138 0.729325943908664 0.4067624129792069 0.7245535376386375 0.3981976481553204 0.725576196125072 0.3955131696284306 0.7294963869897364 0.3927008587907366 0.7361436671515588 0.39193386492591087 0.738188984124427 0.3916782003043023 0.7354618948272692 0.3889937217774125 0.7380185410433547 0.3855422493856971 0.7427909473133812 0.3838804293452414 0.7450067073673219 0.3838804293452414 0.7490973413130587 0.3877153986693697 0.7511426582859272 0.38503092014247997 0.7457681542679705 0.3837367125461124 0.7409609534044709 0.38044105942082107 0.743280592969361 0.37643211712932595 0.7480207259932673 0.373633421567339 0.7508446350287857 0.3737090619879332 0.7556856219468177 0.36977576011703234 0.7615351478061059 0.37000268137881503 0.7712891601379736 0.3706186105179397 0.7718204440445281 0.37333950450445824 0.7709559820948797 0.3750684284037553 0.769947443153623 0.3758248326096979 0.7754223688347303 0.3791746226645859 0.7797446785829729 0.3805793733327647 0.7832025263815671 0.380903546563883 0.7850755272724722 0.38479362533730127 0.7869485281633772 0.3871708956988348 0.7889656060458905 0.3880353576484833 0.794152377743782 0.38425333661877104 0.8013562273241862 0.3844694521061831 0.7987628414752408 0.37560871712228566 0.7989069184668487 0.37344756224816433 0.8033733052066995 0.3738797932229887 0.8084159999129826 0.3767973523030524 0.8100008468206716 0.3800390846142344 0.81086530877032 0.38500974082471345 0.8095686158458473 0.3882514731358954 0.8079837689381584 0.3899803970351925 0.8104330777954959 0.3946268800145533 0.8095686158458473 0.39862501653167776 0.8071193069885099 0.4014345178680355 0.8002036113913217 0.403811788229569 0.7989069184668487 0.40554071212886605 0.8016443813074026 0.40510848115404174 0.8092804618626311 0.403811788229569 0.812306078686401 0.4033795572547447 0.8157639264849952 0.4095388486459905 0.8192217742835892 0.41321281193199666 0.8199421592416297 0.41559008229353017 0.8169165424178598 0.41623842875576655 0.8104330777954959 0.41310475418829073 0.8079837689381584 0.41267252321346637 0.8049581521143885 0.4161303710120605 0.8029410742318752 0.4165626019868848 0.8015003043157943 0.41796735265506363 0.8061521811652327 0.41977836502693494 0.8088409188329302 0.42066368108825 0.8090376557354447 0.42238512898525143 0.8080539712228725 0.42346718194908095 0.8073981815478242 0.4234179977234524 0.7995942844147507 0.4213522602470505 0.7982171260971495 0.41913897009376294 0.7990696526747122 0.41604036387916016 0.799135231642217 0.4150566793665879 0.7897749011442808 0.4154973001807993 0.788587084245453 0.4129999426034761 0.7847835041301735 0.412262179219047 0.7844556092926492 0.4139836271160484 0.7813078188524181 0.4150164958542494 0.776651712159576 0.4143771009210774 0.7741597113943928 0.41378689021353393 0.7735695006868494 0.4129999426034761 0.7700282364415891 0.41295075837784756 0.7692412888315312 0.4146230220492204 0.7729137110118012 0.41575425923867854 0.7767172911270807 0.41604936459245034 0.7801273974373314 0.41570507501305004 0.784652346195164 0.4158034434643072 0.7881280314729193 0.41604936459245034 0.7898101901956021 0.41619691726933605 0.7877172898332515 0.417079905083284 0.7855054548345681 0.41929174008196723 0.7857446822515309 0.4229261342219089 0.7913712800551987 0.424730525931361 0.7878013007590785 0.4273789073113633 0.789657974994952 0.42888549135469456 0.795537634408602 0.42818548387096766 0.7965412186379929 0.42986559139784947 0.7877598566308244 0.43384408602150537 0.7835663082437275 0.43287634408602144 0.7774014336917563 0.4277419354838709 0.7735279057859704 0.42546082949308756 0.7690476190476191 0.4259024577572965 0.765988917401501 0.4232976347220916 0.7603611995599207 0.4206356670383755 0.7600626381779398 0.4163811673451474 0.7613315240513586 0.41229460842928345 0.7631228923432442 0.4106711809147622 0.765959225472063 0.4102793191009122 0.7653621027081011 0.40848795080902667 0.7671534709999867 0.40636070096241256 0.7652128220171106 0.40529707603910553 0.7635707344162157 0.40440139189316276 0.7614061643968539 0.40563295759383405 0.7590923136865017 0.4056889378529555 0.757599506776597 0.4051291352617412 0.7542406912293116 0.4052410957799842 0.7493144284266263 0.4062487404441697 0.7463288146068172 0.4069205035536268 0.7441642445874553 0.40703246407186966 0.742746078023046 0.4062487404441697 0.7404322273126938 0.408264029772541 0.7414025518041317 0.4091037336593623
16 0.6018654009553651 0.47423149300862766 0.6046430703339666 0.4721482409746766 0.607309632937424 0.4721482409746766 0.610976156517178 0.4696483385339353 0.6123094378189066 0.4677317466627003 0.6103095158663135 0.46156532064220507 0.6053097109848309 0.4568988360861546 0.5997543722276281 0.4563988555980064 0.5958656350975859 0.45706549624887066 0.5951989944467216 0.4586487677946735 0.5927546453935524 0.45873209787603153 0.5899769760149508 0.45781546698109304 0.5876437337369256 0.46098201007269873 0.5858660253346207 0.4628986019439338 0.5855327050091884 0.46406522308294634 0.5957545283224419 0.46923168812714505 0.5967544892987384 0.4721482409746766
16 0.5949767808964335 0.5015637596940661 0.6006432264287804 0.4958139840803611 0.6028653619316616 0.49506401334813865 0.6049763906593988 0.4967306149752996 0.6071985261622799 0.4981472263583864 0.6098650887657373 0.4986472068465346 0.6136427191206353 0.5011471092872759 0.6146426800969318 0.5021470702635724 0.613087185244915 0.5048969629483879 0.6101984090911694 0.506896884900981 0.6065318855114156 0.5073135353077711 0.6026431483813736 0.5064802344941907 0.5970878096241705 0.5067302247382649 0.5948656741212893 0.5046469727043137
16 0.5648668448323936 0.5189797466978973 0.5603114670514872 0.5151465629554274 0.5613114280277838 0.5086468166095 0.5569782637971655 0.5077301857145614 0.5570893705723096 0.5103134182366608 0.5569782637971655 0.5131466410028342 0.5554227689451486 0.5159798637690078 0.5532006334422674 0.5174376823351837 0.5474792449991348 0.5171043620097515 0.5454603982661602 0.513473551322008 0.545771741427278 0.5086752037800722 0.547236885714892 0.5039134848453269 0.5484578392879036 0.5019904829678336 0.551632318577734 0.5018073399318819 0.5494291078552345 0.4876183332215206 0.549062821783331 0.4820324706249923 0.5485744403541264 0.480109468747499 0.5450336749923926 0.4778201807981021 0.5451557703496938 0.4747067491869225 0.5495512032125357 0.475805607402633 0.5524814917877635 0.4728753188274051 0.5588304503674241 0.467930456856708 0.5605397853696403 0.46664845560504564 0.5643247414459764 0.4698534587342012 0.5632258832302659 0.47150174605776696 0.5695748418099263 0.4715933175757428 0.568598078951517 0.47662975106441585 0.5714062721694438 0.477911752316078 0.5717725582413474 0.4805673263373783 0.5706737000256368 0.4816661845530888 0.5672550300212044 0.481483041517137 0.5678655068077101 0.4845049016103408 0.5684759835942159 0.4870689041136653 0.568598078951517 0.49228848063829 0.5683538882369148 0.4938451964438798 0.5666445532346984 0.49540191224946967 0.5654235996616869 0.5010793463639738 0.5671329346639032 0.5048337786009846 0.5701853185964322 0.5070314950324054 0.5701853185964322 0.5173790765636791
16 0.5876449546904986 0.4856953313440272 0.5893542896927148 0.4834976149126063 0.5877670500477997 0.4759887504385847 0.5845925707579694 0.4744320346329949 0.581295996110838 0.47507303525882594 0.5794645657513207 0.4778201807981021 0.5800750425378264 0.48093361240928184 0.5832495218276567 0.4861531889339066
3 0.5671356754831369 0.5033124922420313 0.5727592965738739 0.5023348389741099 0.5790220881751565 0.5017885775655564 0.5948050110124484 0.5005381699464048 0.600529099224565 0.495411498707883 0.6011404096161502 0.49266060194574934 0.604085814230152 0.48590840080233055 0.6056418770450962 0.4814486136273564 0.6055863033731338 0.47886443788110955 0.6037523721983781 0.47757235000798615 0.6016678662423485 0.47440045801786596 0.5966389421872043 0.472362318261521 0.5956969897538299 0.4692861663737017 0.5879061667521392 0.47589425727114654 0.5894708070470825 0.48359047937886473 0.5877190419820637 0.48579730907971386 0.5831720430107528 0.48626344086021495 0.579910394265233 0.4809274193548386 0.5793010752688174 0.4778091397849462 0.5812903225806452 0.47493279569892477 0.5846057347670252 0.4743010752688172 0.5878315412186381 0.4758198924731183 0.5956093189964157 0.4692204301075267 0.5854529661326897 0.46418614219881504 0.5853992026918294 0.46329904542462136 0.5807885304659499 0.46225806451612894 0.5778655548240802 0.4615426815887645 0.5758539975129836 0.46247531270572745 0.5748665057420818 0.46338051349572085 0.5736229975861313 0.4661235461926705 0.5728183746616927 0.4697992100065832 0.5715017189671568 0.4724325213956549 0.5708433911198888 0.47407834101382484 0.5704776534269622 0.4765470704410796 0.571714560991413 0.4778604799430747 0.5719093325438592 0.47891549251882465 0.5721041040963053 0.4801003527962052 0.5710918330556757 0.4818648207517402 0.5692982564695449 0.48342715738331504 0.5684149387713765 0.4845155309757011 0.5688719550188882 0.48728865133015536 0.5687992831541219 0.49266129032258055 0.5686021505376344 0.4935618279569891 0.5685125448028674 0.4939919354838709 0.5668817204301075 0.49537634408602144 0.5656093189964158 0.5007930107526881
16 0.6183861435032261 0.49326582725913404 0.6171417476216127 0.48964930172819493 0.6219637816628647 0.4877827079057748 0.6314523002601673 0.48743272156407097 0.6388409008072473 0.48871600481698485 0.6431962863928944 0.4897076327851455 0.644829555987512 0.4911075781519607 0.6446740065023103 0.49320749620218346 0.6419518905112809 0.4939657999425416 0.6354188121328103 0.4940824620564429 0.628185761070932 0.49373247571473905 0.6225859796036715 0.49338248937303525
16 0.6711458577208101 0.47774639305523087 0.6667752858715678 0.480662691660588 0.6566865377627348 0.4771895160821373 0.6517248583649482 0.47049124889512517 0.6573480950157731 0.46676998934678515 0.6485824614130165 0.4654055275123939 0.6505671331721311 0.46193235193394316 0.6477555148467187 0.4620563939188878 0.6379975453644048 0.4671421153016192 0.634193591159435 0.4672661572865639 0.6305550262677245 0.4659016954521725 0.6318781407738012 0.4621804359038325 0.6231125071710446 0.4608159740694411 0.6178200491467387 0.45895534429527113 0.6242702323638616 0.4552340847469311 0.6284049651953505 0.45498600077704177 0.629728079701427 0.4537455809275951 0.6295626903881674 0.45052048931903377 0.634193591159435 0.449652195424421 0.6394860491837407 0.44568285190619167 0.624104843050602 0.4445664740416897 0.625171604121126 0.44022500456862623 0.6316217873382489 0.4388605427342349 0.6388989171216694 0.43873650074929027 0.6486568866039832 0.4392326686890689 0.6470029934713877 0.4368758709751202 0.6506415583630979 0.43464311524611626 0.6410489781940436 0.4280688900440488 0.6405528102542649 0.42310721064626206 0.6365834667360355 0.41950999308286674 0.6402220316277458 0.41479639765496934 0.6430336499531584 0.4144242717001354 0.6430336499531584 0.41231555795607605 0.6362526881095165 0.411943432001242 0.6357565201697377 0.4093385503174039 0.6371129661728598 0.40526359673832585 0.6328120217430903 0.4022537252048295 0.6302640963261159 0.40755225192421934 0.6218096165334283 0.40711794645541693 0.6176402840329247 0.4042080998144405 0.6159609695535553 0.4024274473923504 0.6145132846575471 0.4035132110643566 0.6139921180949842 0.4061624744240515 0.6153239881993117 0.4075088213773391 0.615903062157715 0.409246043252549 0.6156714325743536 0.4111569873152798 0.6134709515324213 0.4125033342685673 0.610228137365363 0.4128942091904895 0.6079118415317499 0.41154786223720197 0.6044953051771706 0.4047726969238837 0.607043230594145 0.4013416837203443 0.6097069708028 0.39799753161056545 0.6112125630946486 0.39569571262591247 0.6127760627823374 0.39591286536031367 0.6152081734076311 0.39730264286048145 0.6167137656994796 0.39747636504800254 0.6183351727830088 0.3969986290323198 0.6190300615330926 0.3934807547350199 0.6226782274710332 0.38839938075003133 0.6253419676796882 0.3874004781717857 0.6299745593469144 0.3877479225468276 0.630437818513637 0.38948514442203735 0.6295113001801917 0.3913092273910077 0.6304957259094773 0.39200411614109165 0.6327806307166377 0.39230330228011634 0.6333126275103276 0.39389929266118573 0.6331352952457643 0.3954509499761144 0.6368592728015932 0.39593861370366346 0.6379823771438273 0.39722427262174725 0.6396965890346056 0.39917492753194334 0.6435387881001433 0.4015245800374068 0.6449574462166496 0.4015245800374068 0.6426521267773269 0.3998399235240557 0.6410561363962575 0.3982882662091269 0.6401103643185866 0.3963819443650716 0.6428885697967446 0.39651494356349415 0.6463169935783014 0.3979779347461412 0.6486814237724785 0.39868726380439434 0.6512822969860733 0.39921926059808416 0.65831647681375 0.4024112413602232 0.6587302520977311 0.4002832541854639 0.664286663054047 0.40019458805318225 0.6704341815589074 0.4005049195161679 0.6710252891074517 0.4008595840452945 0.6716755074108505 0.4015689131035476 0.6736261623210464 0.4015245800374068 0.6780594689351286 0.40298757122005385 0.6791825732773628 0.4036525672121661 0.6797145700710524 0.40476089386568664 0.678532354973964 0.4068002149081643 0.6742172698695909 0.41127785458838717 0.6740399376050275 0.4131398433663016 0.6753403742118249 0.4142481700198221 0.6755768172312426 0.4156224950701875 0.6746901559084262 0.4167751547898489 0.6746901559084262 0.41859281050162245 0.6758132602506604 0.4194794718244389 0.6765817000637678 0.4204104662133961 0.6773501398768754 0.4227157856527189 0.6755177064763881 0.42311478324798624 0.6781776904448374 0.4236024469755353 0.6781776904448374 0.42488810589361914 0.6778230259157109 0.42670576160539264 0.6762270355346413 0.4281687527880397 0.6745719343987173 0.42901108104471525 0.6745128236438629 0.430075074632095 0.6787096872385273 0.43131640048403797 0.6807785636584321 0.4335330537910788 0.6841900986528876 0.43389405161536837 0.6879647425700203 0.43427404932514685 0.6887247379895772 0.43566737426100116 0.6882180743765393 0.4373773639550043 0.6865291956664129 0.4382006923261909 0.6834892139881853 0.43889735479411807 0.682644774633122 0.43953068431041553 0.6828136625041347 0.44136733990767807 0.682138111020084 0.4432039955049406 0.6806181201809701 0.44409065682775706 0.6780848021157805 0.44478731929568416 0.6753825961795781 0.4447239863440544 0.6726803902433758 0.44421732273101644 0.6725115023723631 0.4451039840538329 0.6736937174694516 0.4459273124250196 0.6731026099209074 0.4474473032641334 0.6712448433397682 0.4484606304902093 0.6682048616615406 0.4494106247646555 0.6652493239188193 0.44922062590976625 0.6633071134021737 0.44814396573206056 0.6615337907565411 0.44662397489294675 0.6604360195949588 0.44668730784457644 0.6600982438529335 0.44839729753857954 0.6603515756594526 0.4496006236195447 0.6602671317239461 0.4501072872325827 0.6557071592066047 0.45067728379725025 0.6522449578508455 0.44972728952280405 0.650809410947238 0.44801729982880106 0.6486983125595798 0.44852396344183904 0.6462494384298964 0.44998062132932304 0.6475160974624913 0.4513106133135477 0.6529205093348961 0.4511206144586584 0.6552849395290731 0.4511206144586584 0.658409365142807 0.4513106133135477 0.6593382484333766 0.4518806098782154 0.659422692368883 0.45409726318525645 0.658662696949326 0.4568205801053352 0.6582404772717944 0.4597338958803035 0.6579871454652754 0.46144388557430654 0.6579871454652754 0.46188721623571477 0.66178712256306 0.46024055949334136 0.6644893284992623 0.4610005549128983 0.6678670859195153 0.4623305468971229 0.6696404085651482 0.46302720936505004 0.6751292643730592 0.4634072070748285 0.6789292414708438 0.4648005320106829 0.6799425686969197 0.4660671910432777 0.6788447975353374 0.4671438512209834 0.675889259792616 0.46948717043128385 0.6753825961795782 0.4717038237383248 0.6724270584368568 0.4730971486741792 0.6702315161136922 0.4739838099969955 0.6678670859195153 0.4739838099969955 0.6671915344354646 0.47468047246492273