13 0.49681393219794645 0.3432941685949774 0.4776362634625107 0.330459882595109 0.4558032252098611 0.3178468773883417 0.4461020788919786 0.28987783896254565 0.4340053955357808 0.24739192668711907 0.4260392869841383 0.24230246844579198 0.41512276785781344 0.2146423693081445 0.39860046863959203 0.16861596434309906 0.39092940114541785 0.1520199048605106 0.39151948326035424 0.1276790176193808 0.3927992621795176 0.11875592713616802 0.4667461964998843 0.1195806912678678 0.569619794488303 0.12066599457145402 0.6261871181903746 0.12086332244483336 0.683149097639205 0.12135664212828164 0.6867009993600328 0.1293484210001441 0.6865694474444466 0.14020145403600667 0.6852539282885844 0.16062488893076626 0.6795971959183773 0.17512848762414626 0.6720987367299631 0.19160536505131945 0.659732856664859 0.21548203773021718 0.6410524846516168 0.24695583353421868 0.6315807467294094 0.25800619444346057 0.6260555662747884 0.26816857992249554 0.6202672819889951 0.28168553924897893 0.6109270959823739 0.3049702283077387 0.6015869099757528 0.3255909910758776 0.5564646029296817 0.3472970571476028 0.529496460234508 0.3459157620339475 0.4988448639029203 0.34571843416056813
6 0.3482745134013502 0.4798850595208745 0.32550650106730705 0.4733700005991524 0.3064807081205521 0.45879045274321517 0.30317187456459477 0.44110887342856797 0.3044126871480788 0.41877424692585563 0.3060671039260575 0.4007824644653374 0.30331774603447126 0.39341573439472444 0.30333964196045693 0.38938671838198147 0.2995744695026083 0.384390624159067 0.2969678116471747 0.3690765092583942 0.29942965517730646 0.36538374396319656 0.29469715198930635 0.3574379584263417 0.2975934384953438 0.3557001865227193 0.2961452952423251 0.34407883691724417 0.30150342527849433 0.34570799807689023 0.3009241679772868 0.3415807898057869 0.31019228479660654 0.34353578319736217 0.3159848578086813 0.3422324542696453 0.31540560050747385 0.34581660882086657 0.3214878021701524 0.3465768840287014 0.3197500302665299 0.34418744766122056 0.32612186057981224 0.34353578319736217 0.32554260327860474 0.3403860716220465 0.3503058529052246 0.3422324542696453 0.3747794738812407 0.3444046691491734 0.39114349264035214 0.3463596625407487 0.39592236537531383 0.3484232666763003 0.40852121167657657 0.3495093741160643 0.4166308138934812 0.353202139411262 0.4088108403271803 0.36373738157697305 0.4031630816404073 0.373403737790873 0.4024390100138979 0.38621980558008845 0.39708087997772873 0.39794976592954 0.39708087997772873 0.4091366725591095 0.40359752461631293 0.42282162630013626 0.40649381112235033 0.4367238015291159 0.40504566786933166 0.44215433872793597 0.40996935492959524 0.45225513791774147 0.4005564237849736 0.45822872883644356 0.4027286386645017 0.46648314537865027 0.40243901001389804 0.4721309040654231 0.38071686121861736 0.47614950159254993
0 0.26540080967015006 0.6932625226630335 0.25106038514088963 0.6891686463653989 0.22577680402177142 0.6743112842644736 0.20331127085476527 0.660370647064805 0.18454407662201772 0.641016978012284 0.1785490006865567 0.6171670020081672 0.18145271099391505 0.5896671010960425 0.1960796867255445 0.5635144982209987 0.21058309309425774 0.5413251867058734 0.23287069510083044 0.5254747444022577 0.26582702845288386 0.5145152090186739 0.2948970017398367 0.5096183953366471 0.3322060583648028 0.5071699884956338 0.357234217184051 0.5192954318987477 0.3887914609126682 0.539115868230761 0.40278235714703053 0.5476269967733314 0.4049587187834869 0.5564878977217609 0.4034041747574466 0.5700124307483111 0.3976523618610976 0.5872678694373579 0.3900350961335004 0.6011421748697672 0.37930874235382256 0.6278414685170086 0.3653178461194603 0.6533748541447199 0.34635240900176917 0.6755271065157935 0.3258324278580378 0.6850875522759412 0.30515699231170235 0.6923161819970284 0.2821497407263066 0.6942982256302295
9 0.3337371081753805 0.8046598851877086 0.3403647528551969 0.8008821277202132 0.3671404373616554 0.806847007932048 0.3970973913144257 0.804858714528103 0.43209135522385655 0.8054552025492865 0.496012927837463 0.8038670232149372 0.5058218419635913 0.787364187962194 0.4888550715832612 0.7754344275385247 0.4946873989014996 0.7589315922857813 0.49044570630641715 0.7424287570330383 0.4859389079241419 0.7207563589300388 0.4848784847753713 0.6972944967634885 0.4819623211162521 0.6772127333836447 0.4753346764364357 0.6619028741732688 0.4835529558394081 0.6527567245151221 0.492036341029573 0.6493766257284155 0.4885899657960685 0.6296925210293607 0.4583679060561055 0.6320784731140946 0.42496457686983063 0.635060913220012 0.39792378657617955 0.6366515479431679 0.37804085253673014 0.6344644251988285 0.3734411762111202 0.6441805747682875 0.3640508527122349 0.6575846088149373 0.35376922327851895 0.6720938819302799 0.33997019430168945 0.6810226653858754 0.3181893740539489 0.6887338874611624 0.3066901832399244 0.6936041329823963 0.3099370135874137 0.7088236502362524 0.31494254370645963 0.7305368281850868 0.3196775046298815 0.7549895192396153 0.3271181575095444 0.7881680668530214 0.32995913406359756 0.8045036820388269
2 0.5412614738581895 0.8030554694821432 0.5334961690852799 0.752246277045606 0.542600319508691 0.7576686019301375 0.5618796968759147 0.7642958879001207 0.5843723038043421 0.7667058100710239 0.6028483737812649 0.7657016758331474 0.6175756759367829 0.762890099967094 0.6280186720106957 0.7568652945398365 0.6352484385234046 0.7560619871495355 0.6363195150438059 0.7699190396322275 0.6392649754749096 0.7942190881888324 0.6403360519953109 0.7972314909024609 0.6092748329036728 0.7984364519879125 0.5838367655441415 0.8010472010063907
12 0.6694228252508205 0.7177551532339298 0.6680839796003188 0.7233783049660366 0.6506789861437974 0.737436184296304 0.6287219174755706 0.7537031589498988 0.6139946153200525 0.7607320986150324 0.5933763923023272 0.7655519429568384 0.5722226310244014 0.7641461550238116 0.5510688697464754 0.7589246569868551 0.5312539541190512 0.7484816609129424 0.5208109580451383 0.7320138594117722 0.5208109580451383 0.7177551532339298 0.5275051862976465 0.7038981007512379 0.5475878710551711 0.6894385677258201 0.5754358605856053 0.6834137622985627 0.6048904648966414 0.6850203770791645 0.6252409187842664 0.6928526241345991 0.6482690639728945 0.7051030618366894
4 0.6445774625541282 0.34768687051135727 0.6413251907267817 0.34639215374467086 0.6413251907267817 0.33395265651074624 0.643876882467074 0.3227890051469677 0.6477044200775123 0.3071598932376778 0.6519572396446659 0.2905738969257783 0.6536583674715275 0.2755827079515614 0.658761750952112 0.27398790061387873 0.6711950808054331 0.27473831141873417 0.6944106892395012 0.277177515289244 0.6959147067235356 0.2793168129661224 0.7205998296597678 0.28168044106178886 0.758540255241384 0.2861879207017473 0.7856801126836562 0.2897523720248107 0.7991875071710542 0.29172220038755625 0.8060662728822294 0.2940672341527295 0.8101935323089343 0.29753788412518595 0.8130701070608801 0.3017589449024978 0.8135703809307838 0.30391637596645726 0.8116943539186451 0.3132965110271504 0.8091929845691268 0.3228642487890574 0.8068166836870848 0.3321505824991436 0.8048155882074701 0.34443855942865154 0.7879313450982227 0.34443855942865154 0.7460334084937934 0.34396955267561696 0.7374036842379555 0.34312534052015453 0.7293993023194975 0.3447199634804725 0.7125150592102498 0.34528277158411397 0.6807476684713691 0.34603318238896946
15 0.6861851705714705 0.7263574036587245 0.6840136985127002 0.7070855891371365 0.6811184024343394 0.6875423406082022 0.6785850183657739 0.6639275819690734 0.7002997389534787 0.6631132799470343 0.7354052039036015 0.6625704119323417 0.7752155249810602 0.6614846759029566 0.8045303977744616 0.6598560718588786 0.8323976225286828 0.6584989018221471 0.8345690945874531 0.6609418078882637 0.8367405666462236 0.6723420361968089 0.8396358627245842 0.6937853227771673 0.8418073347833548 0.7116999672620239 0.8421692467931499 0.7214715915264908 0.8363786546364286 0.7269002716734171 0.8244355583131909 0.7317860838056507 0.7907777414022487 0.7334146878497285 0.7466244762072488 0.7347718578864602 0.7093475391983557 0.7358575939158453 0.6948710588065525 0.7334146878497285
1 0.6659888369583474 0.4271363240467691 0.6726258842598547 0.43602522668271637 0.6764184827178589 0.4378030072099059 0.6757073705069832 0.44295857073875533 0.6742851460852316 0.4475808001094479 0.6730999590671053 0.45202525142742156 0.6728541661388483 0.45787230045161725 0.6658964384006459 0.4630814615263192 0.6584036400423391 0.46802527617212664 0.6408628721740697 0.4696252786465972 0.6228480294985499 0.47069194696291083 0.6171591318115437 0.47086972501562985 0.6041220746121543 0.46678082980309404 0.5951146532743943 0.4634030468014341 0.5875294563583859 0.46855861033028356 0.5794701846351271 0.4653586053813425 0.5851590823221333 0.4610919321160878 0.5825516708822556 0.4564697027453952 0.5737812869481208 0.4530919197437352 0.567618314453864 0.4465141317931342 0.5635886785922346 0.44046967800069003 0.553159032832723 0.4285585484685207 0.5543442198508494 0.42535854351957963 0.5507886587964704 0.4196696458325734 0.5469960603384663 0.4118474115129398 0.5460479107239653 0.4033140649824304 0.5469960603384663 0.38891404271219576 0.5505516213928452 0.38891404271219576 0.5510256962000958 0.385180703605098 0.5571886686943526 0.37806958149634007 0.5669072022429882 0.371669571598458 0.5806553716532534 0.368469566649517 0.5839738953040071 0.36829178859679806 0.586581306743885 0.3700695691239876 0.5927442792381418 0.3720251277038959 0.6008035509614006 0.37291401796749063 0.6088628226846594 0.3793140278653727 0.6098109722991605 0.3826918108670327 0.615736907389792 0.3864251499741305 0.6181072814260447 0.3894473768703526 0.6228480294985499 0.39033626713394737 0.6382554607341918 0.3823362547615947 0.6370702737160655 0.3787806937072159 0.6387295355414424 0.37700291318002643 0.6482110316864529 0.3773584692854643 0.6588777148495896 0.3810918083925622 0.6631443881148442 0.3844695913942221 0.6742851460852316 0.3906918232393852 0.6780777445432357 0.3953140526100778 0.6790258941577367 0.3983362795062999 0.6764184827178589 0.40295850887699247 0.680211081175863 0.40580295772049557 0.6821936476335015 0.4032006235665692 0.6961788544473919 0.4062228504627912 0.7054233131887773 0.410667301780765 0.712534435297535 0.4117339700970786 0.7215418566352949 0.41333397257154914 0.7303122405694296 0.41688953362592807 0.7405048489253159 0.42044509468030694 0.7587567290044609 0.4218673191020585 0.7677641503422208 0.4206228727330259 0.7658678511132188 0.4172450897313659 0.7646826640950924 0.41457841894058167 0.7672900755349703 0.407289518779105 0.7746382350473534 0.40391173577744494 0.7819863945597365 0.4028450674611313 0.7895715914757447 0.40568951630463446 0.7947864143555006 0.4044450699356018 0.8056901349222626 0.41013396762260806 0.8106679203983931 0.41511175309873866 0.8137494066455215 0.41920064831127435 0.8113790326092689 0.42311176547109114 0.8175420051035256 0.4245339898928427 0.8253642394231594 0.43128955589616264 0.8289198004775382 0.43680067553045 0.8305790623029151 0.440000680479391 0.8282086882666624 0.44355624153376993 0.8291568378811636 0.44728958064086777 0.8267864638449108 0.4501340294843709 0.8220457157724057 0.45333403443331194 0.8173049676999004 0.4581340418567235 0.8165938554890246 0.46417849564916763 0.814223481452772 0.4689785030725792 0.8064012471331384 0.4750229568650234 0.796919750988128 0.482845191184657 0.790519741090246 0.48657853029175485 0.7845938059996144 0.48391185950097065 0.7834086189814881 0.4784007398666833 0.7762974968727302 0.4752007349177423 0.766104888516844 0.46684516643995183 0.7585196916008355 0.4600896004366319 0.7533048687210798 0.45440070274962563 0.7473789336304484 0.4577784857512856 0.7402678115216905 0.4583118199094425 0.7348159512383096 0.45333403443331194 0.734341876431059 0.4474673586935867 0.734341876431059 0.4384006780049205 0.7222529688461706 0.4350228950032605 0.7177492581772907 0.43573400721413624 0.7139566597192865 0.44142290490114255 0.6952307048328908 0.433600670581509 0.6772158621573711 0.4273784387363458
3 0.7676181941722856 0.6008347538730441 0.7563957059533928 0.6051079320794688 0.7506981350114931 0.6260853523655535 0.7636471598794468 0.6386459064874684 0.7779774140666486 0.6381279454927502 0.793861551238005 0.6382574357414298 0.8050840394568979 0.6374804942493526 0.8076738444304887 0.6376099844980321 0.8107816103987976 0.6242724888840401 0.8073285371006765 0.6237545278893218 0.801285658828965 0.6298405695772601 0.7976599318659381 0.6315239428100939 0.7890272486206357 0.6302290403232986 0.7774594530719305 0.6285456670904647 0.7689994234915342 0.6269917841063103 0.7633018525496346 0.6275097451010284 0.757776935272641 0.6218121741591288 0.7591581645918895 0.6180569569474224 0.7619206232303862 0.6165030739632679 0.7636471598794468 0.6101580517779707 0.7667549258477555 0.6073092663070209
5 0.7143900011103862 0.44293000892901124 0.718417894345731 0.4371854753468284 0.7214088639484012 0.43567373527591363 0.7338929109856336 0.43840462056530816 0.7333727423590822 0.4505473069413663 0.7341529952989093 0.454351040023023 0.7397448080343364 0.45878872861828923 0.7488477589989848 0.4584473679571149 0.7524239183065256 0.4557652484764595 0.7628272908375524 0.46678632125151615 0.7779772020858604 0.4771246727042242 0.783048846194736 0.47917283667127014 0.7841542045261576 0.4841957149714067 0.7850644996226225 0.4846346072500593 0.7866250055022767 0.48707289768701884 0.7894209118699902 0.4885846377579337 0.7939723873523143 0.4895111881239782 0.8014498113589901 0.4939001109105052 0.806001286841314 0.4986303943582066 0.8083420456607953 0.4986303943582066 0.8085371088957519 0.4918519469434593 0.8080169402692008 0.48799944805306333 0.8113330152634656 0.4793191340974877 0.8118944183048632 0.47539880168079585 0.815711605069781 0.47022969460330316 0.8161357369325496 0.46744632925388396 0.816984000658087 0.4647424886287339 0.8174081325208555 0.4620386480035839 0.817726231417932 0.4583805106872043 0.8257847368105362 0.45241615636702043 0.8339492751688323 0.4513823349515218 0.8357518355855992 0.45344997778251894 0.8357518355855992 0.4551199969921704 0.8399931542132855 0.4574262139959749 0.8407353849731307 0.4606072029667396 0.8425379453898972 0.46259532107346774 0.8424319124242051 0.4647424886287339 0.8370242311739049 0.47683024671764007 0.8358578685512913 0.47977266151559744 0.8315969208004894 0.4847974409868887 0.8293898576440697 0.4822379279679401 0.8243002752908458 0.4777845434088695 0.8216494511485419 0.47690977144190916 0.8184684621777771 0.4786593153758298 0.8184684621777771 0.48120410655244167 0.8211192863200811 0.4862141641813961 0.8265269675703812 0.49209899377731103 0.831722582889297 0.4906675487404668 0.8319346488206815 0.48597559000858886 0.831637668990897 0.48496723564788446 0.8360035634150377 0.48009986984770187 0.837936990898516 0.47812155818589697 0.8412768886308073 0.47699861683639955 0.8467892430273865 0.4766334434104337 0.8520696395982417 0.47658685167598497 0.8534363304754042 0.47681981034822857 0.8560454676045327 0.4786368879917288 0.8574742807942934 0.48161875899644696 0.8570394246061054 0.48497336387675505 0.8560454676045327 0.4867438497858065 0.8557348560415412 0.48939957864938366 0.8537469420383956 0.4922882661852045 0.8545545321021736 0.4938257934220124 0.8546166544147717 0.49620197187889725 0.8559833452919343 0.4982054164601923 0.8571015469187038 0.49950998502475646 0.8600212956108237 0.5039827915318339 0.8615743534257813 0.5100397170101679 0.8618849649887728 0.512695445873745 0.8626304327399522 0.5201501233855407 0.8623198211769608 0.5262070488638746 0.8630031666155419 0.5367833725837347 0.8638728789919182 0.5395788766506581 0.8650878115712688 0.5449846583644637 0.8636118883258674 0.548453077991157 0.8628247292616534 0.5509621475083393 0.8614472008992787 0.5568658404899449 0.8595776981217703 0.5632861066074409 0.8549531386195126 0.5759052503556229 0.8522964767777901 0.5799640392804767 0.850722158649362 0.5823255164731189 0.8490494456379071 0.5846869936657612 0.8435393321884085 0.5837276435562503 0.8419650140599805 0.5849083821525713 0.8381276136219369 0.5900741135114762 0.834782187599027 0.5939853101117899 0.8309447871609834 0.5995200222820452 0.8232699862848963 0.6077113962940227 0.8171695035372372 0.6163455472796209 0.8118561798537922 0.621806463287606 0.8108722310235246 0.6231347942084673 0.8071332254685077 0.6226920172348469 0.8028038506153302 0.6266770099974308 0.800737558071768 0.6295550603259634 0.7970969473997781 0.6306620027600145 0.788930172108557 0.6287433025409926 0.7698415648013659 0.6263818253483504 0.76364268717068 0.6268983984842409 0.7588213379023688 0.6221754440989565 0.7598052867326364 0.6183380436609128 0.762855528106466 0.6167883242532415 0.7646266360009476 0.6105156504602856 0.7677752722578038 0.6071210269958622 0.7683656415559645 0.6021028879614975 0.775056493601784 0.5976751182252934 0.785683140968674 0.5917714252436878 0.7950306548562164 0.5861629169111625 0.8009994452616046 0.5797315384348641 0.8097980442967843 0.5663721868219237 0.8178660167673563 0.5543483654693666 0.8230481280545504 0.5427807330313149 0.8184638355907906 0.541219135135338 0.8141250356502574 0.5407344819504912 0.8065552144774124 0.542396150012823 0.802308729429231 0.5437116372288358 0.7989853933045673 0.5427423308591423 0.7965852061034212 0.5385881607033126 0.7931947636062557 0.5372701134773206 0.7855113023759395 0.5380057640206487 0.7752121947693457 0.5381283724445367 0.765566998756821 0.5382509808684247 0.7595183165116786 0.5377605471728727 0.7618070070909215 0.5319979512501355 0.7680191672345815 0.5247640542407421 0.7711252473064114 0.5225571026107576 0.772269592596033 0.5198597172852211 0.766057432452373 0.5158136392969164 0.7622974407864738 0.5155684224491403 0.746767040427324 0.5006101947348015 0.7410453139792161 0.5008554115825775 0.7364679328207301 0.5020814958214577 0.7268227368082054 0.5030623632125618 0.726986214706723 0.5040432306036661 0.723062745142306 0.5029397547886739 0.7112923364490559 0.5006101947348015 0.7121097259416426 0.5057597485380985 0.7304192505755874 0.5112771276130595 0.735160109632591 0.5172849403835728 0.7325444632563134 0.52427362054519 0.7232262230408234 0.5376379387489846 0.7166134180403548 0.5460750791704544 0.7101318403753147 0.5497723171343153 0.6998278081718077 0.5470542839120214 0.685677885100241 0.5499299134394687 0.6812959734393687 0.557461324106593 0.6796527565665416 0.5578721283247998 0.6771879312573009 0.5554757703852603 0.6825835263588741 0.5457416072330495 0.6842435970517445 0.5385202997190631 0.6873977313681983 0.5301784444873894 0.6895933658183688 0.5181910667794988 0.6809609982154428 0.512961844096957 0.6847791608090447 0.5074836108104847 0.6897593728876559 0.5015073563161512 0.7023759101534711 0.4964026389355746 0.7035379596384803 0.4942860488021649 0.6899253799569429 0.4879362784019355 0.6839491254626094 0.4827070557193938 0.6811270052847297 0.48519716175869937 0.6789689133839981 0.49017737383731047 0.6693405033653498 0.4894303420255188 0.66203619231672 0.4861932041744215 0.6585500438616921 0.4822090345115326 0.6477595843580343 0.478473875452574 0.6386291955472472 0.47822486484864357 0.6270087006971542 0.4855706776645951 0.626178665350719 0.4884342996097965 0.6210324462028207 0.49067539504517155 0.630494849152182 0.4972741760493315 0.6384631884779601 0.4997642820886371 0.6470955560808862 0.4993907661827413 0.654565874198803 0.5022543881279428 0.6627002205938681 0.5036239464495608 0.6666843902567571 0.503748451751526 0.6713325881967943 0.5077326214144151 0.6680124468110533 0.5102227274537207 0.6573879943766827 0.5084796532262068 0.650415697466627 0.5057405365829706 0.6454354853880159 0.5071100949045887 0.6251826229349968 0.5030014199397344 0.6167162624013578 0.5007603245043594 0.6072538594519964 0.5042464729593873 0.6011115978883759 0.5016318616181163 0.6079178877291447 0.49503308061395646 0.6062578170362741 0.4845746352488729 0.6099099725605891 0.48059046558598406 0.6070878523827093 0.4768553065270255 0.6132301139463299 0.4752367376014769 0.6188743543020894 0.471750589146449 0.6588820580002661 0.46901147250321285 0.6734906800975259 0.4583040165341987 0.6736935889392521 0.454911623804771 0.6750582673682578 0.4496094185334388 0.6759171201257237 0.44862173786235293 0.681012979820022 0.44952353325769223 0.6827879421854516 0.44733345872615404 0.6808984661190265 0.4463457780550681 0.6815855483249992 0.44479984309162923 0.6850782162053608 0.44376921978267014 0.6902313327501567 0.44381216242054333 0.6944394100547231 0.44278219043037226 0.6983627965522075 0.4433426742157272 0.7041544623342081 0.44278219043037226 0.7108802677584669 0.44488400462545313 0.7120509575801186 0.44499223608129074
5 0.6851653906244703 0.6406638237675906 0.701983088080776 0.6272315069680737 0.6943386801460916 0.6249381845876684 0.6753368661370189 0.6211705835341453 0.6583007570254367 0.6121611027539817 0.6427935295007912 0.6054449443542232 0.6323097700475097 0.6011859170763276 0.6279415369419757 0.5956164198667719 0.6157104842464807 0.5910297751059613 0.6076292530012429 0.5897193051743012 0.6026057849298789 0.5923402450376215 0.6010769033429421 0.5984011684715498 0.5912483788554906 0.6020049607836152 0.5877537923710635 0.6061001793200533 0.5912483788554906 0.607574457993171 0.6023873732746022 0.6083935017004587 0.6100317812092867 0.6139629989100145 0.6218260105942283 0.6205153485683154 0.6364595914977669 0.625101993329126 0.6419198828796844 0.6296886380899366 0.6504379374354755 0.6332924304020021 0.6600480502676502 0.6409914412505056 0.6720606913078684 0.6427933374065382 0.6753368661370189 0.6400085888017606
5 0.5770690906114893 0.5424030361470635 0.5774335169396304 0.545136233608122 0.568322858736102 0.5492360297997099 0.5613987585014204 0.5444529342428575 0.5606699058451381 0.5398064985590579 0.5648608086187612 0.5333834845255704 0.5690517113923842 0.5294203482070355 0.5741536799863602 0.5228606743004951 0.5847220435024532 0.5143877621712137 0.5974769649873929 0.5089213672490966 0.6053121310424273 0.5108346054718377 0.6178848393632965 0.510151306106573 0.6300931213560246 0.5149344016634254 0.6362883689344239 0.5173942793783781 0.6399326322158353 0.5195808373472249 0.6373816479188472 0.5217673953160717 0.6359239426062828 0.5242272730310245 0.6377460742469885 0.5283270692226122 0.6410259112002586 0.5320168857950411 0.6412081243643293 0.5369366412249466 0.6319152529967303 0.5391231991937934 0.620618036824355 0.5367999813518936 0.617702626199226 0.5348867431291526 0.618067052527367 0.5320168857950411 0.6082275416675564 0.5344767635099938 0.600756801940663 0.534340103636941 0.5896417989323585 0.5346134233830467 0.5799845012366184 0.5355700424944172 0.5774335169396304 0.5393965189398991
16 0.8312921560291311 0.48499490235634934 0.8243588911776931 0.47813311446214274 0.8217857207173656 0.4771681755395199 0.818926642428113 0.4785083684876072 0.818926642428113 0.4807598926403937 0.821857197674597 0.4863350953044366 0.826574676851864 0.4915350439430151 0.8312921560291311 0.4905701050203924
16 0.8086188171579201 0.48370243882364833 0.810834602832091 0.48011072172277447 0.8081899554145322 0.47930660595392216 0.8062600775692864 0.47925299823599865 0.8062600775692864 0.48048597574823887
16 0.8410693557409392 0.46938917813807657 0.8376384617938357 0.4771086895190591 0.8389250470239995 0.4774303358266 0.8398542474680066 0.47603653516058925 0.844857634474199 0.47641178918605376 0.8464301275332881 0.4752860271096605 0.8465016044905195 0.4734633647002618 0.845286496217587 0.47223038718802146 0.8420700331421778 0.47201595631632753 0.8427133257572595 0.4674593002928309 0.8414267405270958 0.46885310095884164
16 0.850008698214048 0.5840564853465725 0.8513627977343333 0.5822462849541025 0.8560335411088101 0.5835659962750553 0.8591414177465854 0.5844051229672548 0.8591414177465854 0.5864563215481864 0.8562821712398321 0.5882278112317182 0.855536280846766 0.5909316639065827 0.8458397057369073 0.5940084617779802 0.839872582592379 0.5949408247693128 0.8378835415442026 0.599043221931176 0.8352729251684715 0.6024929649991065 0.8309218978755861 0.6024929649991065 0.8307975828100751 0.6005350027173082 0.8331486688487668 0.5970869323941962 0.8356607378750618 0.5935485912656951 0.8381426401269187 0.590696182289821 0.8400113744025774 0.5879620095996158 0.8420945535951148 0.5849521220162804 0.8435343980370156 0.5839411674081373 0.8493550457808701 0.5849291457751862
16 0.8198200889939038 0.6340760195110001 0.8220607302707367 0.6327774660437447 0.822264424932267 0.6286144563987202 0.821195027959233 0.6264756624526524 0.8188525393516352 0.6225036165528125 0.8221116539361192 0.6215869905759263 0.8283243411127921 0.6204412081048185 0.8303612877280948 0.6199065096183016 0.8312269900395982 0.6181496431626031 0.8305140587242422 0.616240005710757 0.8289863487627654 0.6150942232396494 0.8267966311513152 0.6142157900118 0.8224681195937973 0.6144449465060217 0.8192599286746955 0.6156289217261662 0.8163572797478893 0.6186079561510462 0.8113158368750156 0.6245278322517693 0.8125380048441972 0.6276214449237603 0.8145749514594998 0.6321281893101172 0.8166118980748023 0.6345725252484803
16 0.5960572353445491 0.6131059397588211 0.5957694934978948 0.6087898120590054 0.6020998141242911 0.6088977152515007 0.6084301347506875 0.6135375525288026 0.6207966572390311 0.6204737143664327 0.6364563284773546 0.6254868341616895 0.6420727095669752 0.6301128266216669 0.6507293186034094 0.6349384327026792 0.6445468932577763 0.6353930228016229 0.6421224127300769 0.6373932192369748 0.6404252763606874 0.6393934156723268 0.6369097795955234 0.6392115796327493 0.629273920964357 0.6366988925804361 0.6274555605685825 0.6340622700065631 0.6249098560144982 0.632789417729521 0.6146058137717761 0.623879451790226 0.6153331579300859 0.621879255354874 0.6103629728483023 0.6199699769393108 0.6024834111332796 0.6155149939696634
16 0.5752871416197554 0.4678751234300155 0.5671689663965384 0.46188313695573635 0.5618857095052383 0.46961473240641916 0.5567313125381164 0.4729006604729594 0.5613138297195773 0.47984214265800645 0.562731288885536 0.48747709316555576 0.5609272499470432 0.4900865066301613 0.5622158491888238 0.4943388841280369 0.5610561098712213 0.49955771105724783 0.5647930476723847 0.5006208054317167 0.5663393667625213 0.5058396323609277 0.560025230477797 0.507869176166732 0.5578346117667702 0.5181135401388869 0.5597675106294409 0.5283579041110417 0.5611849697953993 0.5311606074619141 0.5651796274449189 0.5318371220638489 0.5690454251702604 0.528067969281641 0.5738132423648481 0.5225592075230294 0.5839931763749139 0.5133779379253435 0.5975228571365192 0.5087968759292505 0.6053989924823437 0.5106431356688068 0.6180572176291903 0.5098875171268776 0.6366521591013058 0.5169216265413503 0.6405657613211772 0.5196196401929284 0.6376009111546079 0.5218136293161897 0.6361777830746547 0.524393048961105 0.6378776305034878 0.5279805176626537 0.6414354507033708 0.5315086893608711 0.6417121700522506 0.5370826076740214 0.6320269928414577 0.5397213243222679 0.6196932161485295 0.5372012016806841 0.6172818046797198 0.5351554550657512 0.617914306048588 0.5322795504041792 0.6080710034955782 0.5348886185507601 0.5898075264695115 0.5348589700490944 0.5803200059364898 0.5358077221023966 0.5778690631321259 0.5392765967972826 0.5783829704943312 0.5448505151104328 0.5686582619479842 0.5497128693836064 0.5666735355991258 0.5515301904834776 0.562864966255993 0.5512885875050119 0.5602294845541395 0.5500598831980666 0.5603007137893247 0.5543870592355696 0.5622951323745112 0.5566307801439045 0.5621411240818733 0.5587399281017783 0.5615000609652063 0.5622123533170585 0.5605740809077981 0.5656313566059499 0.562924645668911 0.5694243133795636 0.5672696290152103 0.5706530176865089 0.5723269047133619 0.5706530176865089 0.5726118216541028 0.5735912236378998 0.5712584661855834 0.5773307584851247 0.5666285658985432 0.5813374029642941 0.5670559413096545 0.5874275025726318 0.5678394628966921 0.5945860407087478 0.5683380675429888 0.6008898280226411 0.5701900276578049 0.6022787981087532 0.5751760741207713 0.6028130173726424 0.5779540142929955 0.601584313065697 0.580233349818923 0.6043622532379213 0.5837948115781847 0.6062320206615336 0.5870001271615203 0.6059114891032 0.5909895008968133 0.6016679656178747 0.6008782399311083 0.5982687115748359 0.602389019505792 0.5921225855778262 0.6073791702221725 0.5892383700261569 0.6182750956395897 0.5913671957904842 0.6284843030685147 0.5954531678220158 0.6324672674017723 0.6009125758305327 0.6505508410987468 0.6083978019051032 0.6605311425315069 0.6128614688303057 0.6754558134814148 0.6208617333962456 0.6945465735615118 0.6245356746346814 0.7028787518218899 0.6270421952926798 0.6959200095384973 0.6329136340942924 0.6871758379130185 0.6399893188816687 0.7061088291991279 0.6393637795219955 0.7250418204852374 0.6392386716500609 0.7493961528885146 0.6390510098421589 0.761156292850371 0.6391761177140936 0.7501452889040493 0.6264817475090585 0.7560364228709137 0.604548030728358 0.7674435788762246 0.6006115361743115 0.7688395256612889 0.6007760282330731 0.7751835175612611 0.5965324120297133 0.7928275282559984 0.5870335747981129 0.7971997388897631 0.5827256613795507 0.8097162634491678 0.5641437661860508 0.8196608994004758 0.5490339206134814 0.821975599147763 0.5429899823844538 0.8139170148423929 0.5409324714979763 0.8032008123086558 0.544083035042895 0.7982284943330018 0.5436329545364781 0.7959995242059844 0.5388749606114988 0.7928275282559983 0.5376533135226528 0.7836544588871195 0.538424880105082 0.7690804234412372 0.5388749606114989 0.7582784912872303 0.5380390968138673 0.7605931910345176 0.5320594558000421 0.7673658310358394 0.5239580066845368 0.7705378269858254 0.5221576846588691 0.7712236639479846 0.5201644709875941 0.765908427491251 0.5161137464298415 0.7610218391358669 0.5158565575690318 0.7461906148291751 0.5013253869332843 0.7405324598913617 0.5013253869332843 0.7359887900170573 0.5029971145285473 0.7282731241927665 0.5030614117437497 0.7281873945724968 0.504475950478203 0.7119844963414866 0.5008753064268675 0.7126703333036456 0.5051189226302273 0.7309307424211334 0.5106484831376356 0.736160249257597 0.5170139074426754 0.7341884679913895 0.5222219818740715 0.7326453348265314 0.5257583287102048 0.7251011282427805 0.5369460441554261 0.7205574583684761 0.5438258461820853 0.7168710846968704 0.5467835180813967 0.716442436595521 0.551091431499959 0.7183284882414589 0.5523773758040074 0.7293876092562753 0.54819805681585 0.7452475890062061 0.543632954536478 0.7619648649588358 0.5479408679550404 0.7711379343277147 0.5524416730192099 0.7825498271669192 0.5709357551987307 0.7790501876520759 0.5798370122256148 0.7588131417618951 0.5925041856869498 0.7209257400577218 0.5862276582961983 0.7156002016655689 0.5896512186911537 0.7131656698291562 0.5917053549281269 0.7096660303143129 0.5910206428491358 0.6929286239389753 0.5926183043667816 0.683981277392348 0.587524753691142 0.67854584250647 0.5788183649030073 0.6754048195898253 0.5696499736868558 0.6765084222362141 0.5597175498693584 0.6755746046123466 0.5555790399454011 0.6818566504456356 0.5454556079775672 0.6848278883397589 0.5330400782056954 0.6889876213915312 0.5190964832311318 0.6787156275289913 0.5133662387210371 0.6890645558090932 0.5012670560673691 0.7015505517378672 0.49601380168270187 0.7023626490340475 0.4943388510093298 0.688861531485048 0.48847652365252725 0.6841919720320105 0.48360393987544475 0.6817556801434693 0.4854311587918508 0.6798269490650408 0.490608279055001 0.6693711963767177 0.4899992060828657 0.6611487112528909 0.48649703649308756 0.6586109072023273 0.48291873278179254 0.6477491058659139 0.4787313560983622 0.6385114991218614 0.47850295373381146 0.6277512099474709 0.4856595611564016 0.627040624813313 0.48900946250314575 0.6225740896843206 0.49053214493348407 0.6306950626461248 0.49631833816876963 0.6381054504737713 0.49921143478641233 0.6482566666760267 0.4985262276927601 0.6552610058555828 0.5014954584319198 0.6671379288122217 0.503246543226809 0.6721120247513267 0.507738456396307 0.6681530504324471 0.5106315530139497 0.6569867126099662 0.509413407069679 0.6503884220785002 0.5064441763305193 0.6449067653292824 0.5075100540317561 0.6161788234768998 0.5014193243104029 0.607245753218915 0.5046930915356302 0.5997338532292461 0.5014954584319198 0.6069412167328474 0.4948717898599482 0.605418534302509 0.48497435406274925 0.6093775086213887 0.4803301726502174 0.6071442410568925 0.47781774664015925 0.5941506843180057 0.4724122240124583 0.5813601519031639 0.4684532496935786