2 0.6941523510098955 0.3374025312183603 0.7001655771046796 0.32289402681459345 0.7284661165589409 0.28178659767058745 0.7324066980019392 0.28178659767058745 0.8230400711909024 0.31134095849307547 0.7958302247437508 0.35174071630063636 0.780178263708112 0.3653424254113043 0.7737012593696987 0.3663139760620663 0.7584443158169916 0.3612403226636425 0.7238412181751274 0.35019003456354836 0.6996604019783842 0.34220172921283853 0.6954863325158511 0.3396109274774732
8 0.5361785924915887 0.29543206987858056 0.5278798518438108 0.28731373663618914 0.5235500741145354 0.2821721255826746 0.5228284444929894 0.2491575703969497 0.522820660810005 0.21486521981529186 0.5217382163776861 0.15695444268623338 0.5260679941069615 0.12180976647144771 0.5859632526952714 0.12053532535521669 0.6667857703084121 0.1190688875550736 0.7177354685447086 0.11879827644699387 0.718743103059717 0.12448110971666784 0.716713474442665 0.13278753263964185 0.7103284991692338 0.14286382174302564 0.7050076864413743 0.16471240900679837 0.6984896908497465 0.18636146579327648 0.6903754514397609 0.2056161568522178 0.6895773295305819 0.2131983149894175 0.684389537120919 0.2273649788773432 0.679999866620435 0.24003516418555843 0.671220525619467 0.2613849252560944 0.6668308551189829 0.2745539367575465 0.6625742049366954 0.28582740872469864 0.6562314066141387 0.2937717484145218 0.6437510133459731 0.30367465398893523 0.626494457189782 0.3121733227396774 0.611311650271245 0.31439519692287793 0.6001005705542647 0.31557499563681723 0.5887594578463116 0.314976786607853 0.5770947878499564 0.31359426423088904 0.5653007627244193 0.3109694847033547 0.5551081267407965 0.30573501980324597 0.5424799667365968 0.2993691372635553 0.5378416772800801 0.2971201251484936
4 0.5297417747454504 0.8015309387777043 0.524972024195134 0.7720606943061072 0.5190666187518853 0.739013136921773 0.5213575273651386 0.7359718827909735 0.5243029192167394 0.734264894331523 0.5396992857137435 0.7332607834730226 0.576091869883553 0.731193527159894 0.6098299947291619 0.7295869497862938 0.6532075838163734 0.727177083725893 0.6624454037145759 0.7269762615541928 0.6688717132089776 0.7285828389277934 0.6752980227033794 0.7315951715032939 0.6797161104807805 0.7365153147099455 0.6809210435109807 0.7447490237496476 0.6825276208845813 0.7539868436478501 0.6841341982581818 0.7651324741772031 0.6860085385273823 0.7784871485952566 0.6876151159009826 0.7893315458670596 0.6876151159009826 0.7933479893010607 0.6857407756317823 0.7986697768511118 0.6795822290329805 0.8023849870275629 0.6750302598077793 0.8045940309162636 0.6584289602805746 0.8056985528606139 0.6407566091709702 0.8066022526332641 0.6166579485669638 0.8077067745776144 0.5865346228119559 0.8094137630370648 0.5614987920733492 0.8110203404106653 0.5475751215021455 0.8121248623550156 0.5426215079335441 0.8114219847540654 0.5367307242303426 0.8087108854361147 0.5328481622441416 0.8057989639464638
15 0.36016467693725396 0.7338407902941626 0.4088223561323595 0.8172966867824889 0.4137030467938621 0.8197286530811931 0.4212691641676083 0.8182694733019708 0.44229360419099284 0.8135737924598248 0.5088754370799596 0.7999547811870816 0.5170900788000269 0.7947665864165129 0.5186033022747761 0.7882813429533015 0.5099563109904948 0.7701226612563107 0.4969858240640727 0.7459651293558497 0.4768815693281184 0.7083507172692258 0.46585665544065963 0.6948938370830627 0.4565611398100572 0.680302039290838 0.4516801478270977 0.6724514886790786 0.45032794665097 0.6692910930202955 0.4444115612983044 0.6676982200407319 0.43788836719151925 0.6667311185888538 0.4275726183714869 0.6658209054576746 0.4142228257808568 0.6665604536267576 0.4075479294855418 0.6690635397375009 0.39199845516122844 0.671395960886148 0.36564013324103223 0.6725166736397555 0.3473423868094548 0.6721496869403292 0.3225813087957906 0.678283167214812 0.3234376110944521 0.6877330747250414 0.32906474048565665 0.6915864350690184 0.3278414514875687 0.699843635806112 0.33554817217552274 0.7043392228740852 0.34100189364081634 0.7081457912296915 0.3465837818651185 0.7147474474949721 0.3521656700894208 0.7224762158055442 0.35842034806850115 0.7270372561444006 0.35824180134280126 0.728978951786387
0 0.5484001425880752 0.4451044628195493 0.554452811493905 0.4240411750272615 0.5546949182501382 0.4120568905937184 0.5636245285108735 0.39983930791911837 0.5745193325413672 0.39094188462754853 0.5895299514278253 0.3820444613359787 0.6059932108516823 0.3749628387161578 0.6229406837880058 0.3704233370367854 0.6483618931924912 0.36751805596198706 0.668456753959846 0.3662469954917629 0.6844357998712368 0.3667917356932875 0.702351699832493 0.36751805596198706 0.7214781335749153 0.3695154367009109 0.7454467024420016 0.3736917782459335 0.758520467278594 0.37732337958943146 0.7749837267024512 0.3824076214703284 0.7904126136445357 0.3889892197256421 0.8052000987972096 0.3969245403330956 0.8181836360356965 0.4077725273727878 0.8247536488352903 0.4151350360010724 0.8313032298685363 0.4288456034998077 0.834909040408187 0.44072838823274724 0.8365480451989371 0.4435146963770227 0.8344719724639869 0.44474394997008543 0.8337071035616368 0.45842963997285013 0.8330515016453367 0.46531346009400143 0.8282437542591359 0.4758030907548029 0.8222340700263848 0.48555516925976716 0.8128371092260835 0.49358629273444343 0.8024567455513317 0.49924085926253187 0.7892354402392795 0.5041578736347827 0.7716434554852266 0.5073539329767457 0.7606074898941748 0.5100582908814836 0.7488066554007728 0.5103860918396337 0.7376614228236711 0.5112055942350088 0.7306683357164698 0.512188997109459 0.724549384497669 0.5122709473489966 0.7097983413809165 0.5131723999839091 0.7025867203016154 0.5124348478280715 0.6892561480035133 0.5125987483071465 0.6759255757054109 0.5114514449536213 0.6662008139469593 0.5101402411210211 0.6529795086349072 0.5071900324976706 0.6388840674344548 0.5042398238743201 0.6264276310247527 0.5017813166881947 0.6144082625592509 0.49907695878345676 0.6050113017589492 0.49596284968103127 0.5931012002794973 0.49104583530878043 0.5797706279813951 0.4843259156667044 0.5697180652647935 0.4785074486595409 0.5614137743249921 0.4677719672801266 0.5513612116083905 0.4551516303913497
16 0.18933066448601635 0.42510835269209485 0.1897242833311016 0.4217133901532344 0.1991711356131482 0.41935167708272275 0.2072403219373963 0.4202373194841647 0.20901160674028002 0.4223038184208623 0.2054690371345126 0.42555117389281577 0.20113922983857452 0.4248131385582809 0.1964158036975513 0.42717485162879254
16 0.21543339173220385 0.41708037520398134 0.21448880219097666 0.41299046546620966 0.21919723835842697 0.4109893800950432 0.2337933904775229 0.4156978162624936 0.2374031915392348 0.42005311971738507 0.234469398233348 0.42172576635169984 0.2276853710565615 0.4214311961700886
16 0.20512634979328961 0.5599650461601322 0.20058861774375178 0.5587014162269793 0.20134612762949103 0.5554062482240136 0.20831521857829208 0.5485886592523604 0.2134662858013189 0.5497249240809693 0.21528430952709315 0.5507475624267173 0.21119375614410119 0.5565425130526225
16 0.4126085607416702 0.567531147865499 0.40811360273045316 0.5680475062726323 0.40751973776486666 0.5732809412818631 0.4142007186277145 0.5728355425576733 0.41731850969704337 0.5719447451092936 0.4174669759384401 0.5689383037210121
16 0.3631811258097107 0.4987131576801607 0.35731832067156527 0.49426753114998545 0.36473385145982784 0.4918574836438001 0.3686888012135679 0.4868520003617228 0.37486841020378686 0.4864812238223097 0.3733853040461343 0.49204287191350665
3 0.34489199548550453 0.6396833852474225 0.3531199781463778 0.634382160983084 0.3503641778078295 0.6300188104470494 0.34531187718715795 0.6293298603624123 0.3387285763784039 0.6319708356868543
1 0.33811851098036394 0.44867118840983644 0.3340127862041738 0.4365351489978626 0.34246574897868287 0.4370785537476525 0.352367791085965 0.44215033141235793 0.3555074629736398 0.44396168057832414 0.3492281191982902 0.44522962499450053 0.3431902886450694 0.44939572807622286
16 0.4079712529952885 0.4236697705067299 0.40786681057293367 0.4193615205845928 0.3994069743621918 0.41560159337981867 0.39888476225041763 0.4136432979606654 0.40389799852344976 0.4122333252588751 0.41225339231183683 0.41544492974628644 0.4158044346719013 0.41904819331752835 0.4156999922495464 0.4254714022923508 0.41277560442361105 0.42554973410911695 0.4091201196411917 0.4241397614073266
12 0.1604865576913391 0.3424079638414529 0.16451704201692066 0.3209731153826782 0.16888751637285304 0.29898205101605774 0.17880694098943717 0.2874468139471587 0.1932224276296322 0.2783213639589208 0.21038731342602765 0.27228683379612556 0.22779233858966466 0.26914004526066926 0.24960604762258384 0.2707492533040814 0.267843738781254 0.2759791794451706 0.2789293941914261 0.28161140759711284 0.28894224423932346 0.2888528437924671 0.29806108981865853 0.3026652128317541 0.3009219041180578 0.31218636042194225 0.29984909875578303 0.3234508167258267 0.2946638728381219 0.3325696623051618 0.28214781027825026 0.3446387226307523 0.2596188976704812 0.35442807156150913 0.23977199846839897 0.35509857491293084 0.22278591356571595 0.35576907826435256 0.20204500989507146 0.3538916688803717 0.1807677035432896 0.3522824608369597 0.16807284008970547 0.351209655474685 0.1637816186406066 0.34825944072842957 0.16038440166007 0.3461138300038801
9 0.3761837891939027 0.19571311440067218 0.36709568256925906 0.17486392861472488 0.35105784734929957 0.15842514751426645 0.32806264711929134 0.1779289378813619 0.32790693394911696 0.18485702996826728 0.32169969519865027 0.192704753245643 0.3280842836277017 0.20693706495207018 0.32791955570322595 0.22957915892797495 0.3289836537747344 0.23622977187490363 0.32880630409614964 0.2476688261436208 0.326323408595963 0.2706799469399937 0.32862895441756484 0.27985779280675516 0.3280969053818106 0.29089781029865663 0.315859777559462 0.29941059487072524 0.315859777559462 0.3056621710408381 0.30610554523730005 0.31577110272016956 0.29386841741495145 0.34077740740062107 0.3068149439516391 0.34476777516877827 0.31852002273823343 0.3458318732402868 0.3311118499177516 0.3471619958296725 0.34334897774010015 0.3502212777852597 0.3589557494555593 0.3507533268210139 0.3713702269564927 0.3502212777852597 0.38555820124327367 0.35075332682101407 0.4087910091378776 0.35248248618721545 0.42191488535314997 0.3540786332944783 0.43982720289021093 0.3540786332944783 0.4568527720343482 0.35288152296403114 0.4673164030708492 0.3570049029911268 0.471927494714053 0.35860105009838966 0.47689328571442635 0.36059623398246826 0.48859836450102073 0.360995270759284 0.49214535807271603 0.35820201332157386 0.4965791000373351 0.35713791525006544 0.5008354923233692 0.3558077926606797 0.5027863387878017 0.3558077926606797 0.5089935775382683 0.3495562164905668 0.5022518013996595 0.3391812602933582 0.4938326383602279 0.32756440342272086 0.4905716879674561 0.32002085256335194 0.4917743970907759 0.3070917294876638 0.4912398597026338 0.28303754702126716 0.4919080314378115 0.2619901373631701 0.4905716879674561 0.255675914465741 0.494313449684451 0.24214543682839287 0.49471435272555764 0.2373346003351135 0.5072759813468982 0.2182917058825495 0.5076768843880047 0.2142826754714834 0.5140913330457105 0.207768001053501 0.5132895269634973 0.20295716456022161 0.5187685351919543 0.19995039175192209 0.5174321917215989 0.19874768262860226 0.495783427501842 0.19924881142998546 0.47627281283465367 0.19804610230666564 0.45422314557378995 0.19804610230666564 0.43471253090660156 0.19804610230666564 0.405446608905819 0.1964424901422392 0.38540145685048843 0.19704384470389916