19 0.24989288957171124 0.584661935513989 0.22366506442715844 0.5720944359655575 0.20690839836258307 0.5562484582740569 0.19233738439338707 0.5404024805825562 0.18505187740878906 0.5207316117241416 0.18318834490486172 0.5100449409408337 0.16833038834261077 0.5067265298561067 0.15618283454469045 0.5028219589924894 0.14663832798918155 0.49783278511120066 0.14316759833263287 0.4913251670051719 0.14548141810366533 0.47961145441432007 0.1530013323595208 0.47418843932596283 0.16485965868606212 0.4739715187224285 0.1906009036387981 0.4778760895860457 0.20014541019430698 0.4676808212199341 0.2166313760629132 0.4516286965583964 0.23340656940289845 0.44013190457107887 0.27129536815355487 0.4286351125837614 0.3007965702342186 0.4234290180989384 0.33723923162797964 0.4240797799095412 0.36847579853691775 0.4310212392226386 0.4040507775165418 0.44729028448771063 0.430948932354794 0.46941618604820834 0.4407826663816819 0.4839498664850058 0.44917026305167446 0.503255800199558 0.46073936190683673 0.5275509077953987 0.46073936190683673 0.5440368736640049 0.4584255421358043 0.557485951083131 0.4509056278799488 0.5685489018633799 0.4358657993682379 0.5839502647143147 0.4153306489003249 0.596097818512235 0.3965308632606863 0.6008700717899894 0.37339266555036166 0.6036900396359353 0.35748515462451363 0.6045577220500724 0.33492541185694724 0.6010869923935237 0.30889493943283214 0.5980501039440436 0.27997219229492654 0.5937116918733577 0.2585693594128764 0.5891563591991377
9 0.4916096822292484 0.3481772605862734 0.46874809208800144 0.352507757741116 0.43874256984227017 0.3475496320497836 0.43834457222323825 0.33229581670208885 0.4376630233051502 0.30822334456474887 0.4365676640360824 0.2968554408672797 0.44039430116221034 0.25407363528589055 0.4437819496326889 0.24327550578624021 0.43997084510340057 0.22834867971319414 0.43853491641375675 0.2228580447760583 0.44936879521699835 0.22557779885587792 0.4850279569567551 0.22544451965627973 0.5340600069789618 0.22227380120016874 0.6226581120498963 0.21808366701193663 0.6485639124771266 0.2172589680942501 0.6849307727724261 0.2132822991900437 0.6910831627216666 0.21286122994955636 0.694361527968795 0.2166935661205374 0.6955121764360299 0.2793463751614866 0.706498158882329 0.2815061475090583 0.7108706230578224 0.3151626151756839 0.7002846571592598 0.3149900179055986 0.6892384318738032 0.31619819879619543 0.6517272918419401 0.3148174206355134 0.6040904452984085 0.31153807250389354 0.5559933393679828 0.30929430799278507 0.5090468819047922 0.3075683352919325 0.5042141583424049 0.3106750861534672 0.5039840286489579 0.31757897695687753 0.5010282191568667 0.33246149438960665 0.4927718874457798 0.33785989712016595 0.4958708390635803 0.34425944980934065
18 0.2837248646031048 0.3694115956862786 0.2819576027294864 0.3639893149376767 0.27906571966356536 0.36254337340471615 0.2870987281800127 0.3570005975283675 0.29625635788876264 0.3503733655022985 0.3079845503227757 0.34989138499131156 0.3084665308337626 0.3521807924184991 0.3105551130480389 0.3527832680572327 0.30943049185573623 0.35736208291160765 0.30734190964145996 0.36001297572203517 0.3034860655535652 0.3618204026382359 0.3017188036799468 0.3644712954486635 0.2930431544821837 0.3680861492810648
18 0.28934896676243244 0.38004163291312254 0.2880636853998009 0.37208895448183976 0.29336547102065613 0.3730529155038134 0.2973819752788798 0.37112499345986605 0.30091649902611656 0.3737758862702937 0.31023478890519546 0.37751123523044167 0.3103954490755244 0.38221054521256337 0.30284442107006393 0.3836564867455239
1 0.7025352002092792 0.5771289083252956 0.7006443521740741 0.5657838201140655 0.6921355360156515 0.5674383121448698 0.6779541757516138 0.5596385639996492 0.6729119143244003 0.5586931399820466 0.6729119143244003 0.5615294120348542 0.6864629919100363 0.5695655161844755 0.6823661545004255 0.5716927202240811 0.687093274588438 0.5752380602900905 0.6943415253900573 0.5780743323428981
16 0.602550240552001 0.5904172989927688 0.5934111417151767 0.5923081470279739 0.5908900110015701 0.5885264509575638 0.5924657176975742 0.5821448388387466 0.5984534031423902 0.5837993308695512 0.5978231204639884 0.5873446709355606
16 0.6195678728688463 0.5811994148211443 0.6151558941200345 0.5778904307595355 0.6195678728688463 0.5759995827243305 0.6302826784016746 0.5755268707155292 0.6309129610800764 0.5788358547771381
16 0.7928956094293069 0.5878173829443619 0.7903744787157002 0.5859265349091569 0.7780839664868676 0.5828539068519487 0.769260008989244 0.5821448388387468 0.7708357156852483 0.5856901789047563 0.7793445318436709 0.5894718749751663 0.7878533480020935 0.5908900110015701
16 0.8014044255877295 0.5814357708255449 0.798253012195721 0.5781267867639361 0.8064466870149428 0.5729269546671224 0.8140100791557628 0.5681998345791098 0.8181069165653738 0.5703270386187154 0.8162160685301688 0.5762359387287311 0.8099132417461522 0.5788358547771381
16 0.8023498496053321 0.4634941246296315 0.7976227295173195 0.4618396325988271 0.7969924468389178 0.4587670045416189 0.8020347082661313 0.4493127643655938 0.8083375350501479 0.4469492043215875 0.8111738071029555 0.4500218323787957 0.8102283830853529 0.45262174842720254 0.8051861216581396 0.46113056458562524
16 0.7913199027333028 0.3661154508165728 0.7878533480020935 0.36422460278136776 0.7856473586276878 0.36209739874176206 0.7906896200549011 0.35335222657893894 0.7976227295173195 0.35358858258333953 0.8042406976405371 0.35547943061854453 0.8014044255877295 0.358315702671352 0.7966773054997169 0.35926112668895466
16 0.6064342553594058 0.4473088386996701 0.6071822009136231 0.4432699327068966 0.6017969929232584 0.442035822542438 0.5977580869304848 0.44304554904063137 0.594915893824459 0.4443918510382225 0.5952150720461459 0.44652349586774176 0.5979076760413283 0.4478697978653331