0 0.36154785830959235 0.2694379120700439 0.36154785830959235 0.2523142717327353 0.37408451941719323 0.2299417623532009 0.3891493361226498 0.2176877677184398 0.416236082081745 0.2081180410408725 0.44292543010773144 0.20340815609511018 0.47667960555236144 0.201053213622229 0.5153399111488272 0.19590177696280148 0.5428142399991074 0.195018673535471 0.5740172277647827 0.19869827114934785 0.6016878018211365 0.2048799951406609 0.6199386059859655 0.21120890303652895 0.6356382224718397 0.2200399373098334 0.6446655019512175 0.22754631644214204 0.6527115554002281 0.2404985000429884 0.6560477239034764 0.251831660693729 0.655851478697403 0.26846344190845217 0.6501603677212735 0.28156280941385364 0.6399556170054551 0.3006967170060131 0.6295546210835634 0.3124714293704189 0.6116963073308812 0.32351022221204934 0.5912868058992445 0.3320468886762435 0.5693073428190204 0.3377870609538913 0.5430104852051807 0.3401420034267725 0.5017989919297605 0.341172290758658 0.46215746030292765 0.34028918733132757 0.42663707800363676 0.33101660134435806 0.4095637450752484 0.320860911930058 0.3907242052921991 0.30687844099732614 0.37620206004276535 0.2905410275917131 0.3659973093269469 0.27773602789542173
13 0.032280208284517706 0.5398349725878918 0.03090658240007015 0.5166550357878392 0.03427003256263595 0.4995640101386718 0.0480408619724627 0.4779620943463996 0.07384058414285932 0.4548313089522509 0.10438508280436337 0.44059697947892856 0.13789506677280958 0.43147811216008153 0.17674292429375163 0.42969882097591616 0.20817706854733836 0.4328125805482055 0.239611212800925 0.4401521566828873 0.2597765128881316 0.44904861260371365 0.2846865894664456 0.4641725876691186 0.30514843808434633 0.4837447906949368 0.3173069278428091 0.499313588556383 0.3324309029082141 0.5204426713683458 0.3356929367458504 0.5317856526673995 0.3520031059340322 0.547132039130825 0.35941681920138757 0.5598094888180026 0.35734097948652804 0.575378286679449 0.35496859124097435 0.5862764451824614 0.3555616883023628 0.589835027550792 0.3540789456488917 0.5940608441131845 0.3374722279300157 0.6047365912181761 0.3158241851893381 0.6196381548855604 0.29061756008032985 0.6205278004776431 0.2698591629317349 0.6185260978954571 0.24969386284452832 0.6223070916618083 0.22448723773552012 0.6249760284380562 0.20283919499484246 0.6245312056420149 0.16666027425014834 0.6240863828459736 0.11950905786976831 0.6165243953132712 0.08125429741021467 0.5991763062676596 0.06108899732300811 0.5847195653963166 0.042999536950661055 0.5649249509724779 0.0355858236833057 0.5511354442951969
6 0.31257180191838135 0.48940078146206534 0.31948573731223073 0.4814700908632381 0.3333136080999296 0.47689469244083776 0.334533714345903 0.4704891346494772 0.34592137264165496 0.46286347061214334 0.3451079684776726 0.45645791282078285 0.34836158513360177 0.45188251439838256 0.34551467055966384 0.4460870097300088 0.3447012663956815 0.4366311863237147 0.34876828721559294 0.4326658410243011 0.3564956267734246 0.4253452035484606 0.36218945592130053 0.4204647785645668 0.37357711421705253 0.41497430045768646 0.3788642412829374 0.4061285301743791 0.3879937862195489 0.39805966274882965 0.39694123202335396 0.39805966274882965 0.3993814445153008 0.39195913151896244 0.3721324050218944 0.3788429893747482 0.350983896758355 0.36969219252994745 0.3212946447730017 0.3556609707012531 0.3111162608133316 0.35621651765787626 0.29600841460639915 0.3474673535570261 0.2903001334446006 0.34781513023871363 0.2811206825846923 0.35928944381359906 0.27997325122720373 0.3654568873600999 0.2761484800355753 0.36889918143256545 0.26830769909273694 0.3866843674736378 0.2702200846885512 0.3901266615461035 0.26696902917566695 0.3917043796626503 0.2652478821394342 0.39643753401229054 0.2604669181498986 0.40819870542654807 0.25128746728999024 0.41823872980457283 0.24880136601543174 0.4245496022707598 0.24382916346631472 0.4279918963432253 0.2419167778705005 0.4334421952912959 0.23751829100012775 0.43788849180156403 0.2375097093990594 0.43897542165476044 0.2398292336940079 0.4396197339589128 0.26030217087755153 0.4484413636900391 0.28573102981476445 0.46364713406803465 0.3060734824112245 0.48267851025014447
9 0.5046078539936557 0.8037800893732956 0.47528659963246483 0.8033571866661628 0.45329565886157164 0.8020884785447653 0.41382473952919924 0.8012426731305001 0.38513190408981934 0.8004553849774859 0.3571565467373999 0.7985304750679159 0.3403240720120019 0.7942178286886423 0.33211112306450263 0.7967202115710834 0.32903126720919035 0.7967202115710834 0.32903126720919035 0.7892130629237599 0.3259514113538782 0.7718888737376287 0.32004835429786305 0.7520623016690561 0.31440195189645725 0.724921071944117 0.31157875069575436 0.7229961620345469 0.3095255134588795 0.7126016485228681 0.3031091470936457 0.6906576755537683 0.3031091470936457 0.658126698082033 0.3010559098567709 0.6408025088959016 0.3028524924390364 0.6383001260134604 0.30567569363973923 0.6342578152033632 0.36162640834457815 0.6227083557459423 0.3682994293644214 0.6263656845741256 0.3783089608941861 0.6280981034927386 0.39293827620691923 0.6292530494384808 0.41706381374019835 0.6290605584475237 0.43785284076355596 0.6292530494384808 0.4655473676859808 0.6289405947827224 0.5028199230297351 0.6289622061922467 0.5074062521626905 0.6481171665522684 0.4948301740868322 0.6590891530368181 0.4930335915045669 0.670638612494239 0.4968834113237071 0.6937375314090807 0.4971400659783164 0.7093293016765989 0.49970661252440995 0.7308882926637845 0.5009898857974567 0.7447476440126896 0.5043263963073783 0.7572595584248955 0.5022731590705035 0.764959198063176 0.5035564323435503 0.7741987656291127 0.4986799939059726 0.776701148511554 0.5092028347449561 0.7855557340955767 0.5117693812910497 0.7884430989599319 0.5092028347449561 0.7988376124716106
2 0.5412830759843976 0.8030952161577241 0.5324835033796985 0.7565203354428521 0.5380146633026522 0.7563317731727515 0.548322734068157 0.7599144563046646 0.5651676301971524 0.7650056375973836 0.5810068608856109 0.7663255734880883 0.6038857496578287 0.7650056375973836 0.6174622331050789 0.7616115167355708 0.6335528801536715 0.7535033391212409 0.6355642110347456 0.7623657658159737 0.6363348074998153 0.7789507377859749 0.6406088856220977 0.7968641534455411 0.6106903387661207 0.7993154629568501 0.5847944536722918 0.8010125233877562 0.5440650033305414 0.803086708358864
12 0.6690984560468884 0.7227933755757527 0.6676187933078187 0.715690994428217 0.633591584869707 0.6975869983344778 0.605773925375194 0.6849358819154306 0.5764766031416111 0.681384691341663 0.5504345389339818 0.6871553760240353 0.5276477327523063 0.7006942900865245 0.5193616214135152 0.7142332041490136 0.5196575539613292 0.7304355111418284 0.5288314629435622 0.7453061216694802 0.539189102117051 0.7535182498713181 0.5507304714817958 0.7579572380885273 0.5652311663246803 0.7628401251274579 0.5835789842891463 0.7643937710034812 0.6025186673492403 0.7632840239491788 0.6187949574790086 0.7590669851428298 0.6371427754434748 0.7490792616541083 0.6504597400951032 0.7379817911110844
15 0.697470108090149 0.732791572829144 0.6880597263021682 0.7291701870978727 0.6837623240788805 0.7214183994322351 0.6830429388393665 0.7030731514434777 0.6804195886428271 0.6605132039414607 0.69662852648332 0.6606217459359283 0.7302705387779101 0.6599353263629153 0.770792883379142 0.6580901124569664 0.8240508219979035 0.6574388604901609 0.8349050214446619 0.6570046925122905 0.8376547519711741 0.6602609523463181 0.8393914238826554 0.663951380158216 0.8393914238826554 0.6691613958926601 0.840983373134847 0.6890245808802278 0.841417541112717 0.7024837881942083 0.8419964317498776 0.7226725991651793 0.8389572559047852 0.7247348970600633 0.8392467012233653 0.7315730427115212 0.8317211229402794 0.7327670046506646 0.800605751192905 0.7338524245953405 0.7490844844856249 0.7351549285289515 0.7102988117958746 0.7375428524072383
4 0.6430113984668515 0.349592207902387 0.6381857969774193 0.34427650626168427 0.6409001978152249 0.33307960280573595 0.6476861999097391 0.3057093943578622 0.6535674017249846 0.27947018625907416 0.6547738020973426 0.27641648531654284 0.6571866028420588 0.27449378472309716 0.662163004378036 0.2740413845834629 0.6684966063329157 0.2746068847580057 0.6795050097306832 0.27641648531654284 0.6957914147575172 0.27890468608453134 0.6979026154091437 0.28026188650343414 0.7043870174105684 0.28026188650343414 0.7268562243457375 0.2827500872714227 0.7532462324910703 0.2862561883535883 0.7800886407760372 0.28987538947066255 0.7992402466872215 0.2925897903084682 0.8040658481766539 0.29496489104154816 0.8111534503642575 0.29971509250770806 0.8123598507366157 0.30446529397386796 0.8113042504108023 0.3109119959636564 0.810248650084989 0.3182634982327134 0.8058754487351909 0.3362464037831759 0.8022562476181168 0.35298520894964414 0.7815966412414849 0.351967308635467 0.7672706368197327 0.3510625083561984 0.7425394291863923 0.35072320825147263 0.7173558214134175 0.34902670772784417 0.6971486151764199 0.3502708081118385 0.6577898030282379 0.3497053079372956
1 0.7859819039386028 0.47946583788502933 0.7721717943905742 0.4918620017724455 0.7563441752803457 0.4868776401742945 0.7532524239190347 0.4823521058501635 0.7440985836929022 0.4768492855522413 0.7357667567308965 0.4703412158606335 0.7267763950115343 0.4619136480154402 0.7150072173947463 0.4571849605801235 0.7150072173947463 0.45072242108519084 0.7223629534052389 0.4415802920435785 0.7301390171877595 0.4336991463180509 0.7358134421101395 0.4300738192843081 0.7408573753744773 0.4292857047117553 0.7408573753744773 0.4259756235070337 0.7448504892087447 0.42298078813133316 0.7437996697786744 0.4174639861234637 0.7557790112814764 0.4121048070301049 0.7585111417996595 0.4133657903461893 0.7650262222660957 0.4133657903461893 0.7704904833024615 0.4147843965767843 0.7799478581730949 0.4195130840121009 0.7852019553234467 0.4248722631054598 0.7873035941835874 0.42944332762626586 0.7910865441318407 0.43070431094235034 0.800754082888488 0.44063455455651523 0.8032186747839954 0.45215938309635006 0.7975964954549682 0.45276515287794217 0.7918814082389729 0.46075328614575356 0.7900629713975199 0.46708534300438453 0.7907124131266103 0.4700078307852912 0.7866858744062502 0.47624247138455855
16 0.7878311081537228 0.48074500696912636 0.7912957550496881 0.47512502741113627 0.7955661337819244 0.47814652179715245 0.803381732593753 0.48539810832359137 0.8087801358967687 0.4906555085552596 0.8012062566358211 0.4945834512570807 0.795243841047416 0.4873318647306417
1 0.5717949086298284 0.4611334978923473 0.5692040200202944 0.46546825383522167 0.5680082252774326 0.4677103689780877 0.5618299524393126 0.46845774069237645 0.5576446708392961 0.46262824132092467 0.5614313541916921 0.461282972235205 0.5614313541916921 0.4594892801209122 0.5642215419250364 0.45530399852089554 0.5592390638297785 0.4524639860065986 0.5596376620773992 0.4491755504637284 0.5560502778488136 0.4400576155494064 0.559438362953589 0.4364702313208207 0.5628264480583642 0.43138810366365765 0.5682075244012428 0.42929546286364934 0.5692040200202944 0.4260070273207791 0.5413021426868501 0.40971432394928586 0.5407042453154192 0.40343640154926086 0.5448895269154358 0.395962684406374 0.5482776120202112 0.3890868646349181 0.5546551839821412 0.38639632646347877 0.5618299524393126 0.38968476200634905 0.5763787884774656 0.393122671892077 0.5813612665727237 0.39357109492065023 0.5813612665727237 0.39028265937777995 0.5831549586870165 0.3875921212063406 0.5863437446679814 0.3831078909206086 0.5903297271441879 0.3762320711491527 0.5963087008584974 0.36920677703483906 0.6002946833347036 0.3687583540062658 0.6046792640585305 0.3711499434919896 0.6088645456585471 0.3712994178348473 0.6118540325157019 0.36920677703483906 0.6212210913347868 0.3699541487491277 0.6254063729348033 0.37174784086342055 0.6321825431443542 0.3712994178348473 0.6359692264967503 0.3735415329777134 0.6393573116015254 0.3750362764062908 0.6397559098491462 0.37772681457773005 0.6427453967063009 0.3769794428634413 0.647727874801559 0.37892260932059196 0.647727874801559 0.3813141988063158 0.6553012415063509 0.38774159554919846 0.6566963353730232 0.3919268771492151 0.66108091609685 0.400446914692106 0.6618781125920913 0.4043332476064072 0.6686542828016421 0.40537956800641134 0.6688535819254524 0.4107606443492899 0.6682556845540215 0.4141985542350179 0.6865912039445705 0.4212238483493315 0.6834024179636055 0.4267543990350678 0.6738360600207102 0.4427481537208456 0.6712451714111762 0.4439439484637076 0.6630739073349531 0.4403565642351219 0.6600844204777985 0.4402070898922641 0.6533082502682477 0.4460365892637158 0.6495215669158517 0.44812923006372407 0.644539088820594 0.45425767812089135 0.638958713353905 0.4564997932637575 0.633976235258647 0.4611334978923473 0.6202245957157352 0.46427245909235976 0.6090638447823575 0.46756089463523 0.5941164104965838 0.46845774069237645 0.5845500525536886 0.4668135229209413 0.577175984972707 0.46457140777807526
5 0.7915737836763522 0.4746294889566945 0.7896081458014801 0.4729095558161815 0.7911892994967161 0.4701881926415995 0.7905845521245867 0.4673156426239853 0.7920599432342575 0.46224053663395 0.7960915923817865 0.45800730502904463 0.8010303625875091 0.4560418760696243 0.8097991994833845 0.456797810284786 0.8083881222817493 0.45974595372391647 0.813226101258784 0.46133341557575597 0.8142340135456663 0.4642815590148864 0.815040343375172 0.46821241693372706 0.8151411346038602 0.4724456485386323 0.8137300574022251 0.47471345118411734 0.8173585416350011 0.4759985393498921 0.818265662693195 0.47811515515234476 0.8179632890071303 0.4837846617660571 0.8165522118054953 0.4889250144291564 0.8179632890071303 0.49164637760373836 0.8172577504063129 0.4936873999846748 0.8167537942628718 0.4983741921186771 0.8152419258325484 0.503287764517228 0.8187696188366362 0.5039681053108734 0.8210878170964654 0.5051776000551321 0.8203822784956478 0.5091840513954888 0.819575948666142 0.5148535580092013 0.817761706549754 0.5165166132825568 0.8182656626931951 0.5227908672683986 0.818164871464507 0.528006813353014 0.8187696188366362 0.5312573304782091 0.8184672451505715 0.5361709028767598 0.8174593328636892 0.5394214200019551 0.8170561679489364 0.542218376598053 0.8152419258325484 0.5453933003017322 0.8149395521464838 0.5474343226826686 0.8131253100300958 0.5516675542875739 0.8117142328284608 0.5552960385203498 0.8023406485604564 0.5650475898959353 0.7994177029284978 0.565425557003516 0.7915559870908164 0.5630821609365149 0.7819808203654357 0.5633089412010633 0.7743206869851308 0.5630821609365149 0.768978751864655 0.5666350517477746 0.7672653009769553 0.568071326756582 0.7609154535695974 0.5673909859629364 0.7540616500187984 0.5703391294020669 0.7512394956155282 0.5696587886084213 0.744788856979482 0.5657279306895808 0.7464015166384936 0.5599828306543521 0.7457967692663643 0.5550692582558013 0.7422690762622766 0.5543133240406397 0.7388421744868771 0.5563543464215761 0.7316859972500133 0.5490217845345081 0.7300733375910018 0.5494753450636051 0.7300733375910018 0.5521967082381871 0.7204981708656208 0.5481902568978303 0.7233203252688911 0.5311817370566929 0.7190870936639857 0.5288383409896918 0.7129388287140043 0.5301990225769828 0.7136443673148218 0.5390434528943743 0.709108762023852 0.53715361735647 0.7032637519013138 0.528875596630479 0.7084141611558314 0.5157961893835451 0.7090059271650407 0.5106132244269734 0.7113815239261306 0.5080891528683155 0.7242493397153676 0.5071983040829068 0.717122549432098 0.5017047365728864 0.7033339064873472 0.48861969105325626 0.7010606439492828 0.4883385805078641 0.6933136009124642 0.49490672569125366 0.6885980094987488 0.5065272902464812 0.6899453213312389 0.5123375725240952 0.6842192460431558 0.5201688225504442 0.6727670954669894 0.5201688225504442 0.6640095685558033 0.512590193492687 0.661314944890823 0.5070325321836652 0.6609781169327005 0.4979381773143565 0.6643463965139259 0.4921278950367427 0.6579466653095976 0.4865702337277208 0.6565993534771074 0.49035954825659933 0.6512101061471468 0.4984434192515404 0.6515469341052693 0.5047589434663379 0.6468313426915537 0.5093061209009921 0.6404316114872255 0.5113270886497275 0.6333582243666522 0.5088008789638083 0.6306636007016718 0.5032432176547865 0.6229165576648533 0.5027379757176028 0.6158431705442802 0.504506322497746 0.6006859124287657 0.4999591450630917 0.5912547296013346 0.49743293537717265 0.5912547296013346 0.49263313697392647 0.6023700522193784 0.4820230562930665 0.5966439769312952 0.4784863627327798 0.590244245726967 0.480759951450107 0.5844569558868797 0.4863180565254273 0.5808130628995359 0.4832861611360259 0.5823210999115619 0.4803922203717835 0.5864827326904338 0.4774585446017944 0.583081932559945 0.4747998525852994 0.5853528473788638 0.47295065840658806 0.5911407289073489 0.47326072348847126 0.5948615098899466 0.46953994250587355 0.6097446338203373 0.468299682178341 0.6352425939862996 0.4622148408471867 0.6395146017811338 0.4574605095916453 0.645991516824915 0.45539340904575765 0.6502635246197493 0.44929546243538937 0.6526062385717551 0.4479518470805624 0.6561892128512937 0.4481585571351511 0.6590831536155364 0.44671158675302985 0.6673515557990869 0.44660823172573544 0.6673515557990869 0.4498122375718612 0.6718991770000394 0.453016243417987 0.6723585881315591 0.44509234735303416 0.6746173491696592 0.4431159314446965 0.6879189419495821 0.4226929670585415 0.6949945598718982 0.4153569454628265 0.7175821702528993 0.40406314027232604 0.7370326125254278 0.3935222554278588 0.7389149133905114 0.3903223439572171 0.7456911965048115 0.3899458837842003 0.7476989840942339 0.3912634943897587 0.7514635858244009 0.3906988041302338 0.7513380991000619 0.38909884839491277 0.7566085415222955 0.3898517687409462 0.759620222906429 0.39323991029809635 0.7626319042905625 0.4008632288016842 0.7613770370471735 0.41300406938147227 0.7593692494577513 0.41300406938147227 0.755981107900601 0.411780573819168 0.743055975293695 0.41714513128465575 0.7435579221910505 0.41855685693346834 0.7395423470122057 0.4242037595287186 0.7297543825137719 0.43305057359461074 0.7158253561121546 0.44839132564504053 0.7139430552470714 0.4505559716398864 0.7143195154200879 0.45827340518672854 0.7251113737132329 0.4622262370034037 0.73452287803865 0.47163774132882075 0.7425540283963393 0.4771905288808169 0.7525929663434507 0.4831197766058296 0.7551027008302286 0.48650791816297984 0.7556046477275842 0.49036663493640087 0.762004470668868 0.49130778536894254 0.771666948442963 0.498178183526497 0.7761216164736078 0.5069300361017833 0.7788333801819205 0.5108524086084499 0.7806735055554184 0.509617587634129 0.7804798081476817 0.49923056414425254 0.7817388412979698 0.48898881371017866 0.7851104030247735 0.48082913646297565 0.7861311286973353 0.47960866618822406 0.786979405074188 0.4762288149992016 0.789524234204746 0.47296825267567416 0.7915653992365479 0.4747178227029327 0.7876951382671572 0.4808015548431732 0.7951981518707691 0.4876094903819309 0.801056560598408 0.49476682231162555 0.809009151631402 0.49065135645205116 0.8063317793169607 0.4879474755008332 0.8010300519616314 0.4830367505379594 0.7965766009831546 0.47874235138014254 0.791417313377216 0.4751362440693852
16 0.5578308990514593 0.5842267133591723 0.5574757267662711 0.5862993550879708 0.5568105433194998 0.5936401295541255 0.5502537350584684 0.593782668864148 0.5492084467849705 0.5879385571532286 0.5499686564384235 0.5835198385425336 0.5538647309123697 0.5799563557919731 0.5474436119318488 0.5741700281561687 0.5461132450383062 0.5641210067995881 0.543452511251221 0.5628381530093863 0.5355653360966469 0.556994041298467 0.53870120091714 0.5544283337180635 0.5404116726374092 0.5498670757973461 0.5340449167897411 0.5459472447717295 0.5336648119630145 0.5411721778859783 0.5351852312699205 0.5400318634057989 0.5449862791220433 0.540031863405799 0.5495187351316546 0.542160423354238 0.5618445557174505 0.5417516333964709 0.5701893579033701 0.5387017564554241 0.5740440634816377 0.5435624978302174 0.5716032028830664 0.5457335769005135 0.5725475430117547 0.5495109374152666 0.5797874839983647 0.5529341703817615 0.5812039941913971 0.5576558710252028 0.577111853633748 0.5633219117973324 0.5774988050453935 0.5709135076761582 0.5827405281864193 0.5702042008980712 0.5872457700311022 0.5714746357347459 0.5873181123964533 0.5735287247402039 0.5836513665613517 0.5751966521731336 0.580174618552133 0.5764951198500802 0.5765274222106401 0.5768819790160207 0.5691931563220559 0.5785874893181345 0.5635381175666239 0.5808468001488155
16 0.6232427831852173 0.6324283895385554 0.6292274468139955 0.6350686823159575 0.638732500812643 0.6326924188162957 0.6511712134528481 0.6347166432789706 0.6568038380446393 0.6349806725567108 0.6625538089820928 0.6321643602608152 0.6653701212779883 0.6349806725567108 0.6843802292752834 0.6314602821868414 0.6875485806081659 0.6315482919460881 0.6893087757931005 0.6362128091861652 0.6949414003848918 0.6377969848526063 0.7004566786310206 0.6343646042419836 0.70397706900089 0.6344526140012303 0.708436230136058 0.6342765944827369 0.7119566205059275 0.6297000870019066 0.7178239377890432 0.6290840186871794 0.7178239377890432 0.6264437259097774 0.7220484062328866 0.6274118332614914 0.72779837717034 0.6267957649467643 0.7317881529228586 0.6280279015762186 0.735660582329715 0.6286439698909457 0.7369513921320006 0.6345406237604772 0.759617341973117 0.6385409191946978 0.7710991787197342 0.6355087311121912 0.7748542617809282 0.6369304661063561 0.7801494313818853 0.6365648482231521 0.7746656686161532 0.6297618193392531 0.7634397955228468 0.6174436065437027 0.7584279465174601 0.6080509412859476 0.7659801913666555 0.6043733918670072 0.780103831572941 0.603218326962185 0.7902186531428971 0.5982266396930118 0.806068389727104 0.601184925005964 0.8134612095038299 0.5989846810247956 0.8125224387385316 0.5923839490812904 0.8111142825905837 0.5911518124518361 0.8105275508622721 0.5861352561747721 0.8115836679732331 0.5768062216946181 0.8173336389106864 0.5722297142137878 0.815690790071414 0.5696774311956324 0.8208540292805558 0.5654529627517891 0.8207366829348937 0.5639567968445945 0.8240223806134384 0.5578841234565698 0.8201499512065822 0.554451742845947 0.8173336389106864 0.556123928271635 0.8119357070102201 0.5562999477901285 0.8040240509387487 0.5641674605243975 0.8041277190891895 0.5668887494734656 0.8008103382750873 0.566966500586296 0.7996699886202399 0.5656447316681773 0.7990776323562727 0.5657460562820055 0.791310332997938 0.5633169838811978 0.7833710639121128 0.5636179309043067 0.7800749774685387 0.5635319460405613 0.7742566683550999 0.5632739914493251 0.7670912630429829 0.5683685946262402 0.7608430296108171 0.5676162270684679 0.753849594026191 0.570561208651748 0.7509261086588473 0.5698948259577211 0.7444485822566937 0.5659610184413689 0.7461109562891047 0.5600925514907452 0.7455377238641355 0.5553418877688118 0.7420983293143193 0.5545250315632305 0.7386016115220063 0.5566531569409292 0.7315508526948834 0.5493014510906973 0.7299744635262178 0.5496883829775516 0.7299171402837209 0.552353913753659 0.7297191132724958 0.5523868680091633 0.7201513777596463 0.5483758947007806 0.7229683942041879 0.531413966269783 0.7188175964458884 0.5290847416284352 0.712875087425014 0.5304061286845845 0.7136216337844203 0.5393198922158963 0.7087840133754671 0.5374833881717567 0.7029012280633452 0.5290623452376529 0.7080374670160609 0.5159828530208539 0.7085451185404571 0.5106525120146925 0.7111729617255675 0.5080097379023941 0.7238343879810991 0.5072706570065818 0.716518233658917 0.5018731268280737 0.7126959162987564 0.4980881367858837 0.7091437691341389 0.4947149263753797 0.7059605568672188 0.4917659110067557 0.703042520313638 0.4888567709060821 0.7009073716158959 0.4885364986014208 0.6932564221156535 0.49518214892314305 0.6887370240387659 0.5064984370211761 0.6900536990690403 0.5125302320922974 0.6841820401502495 0.5206704865024392 0.6723319648777809 0.520456971632665 0.663328754535635 0.5127971256795153 0.6607309902867154 0.5072991177828294 0.6604449170514828 0.4979959625915432 0.6613988580879302 0.4967637887527985 0.6601269367060003 0.49612782806183353 0.6574771004936463 0.49803571013472847 0.6581660579088583 0.505746733512679 0.6520184378961967 0.5035606186374868 0.6517534542749612 0.5047927924762314 0.6468528625426322 0.5096163405956952 0.6401752752875 0.5116434652981461 0.6326497404444144 0.5090996225342861 0.6301058976805544 0.5036542091178984 0.6227923497344569 0.5029785008837481 0.6155317985126065 0.5049658780430136 0.6012756796901416 0.5006333958358147 0.5905703413922307 0.4976920776401016 0.5906233381164779 0.49232615931008444 0.601699653484118 0.4820712931682741 0.5963469843351628 0.47877224708389315 0.5903583544952423 0.4809583619590853 0.5841047410340867 0.4866025130913997 0.5800239932670614 0.48330346700701876 0.5816668917187209 0.4805211389840469 0.5859047296207726 0.477345856652647 0.5798680534670526 0.4737477855984445 0.5726574485967167 0.4705929817360202 0.5620642912214502 0.469431601015349 0.5561196336146242 0.4671100250196369 0.5529375570662362 0.4668973392098767 0.5518515998758371 0.46283675647239053 0.5473254512637524 0.4619301855350664 0.5401712779117366 0.46882111791226905 0.5362121405599275 0.47472253002491804 0.5360394603813896 0.47640616176566314 0.5368165211848104 0.4780250384394565 0.5410833477309186 0.4824932512334398 0.5426621810487184 0.48996709238752184 0.539739275667222 0.4921970180359633 0.5393203837736108 0.49460233557910044 0.5439827485941356 0.49842288452925276 0.5438964085048665 0.5026967189480671 0.5367301810955414 0.5038623101531984 0.5356077599350446 0.5057402070947986 0.5324995167213613 0.506646778032123 0.5328448770784372 0.5118271833882617 0.533880958149665 0.515647732338414 0.5350033793101617 0.5170723438113521 0.5332765775247821 0.518820730619049 0.5331902374355133 0.5211519130293114 0.5386296630594588 0.5216051984979735 0.542255946808756 0.5224470143683461 0.546400271093667 0.520763382627601 0.5610780862693933 0.5167485684765935 0.5806772865334517 0.5133165499281516 0.603557410189731 0.5238716258412842 0.6122777592058977 0.5328725801475752 0.61124167813467 0.5378587203028588 0.6064929732248762 0.5379882304367622 0.6027803493863102 0.5418735344538663 0.6037121692213154 0.54527012888991 0.5951743082891554 0.5474774635377248 0.5974273634227287 0.550983421582501 0.6056998035538981 0.5505094112589947 0.6133459329710651 0.5484562839154962 0.6201424924529915 0.5485270814100995 0.6234321728665233 0.5526687162662194 0.6235968387366406 0.553894194808508 0.6250706915492551 0.5606009629270304 0.6303947542397395 0.5689211390670249 0.6258696973292072 0.5750040918268675 0.6099134071681245 0.5810596828175995 0.614017942073799 0.5867102635700723 0.6348677522151114 0.594482587833129 0.656514095779244 0.6064614231730012 0.6460532477910661 0.6108963160498159 0.6481397452138244 0.6176623794580286 0.6559523475095914 0.6187583324957961 0.6496422153108365 0.6266689209121221 0.6458965982332776 0.6300167476603425 0.6322218052207937 0.6300317705875986 0.6193104268928877 0.6236410650107383 0.6015250365602549 0.6200190799413478 0.586359975782176 0.6190298823874231 0.594318320946488 0.629826019931617 0.6010803548615384 0.6299318527976147 0.6037030396216437 0.628675849893166
5 0.6548194550496423 0.6191111744747384 0.6459342960333516 0.6294213118238303 0.6326903797637865 0.6294213118238303 0.6209552640818933 0.6232603760908365 0.6015085009518988 0.6194883746216565 0.5869234286044028 0.6183567741809025 0.575858890961475 0.6192369078570444 0.5668060874354431 0.6169737069755366 0.5624473301821684 0.6128245053594386 0.5544003937145845 0.6027658347749587 0.5544003937145845 0.5939644980135387 0.5572503503801871 0.5939644980135387 0.5583891029378555 0.5849946482524935 0.5643309049339228 0.5809722246797406 0.5756719512453333 0.5782382224439542 0.5799248436121123 0.5774787773784579 0.5857114984018079 0.5752330946220651 0.588199122457834 0.5737770595782126 0.5880544134360896 0.5715521583688894 0.583134306696773 0.5699241818742626 0.5779247819139673 0.5706296383552675 0.5776353638704782 0.5636293394283723 0.5816579129024236 0.5578532788254366 0.5802831771958499 0.5528065516920936 0.5731924351303646 0.5491707375207606 0.5726859535542583 0.5455349233494275 0.5748565888804273 0.54325575625695 0.5862162470873785 0.5404881962160847 0.6021342394792846 0.5424417680096366 0.6027130755662631 0.5427130974254079 0.603436620674986 0.5450465304010395 0.5949711429029269 0.5472171657272085 0.5972864872508404 0.5513956387300839 0.6055745630144613 0.5508227911070384 0.6132662932792013 0.5486922692297311 0.6200146435560603 0.5487241038153945 0.6231612604825447 0.5525918204541984 0.6246919489521886 0.5607197208029029 0.6296610961878907 0.56855568375151 0.6255838471739813 0.5749582388436645 0.6096119684083132 0.5810050401432688 0.6136293820272352 0.5873711095768301 0.6343113527520446 0.5947400529622539 0.6552513010385074 0.6065431604591265 0.6453666049529723 0.6105425605200503 0.6475776553931577 0.6178585362412523
16 0.782299406392848 0.6325830516795174 0.782299406392848 0.6284312536076352 0.775757179128064 0.6220148384056352 0.7775185480070442 0.6159758593919883 0.7968936056758282 0.6142773965444002 0.7989065986803772 0.6201276574638706 0.790351378411044 0.6218261203114588 0.7941257402945735 0.6257892002891646 0.7941257402945735 0.6327717697736939