9 0.13808257591836273 0.7273197432013299 0.13744625068371588 0.7101389618658653 0.13235564880654122 0.6800725945288025 0.1279013721640134 0.651437958969695 0.1279013721640134 0.6352116654862008 0.11962914411360458 0.6290074944483941 0.10053938707419957 0.6399841047460519 0.08844920761590976 0.6390296168940818 0.09290348425843759 0.6180308841507363 0.10308468801278693 0.6118267131129297 0.12535607122542605 0.6034411992878488 0.13330113795975382 0.6048864291139405 0.2014239328619955 0.5958727867127693 0.26107473023267824 0.5881542559847083 0.27088956971510975 0.5879088849976475 0.28070440919754125 0.5810384973599454 0.3058958305357821 0.5702421739292708 0.3363218329313199 0.5709782868904532 0.3379576395117251 0.5739227387351826 0.3386119621438872 0.5817746103211279 0.3418835753046977 0.5945339016482888 0.3480167727715606 0.6255717156969932 0.34620648848595176 0.6403495686037611 0.349761674774191 0.6675105772846728 0.35249236956369195 0.6863942609755499 0.35417176433274944 0.6946681669107219 0.35660583452834493 0.6983258291750021 0.34679099504591343 0.7037239908903393 0.3261798321328072 0.6931730384467254 0.31734647659861887 0.6848304248866587 0.3091674436965926 0.6865480217960842 0.30196989474280955 0.6843396829125371 0.291827893944297 0.6904739575890568 0.279068602617136 0.6904739575890568 0.25943892365227295 0.6956267483173335 0.21298201676876383 0.7051962168127041 0.1868091114822798 0.7069138137221296 0.16914240041390305 0.7159925402433788 0.1544201411902558 0.7255620087387495 0.1465682696043106 0.7248258957775672
11 0.19521298853793362 0.49841614094791553 0.19290550640391546 0.49322430614637475 0.20351992422039888 0.48560961510411493 0.20490441350080973 0.48007165798247153 0.21090386704925693 0.4755720678211361 0.20351992422039888 0.46103493037682186 0.20998087419564965 0.45618921789538386 0.2256717527069729 0.44269044741137775 0.22336427057295477 0.4329990224485016 0.22890222769459828 0.4191541296443929 0.2501310633275651 0.4053092368402841 0.2579765025832267 0.4077320930810032 0.2579765025832267 0.4125778055624412 0.2741288775213536 0.4129239278825439 0.2805898274966044 0.4077320930810032 0.2972036988615349 0.4053092368402841 0.3078181166780183 0.40842433772120856 0.31658654878728715 0.40980882700161947 0.32397049161614516 0.4129239278825439 0.3345849094326286 0.4118855609222357 0.34935279509034456 0.4132700502026466 0.3558137450655953 0.41707739572377656 0.3645821771748643 0.4295377992474744 0.3645821771748643 0.43715249028973424 0.37381210571093676 0.4413059581309669 0.38211904139340197 0.44269044741137775 0.3867340056614383 0.45653534021548653 0.37058163072331124 0.4686496214190817 0.3715046235769186 0.47972553566236864 0.3701201342965077 0.48457124814380687 0.36504367360166784 0.48630185974432033 0.3668896593088824 0.49357042846647753 0.35950571648002433 0.49668552934740196 0.35020960324184586 0.5034264169406494 0.34831829674126846 0.5089473787647817 0.34108938371330394 0.5134966074526967 0.33928692231151386 0.5183096767050664 0.34473783082230836 0.525067559595825 0.3336619165790213 0.533720617598393 0.326739470176967 0.5306055167174686 0.32074001662851986 0.527490415836544 0.31797103806769805 0.5326822506380847 0.3055106345440001 0.529913272077263 0.27366738109455 0.5243753149556195 0.2741288775213536 0.5181451131937705 0.26628343826569195 0.5160683792731542 0.24459310620592156 0.5129532783922297 0.22659474556058015 0.5070691989504835 0.22428726342656202 0.5036079757494563 0.21967229915852576 0.5025696087891481
18 0.516602070848699 0.7998677417815937 0.5190500941387026 0.7940536864678351 0.5194580980203699 0.7882396311540767 0.5117060242686918 0.7848735991303218 0.5084419932153538 0.7873216224203253 0.5039539505170139 0.7952776981128369 0.5108900165053574 0.7992557359590928
18 0.6328140204659265 0.8081536886124332 0.6222059195425776 0.799891610008671 0.6054777603942197 0.8020336303874241 0.5956856672342056 0.8026456362099252 0.5846695624291894 0.7986675983636693 0.5638613644641589 0.8001976129199215 0.5540692713041445 0.7995856070974205 0.5508052402508065 0.7980555925411683 0.5479492130791356 0.7995856070974205 0.5422371587357939 0.7873454906474027 0.5430531664991284 0.7839794586236476 0.5401971393274576 0.7821434411561451 0.5312210539307778 0.7824494440673955 0.5291810345224414 0.779389414954891 0.5291810345224414 0.7702093276173776 0.5210209568890962 0.769291318883626 0.5116368676107491 0.7671492985048731 0.5063328171490747 0.7494011296523471 0.5087808404390783 0.7353249957348266 0.5120448714924164 0.7163528152372988 0.5202049491257617 0.7142107948585454 0.5365251043924522 0.7047247046097818 0.5338509582971227 0.7006703615664415 0.5469471529172565 0.6972126068816026 0.5461649585773982 0.6930341420033536 0.5684140769419991 0.6919109277880299 0.5714140004443318 0.6957679722910293 0.5838480857091025 0.6954246865841297 0.6046493045518081 0.6957548530920392 0.6253484851801487 0.6990346528394877 0.6349692311059971 0.6990346528394877 0.6413830617232295 0.6950988931425496 0.6495461188724342 0.6961921597250326 0.6600414780642688 0.6950988931425496 0.6687876107241312 0.6966294663580257 0.6731606770540622 0.7027517592199293 0.6717029882774186 0.708218092132343 0.6763675923626784 0.7143403849942467 0.680157583181952 0.7211186378056399 0.6760760546073498 0.7305207304149919 0.6766591301180072 0.7379549431758747 0.6746183658307061 0.7429839694552957 0.6795745076712947 0.7493249156336956 0.675784516852021 0.7556658618120957 0.6746183658307061 0.7613508480410062 0.6798660454266233 0.7668171809534201 0.6816152719585957 0.7705342873338614 0.6746183658307061 0.7738140870813097 0.6693706862347887 0.7764379268792684 0.6731606770540622 0.7786244600442339 0.6792829699159658 0.7784058067277375 0.6851137250225406 0.778187153411241 0.6795745076712945 0.7860586728051167 0.6827814229799106 0.7902130858185515 0.6763675923626784 0.7963353786804549 0.6705368372561036 0.7937115388824963 0.6623737801068988 0.8000524850608964 0.6527530341810504 0.8004897916938896 0.6492545811171055 0.796772685313448 0.6448815147871744 0.7965540319969516 0.6477968923404618 0.8031136314918483 0.647505354585133 0.8053001646568138
8 0.44413394165444153 0.35249006450269943 0.420400567508395 0.34701313200745787 0.3971236044036186 0.33058233452173336 0.3893646167020265 0.3079899879788622 0.3770415185877331 0.2744437764455079 0.3665440646385202 0.2463744974073952 0.3500672686541863 0.19545802842393126 0.3423082809525942 0.16910029079058153 0.3432211030351344 0.15985796720486145 0.3464159803240253 0.14137332003342135 0.35600061219069795 0.12117713145721831 0.3637595998922901 0.11227711615245088 0.5061598447685691 0.11296173271435608 0.5180265318415924 0.12665406395245982 0.5257855195431846 0.13589638753817984 0.5376522066162079 0.15540795955247774 0.5371957955749378 0.174577223285823 0.5367393845336677 0.21633883356203945 0.5353701514098573 0.25673121071444555 0.5330880962035066 0.29370050505732576 0.534457329327317 0.30978899426209766 0.519852176006673 0.3077351445763821 0.5079854889336497 0.311158227385908 0.5011393233145979 0.3234813255002015 0.4993136791495173 0.33135441596211107 0.49201110248919533 0.33820058158116306 0.4961188018606265 0.35018137141450384 0.4719290166733099 0.35018137141450384
1 0.6685752242973926 0.47284447633174476 0.6489885495831769 0.4734094765638856 0.6331685430832332 0.4691719748228293 0.6196085375118532 0.46945447493889975 0.6199852043332804 0.46295697226928006 0.6116985342618814 0.4595669708764351 0.6064335824978357 0.45200018571267253 0.5977033290161171 0.4462154438757442 0.6219954244815529 0.4276904511209944 0.6175476270115492 0.44205128751660455 0.6216972595815365 0.44371776872166996 0.625861165663152 0.4427807702995736 0.6289561801534482 0.4377555854716702 0.6312266422899848 0.43054122091345837 0.6312606181920893 0.4259557050858408 0.6264618948925461 0.42484146481113966 0.6218738785489303 0.4274884761026103 0.5975453625528354 0.4460006372497973 0.5913669096407466 0.44183018153413733 0.5827035727479204 0.4375926797930811 0.5819502391050659 0.43279017781988394 0.5898602423550378 0.42120767306099666 0.5894835755336105 0.41216766934674326 0.5974490000024221 0.41181578123703405 0.5961327814753096 0.40918334418280894 0.592769111906022 0.4076477559011776 0.5834093357132215 0.4076477559011776 0.5847255542403341 0.40841555004199326 0.581508131174059 0.4104995627099214 0.5772669825866964 0.4112673568507371 0.5746345455324712 0.4145579031685185 0.5677289246945472 0.41493789067223186 0.5615865715680219 0.42031244965794134 0.5591003810168094 0.42228677744861026 0.5487168793029215 0.42261583208038833 0.5475469072788214 0.41735095797193805 0.5555904649445091 0.41449915116319425 0.5626102970891095 0.411537659477191 0.5563216974595717 0.4096730165637815 0.5522267953752216 0.41087955021363476 0.5481318932908714 0.4080277434048909 0.5452069632306212 0.40177570540110635 0.5443294842125463 0.39157501181598403 0.5474006607758088 0.388942574761759 0.5457919492426714 0.38301959138975245 0.5485706327999089 0.3783031416675991 0.5533967673993215 0.36952835148684876 0.5588078880107844 0.36404410762387984 0.5656814736523721 0.36163104032417354 0.5702151152457597 0.35855986376091087 0.5729937988029974 0.3600954520425422 0.5798673844445852 0.3540627837932763 0.5838160400259228 0.35362404428423894 0.5981481973211484 0.35252719551164496 0.6022430994054986 0.35450152330231377 0.6073617270109363 0.3538434140387575 0.6067767409988862 0.3490172794393448 0.6099941640651614 0.34682358189415724 0.6159902706886741 0.34748169115771355 0.6164290101977116 0.34923664919386366 0.6137965731434865 0.35022381308919814 0.6133578336344491 0.3572436452337983 0.6126266011193864 0.3639344227466204 0.6136503266404739 0.3702961456276644 0.615405284676624 0.3755610197361146 0.6143815591555365 0.3783031416675991 0.6155515311796365 0.3831292762670118 0.6200851727730242 0.3894909991480558 0.6208164052880867 0.3925621757113184 0.6256425398874994 0.39365902448391227 0.6303224279838996 0.3931106000976153 0.6335398510501747 0.3946461883792466 0.6354410555893374 0.39859484396058426 0.6354410555893374 0.4018853902783657 0.6421683947279127 0.4038597180690345 0.6445083387761127 0.40583404585970334 0.6461170503092503 0.41011175607281913 0.654160607974938 0.4106601804591159 0.6595717285864008 0.4103311258273379 0.6607417006105009 0.4114279745999315 0.6601567145984508 0.413292617513341 0.6586942495683258 0.41449915116319425 0.6569392915321757 0.4184478067445319 0.6601567145984508 0.42228677744861015 0.6619116726346008 0.4231642564666852 0.6667378072340135 0.4231642564666852 0.6676152862520885 0.41965434039438504 0.6747813648997014 0.41965434039438504 0.6765363229358514 0.42020276478068197 0.6784375274750141 0.4187768613763101 0.6820936900503267 0.4183381218672725 0.6785837739780266 0.416144424322085 0.6779987879659766 0.41186671410896913 0.6819474435473141 0.40780837365037215 0.6838486480864767 0.40758900389585334 0.6847261271045518 0.40353066343725635 0.6819474435473141 0.3999110624876968 0.6756588439177764 0.39914326834688113 0.6753663509117515 0.3961817766608779 0.673172653366564 0.3928912303430966 0.6787300204810391 0.39102658742968716 0.6787300204810391 0.38850383525272136 0.6774138019539265 0.3824711670034555 0.6781450344689891 0.3770966080177459 0.6809237180262266 0.36963803636410814 0.6791687599900765 0.3674443388189206 0.6774138019539265 0.36525064127373297 0.6854573596196144 0.3562564813384639 0.692915931273252 0.35110129210727303 0.7006669959329149 0.35175940137082934 0.713975427707053 0.34770106091223224 0.7205565203426157 0.3482494852985292 0.7274301059842035 0.3506625525982356 0.7309400220565037 0.35208845600260746 0.737082375183029 0.3489075945620854 0.7600430761559922 0.3487979096848261 0.7638454852343173 0.3464945272623791 0.7661854292825175 0.34704295164867605 0.7658929362764924 0.34945601894838235 0.7701340848638552 0.35011412821193866 0.7734977544331427 0.3481398004212698 0.7841737491530557 0.34945601894838235 0.7862212001952307 0.3513206618617918 0.7919248138127185 0.35208845600260746 0.7938260183518809 0.3555983720749076 0.7977746739332187 0.3582308091291327 0.8055257385928818 0.36174072520143286 0.8131305567495317 0.36897992710055183 0.8122530777314567 0.37347700706818643 0.817225458833882 0.37841282654485847 0.8166404728218319 0.38115494847634296 0.8214666074212447 0.382580851880715 0.8224903329423321 0.3844454947941244 0.819272909876057 0.3862004528302744 0.8232215654573946 0.38883288988449954 0.8232215654573946 0.39354933960665295 0.8211741144152197 0.3960720917836186 0.8166404728218319 0.39859484396058437 0.8198578958881071 0.40089822638303124 0.8179566913489446 0.4018853902783657 0.8116680917194068 0.40243381466466255 0.8088894081621691 0.40353066343725635 0.8103518731922942 0.40736963414133465 0.8081581756471067 0.41022144095007845 0.8020158225205813 0.41066018045911595 0.8037707805567316 0.41438946628593487 0.8018695760175689 0.4191059160080882 0.7993833854663562 0.42217709257135083 0.7945572508669436 0.4249192145028353 0.7879761582313808 0.42853881545239486 0.7862212001952307 0.4321584164019543 0.7786163820385803 0.4362167568605514 0.7736440009361552 0.4370942358786264 0.7694028523487926 0.43917824854655463 0.7638454852343173 0.4408235217054453 0.7612130481800924 0.43917824854655463 0.7518108221447025 0.43953544358607016 0.746707275959784 0.43849254174077934 0.7428703949188521 0.43961984609158833 0.7405015067558022 0.43819471367478596 0.7398807351537271 0.43682188788881066 0.7378136076980915 0.43632644173781077 0.7310915911274125 0.4353979307558503 0.7218727388697281 0.4372039207558858 0.719532794821528 0.43643612661507014 0.7170466042703154 0.4379717148967015 0.7110504976468027 0.4381910846512202 0.7079793210835402 0.43994604268737025 0.7040306655022025 0.4458690260593767 0.70271444697509 0.4524501186949395 0.6945246428063896 0.45321791283575513 0.6915997127461395 0.4588118415759835 0.6848723736075644 0.4626508122800617 0.6834099085774392 0.46385734592991507 0.6838486480864767 0.46594135859784314 0.6813624575352641 0.4698900141791809 0.676682569438864 0.47263213611066535 0.6753663509117515 0.474277409269556
3 0.7965768794396508 0.4671796733745444 0.7951694997939979 0.4661241386403045 0.79390285811291 0.4612686788628013 0.7913695747507343 0.45831318160692985 0.7872881737783404 0.45704653992584204 0.7922140025381261 0.45525213087763433 0.7955917136876937 0.45176886625464296 0.7995323766955224 0.4492355828924674 0.7995323766955224 0.44438012311496417 0.8044582054553082 0.4406857515451248 0.8054433712072653 0.4365691660815895 0.8070200912304005 0.4356206261517718 0.8109917588694764 0.4370139127832216 0.8079169194069661 0.44037701844534216 0.8065688265096995 0.4434495037338888 0.8064407081987615 0.44599585516378004 0.8037502236690653 0.45056006999094367 0.8033018095807826 0.4526740221214194 0.8003550884292103 0.45608517215014155 0.7992660827862379 0.458583479213431 0.7992660827862379 0.4604091651442965 0.7977927222104519 0.4615141855761361 0.7963834207901347 0.4640124926394256
3 0.8048199651629092 0.43060637424682774 0.7990655995169146 0.4310918988482084 0.7941024591472443 0.4304984798909653 0.7877007273660755 0.43006690246751583 0.7882042343601 0.42866427584130457 0.7999287543638139 0.42240640320128553 0.8025182189045114 0.419277466881276 0.8041725990277349 0.4142603793336745 0.8028778667573859 0.4110774958357337 0.8085603028328056 0.4104840768784906 0.8105743308089036 0.40859592565089853 0.8122287109321271 0.408973555896417 0.8125164292144268 0.41032223534469703 0.811365556085228 0.41463800957919283 0.8099269646737293 0.41900773099162003 0.8077690775564814 0.4234313995819783
3 0.7550481088230369 0.44064287713591754 0.7468340154547931 0.43877849410167796 0.7429431291224671 0.439670155552836 0.7398088040214268 0.43861637383783114 0.739268403141937 0.4369141110674385 0.7308381494218975 0.4361845698801273 0.7250018199234084 0.43707623133128537 0.719489730952613 0.4381300130462904 0.7159230851479809 0.4384542535739842 0.7110594772325736 0.4391027346293719 0.7085736331869208 0.4400754562124534 0.7063039494930641 0.44380422228093236 0.7047908270304927 0.44550648505132506 0.7038181054474113 0.45158599494558443 0.7069524305484517 0.4516670550775078 0.7146261230372056 0.4516670550775078 0.7228402164054494 0.4500458524390388 0.7290007864316322 0.4471276876897942 0.7335401538193459 0.44631708637055967 0.7465097749270991 0.44631708637055967 0.7474824965101807 0.44299362096169786
3 0.6256522142889147 0.393351278178348 0.621070827326939 0.39230498302475636 0.6203308384561714 0.3890929867113176 0.6162537762680953 0.3830669007594206 0.6150241956474619 0.37866935304373894 0.6166592754384546 0.3749904235140052 0.6142449748162744 0.3692214553035491 0.6131549216222791 0.36370306100894856 0.6151987713610201 0.35103119262875476 0.617242621099761 0.3498048827855102 0.6191502141892526 0.3431623711346022 0.6277343830919645 0.3425492162129799 0.6556669961880905 0.34193606129135756 0.6604359789118193 0.3489873428900139 0.6650687049862988 0.3608416713747112 0.6632973685460566 0.3720828449377864 0.6637061384938048 0.3788275490756314 0.6694289177622794 0.3781122016670721 0.6733803605905119 0.3765793143630164 0.677876830015742 0.3777034317193239 0.6768212312527827 0.38240990160224847 0.6781336633475137 0.38767603538235673 0.6783305281617235 0.39092430481681595 0.6725558269449068 0.3926960881447028 0.6750494479248956 0.39594435757916213 0.6749838263201592 0.39943870803138337 0.6818084732127606 0.4001277348811172 0.6841052293785398 0.4034252205191289 0.6834490133311744 0.40726408439621714 0.6818740948174971 0.40736251680332186 0.6770616634006401 0.41158996699663075 0.6776748328114359 0.4165566392240761 0.6807406798654146 0.41793627039836656 0.6779404710835369 0.41857195180403134 0.6766811009749557 0.4196807450518039 0.6750384443115888 0.419229014469378 0.6674114023259393 0.4192059804912126 0.6664805635500315 0.4226966259008671 0.6619906353368288 0.4228198251506196 0.6604574891176864 0.42216276248527296 0.657445951901514 0.41826145290977673 0.6589243428985441 0.4147708075001223 0.660266307188711 0.41324911857869073 0.6608756261851267 0.411348110227482 0.6595595172919295 0.41011091087838386 0.6542652329749105 0.41056451612903216 0.6462186379928316 0.40999999999999986 0.6447077456443995 0.4057164917149322 0.6423357046468667 0.403620647271907 0.6357069873386941 0.4017928759553151 0.6356419999141042 0.39840540644856515 0.6337898583132913 0.39455490154161177 0.6303455248100248 0.3928977222145686
5 0.5518904318114599 0.4155217955490075 0.5542198210018169 0.4109292527959409 0.5617308520388989 0.41152849326712293
5 0.577685830082073 0.5362618260729549 0.5679437959019075 0.5292597390059609 0.5596224750396829 0.5351962910844993 0.5527218674953991 0.5405239660267772 0.5417620790427129 0.5441772288443393 0.5348614714984291 0.5420461588674281 0.5348614714984291 0.5386973346179962 0.5324259629533877 0.5356529489366946 0.5330348400896481 0.5338263175279135 0.5291786182266659 0.5350440718004342 0.5234957649549028 0.5298686161422214 0.5230254600476314 0.5103912594702292 0.5248385100659154 0.4901330571502517 0.5568489355385046 0.48735326078749497 0.555965609145105 0.5011705844579691 0.5619077997202853 0.5011275139957062 0.5658288485967521 0.5055828310566719 0.572586230824632 0.5094153891007088 0.5699317430576633 0.4921201927668911 0.5569791288546249 0.48702837056147463 0.5248520914564124 0.48968943683737776 0.5276935180922939 0.4778163326803011 0.5256639276380928 0.4580278257518401 0.531346780909856 0.4580278257518401 0.5362177979999387 0.4598544571606212 0.5391098254202981 0.46147515152116303 0.532462106363047 0.45701026054938376 0.5246371335080877 0.45352996739005597 0.5227263843225743 0.4502543973577474 0.5390132464276642 0.43578729638171787 0.5515695982181803 0.4230944625065222 0.5593035830166866 0.42254853416780414 0.567898340225559 0.4152227891550314 0.5751712663414371 0.41485145751111974 0.5773429290905331 0.4117855806888667 0.58053655078038 0.41130653743538964 0.5829637032646636 0.4123125282676914 0.5864128146896983 0.41030054660308785 0.5947801035170974 0.41106701580865107 0.5889038396077789 0.4118813893395621 0.5893509466443576 0.42083949817958277 0.5812391475521462 0.432480249239075 0.5803355410725025 0.43805918212211414 0.5864610530384748 0.4409517849949344 0.5873685362926929 0.4478429859566535 0.5959896272077654 0.4480982156219023 0.6054047659702787 0.4524371199311329 0.6106227946820328 0.4605193926640132 0.618676708563219 0.46375230175716536 0.618676708563219 0.46996289027822075 0.6331964406307092 0.46987781372313786 0.6494177037998585 0.47489733047303195 0.6680211105113305 0.4732808759264559 0.6755820327511723 0.47464254207736656 0.6776256105242551 0.47267209068595706 0.6819465506750562 0.47015655884097896 0.6846331333249064 0.4659865016552288 0.6839531092436872 0.4639464294115722 0.6921889564495607 0.4592429295164751 0.6948334945431894 0.4536893995198544 0.7042027152177606 0.45255602605115625 0.7165187069109468 0.4518760019699373 0.7241500882668475 0.4505726224809345 0.7283813492166538 0.4479658635029289 0.7341993330226373 0.4468324900342308 0.7474056814206314 0.4471506211829206 0.7484709713672373 0.44365513854561994 0.7559563783602172 0.44112990882733993 0.7594185706866864 0.4398815221711612 0.7606836024982809 0.4397317157724197 0.7636131498514471 0.44142952162482296 0.7706041151260485 0.43928229657619533 0.7736002431008777 0.43748461979129794 0.7794593378072102 0.4364359750001078 0.7869829480551144 0.43249107316658275 0.7876487542717431 0.4306434609154381 0.7985013956027908 0.431592234774134 0.8052926190124035 0.4309930091791682 0.8048265546607631 0.43309029876154864 0.8068905539323122 0.43448849181646876 0.8049597159040889 0.4362362331351191 0.8040941678224718 0.4405306832323742 0.798900879332768 0.44427584320091057 0.7992337824410823 0.4490696479606372 0.795288444082897 0.4514776392085624 0.7921025859697488 0.4550785016524192 0.7868240845091989 0.45706605014440244 0.7911261075705873 0.45854785808776943 0.793643587732437 0.4612963728214343 0.7947907938821406 0.4662675994701499 0.7965116031066958 0.4675104061323288 0.7968508034956748 0.4672042969003446 0.7966404380465388 0.4639896498807346 0.7979026307413551 0.46150470801281523 0.79947082499711 0.460355444041429 0.7993548387096774 0.4585887096774194 0.8004838709677419 0.4561290322580645 0.8035538743502212 0.4525715673737055 0.803903743437375 0.45066319053468507 0.8068299212572064 0.44582068430567046 0.8068617275378567 0.44353063209884597 0.8083248164477723 0.4405249385773887 0.8113464131095547 0.43689902258324986 0.8128524494311317 0.4355450502930119 0.8157324289544134 0.4327631159124994 0.8188097312712499 0.4310006609492201 0.8234860999854877 0.4300390110401181 0.8274586175217676 0.4296613421194154 0.8295847536679459 0.42831851929025033 0.8328858597896432 0.429115820345067 0.8377535925453666 0.43045864317423216 0.8376416906429363 0.43515852307631 0.8399916305939752 0.43608171377136096 0.8402713853500514 0.4383896905089884 0.83864880776481 0.4398584029783878 0.8379773963502276 0.44246012220989506 0.8375297887405057 0.44548147357551654 0.8368583773259233 0.44804122959361253 0.8368024263747081 0.44971975813006876 0.8351238978382517 0.45177595558722783 0.8353477016431126 0.4555106815808433 0.831766840765339 0.4603784143365667 0.8308716255458957 0.4643229563972391 0.8319906445701999 0.46663093313486664 0.832550154082352 0.47263167265269806 0.8298085574728066 0.4737227162013947 0.8300883122288826 0.4759467665121994 0.8271788627656916 0.47968149250581477 0.8261157946926027 0.4819055428166194 0.8289133422533632 0.4838358506335441 0.8308156745946804 0.48488493096882945 0.8289133422533632 0.48639560665164017 0.8265634023023243 0.48773842948080526 0.8286170110971343 0.48969984777807274 0.8283721188300264 0.4930671164508063 0.8269843959830816 0.49520992378800033 0.8244706325965714 0.4948048256914967 0.8217768176583846 0.4961517331605901 0.8213686638798715 0.5037433934409348 0.8194095257430084 0.5069269929133374 0.8188381104530899 0.5114574998548334 0.813940265110932 0.5221715365408038 0.80798121994464 0.530559096689249 0.799501521561787 0.5333002054426266 0.7828727969346452 0.5328750391879553 0.7675668117664805 0.529331987065695 0.7630317050499872 0.5263558232829963 0.7711571045837043 0.5066564534832287 0.774305853802407 0.50234045301244 0.7850817592160582 0.49894694584202154 0.7885650896117142 0.49578328618042283 0.7807589386212176 0.4898506114276454 0.7740657053392378 0.48720854565844995 0.7728487056175143 0.4867281510314468 0.7687847758069339 0.4857862873424383 0.7605199107077503 0.485265236440641 0.7585418267573223 0.48737644567971666 0.7584456302366523 0.49053852824280786 0.7529292835367011 0.4938951731687215 0.7508476432725688 0.4980324331936847 0.7492864130744696 0.5006084630205487 0.7469966087839238 0.5054482766346565 0.7345067671991293 0.5150498423529674 0.7264924521822194 0.5207483325760299 0.7146462480267776 0.5184771791035278 0.7068453842117981 0.5190343836617406 0.7038736265679963 0.5181985768244214 0.7033164220097835 0.5154125540333572 0.707774058475486 0.5113728209863143 0.7085556200397398 0.50747132897726 0.7149320833213689 0.5072665241636857 0.7125034677367114 0.5101789563694827 0.7155934702743931 0.5124262309423422 0.7206498380633267 0.5110919116647069 0.7224289304335071 0.5094064557350624 0.7211180202660059 0.5077912271358197 0.7213052931470773 0.5038584966333158 0.7180280177283241 0.5019623587124658 0.7149380151906425 0.5036478146421103 0.7150787664449099 0.507157401601421 0.708585925801431 0.5073862336906684 0.7108969791953499 0.5047363900124303 0.7107108926881331 0.5027475904665498 0.7100130682860697 0.5011774855619072 0.7079195950798796 0.5017008538634548 0.7064147469961187 0.503318112940087 0.7012206994196607 0.5031483457222137 0.6955867161049806 0.5027699438577948 0.6905413579127297 0.5043466182928732 0.6812074452570657 0.5052926229539202 0.670840038480316 0.5023219819027939 0.6591541108741155 0.49779368495539117 0.6560378635124622 0.49531042533907355 0.648636776028535 0.4938496843882985 0.6394150055192742 0.49358436726689625 0.635324930857104 0.4970901455487564 0.6283133742933836 0.4991351828798415 0.6253918923918336 0.5023488129715467 0.628508139753487 0.5062928135386393 0.6345458690166906 0.5140347405777472 0.6357029770378767 0.5159597226438335 0.6328683284715888 0.5151333755315548 0.6268200646894971 0.5160955993150694 0.6229711695554389 0.5168516322878308 0.6294776351392042 0.5185698890441068 0.6331432495525929 0.5185011587738558 0.6294776351392041 0.5197383036383746 0.6226962484744346 0.5200819549896298 0.6210299071287111 0.5228261273507354 0.6197011456264298 0.527933554375129 0.6155487659318009 0.532791838617845 0.6084066728570389 0.5352832664346223 0.5977765808387887 0.5364044089521722 0.5891396310739604 0.5362798375613334
16 0.5608812757803515 0.49445727151006574 0.5607934230247863 0.5006289275885238 0.5621404986101199 0.5009144490441109 0.5661231568624109 0.5054169027668295 0.572389986759398 0.5090847553116783 0.5697251198405858 0.49265629002097827 0.5651860608030482 0.4934469648210655
16 0.6217137188875502 0.4434975919402284 0.6177719239495535 0.4419602857463918 0.6223709412193751 0.4275609769207008 0.6264745082157828 0.42509302485165923 0.6311052444534269 0.4260589549370815 0.6310404045318961 0.4304842795815544 0.628623039240501 0.43774241524420077 0.6258349226146793 0.4426297243295801
16 0.7156724612814231 0.5121822025943848 0.7126497066341141 0.5102264314639802 0.7153558698435699 0.5071118234955448 0.7151177208678385 0.5037613173654233 0.718057784261191 0.5021350034361143 0.7211375153250803 0.5038755086821771 0.7209857837737198 0.5078911546981233 0.7222328900588448 0.5094074640385683 0.7205580840797894 0.5109898294278705
16 0.5631737720987314 0.5997999398138639 0.562987861863641 0.5954775268480136 0.55685282410566 0.5938043347322005 0.5553655422249373 0.5896213544426679 0.5488586839967753 0.5857172395057708 0.5434672871791555 0.5779090096319764 0.5432813769440651 0.5731682986371729 0.548672773761685 0.5699613470818646 0.548672773761685 0.5664755301739207 0.5392845925234837 0.5588198098771083 0.5462159848307265 0.5540368375487812 0.5437612350997656 0.5520701409321634 0.540173298490321 0.5522825845471964 0.5329030058869728 0.5462633487879308 0.5335639415781863 0.5425809927940273 0.541495169872748 0.5445637998676677 0.5534864316990494 0.5409522584121084 0.5680270169057458 0.5299051904303974 0.5774689553516524 0.5367033861114503 0.5989965750083196 0.5368450151881389 0.609288287914358 0.5355703534979415 0.6161809029798698 0.5332334737325796 0.6202409365116097 0.528347270586823 0.6218460660474139 0.5223988493659018 0.6230735180453817 0.520345227753917 0.6297347604518135 0.5199622334798106 0.6335722853492988 0.5185715166133973 0.6326414148891587 0.5182473742210272 0.6296825766408564 0.5184468464624857 0.6236651640235223 0.5169009365911816 0.6327079056363115 0.5152552905991483 0.635999197620378 0.516152915685712 0.6352013086545439 0.5142080613314908 0.6320610424351027 0.510474399922701 0.6257776668291575 0.5023957741436285 0.6284372967152719 0.49917928425010866 0.6357845242756631 0.49715962780534056 0.6396077422369526 0.493793533730727 0.6486172384761653 0.49399300597218554 0.6558979752894036 0.4954641137529425 0.658856813537706 0.49788271468062795 0.6643090548042407 0.5000270412763077 0.6706256757837624 0.5026201804152692 0.6782721117063416 0.5048143750713137 0.681929102799749 0.5055125279164188 0.6907058814239267 0.5045401007393081 0.6955264605925093 0.5030440589283688 0.7065639246198843 0.5034928714716504 0.7080599664308237 0.5019220275701642 0.7098884619775273 0.5013734789061531 0.7104536333283267 0.5026451144454517 0.7106198601962089 0.5046897049204021 0.7082926840458588 0.5072579100291814 0.7076277765743301 0.5113470909790825 0.703006669647206 0.5153864038686187 0.7036715771187347 0.5183286194301329 0.7067633968613428 0.5192761125770612 0.7146093050253804 0.5187275639130501 0.7266441302600485 0.5210962967803707 0.7474557341188942 0.5053130556749601 0.7501619364730772 0.5028565148082831 0.753682851139019 0.504604027602041 0.7568413187069968 0.50340018545523 0.7546666361192089 0.5007206658381343 0.7522330627471606 0.49893431942673727 0.7542524108643923 0.49540046022158213 0.7618637999216494 0.4941966180747711 0.7684396258418649 0.49314811039851636 0.7700965268611317 0.49357528019254604 0.7709249773707652 0.4945072870158837 0.7717016497235466 0.4958276300156119 0.7601551207455305 0.49936148922076706 0.7606729023140513 0.5003711632793828 0.7636242572546205 0.5009925011616079 0.7698894142337234 0.4989731530443764 0.7719605405078069 0.49870131772090287 0.7721676531352153 0.4962936334272807 0.7723229876057716 0.49369178104546324 0.770873199213913 0.4893424158698877 0.7695787452926109 0.4861580592234842 0.7730996599585531 0.4871288996644608 0.7800897111335852 0.4900025873697519 0.7878046565045466 0.4957111291626948 0.7844390763091608 0.49858481686798567 0.7735656633702219 0.5018468407496673 0.7704589739590963 0.5065068748663555 0.7624851378038745 0.526428520715197 0.7674040627048231 0.529884712685074 0.7831964005447105 0.5333020710373119 0.799610076266823 0.5338069080666198 0.8087230318727908 0.5306225514202163 0.8130206188915142 0.5242150045097701 0.8156095267341188 0.525846016450611 0.8170075369691251 0.5233606649217107 0.8205802297919191 0.5233606649217107 0.8234280284187843 0.5272440266856174 0.8209426768898838 0.5324088978316134 0.8178359874787584 0.5357874225662123 0.8116226086565077 0.5390494464478939 0.8070143526966718 0.5402144549770659 0.8056163424616652 0.5398261188006753 0.8045290011677715 0.5407969592416519 0.8024060967368356 0.5418843005355458 0.8033898817170253 0.5429328082118007 0.8109494926174305 0.5409134600945691 0.8139526257148517 0.5406027911534567 0.8166450898711604 0.5426609728883272 0.818146656419871 0.54545699335834 0.8127617281072537 0.5480200121225184 0.8085676974022344 0.549418022357525 0.8059270114027778 0.55003936023975 0.8064447929712987 0.5517480394158689 0.8091372571276074 0.5510102006807266 0.8135901786168871 0.5484471819165482 0.8223924652817424 0.5449521563290322 0.8297449635547391 0.544253151211529 0.8314536427308582 0.5455734942112572 0.8310911956328936 0.548874351710578 0.827311390182691 0.5516703721805908 0.8243600352421219 0.5532237168861535 0.8215640147721088 0.5526800462392065 0.8197517792822857 0.5557479020326929 0.8150399670087457 0.5602137680611856 0.8079981376768615 0.5654951400600987 0.8066001274418553 0.5665048141187146 0.8037523288149901 0.5660776443246848 0.8017329806977587 0.5653009719719034 0.8008009738744211 0.565689308148294 0.7979013970907041 0.5677474898831647 0.7954678237186557 0.5680193252066381 0.7929306940329033 0.5670484847656615 0.7912737930136364 0.5676309890302474 0.7924646906212345 0.5700386733238697 0.7920133463289676 0.5723499556075287 0.7876375366922305 0.5727287237777877 0.7898041973179627 0.5741252509258374 0.7901371269446777 0.575623434246054 0.7888529698130634 0.5771572885977042 0.791563344453246 0.5787647575027329 0.8009666949813269 0.5802555325864531 0.8108287455351677 0.5831224077474534 0.8107522955308744 0.5856452578891337 0.8089939454321275 0.5872507079792938 0.8112109955566343 0.589257520591994 0.8117461455866878 0.5917803707336742 0.8107522955308744 0.5942458833721344 0.8037953451401804 0.5936151708367143 0.7935510445648728 0.5917803707336742 0.7895756443416191 0.5904616081596141 0.784606394062552 0.5944752333850144 0.7829244939680984 0.5955073084429745 0.7842241440410853 0.5972274335395749 0.7919455944747127 0.5976287960621147 0.7938568445820462 0.5995782711715949 0.7928629945262329 0.601355733771415 0.7927865445219393 0.6021011213132751 0.7934745945605793 0.6042799464356353 0.7937039445734594 0.6062867590483355 0.7831538439809784 0.6066307840676556 0.7708453932897507 0.6050826714807154 0.7602952926972697 0.6034198838873353 0.7466871919330551 0.6015850837842951 0.737895441439321 0.600725021235995 0.723752190645053 0.5995782711715949 0.706959202799109 0.6008794279530072 0.6950315520994615 0.6020070387041686 0.68804501006421 0.5976404499321364 0.6668266231423351 0.6026862858464846 0.6586756574345416 0.6032684976827557 0.6271068378678499 0.6029773917646202 0.6117105693086846 0.5965730615656397 0.6004544738074461 0.59977522666513 0.5912684648351711 0.6008426150316266 0.575354674643765 0.599872261971175 0.5703088387294166 0.5982226617684073