21 0.2703598044870679 0.6052970902682907 0.23542262893049343 0.612770809258553 0.1932504650866452 0.6117280909217545 0.15478574421808033 0.6044290625641654 0.11446730186187377 0.5870504236175247 0.08341746694387563 0.558201882966101 0.06812426467083176 0.5237921778517524 0.07136827727420471 0.49494363720032875 0.09222264401017362 0.4633145143174426 0.12095532706861967 0.44558830259186893 0.15524917458999077 0.43133781865562354 0.19603104731810775 0.422996071961236 0.24237408450914977 0.42403879029803443 0.2803753750058042 0.4348135464449517 0.30215660248559395 0.4428077203604064 0.32764527294066703 0.46122907764384563 0.35684138637102353 0.49633392831605994 0.37352487975979864 0.513017421704835 0.3809397657103654 0.5244873234096179 0.3939158161238571 0.5408232440194602 0.3939158161238571 0.5474271268191837 0.38928151240475295 0.5585494557450339 0.38233005682609655 0.5800989680388684 0.35823167748675483 0.5891358602911215 0.3336698677755025 0.6019960531116357 0.31096177955189197 0.6009533347748373 0.2914977039316543 0.6068620720166951
0 0.2006176516972791 0.7234829300470709 0.19177986968418315 0.7200030533794144 0.16305707814162113 0.6963067503568007 0.15245173972590592 0.6820558268606834 0.14980040512197715 0.6679706117773117 0.15399835157819772 0.6517311873282479 0.1760928066109377 0.6282005927183797 0.19398931518745713 0.6137839608095169 0.19862915074433254 0.6142810860477534 0.22691005318623972 0.6149439196987357 0.24524845086341387 0.6131211271585347 0.2733084087549937 0.6064927906487126 0.2920886955328227 0.607818457950677 0.2965075865393707 0.6076527495379315 0.30910142590803247 0.6104697925546059 0.33252154824273683 0.6175952543026645 0.35019711226892886 0.6252178412889596 0.379582737462473 0.6381430974831128 0.3932812995827718 0.6515654789155023 0.3912927986298252 0.6562053144723776 0.3904090204285156 0.6633307762204361 0.3844435175696759 0.6638279014586729 0.3831178502677115 0.6671420697135839 0.37383817915396056 0.6772502828910624 0.3714077891003592 0.6780788249547902 0.3720706227513414 0.6837129109881388 0.36941928814741265 0.6883527465450143 0.3680936208454482 0.6946496662293452 0.3716287336506866 0.6991237933734752 0.3736172346036332 0.702106544802895 0.3736172346036332 0.7049235878195694 0.37936179291214567 0.7082377560744804 0.3791408483618182 0.7128775916313558 0.3736172346036332 0.7175174271882312 0.36190717343628104 0.7161917598862668 0.35512400531967997 0.7243708403073525 0.3342891046453561 0.7198373449666688 0.32589321173291486 0.71867738607745 0.31572976241785444 0.7190088029029411 0.2865650817746377 0.708734881312717 0.28214619076808967 0.7029350868666226 0.27352935330532113 0.7100605486146813 0.2620402366882963 0.715363217822539 0.2558537892791291 0.7127118832186102 0.24657411816537833 0.7196716365539233 0.2406086153065385 0.7216601375068697 0.22536344133394792 0.721991554332361 0.21056015646201215 0.7229858048088343 0.20768787730775592 0.7261342646509997
2 0.37247433058158086 0.7203486244840963 0.36510140892560744 0.7203486244840963 0.35801206117947915 0.7250275939965409 0.3622656698271561 0.7277924396175312 0.36552676979037513 0.7323650689137837 0.36963859148312955 0.7330031102109353 0.37885474355309634 0.7402342449119863 0.3886380434427534 0.7524633697740576 0.3994138520168684 0.7708602271752605 0.4031003128448551 0.7723489902019475 0.4211072561200211 0.7725616706343312 0.4388306254853418 0.7758582173362809 0.4557032731211271 0.7788357433896549 0.4653447860558616 0.7796864651191904 0.47824739895381513 0.7679890413380785 0.4946946857248327 0.7558662566921993 0.49313502922068453 0.7506555860987949 0.5068883638481735 0.7464019774511179 0.503769050839877 0.7357679558319254 0.5030601160652641 0.7296002232927938 0.5128434159549212 0.7100336235134797 0.5131269898647665 0.6940825910846911 0.5107166116310827 0.6891909411398626 0.4917171596714589 0.6855753737893372 0.4551361253014368 0.6807900640607005 0.42280869957909184 0.6762174347644477 0.40763749540237726 0.6764301151968317 0.40607783889822907 0.6802583629797408 0.40395103457439047 0.6833422292493068 0.4026749519800874 0.6958903747599536 0.40182423025055203 0.7095019224325201 0.3988467041971782 0.7243895526993895 0.38792910866814057 0.7226881092403188
12 0.6491089750469042 0.6610522768658162 0.6546698774811067 0.6676874445429896 0.6620001579625554 0.680199475019945 0.6670555238118303 0.6934698103742918 0.6665499872269028 0.6970717585419002 0.6617473896700916 0.7010528591482043 0.6382399384709632 0.7114795512123337 0.603105145818502 0.7196313286442898 0.5844002921761848 0.7211479383990721 0.5606400726845924 0.7165981091347247 0.5383964629477828 0.7067401457286385 0.522977597107494 0.6900574384260313 0.5184277678431466 0.6737538835621195 0.5232303653999577 0.6616210055238596 0.5325827922211164 0.6500568561436431 0.55103487757097 0.6386822829827745 0.5707508043831421 0.634132453718427 0.5912250360727058 0.6333741488410357 0.6129631092245882 0.6369760970086442 0.6256015238477757 0.6430425360277742 0.6405148531031366 0.6525213469951647
4 0.665456027466024 0.7003174390804144 0.6656707762803267 0.7051492874022245 0.6679256388305046 0.7086121120328548 0.6721132407094066 0.7113501594152138 0.678985202767092 0.7143297992136634 0.6917627572181004 0.7151351072672983 0.71973065113538 0.7152746132385999 0.7777128309970996 0.7128586890776948 0.8083145370352293 0.7116507269972422 0.8224879587792053 0.7098790492792453 0.828608299986831 0.7072215327022497 0.8333327739014897 0.7026312767965305 0.8345138923801544 0.698846328944446 0.8330106506800358 0.6809684901537492 0.8365540061160297 0.6787136276035713 0.8435333425808663 0.6769419498855743 0.8456808307238929 0.6725127555905818 0.8457882051310441 0.6677614380741353 0.841815352066445 0.6618826892825999 0.8342991435658518 0.6587419878734234 0.8290377976154365 0.6601110115646028 0.8269976838795611 0.639817248613001 0.8206625938576324 0.6333747841839211 0.8108915228068612 0.6299924903586542 0.7829741769475149 0.6299924903586542 0.7496881107306019 0.6313615140498336 0.7146840539992677 0.6325694761302861 0.6706605470672212 0.6335358457946482 0.6601378551663908 0.6341800922375561 0.6556281300660348 0.6367570780091881 0.6545543859945213 0.6405420258612725 0.6574534949876074 0.6553596940481564 0.6614263480522069 0.6772640731070283 0.6648623290810495 0.6857198076701956 0.6680835612955895 0.6932897033743645 0.6673319404455301 0.697074651226449
20 0.21410786073047777 0.40996626941430736 0.2171419773166621 0.4164429413578931 0.22577753990810973 0.4215192518001629 0.2351132832502153 0.4218693421754919 0.25075065334824204 0.42344474886447225 0.26008639669034755 0.4201188902988471 0.26638802344626883 0.4195937547358537 0.2750235860377165 0.42116916142483396 0.28902720105087476 0.4188935739851958 0.2906609561357432 0.420468980674176 0.3177346118278492 0.42099411623716954 0.34145481273751016 0.41888313408109795 0.3521909175809316 0.4111811458238609 0.3500903753289578 0.40365420275428826 0.35732557641908963 0.3970024856230381 0.3591927250875107 0.3807232831702415 0.36035969300527393 0.3628686740284647 0.3626936288408003 0.3474646975139906 0.35779236358619493 0.3413381159457338 0.34332196140593124 0.32645927499425315 0.3297851335598782 0.3175319704233647 0.31624830571382523 0.3149062926083975 0.3064457752046144 0.3182321511740226 0.30597898803750906 0.31315584073175273 0.2919753730243508 0.31070520810445 0.2863739270190875 0.31315584073175273 0.27657139650987667 0.311055298479779 0.27003637617040277 0.31070520810445 0.26793583391842907 0.3138560214824106 0.2597670584940867 0.311055298479779 0.2515982830697443 0.31210556960576585 0.2520650702368496 0.31700683486037123 0.24809737931645476 0.31700683486037123 0.23059286055000686 0.32050773861366083 0.20281902410724284 0.32838477205856237 0.1920829192638215 0.33363612768849676 0.19091595134605832 0.3397627092567535 0.19091595134605832 0.3451891100743524 0.185314505340795 0.3488650590153064 0.18904880267763724 0.3625185836531359 0.1932498871815847 0.3724961593500111 0.19978490752105857 0.381948599483893 0.2119213738657958 0.39980320862566976
15 0.34016191318776473 0.27086157483267376 0.3602743142245734 0.2739768108628316 0.37951226304239044 0.28545399623709744 0.3910987549440303 0.29217634767059597 0.4490312144522292 0.29086466934210853 0.46039909329912115 0.28807735289407255 0.4667388718868109 0.2818468808337568 0.4663016457773149 0.27479660981813636 0.4612735455181128 0.2436442495165576 0.45646405831365855 0.2136396077524055 0.4531848624924397 0.18822584013795968 0.4499056666712209 0.18527456389886282 0.43350968756512687 0.18461872473461904 0.38978707661554274 0.18691416180947218 0.3460644656659585 0.1888816793022035 0.3351338129285624 0.19396443282509263 0.33032432572410825 0.19921114613904273 0.3298870996146124 0.20691725631890695 0.3167703163297372 0.2065893367367851 0.3134911205085183 0.20806497485633355 0.31458418578225794 0.21298376858816173 0.3183006077129726 0.21462336649877117 0.3274823560123853 0.2183944416931728 0.33272906932633534 0.22068987876802595 0.3344779737643188 0.23561021975457155 0.33710133042129375 0.2541376761444578
9 0.4851399838421704 0.3048693887532764 0.4902211403213917 0.29045436874157254 0.4988370143513755 0.28448953287466067 0.4939767777190769 0.2705715825185328 0.48403538460755696 0.24671223905088513 0.4734312319552691 0.21059184407902953 0.4575250029768373 0.1776195569258219 0.4612806403745226 0.169003682895838 0.4608388006806773 0.15922797966951013 0.483372625066789 0.14033933275762234 0.4891165410867783 0.1446472697726143 0.4966278158821489 0.1535945235729822 0.4988370143513755 0.1607191886362381 0.5028135715959835 0.17115765140333403 0.51827796088057 0.16950075255141395 0.5642292890404842 0.16187901783258207 0.6128316553634703 0.1530974539174062 0.651713548421859 0.14746399782087827 0.6510507888810912 0.1507777955247182 0.6437604339326432 0.16386729645488607 0.6311680026580514 0.18076766474446987 0.6362491591372725 0.1956797544117497 0.6521553881157044 0.23113738984283733 0.6565737850541576 0.24952896709914907 0.6545855064318538 0.2622870882589329 0.6746892125018161 0.27521089930390874 0.6813168079094961 0.27852469700774873 0.6945719987248559 0.2851522924154286 0.6868398040825627 0.29360247656022054 0.6773402506648881 0.30089283150866847 0.661654941533379 0.30089283150866847 0.6525972278095495 0.29675058437886853 0.630726162964206 0.30172128093462847 0.5863212737327506 0.3035438696717404 0.5302076326143939 0.3053664584088524
1 0.5214150562609899 0.49250595535942293 0.5211814473648158 0.5091505892118403 0.5326282832773553 0.5130051359987159 0.5450095547745921 0.5173853028019836 0.5482800793210321 0.5217654696052513 0.5443087280860693 0.5296497698511332 0.5412718124358037 0.5322778699330939 0.534029936654401 0.5319274565888324 0.5302921943156126 0.5317522499167018 0.5249191897036042 0.5343803499986624 0.5251527985997785 0.5377092767691458 0.5321610654850067 0.5464696103756813 0.5391693323702352 0.5547043239658246 0.5295913676270897 0.5559307706707396 0.5316938476926583 0.5724001978510261 0.5309930210041355 0.5790580513919931 0.5422062480205008 0.5928993784903192 0.5426734658128494 0.6018349187689853 0.554120301725389 0.6048134321952073 0.5669687910149743 0.6053390522115994 0.5770139735504684 0.6041126055066846 0.6034117788181617 0.6039373988345539 0.6183627481733155 0.5932497918345806 0.631211237462901 0.5883440050149208 0.6382195043481294 0.5773059846706861 0.6379858954519549 0.5645158976051443 0.6314448463590753 0.552076223883864 0.6239693616814983 0.5489225037855112 0.6183627481733156 0.5403373768511065 0.6178955303809671 0.5368332434084923 0.6227572233316188 0.5201759130527859 0.625573053525468 0.5185211505339188 0.6254819085793776 0.5165209135230329 0.6234961524399668 0.5153769864290637 0.6218668816159297 0.5068729024741411 0.6239693616814983 0.49618529547416784 0.6169610947962698 0.483395208408626 0.6099528279110416 0.4781390082447048 0.6043462144028589 0.4781390082447048 0.5966371208291077 0.4730580147529142 0.5805181069930824 0.4669257812283394 0.570940142249937 0.4671009879004701 0.5686040532881943 0.46324644111359453 0.5632310486761858 0.4644728878185095 0.5634646575723601 0.4686778479496465 0.5564563906871317 0.46762660791686217 0.5426734658128493 0.4716563613758684 0.5375340700970151 0.4744596681299598 0.534029936654401 0.479190248277489 0.534029936654401 0.48900182191680874
3 0.7421471680549415 0.527197066716143 0.7413386975407754 0.5215883025241151 0.7635716366803451 0.5150700090036504 0.786613046334081 0.5129477739039642 0.8129171019940877 0.5305587749215515 0.8137255725082538 0.53495483334233 0.8034175734526352 0.5417763033056071 0.7935138096540996 0.5520843023612257 0.7864396926551456 0.5620891249740322 0.7811846343130654 0.5696685360443401 0.7488458137464185 0.5722455358082448 0.7344954621199687 0.564817712959343 0.7167091108083131 0.5537517727966935 0.7217620515218516 0.5352580097851423 0.7361124031483013 0.5288913044860837 0.7407611086047567 0.5282849516004592
3 0.6232235286026424 0.5046554375486318 0.630634034293518 0.5047943845303358 0.6386929592323454 0.5094491084174171 0.6419350554721035 0.5106996312527523 0.644436101142774 0.5109775252161601 0.6460108336020851 0.516396457502613 0.6508276623011543 0.5154933021215375 0.6516613441913777 0.5113248926704199 0.6536992332563685 0.509518581908269 0.658423430634302 0.5102133168167886 0.6587013245977096 0.5122280480514955 0.6646297291504101 0.5116027866338279 0.6646297291504101 0.5149375141947219 0.6618507895163319 0.5203564464811747 0.6691686638860714 0.517924874301356 0.6773202201460348 0.5189669766641355 0.6883433473612122 0.5286237918925578 0.6958464843732238 0.5372385047582007 0.7011264696779727 0.5464784790415113 0.7014969949625166 0.5497437331115533 0.6901959737839312 0.5559268737973778 0.6736149673005969 0.5613458060838307 0.6606465823415646 0.5632215903368335 0.667964456711304 0.5716973562207724 0.6776907454305784 0.5798257546504517 0.6776907454305785 0.5835773231564575 0.673429704658325 0.5914278276227289 0.6688907699226635 0.5963604454732181 0.6537341438469995 0.595273917013647 0.6343466068026294 0.5971871608009204 0.6171338469754692 0.599215834036798 0.6120391952548304 0.6005925231351441 0.6184637443804464 0.5938238017349415 0.6323591925070541 0.5887640377260889 0.6393191207264713 0.5776931628935542 0.6385542934496123 0.5643278062304424 0.6319767788686247 0.5517081561622682 0.6245579542830919 0.5487253297825181 0.6188982324343351 0.540407833146676 0.6185158187959056 0.5370808344923391 0.6302176761318488 0.5326065949227138 0.6298352624934193 0.5310578196870742 0.6202749215326813 0.5298532167260213 0.6231047824570597 0.5202163930375975 0.6257816779260663 0.5187249798477223 0.6258581606537523 0.5163731359713807 0.6239460924616047 0.5152258950560921 0.622951817001688 0.5054743472761393
16 0.5426503954458645 0.4288099470045816 0.5269033852386295 0.42163943342807286 0.5209982564109162 0.4146798173096966 0.5164991106374205 0.407931098649453 0.5103127851988639 0.4113054579795748 0.501033297041029 0.41278174018650304 0.5001897072084984 0.407931098649453 0.49428457838078527 0.40624391898439205 0.4906880859218785 0.3869968356733439 0.4920940689760958 0.3730776034365914 0.48703252998091323 0.3503006779582693 0.49125047914356545 0.3462936262537497 0.49856159102549613 0.3330070863913951 0.5103718486809223 0.3355378558889865 0.5227444995580356 0.3357487533471191 0.5278060385532183 0.3311090092682017 0.5348359538243053 0.33448336859832345 0.5370855267110533 0.3319525991007321 0.5421470657062358 0.3332179838495278 0.548614587755636 0.33237439401699737 0.5539573233616623 0.3258365728148863 0.5612684352435927 0.32625836773115163 0.5612684352435927 0.32942182960314076 0.5584564691351579 0.3346942660564561 0.5637992047411842 0.33490516351458866 0.5713915132339582 0.3285782397706103 0.585170147165289 0.3271019575636821 0.5888257031062543 0.3302654194356712 0.5916376692146891 0.3285782397706103 0.5913564726038456 0.323305803317295 0.6000735675399935 0.32351670077542766 0.607947072643611 0.3304763168938038 0.609071859086985 0.33300708639139515 0.6152581845255417 0.32984362451940596 0.6236940828508462 0.333639778765793 0.6293180150677159 0.33595965080525175 0.6290368184568724 0.3302654194356712 0.6498453676592901 0.32625836773115163 0.6627804117580903 0.32752375247994725 0.6658735744773686 0.3300545219775386 0.6694625676232167 0.3347654646945291 0.6658735744773686 0.3368032406377822 0.6692479338074905 0.33806862538657784 0.6730624240210621 0.3406349942032057 0.671124492270485 0.34378413329789337 0.683766919328597 0.33974366002303635 0.6958789927697037 0.3443462479306568 0.6966864643324439 0.33938029781980317 0.7008853164586941 0.3374423660692261 0.7091215263986466 0.3404703844295027 0.7173577363385989 0.33732124533481506 0.7215565884648493 0.3405915051639138 0.7268859007789359 0.3339298647713052 0.7349606164063404 0.3367156416627597 0.7326996960306673 0.34168159177361335 0.7331841789683115 0.3443462479306568 0.7386749855949464 0.3414393503047912 0.7546629225372068 0.3411971088359691 0.7614456836642265 0.34228719544566866 0.7591847632885533 0.3460419382124117 0.7535324623493703 0.3472531455565223 0.7478801614101872 0.34773762849416656 0.7475571727850912 0.35064452612003216 0.7440042979090332 0.35246133713619815 0.734314639156148 0.35209797493296496 0.7346376277812439 0.35476263109000833 0.7410974002831678 0.3569428043094075 0.741904871845908 0.36033418487291735 0.7406129173455234 0.36275659956113854 0.7514330362862452 0.36505789351494883 0.7572468315379762 0.36711694599993694 0.7572468315379762 0.3712350509699131 0.7535324623493703 0.3697816021569803 0.7459422296596103 0.36869151554728075 0.7461037239721584 0.3722040168452017 0.7433583206588409 0.37571651814312246 0.7389979742200427 0.37571651814312257 0.738029008344754 0.3777755706281106 0.7391594685325906 0.3815303133948536 0.7402899287204272 0.3837104866142528 0.7477186670976392 0.38358936587984177 0.7494951045356681 0.38480057322395234 0.749172115910572 0.38794971231864006 0.756600854287784 0.3932790246327269 0.7598307405387456 0.39630704299300357 0.7609612007265824 0.3952169563833039 0.7677439618536019 0.39679152593064787 0.7677439618536019 0.40066738943180186 0.7753341945433619 0.4044221321985448 0.7761416661061024 0.4093880823093985 0.7746882172931696 0.4120527384664419 0.7800175296072563 0.41217385920085303 0.7792100580445159 0.41617084343641814 0.7743652286680736 0.41774541298376194 0.7750112059182658 0.4210156728128607 0.7672594789159577 0.42150015575050487 0.7627376381646112 0.42452817411078153 0.7562778656626878 0.4271928302678249 0.751110047661149 0.4373669719583544 0.7446063360133587 0.43530899978565535 0.7475571727850912 0.4248915363140148 0.7407744116580715 0.42586050218930327 0.7346376277812442 0.4268294680645919 0.7330226846557634 0.4247704155796037 0.7365755595318213 0.42077343134403855 0.7440042979090332 0.4184721373902283 0.7451347580968699 0.41774541298376194 0.7532094737242742 0.41580748123318484 0.7498180931607643 0.4112048933255645 0.7533709680368222 0.4043010114641338 0.7498180931607643 0.4024842004479678 0.7414203889082639 0.4052699773394222 0.7275318780291284 0.4063600639491219 0.7215565884648493 0.4033320455888452 0.7188111851515318 0.4044221321985448 0.7220410714024933 0.4092669615749875 0.719295668089176 0.4129005836073194 0.7181652079013393 0.4171398093117066 0.7113824467743197 0.4181087751869952 0.7055393522482438 0.4127031802685161 0.7049226742723963 0.4062389432147108 0.702500259584175 0.40284756265120103 0.6976554302077325 0.4003040272285687 0.6895807145803281 0.4003040272285687 0.6874812885172029 0.40466437366736696 0.6858663453917222 0.40793463349646575 0.6861893340168183 0.41132601405997554 0.6918416349560013 0.41072041038792023 0.6976554302077325 0.4092669615749875 0.7050668585874805 0.4127579453281187 0.7115049670374353 0.41848543268467714 0.7132753824141951 0.4195129589867345 0.7192347207345802 0.4200939944729721 0.7252536524381691 0.4200492994355692 0.7273394208503039 0.42125606544544714 0.7272202340838961 0.4254127039239157 0.7223931700443842 0.4256361791109302 0.7120239213669142 0.42554678903612436 0.7157783045087568 0.42894361187874386 0.7217376428291419 0.4288095267665353 0.7278735824518343 0.42996625981578374 0.727992769218242 0.43242448687294266 0.7270988684701841 0.4340782032568494 0.7266817147877572 0.43604478490257664 0.7304360979295998 0.43689399061323153 0.731568372210473 0.4395309978200018 0.7446193231321162 0.43716216083764875 0.7464071246282318 0.43653643031400835 0.7487431256660887 0.4375503436266336 0.7506191280510051 0.43900242277294926 0.7517652909261465 0.4407437086794143 0.7478570439833463 0.44195881064876924 0.7405066582274646 0.4445313365952613 0.7383638977653766 0.4451192891610781 0.7374754361103645 0.4472359183980188 0.7386774724671455 0.4496661223367285 0.736377924654173 0.45221391678860146 0.7400200997169639 0.4539762566426424 0.7400200997169639 0.45599392889438756 0.732984114428827 0.46065009562918385 0.7244995439343094 0.4525794066222035 0.7211779914661516 0.4450334027646116 0.7199885491529343 0.4381197693190366 0.7094322486231317 0.4317636869577823 0.6919580657141026 0.42251221169812003 0.6784281594012572 0.4276416816738692 0.6588614867643413 0.4207547901867037 0.6584187035071072 0.4171018283145224 0.6553192207064684 0.4146111724925806 0.6513341713913615 0.4207547901867037 0.6451352057900841 0.41975852785792694 0.6384934569315727 0.41942644041500143 0.6336228411019976 0.4151093036569689 0.6289736169010396 0.4139469976067295 0.6152473359267825 0.41909435297207587 0.6010782716952913 0.4220831399584061 0.5968718307515672 0.42673236415936416 0.5864664242065659 0.4332080692964128 0.5809316334911396 0.43802333721883374 0.5667625692596485 0.4386875121046848 0.5676481357741167 0.4335401567393384 0.5663197860024144 0.4260681892735129
10 0.7338676399646267 0.46054658486156763 0.7392268649111203 0.4571552003251146 0.7409016227068996 0.45772043108119 0.742408904723101 0.45564791830891316 0.7461771097636044 0.4555851148915714 0.7477681296695947 0.45847407208929086 0.752719891313004 0.4588417670986323 0.7577441647003418 0.4626099721391356 0.7672902841362839 0.4646196814940708 0.7738218395398231 0.46606416009293045 0.7912393206159277 0.47341215992191216 0.7937514573095967 0.4755474761115307 0.7913230585057167 0.47962969823874274 0.7996131095948242 0.48145099734165264 0.8053799719317053 0.4830293718191141 0.8076687975442958 0.4846158262055015 0.8096433351174559 0.487855736067519 0.8073969801973301 0.4910146726739459 0.8043082421821572 0.49059348112642226 0.8019214900795234 0.4931206304115638 0.7979903689693032 0.49680605645239523 0.8009387098019684 0.49870141841625126 0.8012195041669841 0.5016497592489164 0.7971479858742562 0.5041769085340579 0.7916997121618333 0.5097470703904196 0.7877685910516132 0.5121689217886802 0.7779407882760628 0.5131166027706083 0.7622163038351824 0.5145907731869409 0.7406642472059908 0.5213902488795102 0.7367751755329366 0.5207966501942064 0.7309329054185784 0.5215617093758487 0.7213812574538342 0.5196838368390907 0.7127569539516866 0.5198229385084802 0.7016288204005283 0.5186405743186695 0.6899442801718122 0.5165540492778273 0.6727884076137766 0.5144675242369852 0.667038871945678 0.5116854908491956 0.6641917468950286 0.5114434445904191 0.6587942591412924 0.5119915612920468 0.6586569996887763 0.5101385586830798 0.6537614125490362 0.5092120573785962 0.6513876084904883 0.5109483119911167 0.6446885196280437 0.5105042992328422 0.6406068865446275 0.5096694197385071 0.6309462631855655 0.5044898491102651 0.6235251121248084 0.5039332627807083 0.6247867078051371 0.49625237143282475 0.61736555674438 0.4831725926882403 0.6104638862578758 0.4777180466585839 0.6044527538986627 0.47766238802562827 0.5970316028379056 0.4727087696925729 0.5811503395678854 0.4664193441685812 0.5711317856358634 0.46675329596631526 0.5688312288070287 0.46291285029237356 0.5626716734266005 0.46413734021739844 0.5631911540008535 0.46825607905611866 0.5565121180461722 0.4670315891310936 0.5427087770731639 0.47115032796981393 0.5370687022669886 0.47387760098464216 0.53335812673661 0.47910951248247585 0.5337291842896479 0.48868279735085246 0.5247495915061318 0.4904082149724785 0.5267533022925363 0.4846753757780436 0.5295733396956239 0.4824490304598165 0.5297959742274466 0.47042676574139003 0.5320223195456737 0.459016745985476 0.5339076656157737 0.4530420885243335 0.5266448207948559 0.4489235240832032 0.5158391248417827 0.44214782129295654 0.5045020012188864 0.4311206971441239 0.5036162884358476 0.4210235714174818 0.5041646785675933 0.4150506485850067 0.5054672449142452 0.4132596198583603 0.5115458878652874 0.41220128470170564 0.5124142654297221 0.4106544871650566 0.5162134172741235 0.40951474161173607 0.5224006074207201 0.41838847484830227 0.5258741176784585 0.42254040507825524 0.5434587633582595 0.42986734077817224 0.5656394360335947 0.42691612011516544 0.5665078135980292 0.43285907907176485 0.5665078135980293 0.43904626921836143 0.5810531378023089 0.4386392172350327 0.591039479793307 0.43139369193178145 0.5986377834821098 0.42626483694183953 0.6016771049576309 0.42268277948854677 0.6158967875752478 0.41950777401858275 0.6291395454328756 0.41470456061530375 0.6327216028861684 0.41519302299529826 0.6380404154683303 0.41983341560524573 0.6510660789348496 0.42121739234856337 0.6600145814581715 0.42294259394005157 0.671123248992254 0.4260653033875302 0.6789758907190279 0.4280879535292749 0.6920636269303175 0.4230908178849643 0.7098312203323109 0.43243070236302095 0.7196668523941284 0.43826069394805 0.7208566465951546 0.4451615003140027 0.7240294311312251 0.4528951626206739 0.7325959493786146 0.46098576318765294
10 0.5117767996162361 0.48567110186107726 0.520712306901559 0.485802506379979 0.5235156033047976 0.4868537425311934 0.5224643671535831 0.490533069060444 0.5205371008763566 0.4915843052116585 0.5203618948511541 0.5099809378579114 0.5208875129267614 0.513003241792653 0.5310494623885011 0.513003241792653 0.5433138841526697 0.5174709954353144 0.5466427986315155 0.5211503219645649 0.5433138841526698 0.528640379541968 0.5406857937746337 0.5312684699200041 0.5342031708421444 0.530611447325495 0.5357800250689662 0.5266693117584409 0.5270197238088457 0.5227271761913866 0.5186098345991301 0.5187850406243325 0.5144048899942723 0.5084040836310897 0.5096743273138072 0.49132149617385484
16 0.8102625508801446 0.4878760042086144 0.807731217042444 0.4912314932492873 0.8054353561198784 0.4911873420776994 0.8050821467471759 0.49383641237296744 0.8073780076697417 0.4965737850114111 0.8118519930573055 0.499267006478267 0.8167380560463555 0.5027107978621155 0.8207997139316106 0.5021312744680595 0.8202698998725569 0.49851087839785985 0.8137355264775624 0.49210895851762876 0.8111453244110781 0.4898572487666509
16 0.7664775224364436 0.4637175935381862 0.7612473789875426 0.4612332753999582 0.766651860551407 0.4584220732961739 0.7746714138397219 0.4596642323652878 0.7822551218406284 0.46280231843462843 0.7867007437721942 0.46502512940041135 0.7867007437721942 0.4680978386766407 0.7868750818871575 0.4705167800217575 0.7745842447822403 0.465940404503969
16 0.6621446876631424 0.5201167606880104 0.6653783916172116 0.5146266068199763 0.6652508430437384 0.5117886510602032 0.6668664583077292 0.5119480867770444 0.6726486603051695 0.5145947196766081 0.6842555804912077 0.5161253025582835 0.6925462377669492 0.5174964497231176 0.6916533977526388 0.5202068569094178 0.6919935272818998 0.5216417783609885 0.6968403730738718 0.5182298540205871 0.7021974131597356 0.5193459040384754 0.7120611695083103 0.520238744052786 0.7162702724329176 0.5199517597624719 0.7161852400506022 0.5216098912176202 0.7198416324901602 0.5233636841028733 0.7240507354147675 0.5209402612068873 0.7309808745734643 0.5218968755079344 0.7368055927620621 0.5210040354936237 0.7408446309220389 0.5217693269344614 0.7419925680832954 0.5269031570167476 0.7407170823485658 0.5279873198912677 0.7359552689389094 0.5286888370453688 0.721542280136466 0.5350662657190162 0.71774100976593 0.5484014375750235 0.7142294821321048 0.5492941988378603 0.7092895364777404 0.5470176576176262 0.7054004324762186 0.544986112898803 0.6989130339662704 0.5400312878900582 0.6953419889149227 0.5352996531970224 0.6889141078224967 0.5283807534100363 0.6778438681633188 0.5186942937082556 0.669094807787517 0.5176676182559932