2 0.33457294000002774 0.7363087452668334 0.32739386933858716 0.735380417164061 0.30783709064018017 0.7396507264368144 0.3115504030512701 0.754503976081174 0.32269034028453997 0.7762268536860504 0.32739386933858716 0.786995459678211 0.3335827233570704 0.7897804439865287 0.3491786354836482 0.790708772089301 0.3699731849857519 0.7897804439865287 0.3887873012019408 0.7927510939154006 0.40846436521989365 0.7970625090404561 0.4238127231857321 0.7983621683843374 0.4483205850989257 0.8057887932065174 0.45896541401071694 0.793720527870475 0.45772764320702025 0.7900072154593851 0.455252101599627 0.7855512405660773 0.45450943911740893 0.7816522625344328 0.4609458472966315 0.7788672782261153 0.46465915970772154 0.7809096000522147 0.46490671386846083 0.7848085780838594 0.4708480137262048 0.7842515812221957 0.4767893135839486 0.7757109626766889 0.4849586008883465 0.7588153912062297 0.48669148001352186 0.7450761352851969 0.4891670216209152 0.7369068479807989 0.48693903417426115 0.7266952388503016 0.47381866365507674 0.7320795418463821 0.4609458472966315 0.7359785198780265 0.44163662275896376 0.7428481478385429 0.406483931933979 0.7467471258701873 0.39014535732518335 0.7465614602496328 0.3730641202341695 0.7447048040440878 0.3480611499994972 0.7409914916329978
15 0.6082810221701658 0.8085358270701798 0.6060298589298397 0.8140833364838405 0.5938092584823556 0.819148453774574 0.5764431420569831 0.8107065916233513 0.5621476205842758 0.8106599625788405 0.5515349938798814 0.8072832177183513 0.5441383146616674 0.7986001595056651 0.5422087461699594 0.7739981612363875 0.5396359881810152 0.7522905157046722 0.5383496091865433 0.7390247323241794 0.5422087461699593 0.7349243992793 0.5508918043826455 0.7339596150334458 0.57115227354558 0.7334772229105188 0.6470486342194296 0.7315476544188109 0.672133024611634 0.7305828701729566 0.6846752198077364 0.7305828701729566 0.6940014675176586 0.7351655953407633 0.6949662517635126 0.740230712631497 0.6975390097524568 0.7583204172412599 0.6981821992496927 0.7684506518227269 0.7046140942220531 0.7701390242529716 0.7036493099761987 0.7747217494207781 0.7001117677414007 0.7788220824656578 0.7020413362331087 0.7959470028295668 0.7013981467358726 0.7986001595056652 0.6981821992496927 0.8019769043661543 0.6917503042773325 0.8060772374110339 0.671489835114398 0.8072832177183514 0.6374007917608894 0.8084891980256689
4 0.7264813355944321 0.5166988263906436 0.7517207209227165 0.51427196241677 0.7805195067460153 0.5118450984428966 0.8138484386538781 0.509418234469023 0.8212908215070902 0.5089328616742483 0.8267917131812034 0.5116024120455092 0.8297039499498517 0.5183976311723549 0.8326161867184997 0.5368417973737936 0.8403420986865978 0.5824473537296402 0.8426071717288798 0.6028330111101776 0.8422835898656966 0.6084147982500866 0.8364591163284003 0.612783153403059 0.8290167334751881 0.6166661357612566 0.7905104917563951 0.6203064317220669 0.7520042500376023 0.622490609298553 0.7471505220898552 0.5965231647781065 0.7471505220898552 0.584388844908739 0.753622159353518 0.5703130338602727 0.7400317210998263 0.5669564990888978 0.7238177891721382 0.5683914703020395 0.7143608471966529 0.5663715918937451 0.7118070310597195 0.5544712141616485 0.7085313571861566 0.5387550579398007 0.7054614637896054 0.5273238877365132 0.713424940375635 0.5181067865410103
7 0.27140286560739585 0.6914433203536702 0.25199209024248986 0.6935842146953878 0.22573045298408762 0.6957251090371053 0.22030685398506977 0.6882319788410938 0.21887959109059138 0.6843783690260021 0.21802323335390433 0.6743161656199296 0.23857581903439307 0.6706766452390096 0.2636956459772127 0.66703712485809 0.26432908805739663 0.6553277579997495 0.26775451900414476 0.6411978553444136 0.2751762860554324 0.6289947575966235 0.29001982015800754 0.6107971556920241 0.3074324274706438 0.5992363262467493 0.33112499151898495 0.5883177651039896 0.34625397820045584 0.5827514398155239 0.3765119515633975 0.5778273828295736 0.41276442908314853 0.579111919434604 0.43674244571038534 0.5825373503813522 0.46871313454670116 0.5917431960507378 0.48041669028142386 0.5992363262467493 0.4975438450151646 0.6088703507844784 0.5072492326976176 0.6187184647563793 0.513814642012218 0.6270679526890777 0.5200945987479231 0.6396992293052114 0.5243763874313582 0.6548995791314062 0.5252327451680452 0.6752380753777232 0.5180964306956534 0.6953624821898683 0.49668748727847756 0.7189123199487617 0.48098759543921527 0.727475897315632 0.4461623808139427 0.738822637326735 0.41561895487210526 0.7443889626152008 0.3882155072981203 0.7458875886544031 0.3639520380919878 0.7422480682734832 0.3485375988316212 0.7396789950634222 0.3345504224657331 0.7345408486433 0.3217050564154276 0.7298308810915214 0.3074324274706438 0.7234081980663687 0.2923034407891729 0.7122755474894372
0 0.5267908175929454 0.445126738883122 0.5375260016486969 0.46468010984181213 0.5444271913988229 0.4819330842171269 0.5582295708990747 0.4986109594465979 0.5750991458438269 0.5118382398010058 0.605004301427706 0.5221900244261948 0.6318422615670845 0.5290912141763208 0.658680221706463 0.5239153218637262 0.6609806182898383 0.5198896278428194 0.6816841875402162 0.508387644925943 0.6893521761514672 0.5129884380926936 0.7046881533739693 0.5095378432176305 0.7177237340130961 0.49976115773828556 0.7315261135133478 0.48078288592543933 0.7370650598285878 0.4663395386345769 0.7413252921366168 0.460578882454108 0.7429330174993767 0.44491825430961834 0.7405490914883263 0.42780507115886235 0.7327161917377313 0.40941478478790067 0.7262455354220226 0.39894253838221416 0.7047902013225673 0.40405095126303686 0.6960531987776486 0.4067164031055392 0.6874215975277703 0.4114581499402298 0.6484278750057593 0.42731873748081756 0.638211049244114 0.42425368975232386 0.6276536626237471 0.42629705490465297 0.6215235671667599 0.4247645310404062 0.6044955242306843 0.4293621026331465 0.6051766459481273 0.42578621361657065 0.6017710373609122 0.42425368975232386 0.5918947724579884 0.426552475548694 0.5918947724579884 0.4303837852093111 0.5826996292725075 0.4311500471414345 0.5871269204358872 0.433959674225887 0.5741856078044697 0.4352367774460927 0.5666932689125964 0.43293799164972246 0.5483029825416349 0.4344705155139692 0.5452379348131412 0.43472593615801036 0.5346805481927743 0.43472593615801036
9 0.68215936326833 0.4128701398821201 0.6708443298489509 0.41312729973256057 0.6638152939369124 0.4102985413777158 0.6531860201187076 0.4095270618263945 0.6451283448049074 0.4030980655653835 0.6382707487931624 0.3984691882574557 0.6348419507872899 0.3998835674348781 0.6338133113855282 0.3993692477339972 0.6147834824529359 0.4063125636958889 0.596439413121518 0.39435463065040866 0.5991824515262162 0.3749390619421558 0.6041542086347312 0.36259538912101485 0.6053542879367866 0.34215118101100017 0.5991824515262162 0.3366222442265308 0.6044970884353185 0.3352078650491084 0.6050114081361994 0.332636266544704 0.6082687662417783 0.329678928264639 0.6086116460423655 0.31746383536871836 0.6176979607579276 0.3056344822484583 0.6310702729808301 0.29136211054901406 0.630213073479362 0.28699039309152663 0.6212981986640935 0.28261867563403925 0.6204409991626254 0.27888985780265296 0.6231840375673234 0.2772183187747901 0.6255841961714341 0.27978991727919444 0.6344990709867026 0.2822329358583786 0.6495857822125415 0.28493311428800316 0.6768447263592278 0.2876332927176277 0.7071895887111991 0.2905906309976928 0.717818862529404 0.2922621700255556 0.7188475019311656 0.2898191514463715 0.7402774894678688 0.2913621105490141 0.7683936331160232 0.2940622889786386 0.7935952984591857 0.2947051886047397 0.8259974396146808 0.29611956778216214 0.826340319415268 0.2914906904742343 0.835940953831711 0.2929050696516567 0.8374839129343536 0.2943194488290791 0.8534278236616606 0.29483376852995996 0.8472559872510901 0.3116777387338086 0.8362838336322982 0.33623650445087017 0.8352551942305365 0.34330840033798216 0.8331979154270129 0.34600857876760677 0.8383411124358218 0.34793727764591004 0.8434843094446304 0.3480658575711303 0.8537707034622479 0.3471657980945887 0.8592567802716438 0.34858017727201107 0.8577138211690012 0.35539491330868267 0.855485102465184 0.36259538912101485 0.84914182615432 0.3852254559597732 0.8474274271513837 0.39486895035128955 0.842284230142575 0.41261298003167957 0.8393697518375833 0.42778541120766533 0.8239401608111572 0.4259852922545823 0.8066247308815013 0.42611387217980257 0.7978812959665266 0.4165989577135064 0.7666792341130868 0.41454167890998295 0.7366772515617028 0.41479883876042334 0.7270766171452597 0.39872634810789603 0.7257205474027297 0.39859025609104765 0.7052127684982907 0.4026028118665615 0.6947613284774521 0.40554922846818087 0.6901656598158067 0.40944072209296123
12 0.48621236319544087 0.27189231471840264 0.48201600049062804 0.26710298771834456 0.4767432933772098 0.2588973338317109 0.47546613951052763 0.2513712485459053 0.4765608428248267 0.24069789123149019 0.47984495276772365 0.22947718225992556 0.482399260501088 0.21620390457405034 0.4862307221011343 0.20621473683107205 0.490244634253564 0.20115173400243924 0.49553570027267585 0.20005703068814026 0.5083072389394974 0.20060438234528974 0.5491761626733263 0.20580422308820995 0.5623126024449142 0.2082673055453827 0.579827855473698 0.213877660031165 0.5916871413786037 0.22222477280269481 0.6004447678929955 0.2300245339170751 0.6061007350168737 0.23850848460289228 0.6079252405407053 0.24466619074582407 0.6082901416454716 0.25137124854590537 0.6044586800454252 0.2668339328603786 0.5967957568453323 0.27545472146048317 0.5843891192832771 0.28352815840343815 0.5652318112830447 0.2910542436892437 0.5489937121209432 0.29242262283211745 0.5325731624064582 0.29146475743210587 0.5294715030159445 0.2807914001176907 0.5208963270539357 0.27997037263196645 0.5055704806537499 0.2718969356890114
22 0.42690310389052166 0.5008104403612029 0.421635296586838 0.5077639460020653 0.4239531318004588 0.5093442881931705 0.4328030480706473 0.5115567672607175 0.4460779224759301 0.5140853147664857 0.46230276897127565 0.5126630067944911 0.46293490584771774 0.5069737749065127 0.45977422146550756 0.5001783034847609
22 0.2527514476492657 0.5162805113292607 0.2576552546839772 0.5206939376605011 0.26664556758094826 0.5173838679120708 0.265664806174006 0.5107637284152102
22 0.306982896457995 0.4509321543481933 0.30557967761568444 0.45391399438810326 0.30394258896632215 0.45689583442801307 0.30160389089580464 0.4572466391385907 0.2976281041759248 0.45514181087512495
22 0.3446079978397962 0.3780650850087083 0.33828832581900165 0.3819684118450814 0.35167116068656656 0.38642935680093643 0.35613210564242154 0.383641266203527 0.36691272261907104 0.3819684118450814 0.3672844680320589 0.3755558034710399 0.36319526848919187 0.37499818535155804
22 0.3810390483126117 0.3228608911800032 0.39107617446328535 0.33234039921119496 0.3888457019853579 0.33484968074886334 0.36877144968401054 0.3331768263904177 0.3672844680320589 0.32760064519559906