19 0.18625267222469802 0.42909619578858627 0.19254323348444383 0.4376550085116293 0.19932887521606715 0.4406546252184572 0.20866902020990216 0.44450743502841406 0.23902449143986618 0.44520794590295176 0.26284186117414565 0.44906075571290877 0.3067405426451705 0.46237046232912377 0.3305579123794499 0.48093400050437096 0.37220477800432766 0.51732728084604 0.38808302449384724 0.5442969495157388 0.3913520752416895 0.5649620203145989 0.37967689399939564 0.5852768356761902 0.3614636112614173 0.5999875640414803 0.34605237202158945 0.6094444608477384 0.3119608427940914 0.6175003359049211 0.2563869800807727 0.6167998250303836 0.2246304871017335 0.6175003359049211 0.18446786362824266 0.6129470152204266 0.15084334165043642 0.6003378194787492 0.12235589941923947 0.5775712160562763 0.10507663118064454 0.5544543571965345 0.09853852968496002 0.534489797272212 0.10040655868372703 0.5099719166633949 0.1158177979235549 0.4879058241154596 0.13963516765783432 0.46654024244206177 0.14990932715105293 0.4598853891339544 0.14150319665660133 0.4486772151413523 0.13636611690999206 0.4374690411487501 0.14523925465413537 0.42696137803068573 0.162985530142422 0.42380907909526644 0.17466071138471587 0.4241593345325352
20 0.33479653648918917 0.4337514410445007 0.30469011871144447 0.4278974153654948 0.2856880864267313 0.4170163442073565 0.26231812332054444 0.4147955483696244 0.2649199125112137 0.4008573919910388 0.24968086153729352 0.38552541997459483 0.2589729657896839 0.3763262367647283 0.2552561240887278 0.3662907641721467 0.2459640198363374 0.3632243697688579 0.23927370477461637 0.3473348714972705 0.2563711765990146 0.3520738446659895 0.2574862291093014 0.3509587921557027 0.249860497500447 0.341812832018897 0.24074802921121005 0.33547646010291793 0.25671267742654164 0.33867524305451885 0.2714172719502368 0.34882348567435595 0.28111431670181225 0.34729195776242483 0.283682849563392 0.3421082283658178 0.29598168350563686 0.3363669727140673 0.3088695453494555 0.33786091061691337 0.3151256439851786 0.33842476075319083 0.32299354381308887 0.329498016789762 0.3393476472972958 0.3325644111930508 0.3415777523178695 0.32726791176918835 0.354586698271216 0.3300555430449055 0.3746576434563792 0.3381396737444851 0.3817196426881959 0.34343617316834757 0.37837448515733535 0.34873267259221 0.385436484389152 0.35096277761278377 0.3984454303424985 0.3568168032917896 0.3980737461724029 0.3701974334152318 0.40179058787335903 0.38329930041110216 0.3927490836815364 0.3925423975111878 0.39018898266146856 0.3996022887826266 0.397171585954359 0.40981341693608475 0.38759117387307607 0.4253426481807965 0.3584330559232122 0.4235509755069764 0.33860427895710465 0.4340341896291535
22 0.5480345227203351 0.5102880527116433 0.5489821328460763 0.5015226590485372 0.5603534543549709 0.49394177804260747 0.5827802273308462 0.49299416791686623 0.5853071876661562 0.49583699829408995 0.58562305770807 0.5048392944886315 0.577094566576399 0.514552298277479 0.5792715096058971 0.5152416635701524 0.5913087184625172 0.5190534463747496 0.5922640194470099 0.518653552939382 0.604891130264808 0.5133677856203024 0.6242362020603204 0.513136787903979 0.649648167423683 0.5313002561591363 0.6481588549701902 0.5338089035000001 0.6404841728277151 0.5467363928952317 0.6431114053363703 0.5593268767187513 0.6472177158812488 0.5723565159476929 0.6671175285218144 0.5804112020164932 0.6800682002402776 0.5830171298622815 0.6608001276835396 0.5913087184625172 0.6503764163003862 0.5875182779595522 0.6184735420670987 0.5678553678504221 0.6108926610611689 0.5680922703818574 0.5909928484206034 0.5711720032905164 0.5733041260734342 0.5697505881019046 0.5666708551932457 0.5664339526618103 0.5748834762830028 0.579463591890752 0.5846754475823287 0.5837278374565875 0.5998372095941882 0.5882289855538583 0.6099450509354277 0.5941515488397408 0.6067863505162904 0.6069442855372472 0.5849913176242425 0.6024431374399764 0.563828024816022 0.5939146463083056 0.5480345227203351 0.5730672235419988 0.5439282121754565 0.5524567033071274 0.544559952259284 0.5323199881351266 0.5442440822173703 0.5202379590319262
23 0.5761256161247434 0.4915841574165459 0.5606487083995898 0.49262365121898155 0.5476977345722283 0.5006895148398585 0.5421537676259045 0.49133407061793727 0.5363788020568173 0.47037094560215076 0.534299814451946 0.4525263019936714 0.5412297731348507 0.4445568495083311 0.5403057786437967 0.43035043420837665 0.5470047387039378 0.4161440189084222 0.5580926725965851 0.40540258294992 0.5669478642263017 0.40333485196764735 0.565993118803636 0.394164463288909 0.5756485679266102 0.3813209765268265 0.5873218694269063 0.37941523788902776 0.5906634784062368 0.383399964131698 0.595653195312198 0.38681854209897665 0.6087728905052758 0.3890004891677707 0.6185367011602404 0.3854773018760344 0.6273453997568648 0.3886185715052946 0.6373398423989186 0.3897722813942516 0.6482582795320261 0.37779613937455553 0.6569204233524382 0.37569582474543245 0.6728814652298639 0.37591899775538823 0.6816805672497669 0.3835932467645386 0.6858534680635165 0.3819424952503255 0.6871586675868019 0.36605117929546 0.7024668118237646 0.3591451087415317 0.7129078762455394 0.35648844126191437 0.7268911639734705 0.35735468609727744 0.7324966327830179 0.36070434944518515 0.7375214200816254 0.37091313883965765 0.7353813203257945 0.3819260660971719 0.7411592887799787 0.38669282058798893 0.749055537927864 0.39511181952218893 0.7592924730235826 0.40522933398284733 0.760909463382927 0.40557583191699265 0.7683774178905807 0.4119366158726475 0.7702123091764121 0.40409774101981605 0.7752313779942632 0.3995121180694511 0.7989950378612525 0.391415466197336 0.8059249965441571 0.40066560974072 0.8171518298989722 0.4081285168427841 0.8098680737125096 0.41439945380166593 0.8121911576364211 0.41874275341451145 0.817735124582745 0.42567271209741603 0.8187688202583164 0.44663583711320237 0.8224632967799839 0.4577007462157009 0.8180758243900264 0.466212970392408 0.8222644993199676 0.4806386842397329 0.8198171150727133 0.4953538970867865 0.8267913329570905 0.5204393822769188 0.8414630905273438 0.519501868242742 0.8438933626252222 0.5235485552212363 0.8336111286704798 0.5361036306569414 0.8474358419884451 0.5591140212971546 0.8498993268170727 0.5726372640010259 0.8496376284741106 0.5853271099318906 0.84855412961187 0.6000827419496851 0.8438244559720824 0.6072637211604051 0.8340319160979689 0.620416315058071 0.8056849892661023 0.6261203294535259 0.7844537208808808 0.6237782458848088 0.7672800048720407 0.6186979659770796 0.7519681728666855 0.6130269676551384 0.7422534983461003 0.6135637474467246 0.739538960687127 0.6105371337397918 0.7277756524603857 0.6118594080316432 0.7197541748568335 0.6109464119583803 0.7188301803657795 0.6150663307966349 0.7127998906541948 0.61987924550318 0.7006452391505733 0.6226373322697468 0.6897957154575398 0.6243951928547983 0.6677472718485246 0.6226076139222155 0.6364943262139798 0.6191918083175275 0.6333501704442878 0.6142759385641481 0.6321301536911474 0.6010566104437373 0.6351764660388729 0.5886207411859972 0.6282613305096696 0.5761004211613237 0.6595010679897562 0.5919917204871268 0.6620131360864735 0.5917167991712095 0.681017598834228 0.5826064123900694 0.6724778760273257 0.5807575253253228 0.6592270804405803 0.5762853818147962 0.6479639041918469 0.5715647858870182 0.6436573956261546 0.5577756767295614 0.6499515235298587 0.5474649014136251 0.645479380019332 0.5398871026874551 0.6507796982540303 0.5306943632491505 0.6282533457565632 0.5128057892070443 0.6228934161577661 0.5116838310800615 0.6042989100755423 0.5123189708982852 0.5911814036426519 0.5182846453664347 0.5780638972097616 0.5142028680987535 0.5880550224276555 0.5047797887699184 0.5865199950791259 0.4944183541673429 0.5845336021152884 0.49235255832407376
4 0.34594031574675665 0.713809312645707 0.3324142133538148 0.7224168323503064 0.3264709259387342 0.7239538894404134 0.30392742195049777 0.7213408923872315 0.26826769746001455 0.717037132534932 0.2240004532649319 0.7130407841006536 0.19940753982321938 0.7087370242483538 0.19202966579070557 0.7019739730518828 0.191824724845358 0.6839904050976305 0.19694824847904813 0.6558622603486719 0.19961248076856697 0.6335749325421198 0.20596565007434273 0.6315767583249806 0.2266646855544508 0.6332675211240983 0.27359616203905224 0.6372638695583767 0.3166337605620493 0.6417213351196871 0.33179939051777196 0.6435658036278156 0.34573537480140915 0.6464862120990188 0.35372807166996567 0.6498677376972544 0.35639230395948457 0.6535566747135113 0.3574170086862226 0.6630864286721748 0.35147372127114207 0.6884478706589411
2 0.6123048411380803 0.7521016820908827 0.6397790699919909 0.7530927012694171 0.6636072769800169 0.7521461954190527 0.6863347715240933 0.7532261472413222 0.692851028800722 0.7526277154506115 0.6925850591159616 0.7624021013655544 0.6944468469092842 0.7975100997539212 0.6713074843351333 0.7993053951260536 0.634204713311064 0.799704349653194 0.5985647755531766 0.8005022587074753 0.5952401544936721 0.7917252591103836 0.5932453818579695 0.7747696917069109 0.5920485182765479 0.7600083742027114 0.5915343071681818 0.7567148497595055 0.595116213564609 0.753244776593029
15 0.393194623840104 0.2894112319616636 0.4041640956769326 0.2912394772678017 0.4156210995953982 0.2956272660025332 0.42049642041176655 0.30458566800260994 0.42293408081995065 0.31427536812514195 0.4185462920852192 0.31921163045171486 0.44852951510588446 0.3177490342068044 0.46851833045299446 0.31445819265575575 0.49728272326956746 0.31171582469654857 0.5092272592696698 0.31080170204347957 0.5165402404942222 0.3073280359618171 0.5204404971473169 0.2989181075535818 0.5165402404942222 0.2863032149412288 0.509958557392125 0.26253602596143333 0.49996414971857 0.22798218967542294 0.49582012702465694 0.2111623328589523 0.4882633797592861 0.20732301771606226 0.4785127381265494 0.20293522898133076 0.4648618398407182 0.20439782522624128 0.4331722545343241 0.20732301771606226 0.39660734841156187 0.2107966837977247 0.38368774824818586 0.21225928004263517 0.3792999595134543 0.2155501215936838 0.37418087265626765 0.22194898016516718 0.37418087265626765 0.22743371608358148 0.3771060651460886 0.23748906526734115
23 0.7642162065470162 0.3938209647306357 0.7695926019699599 0.3920928376304037 0.7790652986675277 0.38402824449598794 0.7790652986675277 0.37999594792878016 0.7724088090962639 0.3778837925840522 0.7680564889919761 0.37500358075033224 0.7542314721901205 0.37999594792878016
12 0.601559426368593 0.7520979997534156 0.5924877020154449 0.7468557328116375 0.5835646944549714 0.7417250034643652 0.5755339876505452 0.7316866199588324 0.5709237670776338 0.7199751725357111 0.5724109350043795 0.7046945220884 0.5813339425648529 0.6926484618817607 0.596205621832309 0.6831677663487575 0.6179182735627947 0.6771447362454378 0.6324925192449015 0.6746909091663076 0.6681845494867957 0.6802677888916037 0.6774957916560296 0.6864169754690469 0.6930305787990441 0.6982298865257142 0.7163262960389978 0.7228530642483889 0.7184839053644163 0.7301349957216768 0.7053224884793624 0.7375787478943713 0.6891404185387224 0.744698858668253 0.6712322611377475 0.7516571487427283 0.6643279112964078 0.7510098659451026 0.6403140055887393 0.7524710595996127 0.6126037409708438 0.7515394907080364
9 0.4409545217257609 0.7969325821573578 0.438453304521881 0.7835332042794299 0.4405972049823495 0.782193266491637 0.44345573892964085 0.77415363976488 0.4413118384691724 0.7669179757107989 0.43521179347510464 0.7618886261389913 0.4001947526207858 0.7586727754482887 0.3723240466346953 0.7530450367395588 0.3194411686098058 0.7436654722250091 0.3215850690702743 0.7404496215343063 0.3380216392671994 0.7305340819046396 0.35660210992459296 0.7141868408935674 0.3894752503184434 0.6769365703929273 0.4109142549231283 0.6450460510434585 0.4184179065347679 0.6126195565788723 0.42627887488981914 0.6075277929852597 0.43556911021851596 0.6085997432154939 0.44736056275109265 0.606723830312584 0.46415444969142927 0.6107436436759625 0.4852361375527028 0.6201232081905121 0.5238263458411356 0.636738436759143 0.5466946174194662 0.645314038601017 0.587786042911779 0.6608573169394135 0.606723830312584 0.6659490805330261 0.594575061036596 0.6780085206231614 0.5817116582737849 0.6860481473499184 0.5617019206427457 0.6959636869795851 0.5531263188008717 0.7007874630156392 0.539548282551238 0.7200825671598555 0.5309726807093639 0.7305340819046395 0.5084617258744448 0.7551889372000272 0.503459291466685 0.7632285639267841 0.4927397891643425 0.7830596431861178 0.47951906965812013 0.7857395187617032 0.4713007845596577 0.7932431703733429
0 0.5001075778912532 0.3123728784166219 0.4991963586867585 0.3167305757974197 0.5045287929676848 0.3189701981954087 0.5032490087402625 0.3208898745365422 0.5034623061114996 0.3237693890482424 0.5109277141047963 0.32840860687264817 0.5364428886611813 0.32906451947595916 0.5835816077045695 0.32986438461809814 0.6155762133901269 0.32938446553281475 0.6155762133901269 0.32602503193583116 0.6130166449352823 0.32010602988400305 0.6098171843667265 0.3071482145813523 0.6051246421995115 0.2932305611081348 0.6068310211694078 0.28779147814158995 0.6076842106543561 0.2746736898105114 0.6040581553433262 0.27131425621352784 0.6102437791092006 0.26523528113327194 0.6123767528215711 0.25611681851288803 0.6153629160188898 0.2450786795513707 0.6106703738516748 0.23132099910658094 0.6132299423065193 0.22796156550959742 0.5985124236911629 0.22044283317349142 0.5754763075975614 0.21452383112166323 0.5641715469219978 0.21740334563336344 0.5592657073835455 0.22012288711663583 0.5596923021260197 0.22300240162833598 0.5503072177915895 0.23260078333400325 0.5439082966544782 0.23116102607815311 0.5244982358719066 0.23516035178884784 0.5142599620525281 0.23979956961325366 0.509354122514076 0.24395886835237612 0.5106339067414982 0.2525974118874767 0.5091408251428389 0.2565967375981714 0.521938667417062 0.29882961710310735 0.5172461252498468 0.30778810669506346 0.5089275277716018 0.31162745937733033