0 0.6003934363290861 0.42032225986831473 0.5914717745117087 0.41201588507282544 0.5822424691833874 0.39932559024638353 0.5765239395091443 0.37932444899400997 0.5780621570638645 0.36086583833736724 0.5792927311076407 0.3451760192792208 0.5885220364359621 0.3301783981206985 0.6020583509175002 0.3174881032942566 0.6226704661507513 0.30664366953347894 0.6475895905372192 0.29672216630553333 0.679892159186344 0.29049238520891646 0.7091182927260286 0.28933872204287625 0.7472660880830904 0.28980018730929236 0.7688011338491737 0.2953377705062852 0.7884903185495928 0.30179828423611016 0.809102433782844 0.31171978746405565 0.8177164520892771 0.31864176646029674 0.8281763314613748 0.33087059602032265 0.8337139146583677 0.3417150297811002 0.8398667848772486 0.35555898777358247 0.8364827062568643 0.3682492826000243 0.8284839749723188 0.385554230090627 0.8201776001768296 0.3963986638514046 0.7918743971699773 0.41808753137296 0.7469584445721463 0.41877972927258406 0.6577418263983726 0.4203948577050403 0.6288233363696323 0.41693386820691974
15 0.6070945496389096 0.3137832238048981 0.6002656405432102 0.3126971547241543 0.5933959658937404 0.3095296880119531 0.588408093078473 0.30373731958132 0.5859946062323759 0.29746225378146757 0.5896952860630581 0.2839467274433238 0.5935568650168135 0.26512153004376643 0.5980620404628614 0.24641700698651386 0.5953267553706181 0.24436554316733133 0.5818112290324742 0.24327947408658762 0.5816503299094011 0.22747113524465162 0.5810067334171086 0.20755986876435056 0.5913042772937895 0.2062324509989972 0.6197834220777353 0.20333626678368066 0.648101667738608 0.20116412862219327 0.6658005712766533 0.19911266480301074 0.6783507028763583 0.19754389835304761 0.6831776765685524 0.19862996743379133 0.6870392555223078 0.20176750033371754 0.687361053768454 0.21057672732197197 0.6888091458761123 0.21974797733714094 0.6949233125528917 0.24074531289818568 0.6983021941374278 0.25377814186711 0.7087606371371816 0.28829100376629857 0.7002329836143053 0.28901504982012766 0.6844648695531376 0.28913572416243255 0.6780289046302118 0.28949774718934707 0.6670877642612383 0.2921525827200539 0.646814474754023 0.2960141616738093 0.6286328738467579 0.3031339478697957 0.6175308343547113 0.3080815959042948
2 0.5757171873365705 0.732559007109679 0.5450474182554718 0.7482590079488131 0.5401792009410116 0.752640403531827 0.5474815269127017 0.7624985435936089 0.5635466440504201 0.7719915673568062 0.5917823044742889 0.7946287778690457 0.6000582739088711 0.8052171505279966 0.6263466474069559 0.7902473822860315 0.6570164164880546 0.7719915673568062 0.6404644776188902 0.7588473806077638 0.6088210650748994 0.734019472304017 0.6010319173717631 0.7321938908110945
21 0.2804535246725895 0.538475334088864 0.23919734094271677 0.5291926927496429 0.22911249603097017 0.5288488912185605 0.20435878579304656 0.5185348452860924 0.19381553883985692 0.5144092269131051 0.1713538388091485 0.5133778223198582 0.1257084374295709 0.5003109362803411 0.09270349044567276 0.4920596995343666 0.064740965917648 0.4817456536018985 0.03586163730673714 0.4611175617369623 0.023484782187775343 0.44530269130717776 0.01110792706881355 0.421580385662501 0.010051894145070319 0.40163041865925847 0.011866938465394812 0.3829127741059121 0.02774857626823414 0.35636775092116635 0.050890391352371445 0.33356625664708994 0.07856981723731998 0.31995342424465617 0.12394592524543233 0.30804219589252674 0.16070057273200336 0.30668091265228337 0.1865649542966274 0.3077018750824659 0.2118173455894271 0.3143342071608119 0.22572079837594383 0.3199931416023584 0.24418834020173996 0.3275120693457182 0.2595125731393404 0.33819158410986494 0.2602625086760153 0.33871421696650933 0.2762299092672302 0.3566497340526027 0.28940499198456976 0.3760530376908664 0.31359923479277524 0.4130630427786658 0.32773250534410325 0.4310290646659471 0.3327629914725419 0.43623921101325863 0.3430635106879165 0.4480967854588643 0.34749662876458515 0.45402782169837613 0.35815496907323274 0.485645771203282 0.3578791110574416 0.49046454089582897 0.3525778432482447 0.4982772869391357 0.33686546157639496 0.5211647510237628 0.3087319711321156 0.529942585448726
6 0.47729994097802203 0.31554088692490995 0.47512633049082564 0.3196164065884029 0.4786584475325197 0.3208390624874508 0.4849075776832088 0.3204315105211015 0.48354907112871115 0.31737487077348175
6 0.45109645439052737 0.3117152165787638 0.44826264662925797 0.31632015419082654 0.44826264662925797 0.3209250918028893 0.44046967528576725 0.32446735150447603 0.4232306780713785 0.3180912840416199 0.4158612889662819 0.31030194985899734 0.4066514137421564 0.3041029953812206 0.3946077307567616 0.2956015720974124 0.3802025413036422 0.2858603579180489 0.36674195443761265 0.27222265806694 0.3587128324473494 0.2692117373205913 0.3572959285667147 0.26708638149963926 0.35942128438766674 0.26513813866376656 0.3542259701586728 0.25823073224567245 0.3525729156312657 0.25752228030535507 0.34784990269581667 0.24813529209615026 0.3492668065764514 0.24423880642440485 0.35044755981031367 0.24353035448408755 0.35139216239740345 0.23910252985710412 0.37122881672628905 0.2346747052301207 0.37996639065686977 0.22847575075234394 0.392718525582582 0.2238708131402812 0.4118467279711503 0.21784897164758377 0.41845894608077894 0.2169634067221871 0.4312110810064911 0.2097017743339343 0.4339435815376361 0.2106889958247315 0.4477080900940386 0.202893928469583 0.4593714619940998 0.19598810380147763 0.4639172469139227 0.19492908417015722 0.4702052818871536 0.19492908417015722 0.47255830014420963 0.19441901126509065 0.47297555833781113 0.19679573223891572 0.4766701976625523 0.19724571079612382 0.4742575710921246 0.19409067950705977 0.4742771165069239 0.19257066751608268 0.4754955157656826 0.19187916074335362 0.48157556372959126 0.19393564755467568 0.4977171874252981 0.20085213489091833 0.5086962430302678 0.20803695804417058 0.5190294718349454 0.2167556198481172 0.5307619920402563 0.22821904555330627 0.544431992646444 0.23863300270802024 0.5523971898500497 0.24807821966229576 0.5611158516539964 0.25574741291576736 0.567035930656676 0.2622864092687273 0.5752164034603789 0.26947123242197957 0.5762927814608663 0.2730232798235875 0.5794142776622793 0.2814190282273879 0.5813517580631562 0.28658564262972663 0.5762927814608663 0.2890074931308229 0.574462938860038 0.2952235760836367 0.5701574268580891 0.2990178085353542 0.5615464028541913 0.3022469425368159 0.5480916778481006 0.3020047574867063 0.535067504042205 0.3041036945876564 0.5197829364352864 0.30499170643805834 0.5048212822285139 0.3057182615883872 0.4945956912238851 0.30458806468787564 0.4893214390214978 0.3037000528374737 0.4799569504172587 0.3062026316886065 0.4687626192121914 0.30587971828846033 0.45939813060795254 0.309108852289922 0.45293986260502916 0.3105619625905798
17 0.63262630175738 0.713324151268298 0.6291671100782762 0.7129048827960492 0.6231950020983674 0.7126012162885961 0.6187412266557236 0.7107792172438782 0.6138825625364758 0.7109310504976049 0.606678150598785 0.7084681328382455 0.5941575728014519 0.703606688885162 0.5878913032577969 0.7030718184481173 0.5812106400938313 0.7013291900792644 0.5751926735012004 0.6979332990241758 0.5716604803376975 0.6934356982148757 0.5696289817834896 0.690084783876111 0.5689345369418087 0.6813755373004016 0.5659885112796478 0.6811927641361354 0.562908108631253 0.6753833749950457 0.5598880382589111 0.6744414757236974 0.5491055745449954 0.6644408381315061 0.5443728256940569 0.6587285712923945 0.5486241567983986 0.6521997413821552 0.5513571553654756 0.650605492218027 0.5543938204400054 0.652123824755292 0.5590402494728839 0.6505305546659705 0.5547934873843068 0.646966389502625 0.5532738494139663 0.6412701948008642 0.5533737661500415 0.633676084427523 0.5569113203380238 0.6266907756812974 0.5615708037016587 0.6216028930692499 0.5643971918394328 0.6170449582330348 0.5585426239421206 0.6104544082806299 0.5531572201914996 0.6098544902872443 0.5509522666888715 0.6077125980402923 0.5538785715627209 0.6053582035327248 0.5483093941098026 0.5993647063097555 0.5495240601396145 0.5948057923987337 0.5533639754019742 0.5882015353990347 0.566199609388016 0.5843381095648662 0.5648745831575235 0.58084349704214 0.5681914169441447 0.5769619583240471 0.5663655016001998 0.5712682113093036 0.5685639645115741 0.5704212179719297 0.5731360493850121 0.5732959325389265 0.5741770643043868 0.5723661731218159 0.5745139213607069 0.5672920073864539 0.5735385442215009 0.5664170774571015 0.5711588301070827 0.5673042099153163 0.5683188241734974 0.5662311519352106 0.5666854566867664 0.5679028626260323 0.5631093246028894 0.5678058438778926 0.5607510503263893 0.5656823757467726 0.563282655579803 0.5619284435698262 0.5642250519440959 0.5573410405166641 0.5711580023813758 0.5580743775022866 0.5703588335082127 0.5547161518544435 0.557402745998254 0.5534475647138366 0.5548339861435574 0.5519947773454317 0.5540654625586569 0.549107791861674 0.5516950921269715 0.5465468916523786 0.5512501558282757 0.5425168461538145 0.5445725402076323 0.5413263825523688 0.5409574467607671 0.5377472655000007 0.5405564469429647 0.533952065143448 0.5406978617004737 0.5316332734339971 0.5447017744450833 0.5316113383014578 0.5460987941439065 0.5351187809083211 0.5486304258514659 0.5348177638670056 0.5492291593972127 0.5275652275547459 0.5496880267842762 0.5193330819361862 0.5419704580169562 0.5120364391057555 0.537130712452356 0.5073305147325238 0.5382333008913979 0.5029861372138539 0.5312585275031314 0.5003073751848545 0.5368963719645944 0.49567486931630195 0.5467728047937058 0.49785913256494596 0.5486549786848578 0.49436314458286434 0.5535600363603208 0.49277572002082154 0.5588093732620972 0.49214048712660924 0.5627673213647624 0.4961406255262958 0.5619029412831409 0.4905510286258767 0.559818403008186 0.48901266110354236 0.5525028683252389 0.4838608569950544 0.5408333058995035 0.4830114915461813 0.5394581016568154 0.4808058185990475 0.5405334550670431 0.4774279974770734 0.5381478377556533 0.47519037017964616 0.5399786775661134 0.47335660460511436 0.54007434901932 0.47067868224228193 0.5419629628008799 0.4683331733419351 0.5489257538062736 0.4687245914346214 0.5511004223787322 0.46823973513973915 0.5513544793685804 0.4664867419097865 0.5543523518487892 0.46420022900115254 0.5594334916457534 0.46389536061333475 0.5593826802477837 0.4621042588349049 0.5621773071361141 0.460465591250384 0.5668011443513514 0.4593985518930215 0.5685761995499211 0.4580895922774021 0.5729831976292998 0.45516674787513733 0.5674432012034054 0.44967154873433735 0.5680432602129312 0.44825801827624817 0.57292188440838 0.4483644653437875 0.5768421549821237 0.44743185973613137 0.5807629945929023 0.44680280049417415 0.5843120308858254 0.44681978269293715 0.5908514511522867 0.4509395240335901 0.5935949948029717 0.4544507081007814 0.5939568709193466 0.45607070340892775 0.5982781044704749 0.4609016762353215 0.6049124461886314 0.46103934149686937 0.6149279464067013 0.4637174217840894 0.6251700002645745 0.456421685653534 0.6257547397322885 0.45145982396501494 0.626132952911228 0.4510211015282375 0.6283742358342668 0.4484212420832008 0.6317648850879231 0.44881613864752445 0.6337140971807298 0.4488371513129296 0.6375177137581529 0.44815783192403613 0.641985666653937 0.4514714881810589 0.6446570842498712 0.4488738620493423 0.6473131772447573 0.4471871424105239 0.6476283631149287 0.44564494995067333 0.6521481236611634 0.44626225593489866 0.6529101275896143 0.44776979727713256 0.6632132521646703 0.44770083657241533 0.6678890048797829 0.4484053732469352 0.6702605612065937 0.45174921985346633 0.6736571581510608 0.45209797184938744 0.6715488662004655 0.4451784353844336 0.6767879722479277 0.4429871138851979 0.6832508833526528 0.44275990216667244 0.6892088795273211 0.442078267011096 0.6929758992118369 0.4416468304756174 0.6963786715341256 0.44313858836421494 0.7027618719446983 0.44545890973666885 0.7018438758473695 0.44894968467147983 0.7041542476134928 0.45324818118999977 0.7062720303178306 0.45371864422857405 0.7063914255938006 0.4402309805917862 0.7153817713507092 0.4405546006847097 0.7279494077322485 0.440531955313653 0.7290143606187333 0.4330250470660954 0.7321877192993185 0.42878153126956564 0.7372890177808514 0.42927438353130953 0.7394770204255985 0.4259488922929849 0.7434245061032675 0.42664202089934755 0.7494436868386236 0.43291903409444965 0.7541775364255133 0.4319391668968342 0.758480006398677 0.42733772142028026 0.7626387211151006 0.42386530185367555 0.7670206740954059 0.42137978216736427 0.772834915013334 0.4243449425763529 0.7820916128353691 0.42836579280509457 0.7885931604829232 0.4297133189346764 0.7905939342332826 0.43242947194961556 0.7908533581310203 0.43795362019694634 0.7876937477589453 0.43952613744971814 0.7862751100676081 0.44180747685975985 0.7838690382318566 0.44369540412442654 0.7865533903533317 0.4440429744702087 0.7881997673316096 0.44255584811497717 0.7968564010848823 0.44127989387674793 0.8058534441721841 0.4484593933001657 0.8030505355633107 0.45187777822865594 0.7979006520902497 0.4510669359311263 0.7962014416767587 0.4557453650923551 0.7906137543986337 0.4589974348578542 0.7937783053865078 0.46085432587441183 0.7967281981162008 0.46036773785168544 0.7975086143346107 0.45785468511306476 0.8041275176082137 0.4571799972575373 0.8078800315752129 0.45879604322362444 0.8093786328808029 0.4630574823549496 0.8131150033632221 0.4613155258462541 0.8175429301466722 0.4616345997884404 0.8221085506525465 0.46343393816843803 0.8251075048742951 0.4652653557514821 0.8286969185675581 0.46642894739641927 0.8290610520862799 0.46874695300219005 0.829761871454043 0.47206103617235745 0.830888008901216 0.47426659380220715 0.8309889918872273 0.47775050681959796 0.8283634342509327 0.47956820056780186 0.8259612287220253 0.4824782948721713 0.8284460049469851 0.4847160170876965 0.830202514134501 0.4882114235558737 0.8309583426851305 0.49071993014375725 0.8308389474091602 0.49455491092375203 0.8318212157560878 0.49584021361134245 0.8340121922462402 0.49722415505738476 0.8362155194920359 0.49908773722610467 0.8384647066974708 0.50032020419313 0.839321518234112 0.5054588430289216 0.8378588087814027 0.5093191264771717 0.8357534906762133 0.511093247571543 0.8354658663192276 0.5135351946040212 0.8352394265229299 0.5160620565601111 0.8308726843001675 0.5199912153304497 0.8381924069415336 0.522687907133763 0.8401998297496227 0.5247764706369543 0.8429630811083413 0.5340370849918804 0.8449980654296162 0.5424874912311565 0.8449246439567905 0.546065496856262 0.843122274809635 0.5480415270009033 0.8462374227749379 0.5499280960711954 0.8454295588868471 0.5522002132564504 0.843207933194598 0.5576532945010623 0.8393705797261675 0.5614401564764869 0.8341194644535783 0.5665902887630647 0.833715532509533 0.5687866687088111 0.8262427915446948 0.572422056205219 0.8234674171173437 0.5732850146588051 0.8233070225104921 0.576587031871312 0.8202934279323864 0.5772613484447948 0.8222927970207098 0.5794993291127737 0.8305605861189068 0.5833809690323786 0.8296977406678654 0.5863495732292295 0.827555570362842 0.5880239275439693 0.8260591486422875 0.5905711808103635 0.8214930385141622 0.5942632849089059 0.8166961053001117 0.5985168374158932 0.8099495289683258 0.6010047589362857 0.8150152678074781 0.6013376420959414 0.8156885256620554 0.6091362619986337 0.8171970950744037 0.6151860634752101 0.8152417076037759 0.6246991068342881 0.8143729094331097 0.627267004255796 0.8158782547219404 0.6334111197618193 0.8152203214684115 0.6426189837788092 0.8111442912915457 0.6471723958334222 0.806046194342429 0.6469589933323661 0.8041275176082137 0.6549756472694805 0.7992803342796698 0.6720922633984007 0.7951400318532051 0.6845131706777943 0.7899898995666276 0.6970855524362048 0.7849407502660611 0.7067041818537838 0.7828201075598232 0.7117785769008532 0.7739336047908264 0.7129146354934806 0.7701054005456227 0.7116821685264548 0.7739090171230459 0.7075372914883773 0.7757328862490712 0.6965760628945348 0.7780677318394695 0.6861358172931483 0.7812593889665085 0.6771873295803593 0.7826149400553848 0.67038255685801 0.7785665852352099 0.6686818572364643 0.7754483495809963 0.6708047303267564 0.774135570762849 0.6729253730329943 0.7675716766721127 0.6737584826675878 0.7671677447280674 0.6778482936010465 0.7587861568891269 0.6842102217197603 0.7547468374486738 0.6842859589592689 0.7513134159242886 0.6869367623420662 0.7503035860641752 0.6895875657248635 0.7540399565465944 0.6914052594730674 0.7545448714766512 0.6938288511373394 0.7534340586305265 0.6969340779571876 0.7496976881481073 0.7006452026931043 0.7404072534350651 0.6992061951424426 0.7355600701065212 0.703068794357376 0.7274814312256148 0.7034474805549185 0.727178482267581 0.7008724144116296 0.7317227166380907 0.6984488227473576 0.723846043729207 0.6986002972263746 0.7171811666524593 0.6972370269152218 0.7149595409602101 0.6963281800411196 0.7105162895757116 0.6973885013942387 0.7089005617995303 0.6997363558190021 0.7016297868067147 0.7008724144116296 0.6931472159817631 0.6982973482683409 0.6944599947999103 0.7010238888906464 0.6938540968838425 0.7048864881055799 0.694964909729967 0.7062497584167329 0.6919354201496271 0.7087490873205132 0.6889059305692872 0.7072343425303432 0.6785046830101202 0.7104910438292087 0.6739604486396105 0.7120815258588871 0.6727806876268246 0.7091619022960761 0.66860835038101 0.7092035107575643 0.6615743403649067 0.7124700772637924 0.6609336434441491 0.713747745128074 0.6557163696861764 0.7172003143390898 0.6494981737853804 0.7177188616240007 0.6452493540779228 0.7191941455847184 0.641154131795746 0.7193110918379646 0.6354859309692942 0.7179890305405499 0.6283533166262829 0.7161960198701738
9 0.1683215791040144 0.30665105769589623 0.15662680461870446 0.3067996051870557 0.15456188632527587 0.2921077490829145 0.13882248846890732 0.2864420743523821 0.13496034814056057 0.2671313727106485 0.14139724868780512 0.26874059784745963 0.1577040634074913 0.2685796753337785 0.17207980796300412 0.2703498229842708 0.1883866226826903 0.2717981256074008 0.20726819762127427 0.2729245832031686 0.2396672637090718 0.2754993434220664 0.2684187528200975 0.27855687118200756 0.2918061581417526 0.2814534764282676 0.3083275362130136 0.2870857644071066 0.3209867739559279 0.2893386795986422 0.3203430839012034 0.2854765392702954 0.32399066087797534 0.2835454691061221 0.33064212477679467 0.2853156167566143 0.3357916452145904 0.29513189009116225 0.33664989862088956 0.30752292364460804 0.33600620856616514 0.3269945478000228 0.33021299807364507 0.3617538107551433 0.3330023216441177 0.36883440135711226 0.3319295048862436 0.3717310066033723 0.3345042651051414 0.37269654168545896 0.3368644619724644 0.3781679071506169 0.34673437614490604 0.3969958412513071 0.35016738977010314 0.40681211458585503 0.3505965164732528 0.4222606758992418 0.3529567133405758 0.42242159841292304 0.3544586568015995 0.42934126650121096 0.35467322015317426 0.4357781670484555 0.34072660230081114 0.43545632202109325 0.3321293737416217 0.431841075899342 0.32527804098742424 0.4232262109813286 0.3164809435728567 0.41083517742788284 0.30746928280671426 0.3987659889017994 0.2921986118618167 0.3723852403727218 0.2899525273291948 0.37046734438241585 0.2733270635402955 0.34597585429842864 0.2571150655944211 0.33268767566186097 0.23086790032595514 0.3209550613938202 0.20227716902023465 0.3112582250631063 0.18436970082259582 0.30762627352619354
4 0.20224652434624477 0.6422089931220869 0.19984920563093364 0.6413917253782307 0.197016010785566 0.637632293756493 0.2031182766063579 0.62373874211094 0.21118198501240426 0.5938267426858086 0.22382239278404456 0.5573766013098286 0.2266555876294122 0.548386656127412 0.23341166764528892 0.5426657819204196 0.24212919024642013 0.5387428967499106 0.26414093481427653 0.5415216070790211 0.2968316445685187 0.5470790277372423 0.3356246201435527 0.5542709838831756 0.341291009834288 0.5567227871147438 0.3460856472649102 0.5624436613217361 0.3480470898501647 0.5681645355287285 0.3421627620944011 0.5858175187960193 0.3356246201435527 0.6065761194899629 0.32668915947739324 0.6301134305130174 0.3210227697866579 0.6482567744266219 0.31797163687626195 0.6528334737922157 0.3048953529745651 0.6595350692918351 0.2876782458373309 0.6570832660602671 0.2453982612218444 0.650054763463105
12 0.4531904696340161 0.46260042166148446 0.4598765418662051 0.4587893604891367 0.47057425743770764 0.45176898464533827 0.4802022014520599 0.43933289029346656 0.4812719730092101 0.4258938851067666 0.4753882294448838 0.41105080475130706 0.4625509707590808 0.3994170390672981 0.44850172533524124 0.3919375542509219 0.4313853804208374 0.38672241790981443 0.40972250638854485 0.38612067140891737 0.39581547614559154 0.3887282395794711 0.38779218946696475 0.3883270752455397 0.38190844590263834 0.3909346434160936 0.38003634567762545 0.39334162941968154 0.3698735158846981 0.3985567657607891 0.3575711429774702 0.40377190210189645 0.35168739941314386 0.4069812167733472 0.3506026223466875 0.4082145225204074 0.35086307691250107 0.4219142687845859 0.3532944804509644 0.4223075367169282 0.35497772572574404 0.429087274629235 0.35516475297849737 0.43619431023386 0.34721248844347513 0.4359605261679185 0.3484036277326662 0.4383575373751075 0.35398024704439307 0.4432078322121084 0.3592793525390696 0.4483978384760121 0.36607467605577254 0.45400865605861085 0.37247935478560895 0.458389170535461 0.3822467085255576 0.4632398495887464 0.39497812438896474 0.4658195369594135 0.40617549234146394 0.46487137273762935 0.4210752158266444 0.4641263865633702 0.43416891222271203 0.46358457843663636 0.44654019778313464 0.463923208515845
17 0.5483635936995082 0.46378578230865225 0.5483635936995082 0.46616340016977936 0.5442876773661475 0.46633323001700266 0.5394192217457445 0.46522933601005084 0.5365887242920218 0.46327629276698223 0.5370416038846174 0.4618327390655837 0.5408910804216803 0.4621723987600304 0.5454198763476364 0.4628517181489238