21 0.43252756340697146 0.12325001196448439 0.5335996477286652 0.12099160718607196 0.6136779590842146 0.1195700987004705 0.691724546895383 0.11832090281863553 0.703477079700619 0.13487151000692366 0.7101181053200334 0.15385027322457978 0.7092833939775934 0.18138021342081362 0.6996313896402261 0.2097647261760978 0.673586421823757 0.25561660336389747 0.6666308011430835 0.26393996368732814 0.6492602039970918 0.28120189385875055 0.6328861809664459 0.3026843298449051 0.6112752872449303 0.3489346923164119 0.5597113205032038 0.36524302880108683 0.502697765102722 0.3574602071247822 0.46727664886806347 0.32593808794688056 0.4608897369031475 0.3027134693567341 0.4578232809777601 0.26920075288514933 0.4415672736727204 0.2358632379041108 0.42937526819394056 0.1990967213821655 0.4176912629434433 0.16918820794203382 0.41997726397071455 0.14442319681326238
12 0.6707650734393763 0.2913063344717182 0.6588310120272414 0.3308054833847084 0.6593498842625515 0.34248010867918827 0.6642791704979986 0.3541547339736681 0.6748194206740432 0.3636648536355397 0.7137008737162222 0.3633064360840704 0.7334561820583987 0.36492572065272993 0.7518134803701841 0.3662394449465119 0.7748406287997613 0.3672338564644482 0.7804533471305085 0.36397304549564113 0.7897930473660923 0.3519092660246786 0.7908307918367129 0.3373159844065788 0.7848637611306453 0.32272270278847887 0.7729296997185103 0.31065892331751643 0.7609956383063754 0.3042378794055524 0.7436134184234828 0.29762225840534723 0.7215613484227987 0.29373071664052053 0.6971743533632186 0.2896445977874526 0.6823864946568776 0.2873096727285567 0.6751222833625343 0.28886628943448733
20 0.16696426298201753 0.4133550611361315 0.16494320005196048 0.4003348053645171 0.16648232517528302 0.3903461439879882 0.17000651923262688 0.38493186970111476 0.16668563672609968 0.3744917699794454 0.1644579355321964 0.36919198114491614 0.17107837683420335 0.3604071553554285 0.17740819388161388 0.3547144184193172 0.1862950026598697 0.3478538398922003 0.19543644169668617 0.3447212577932838 0.2043079257632338 0.3436029079468277 0.20484385456402202 0.3359699309650599 0.2213149802577538 0.32952029753754325 0.2364149528096635 0.3308856152867059 0.23834874177258136 0.3383787425980763 0.25050300812225135 0.34198292608865577 0.2535599842889876 0.33905302131942705 0.25581435376655787 0.3333197911377754 0.29034372227205835 0.3452936850550054 0.31743769475130623 0.34505379907375544 0.3323530056389947 0.3529300130817232 0.34235821025174235 0.35821659043058174 0.33726592057170984 0.3882874755000061 0.33685776555930075 0.3994701978702043 0.33095379972060146 0.40302746484977087 0.334221654631013 0.4100731702918124 0.33385942913168554 0.4342187886727813 0.3115068836141393 0.4424771496390353 0.28811602107815515 0.4424771496390353 0.2742084603228805 0.44342103843643843 0.26534465690032616 0.43853417084778246 0.2537698302445211 0.4410687097761603 0.24015463489243874 0.4428741508215909 0.22161481120786303 0.4401550088334941 0.19797210970751164 0.436308027713539 0.18484492707238723 0.43885854259426954 0.1799258648989076 0.4358744971340562 0.18055424772400294 0.4313322299155445 0.17618446878344507 0.43236141690482555 0.17147032965084827 0.42910644322611113 0.16717357353217344 0.42237384789985205
2 0.3760214841141747 0.771583996666798 0.3956724466094071 0.7560418717842051 0.4006745097900117 0.7351403934938218 0.4305909491908295 0.7247728359175127 0.4374598024376018 0.7251121166303386 0.4589672500275173 0.721817842087517 0.4701753565180366 0.7245441382608866 0.4751735661692142 0.7248849252825579 0.49471202207836273 0.7353357272804745 0.49804416184581446 0.7482856341039799 0.5006189971206635 0.761121945253595 0.5041025977866358 0.7721407256209638 0.5086464247422516 0.7854314194661403 0.5059472909555386 0.7895308280742008 0.5024579265567828 0.7909351628348509 0.4837364170413163 0.7929174403129592 0.4622402825092729 0.7947399666114291 0.4386732058250973 0.798539331777803 0.4236959982127241 0.8000260398863841 0.41466562303467547 0.7988697113574879 0.40849853754722765 0.7808640242646715 0.40321246427227236 0.7636842861210665 0.39704537878482454 0.7656665635991751 0.39352132993485434 0.7689703593960221 0.38360994254431324 0.7777254182576666 0.37546057957875717 0.7754127611998736
9 0.40875000883464524 0.32786238255031314 0.3921606676284955 0.2922305697930415 0.3735763468332497 0.24261988292437642 0.37286249718280545 0.22982930008841465 0.37311411520580795 0.21591482341637477 0.37669547839987727 0.21359574397103484 0.3753907923546789 0.20856338351098425 0.36678818450239253 0.20228532117207557 0.367781554511523 0.20079489882686363 0.3762938185710613 0.19967995300375427 0.3898621052983832 0.19911460772344922 0.40124439027519215 0.19775777905071698 0.4086315686045119 0.1964009503779848 0.42611958260861577 0.19244353341584927 0.42875786058337284 0.19826658980299158 0.4304915861096417 0.20465499147043897 0.432752967230862 0.21081725502576437 0.4364465563955218 0.22133267723943884 0.43863255814603475 0.22879523493946588 0.44089393926725523 0.2358055164152489 0.4449644252854517 0.24366381581148946 0.4572512627107488 0.2689912843691571 0.46034181690974996 0.3029120011874619 0.46682444279058155 0.32637383032012274 0.47519155293909676 0.3338363880201498 0.4589096088663103 0.32744798635270234 0.4333560021965207 0.3327622319875701 0.41111908783785434 0.32942669483377
15 0.20104917529220764 0.5526300935062457 0.1959464043457049 0.5189518052593277 0.19220437231826956 0.491651980695538 0.19866788218383966 0.48552865555973473 0.2058117615089435 0.4824669929918331 0.23336672462005828 0.4804258846132321 0.30480551787109655 0.47532311366672936 0.3364426977394135 0.4730268667408031 0.34698842436218574 0.4768539449506802 0.354676922208103 0.48373011046226 0.3651402294080837 0.5457677143353139 0.35991544409332604 0.5477824611070681 0.3449168123915209 0.5558325061512336 0.31800365466879615 0.5573298451452766 0.2797077731494133 0.5598409324769901 0.22316413346736058 0.5629822457926597 0.21125332047878012 0.5612152570525955 0.20405447746370395 0.5578776116546965
0 0.25772934055991964 0.6465147071917695 0.2629447442822261 0.6271204946127739 0.27661716710831935 0.6104097556031043 0.2930492439828088 0.5958384226635269 0.31789656526660853 0.5746215482188625 0.3396846482339408 0.55942322547513 0.3669802452927145 0.5456837290236176 0.3932668987150793 0.5365080719036985 0.39656410594516006 0.5395430012859319 0.40106029762254275 0.541341477956885 0.41140153848052313 0.548647789432632 0.41200103070417415 0.5553920769487063 0.41529823793425485 0.5574153632035284 0.4155979840460804 0.5605626973776964 0.41694684154929523 0.5661829369744248 0.4185954451643356 0.5662953417663594 0.4199443026675504 0.5710163430276113 0.4250399865685842 0.5723652005308261 0.4265387171277118 0.5758497490807978 0.4311847818610073 0.5779854401275546 0.4326835124201349 0.5809079647178534 0.4428748802222025 0.5812451790936571 0.4479705641232363 0.5892259193210114 0.45546421691887423 0.590125157656488 0.4640069811059015 0.5946213493338708 0.46640274199267784 0.6004252322550345 0.4652889927731465 0.6024090980523248 0.4711361761756861 0.6055415177322566 0.46932633369394766 0.6094048353375059 0.4698832083037134 0.6112842871454651 0.47988669496556513 0.6147895691812983 0.4796082576606823 0.6172955049252439 0.4826710680143935 0.6168778489679196 0.48639038368210286 0.621106863348469 0.4954600508986096 0.6231882160200836 0.4977454466472671 0.6297523470965911 0.502414670036976 0.6334498474925657 0.5087514316410461 0.6373294974542412 0.5097860049641595 0.6390753399369951 0.5088807533064352 0.6420820686572936 0.5020267050408085 0.6441188848871733 0.4921982584712306 0.6482895085959742 0.4872840351864417 0.6527511060519012 0.4884479301749443 0.6542059747875295 0.48418031521710136 0.6578916422511213 0.4850855668748255 0.6608983709714198 0.4721534003359073 0.6681727146495614 0.44866700237063506 0.6805222738898131 0.41758982399550226 0.6942001365430088 0.3986936502096175 0.7015790143230342 0.3880743128754013 0.7028673898084355 0.3691781390895165 0.7048585155586011 0.355747800696243 0.7038043901614546 0.3423174623029696 0.7016961393671618 0.3223281214385627 0.6975967628227031 0.29577977810302214 0.6902178850426779 0.2792261051996851 0.6815506317772514 0.2687629345909721 0.6737032538207167 0.26001759796279406 0.6612879991432139
4 0.49779623584970023 0.7354779149839453 0.49281115194276476 0.7253297084591125 0.4939980766825112 0.7199885471302528 0.4980336207976495 0.7144693470904315 0.5144131822061517 0.7105524954492679 0.554531238409585 0.7023627147450168 0.5882399010183869 0.6961313598613473 0.5965483741966127 0.6936388179078797 0.6031951527391933 0.6954192050174995 0.6065185420104836 0.700404288924435 0.6126905506571656 0.7132230761136976 0.6214737937312899 0.730848908498934 0.6442627487344236 0.7750025088175053 0.6471113681098153 0.7823020959669464 0.6456870584221194 0.7876432572958059 0.6418888992549305 0.7926283412027414 0.632393501336958 0.796011076711019 0.6131653205530642 0.8001059670631446 0.5808809676319581 0.805803205813928 0.5538190835657371 0.8118565219866355 0.5428993759600689 0.8106102510099015 0.5343535178338937 0.805803205813928 0.5255702747597693 0.7894236444054257 0.5056299391320274 0.7515013989705237
3 0.548763995947059 0.47998583955782176 0.5414577201128655 0.4583299858133038 0.5515983804269757 0.45318701018423857 0.5612791695056446 0.44797620457240506 0.5550064678871216 0.43265633715793556 0.5577407224387855 0.42469483125750246 0.5688385791484799 0.4138382323023666 0.5825098519067993 0.41395886117964587 0.6141950370054923 0.41021936598398795 0.6328995094586642 0.4266643389368415 0.6304869319130785 0.43233389616896795 0.6501092292838426 0.4255786790413278 0.6573469619206 0.43040383413249933 0.6509134217990379 0.43185138065985085 0.651395937308155 0.43643527799646376 0.6557385768902094 0.43691779350558085 0.6749264102500474 0.43773671805852 0.6762859918480106 0.4340949816354042 0.667934276317665 0.42972489792766516 0.6646411754614556 0.41617763843367434 0.6856175772586026 0.4042327429658545 0.7112554016773379 0.40714613210434714 0.7048459455726541 0.41442960495057873 0.697853811640272 0.4157406300629004 0.6887251923396615 0.423461111279906 0.6904732258227572 0.4295792284707404 0.6949404225017792 0.4291422200999666 0.7048459455726541 0.4187996886583177 0.7049608789461592 0.41456952269587616 0.7114254292162792 0.4072085682868461 0.721509814051878 0.40723505211509936 0.7248767503569232 0.40766618420294054 0.7253694727430273 0.4110536506074067 0.729968215013333 0.41074569911609154 0.7311179005809093 0.40939071255430515 0.7342384756929023 0.41117683120393267 0.7419577930752012 0.4130861304500864 0.7480347025038192 0.4137636237309795 0.7495949900598159 0.4189372087850734 0.7523049631833889 0.4219551333999615 0.7631448556776808 0.42675917666447716 0.7586282338050591 0.43963154900144863 0.7545222139208576 0.4400626810892898 0.7321854657508018 0.45767750639251403 0.7250409911522911 0.4579972542625672 0.7042645305382318 0.45231915044363113 0.6955141819628576 0.44893699501738915 0.6813552730660046 0.43904391783826574 0.6767020406816533 0.4392727653325782 0.6754052382138832 0.44951369070305625 0.6734981757612801 0.45792383611903553 0.6709045708257401 0.46621955778785873 0.6684078379645348 0.47020745483232895 0.6932087021638066 0.4718017961022822 0.7035339599120749 0.483417711069084 0.703838403173623 0.49295513646695666 0.699283142402328 0.5058617086522921 0.6818719234542678 0.5083671020765043 0.6793412230257707 0.4982696073668007 0.6829854316428066 0.4943217146983451 0.6817706954371281 0.4878684286056775 0.67984736311147 0.48217435264155895 0.6739761381173568 0.47579698756174615 0.6690159652775024 0.47534146148461665 0.6653717566604666 0.4773154078188444 0.6591968476149335 0.4770117237674248 0.657982111409255 0.4738989622403733 0.6554514109807578 0.4718490948932906 0.6555526389978978 0.46106831106789287 0.6481629937466861 0.4562852872580332 0.6386475601355369 0.45415949889809554 0.6308530028157657 0.4543113409238055 0.6255891459244917 0.459094364733665 0.6223498493760153 0.45962581182364937 0.6244756377359528 0.455526077129484 0.6216412532560361 0.4526410786409973 0.6151626601590834 0.4542354199109505 0.6106073993877885 0.4530966047181268 0.6030152981022971 0.45453910396237013 0.5975489851767434 0.45954989081079456 0.5851991670856773 0.45962581182364937 0.5761898735602276 0.46531988778776806 0.5780119778687456 0.4705584376747571 0.5686990002918761 0.476859881741715 0.5683953162404564 0.4848315880914809 0.566168299863379 0.48475566707862605 0.564244967537721 0.4817947475772844 0.5606007589206852 0.48171882656442944 0.5564504102179499 0.4828576417572532
3 0.5663867083867745 0.5591884423621294 0.5686569038821745 0.5341726343070488 0.6037576188495127 0.5212063254198603 0.6370517820937808 0.5368575770564159 0.6358293691347192 0.5596468472217773 0.6017764367037194 0.5715653735726273
1 0.5660420723900623 0.48520830260470804 0.5690587694812884 0.4853111445509997 0.5691119146290763 0.4771251690390632 0.5785238797334934 0.47079643388264486 0.5769011271292835 0.4655022035114102 0.5855828535618063 0.4599037070268862 0.5975847123790821 0.45973441258393216 0.6030040340185046 0.4546786777490039 0.6106306342893046 0.4531872294152442 0.6151104424712932 0.4543344973642901 0.621622553877306 0.4527611013198844 0.624354144232177 0.45551454439759437 0.6221968510904158 0.45972830285736405 0.6257112078916043 0.4591392383068651 0.6308602150537636 0.45435483870967736 0.6386021505376345 0.45419354838709675 0.6481182795698924 0.4563575268817205 0.6550358422939069 0.46107526881720423 0.6544092291294399 0.4716056929684315 0.6564469105614595 0.4741136085770713 0.6552936000140945 0.47627696148656623 0.6582493169271966 0.47752549707916964 0.6583774489540672 0.47704251764737793 0.6655798855699021 0.47760308464813855 0.6690452088473322 0.4755391788726106 0.6738355086720147 0.47594686396407276 0.6793732311643781 0.4822914631999556 0.6812078140759588 0.4881264560715104 0.6823968955927239 0.4941907718070127 0.6789655460729156 0.49814022113055434 0.6810039715302277 0.5086890728721425 0.6787380803750193 0.5106802520251229 0.6755685169817259 0.5113488318033957 0.674875174989443 0.5135774310643051 0.6737856375729985 0.5155088837570931 0.6693284390511798 0.5164003234614569 0.6664560222260079 0.5164003234614569 0.6635836054008358 0.5172174765237904 0.6607111885756638 0.5192232158586088 0.6556596969176026 0.5186289227223663 0.6523910846682689 0.5198917956368816 0.6465472021618843 0.5191489292165784 0.6371812909079869 0.5192636277918733 0.6314364572576429 0.5179264682353277 0.629059284712673 0.5169607418889337 0.6234134999183693 0.5139149895656909 0.6171734219878233 0.514657855985994 0.6125181257539238 0.5147321426280244 0.6068723409596202 0.5165150220367518 0.6022170447257207 0.5169607418889337 0.596076015651215 0.5142864227758425 0.5870625697515373 0.5085663513395086 0.5801291498287081 0.5041834394597202 0.5788415147001827 0.5006176806422653 0.5760681467310512 0.4991319478016591 0.5758700490189703 0.49549190234217383 0.5729976321937983 0.49430331606968886 0.5720071436333942 0.4894003976956883
1 0.7776584683688905 0.5245529756299481 0.767960434138459 0.5242434638991896 0.7561989883696382 0.5160414030340907 0.7557863060619602 0.5112439712073348 0.7473263187545625 0.5089226332266464 0.7473263187545625 0.5013395958230644 0.7396916960625208 0.49793496678472154 0.7252478152937932 0.501030084092306 0.7186742012566986 0.4863191197294821 0.7037435985178152 0.4846926232221914 0.703701334740288 0.4829928607849708 0.6934871803158968 0.4715120410804979 0.6691403546292152 0.4698323268454375 0.6718134482506016 0.4663103453848271 0.6756424742488037 0.4504885209771615 0.6782433220966391 0.4494048343738967 0.6856123909988395 0.45097617994863065 0.6876352726582671 0.45666553461577064 0.6930537056745911 0.4578575898793618 0.69666599435214 0.45682808760626037 0.6952210788811203 0.452655894183691 0.7110429032887859 0.45650298162528097 0.719929133435557 0.457857589879362 0.7298960577571026 0.4591560900992501 0.7426780023084304 0.460182065581631 0.7530068659034949 0.4589054851185411 0.7551256199365942 0.45572735406889203 0.7493925207882076 0.4521753252486959 0.7435347890496387 0.45189490192078563 0.7405557184273677 0.4517247163174414 0.7546729527982758 0.44033460483702774 0.7590210774785865 0.4401412578793824 0.7594910180006412 0.4386559101578882 0.7639218857800139 0.43981397787295146 0.7685877238204138 0.4417021317562068 0.7703356148437702 0.44278467331594 0.7768572384151411 0.44192151725502327 0.7780560662775254 0.44213730627025244 0.7791589879109191 0.44282063815181144 0.7819097840717216 0.4435491829698948 0.7824578196659544 0.44550155977434935 0.7833483775065829 0.44683739653529186 0.7847869709414441 0.4468887748722512 0.7876641578111666 0.44781358493751916 0.7887602289996323 0.45053663679636374 0.7902630706901783 0.45139341792116083 0.7919156586791598 0.45319411521104164 0.7926328195045671 0.4554157547245313 0.7961562618206978 0.4601630475796717 0.8004138429652543 0.4619840904103603 0.8022223354814983 0.4634106168348113 0.8017234409942585 0.46479037190108374 0.8032201244559777 0.46563225634830085 0.8059521159135314 0.4674752348680554 0.8076403781829288 0.468644031823792 0.8075105118545136 0.4721504226910017 0.8110307666508138 0.47390171065869713 0.8114881552864647 0.47733212542607967 0.8092281173220716 0.47807874511074533 0.8114074396448793 0.48013699397117476 0.8108155249399193 0.4819530959068479 0.8119186387082539 0.4826795366811172 0.8110038614369519 0.48534315285343765 0.8114612500726028 0.48627138273167053 0.8096316955299989 0.48804712684655094 0.8071564158547113 0.4885884864193423 0.8070779749979713 0.4901769137683275 0.8071564158547113 0.493706752321628 0.8061366847170912 0.49470687324506313 0.8034696955879308 0.49611880866638347 0.8040187815851109 0.49811905051325367 0.8019008784531306 0.500413445572899 0.7964100184813298 0.5071789694667249 0.7894287822314687 0.5141798159307709 0.7806434062765877 0.5218277994629218
16 0.6400423447797866 0.42834479124018154 0.6441305794850138 0.42505960263776676 0.6410936051325593 0.42203722912354524 0.6460578901317637 0.41914626315342024 0.65043814160165 0.4201537209914941 0.6558112500713773 0.42514720766716446 0.6577385607181273 0.4265050856228293 0.6598410814236728 0.42532241772596 0.6638709127759681 0.4261108629905395 0.6652141898933999 0.4287828163871702 0.6648637697758091 0.43035970691632924 0.6683095675987861 0.43053491697512464 0.6757267934211271 0.43417052569513026 0.6749675498330134 0.4373681092681473 0.6561032668360363 0.43671107154766436 0.6516646120132183 0.4362730464006757 0.6512557885426955 0.4321118075042837 0.6579721741298544 0.4304473119457269 0.6502629315428546 0.42527861521126115
16 0.6763184439010657 0.446533698875829 0.6770383692519336 0.44020864043606084 0.6796095312193189 0.4404400450131255 0.6875287100788661 0.445299541131484 0.6890714072592975 0.44861634006941115 0.6936994988005912 0.4517017344302737 0.6957564283744996 0.4560984213945028 0.6930824199284187 0.4572554442798263 0.6879400959936478 0.45625269111254596 0.6861917058558258 0.4508532509810365
16 0.6910254903545103 0.4292554904549988 0.6891742537379929 0.4237017806054462 0.6981218973844941 0.4162196992803546 0.70449837906361 0.41513981125405275 0.7043955325849147 0.4183023404739369 0.6949336565449363 0.42863841158282634
16 0.7258904466322569 0.41043458485373746 0.7254790607174751 0.4067321116207024 0.7242449029731302 0.4065007070436377 0.7248619818453027 0.4037238521188614 0.7320612353539819 0.3998671091677833 0.7364836339378849 0.4004070531809342 0.7360722480231032 0.40495800986320646 0.7386434099904886 0.40495800986320646 0.7405974930857017 0.40302963838766737 0.7522191451782838 0.40302963838766737 0.7545846141882784 0.40704065105678855 0.7477967465943809 0.4131343049194921 0.7410088790004832 0.4124400911882981 0.7349409367574536 0.4107431242898237 0.7310327705670278 0.4089690225323277 0.7296957663439874 0.4103574499947158
16 0.7563701327871716 0.4181406989633144 0.7615679735365162 0.4139570710431103 0.7600466542928056 0.41024885538656586 0.7619483033474438 0.4094881957647105 0.7694281229623542 0.41005869048110194 0.7732314210716305 0.4117701746302763 0.7719636550352051 0.4162390499086762 0.7762740595590517 0.41909152349063356 0.7751330701262689 0.4225144917889823 0.7671461440967883 0.42298990405264186 0.7587788882563801 0.4208030076398079
16 0.7879877906489411 0.5506241210739334 0.7939037273952434 0.5454938946767494 0.7935339813485995 0.5413342516520054 0.7826264729726045 0.5356494061848555 0.7859541873923996 0.5342628585099408 0.7916852511153801 0.5346788228124153 0.7977860608850045 0.5271914653678762 0.7983406799549703 0.52469567955303 0.7929793622786336 0.5220612389706921 0.7789290125061654 0.5309351440901457 0.773197948783185 0.5317670726950945 0.777080282272946 0.5371746086272615 0.7839205841358582 0.5490989186315273
16 0.7356327834226332 0.4562050137714781 0.7399877408782257 0.45268754813426865 0.7488093213651952 0.452771297316107 0.7542809345786321 0.4557025186804482 0.7524942853660813 0.4572100039535379 0.7444543639096026 0.45804749577192105
5 0.7589876457133097 0.5820372990151014 0.7669682989858572 0.5855460345056179 0.7900846739822016 0.5927699016919755 0.8054955906464314 0.5888483737908099 0.7961112321637351 0.564430700384697 0.7833968038878619 0.5499314988443643 0.7719218079136454 0.5314702287105979 0.761159702310296 0.5213301573325161 0.7502556590001801 0.5131158788797098 0.7396673734900968 0.5088049340648901 0.7272639533211424 0.5086914881487107 0.7147092719306152 0.5115276360531973 0.713952965822752 0.5143637839576839 0.7134991821580341 0.5165192563650937 0.7074487332951294 0.509485609561967 0.694591529461457 0.5093721636457875 0.6855158561671 0.5169730400298115 0.6790116236394774 0.5268428347374248 0.6688771217941123 0.5372798590259353 0.675230093100162 0.5419311415892932 0.6803729746336312 0.5394353314333451 0.6820368480709298 0.5365991835288585 0.6794654073041955 0.5334226978758336 0.6812805419630668 0.5278638479830399 0.6902049540358512 0.5279772938992193 0.7082050394029925 0.5406832365113192 0.7176723155681656 0.5359034275099182 0.7200501455293853 0.5425505430833282 0.7305342139947639 0.5487923467315302 0.7259450904007769 0.5492654863666707 0.7184454411724398 0.54893461948895 0.7164602399061153 0.5510852541941349 0.7213129541126864 0.5557173904822255 0.7162396619876347 0.5631618952309425 0.6932995584656625 0.562500161475501 0.6919760909547794 0.5763965703397727 0.7022464493362304 0.5825106408494485 0.7177079875456057 0.5874051212891046 0.7393426452846726 0.5886177476429543 0.7527961915188044 0.5803347807450746 0.7546033842965236 0.5775486918794241
16 0.5638128240412746 0.48194452874002275 0.5597624445582194 0.4820964179706373 0.5541931727690187 0.484450701045163 0.5465987112382903 0.48893143334829275 0.5438647050872282 0.49151355026874044 0.5431558886776935 0.49515889180349004 0.545181078419221 0.4958423933412557 0.5448772999579918 0.4970575071861722 0.5425483317552352 0.4981207318004741 0.5426495912423116 0.5078416425598065 0.5426495912423116 0.5239419010049506 0.5454848568804501 0.5295618025376896 0.5452823379062974 0.5329793102265175 0.5432571481647699 0.5344222579173558 0.543560926625999 0.5361689840694233 0.5474087871349014 0.5367765409918817 0.5496364958505816 0.5401181040654021 0.5483201225185887 0.5419407748327768 0.5472062681607486 0.5447507255991464 0.5506490907213455 0.5517376302074165 0.5521679830274911 0.5530286886676403 0.5461936732899848 0.5537121902054059 0.5423458127810825 0.5655595501933421 0.5446747809838391 0.5695846148046282 0.545181078419221 0.5724705101863049 0.5514591666179565 0.5739894024924506 0.5503453122601164 0.5768752978741275 0.5458898948287558 0.5795333594098824 0.5481176035444361 0.5848494824813921 0.554800729691477 0.5881151009396054 0.5552057676397826 0.5915326086284332 0.5581422927649975 0.5941147255488808 0.5586485902003794 0.5955576732397192 0.5511553881567274 0.5977600670836305 0.5560158435363936 0.6042913040000568 0.5546994702044006 0.6085442024572648 0.5600662230194486 0.6119617101460926 0.567660684550177 0.6129489901450872 0.5745463296713708 0.6115819870695561 0.5877100629913 0.6204675070605083 0.5911228578911051 0.6200974559233788 0.5949332488316418 0.6162763616375034 0.5946335551621614 0.6145745297286682 0.5931779001961136 0.613001137963896 0.592963833289342 0.6121662770274863 0.5987008263908243 0.6121983870635019 0.6037971172403387 0.6194347047800134 0.6100906842994276 0.6194025947439976 0.6137726350959013 0.6196915850681395 0.6147145294856968 0.6278796442521581 0.634961139794627 0.6319966563918115 0.6367086247478656 0.631341349534347 0.6368334451016683 0.628626506839137 0.6451964088064531 0.6275967389202642 0.6563054202948985 0.6325583479839239 0.6584273663095453 0.631341349534347 0.6644187432920777 0.6312477342689948 0.655057216756871 0.6391114165585685 0.648816199066733 0.6378008028436397 0.6423255406689897 0.6378008028436397 0.6404532353619483 0.6406092608042016 0.6417014388999759 0.6448219477450448 0.6368334451016684 0.6452900240718051 0.6302179663501223 0.6435113340301157 0.613866500001961 0.6452900240718051 0.6117445539873142 0.649315480481944 0.6173614699084382 0.6534345521574348 0.6319654513033608 0.6524047842385623 0.6343370380256133 0.647911251501663 0.6384561097011042 0.6480984820323671 0.6414517981923704 0.6519367079118019 0.6554316778182794 0.6513750163196896 0.6536841928650406 0.654745165872364 0.6581777256019399 0.6583025459557426 0.6580529052481371 0.6610173886509526 0.662723264597274 0.666162661137865 0.6788693037027717 0.6618540910096236 0.6867536952743838 0.6616801706073087 0.6967251316737755 0.6608105685957338 0.701478956003718 0.6632454542281434 0.7232769797605278 0.6648976980501355 0.7312773182670166 0.665854260262868 0.736378983401589 0.6639411358374033 0.741596595471038 0.6642889766420332 0.7476258360846237 0.6654194592570807 0.763046778423218 0.6672456234813879 0.7680324966229137 0.6698544295161123 0.7780039330223054 0.6696805091137972 0.7882072632914504 0.6703761907230572 0.7889029449007104 0.6694196285103249 0.7928451406865165 0.6698544295161123 0.7948162385794194 0.6684630662975926 0.8013092669325117 0.6679413050906475 0.8043238872393045 0.6642020164408757 0.7993381690396086 0.6603757675899464 0.7916856713377498 0.6622888920154111 0.7919175652075032 0.6581148023598518 0.7901783611843534 0.6556799167274421 0.797598965016459 0.6478534986232686 0.797946805821089 0.6459403741978038 0.7930770345562698 0.6421141253468744 0.793308928426023 0.6355921102600629 0.7883232102263272 0.6342007470415432 0.784728855245151 0.6375921948866852 0.7727863209528565 0.6347225082484881 0.768612231297297 0.6282874533628342 0.7715109046692131 0.6263743289373694 0.7660613987300109 0.6195914332470857 0.7594524234420419 0.6227220004887551 0.7584089010281521 0.6268960901443144 0.7392776567735052 0.6276787319547318 0.7462344728661041 0.619504473045928 0.7455387912568442 0.6155912639938412 0.7369587180759722 0.6087214081023998 0.7433023477978667 0.6000713632339284 0.7411719326169589 0.5982960172498384 0.7403434378243836 0.5966982058641573 0.7530075725108923 0.5955442309744988 0.757150046473769 0.5947453252816584 0.7572684028727084 0.5901294257230243 0.7485100293511977 0.5899518911246152 0.7537177109045284 0.5864011991564352 0.7545462056971037 0.5803650228105292 0.7394845323867462 0.5891841368144268 0.7173033463255549 0.5877146719293008 0.6978207501183898 0.5813209658734393 0.6924806858590997 0.5832056944355416 0.6893394715889294 0.5808497837329136 0.6755181288001789 0.5870929470948776 0.6755181288001789 0.5842658542517242 0.6637385752870393 0.5767269400033147 0.6601261788763432 0.5757845757222636 0.6557284788981044 0.5784938730302857 0.6560426003251216 0.5802608060572566 0.6657803645626501 0.5875641292354032 0.673476339524568 0.5925115417109218 0.6759893109407045 0.5958098166946009 0.6802299502054348 0.5955742256243381 0.6839994073296394 0.6004038425647253 0.6833711644756053 0.6059402327159009 0.6728480966705339 0.6052334595051126 0.6758322502271958 0.5981657273972288 0.6726232289079754 0.5946323975086723 0.6675475299279547 0.5946860140471936 0.6686198606983816 0.59055754058105 0.6620428986397633 0.5900213751958366 0.6504014387160763 0.5824506827533098 0.6530275548885505 0.5797151450736494 0.6505473340589915 0.5750100202646333 0.6464622644573652 0.5753382847861925 0.6473376365148567 0.5700860524412444 0.6569667291472614 0.5694295233981259 0.6601764266913964 0.5706331599771766 0.6665958217796664 0.5715085320346679 0.666449926436751 0.566584564211279 0.6749118563258343 0.5630830759813136 0.6775379724983083 0.5774172934227345 0.6829361001861716 0.5800434095952086 0.6896472859602718 0.578073822465853 0.6916898207610852 0.5774172934227345 0.6920619966597507 0.571381081130303 0.6932187003605104 0.562148635235828 0.7162617973070663 0.5624474650233194 0.7203126010930602 0.5559728196276733 0.7154649178737559 0.551042128134066 0.7180547760320144 0.5485518799049713 0.7281485821872781 0.5486016848695532 0.7281485821872781 0.5479542203299885 0.71978134813752 0.5428741139426355 0.7174571164570317 0.5363994685469894 0.7082413267749433 0.5407649060937025 0.6900975892467117 0.5282812593201408 0.6813745524249729 0.5280069397274489 0.6797341052712315 0.5334014870984061 0.6822266964004886 0.5366022070712811 0.6806213430183565 0.5395422437885576 0.6751758037831997 0.5421830121531492 0.6684990153594113 0.5372427094703321 0.6788404778443078 0.5267145779875133 0.6847392181786531 0.5173904615412934 0.6843514038115411 0.5127492607215228 0.6808465981362649 0.510463517889821 0.6761989210451377 0.5113778150225018 0.6753608153401803 0.5154921521195651 0.6718560096649041 0.5173778899557191 0.6652273554529686 0.5172636028141341 0.6634749526153307 0.5189779099379105 0.6566939155479484 0.519035053508703 0.653341492728119 0.5204636427785166 0.6473223699379708 0.5194922020750434 0.6377984414725463 0.519549345645836 0.6306226081087606 0.5178920227738234 0.6234356421879117 0.5139881427833977 0.6171811619011734 0.5147408309554407 0.6125200596542659 0.514775527476131 0.6070169675277245 0.5166330520822237 0.6021874672134782 0.5171132580793788 0.6026764804139165 0.5199047106009714 0.6105317294166015 0.5225879392207005 0.6241423093717486 0.5278377343462571 0.6265533263923747 0.5291793486561217 0.6282643707295932 0.5316875841049988 0.6373640156138916 0.5367040550027531 0.6368195924156858 0.5487785837915337 0.6393861589215134 0.5467953278552122 0.6444415171905681 0.5467369967982616 0.6437415445071606 0.5501785291583488 0.6414083022291354 0.5509951639556576 0.6380639882972992 0.5495952185888425 0.6370529166434882 0.5496535496457932 0.6362751692174798 0.5599781467260547 0.6037859609257122 0.571644358116181 0.6141030186176605 0.5793821513851422 0.6268009357769815 0.5835486554530444 0.6266422118124899 0.5862866438405229 0.6329911703921504 0.5904531479084251 0.6309277588537607 0.5933101792692723 0.6348958579660485 0.5965243395502254 0.6363243736464722 0.5993813709110727 0.6318801026407098 0.5995004138844413 0.6269596597414729 0.5934292222426409 0.6141030186176605 0.5950958238698019 0.6123570550082538 0.5920007065622174 0.6064842683220679 0.5897388900682133 0.6090238517539321 0.5773584208378754 0.6041034088546953 0.5760489481308204 0.6014051014583395 0.573549045690079 0.594738694949696 0.5729538308232359 0.5956232757861698 0.5707657674381691 0.5655664698865059 0.5591873461878251 0.5677021255496953 0.5336881593847347 0.6017076999196191 0.5212975541302749 0.6015021865717819 0.5171359088365692 0.5949611419890404 0.5143485312998517 0.5795476409012413 0.5044325122667009 0.5785885786113338 0.5009387853534665 0.5753003650459367 0.4992433002338086 0.575505878393774 0.49564681664665555 0.572286169277656 0.49446511489659095 0.571669629234144 0.48994382124416996 0.5657097421468618 0.48583355428742353
16 0.5689035578932624 0.6341770570369752 0.5703149779581539 0.6318246902621563 0.5885066143500876 0.6364118054730533 0.5880361409951238 0.6399403556352818 0.5765965481765454 0.638288851177815
9 0.6546958379796536 0.27662008162936036 0.6657913383498468 0.30517454413047496 0.6644349659973777 0.30751428643848444 0.6293567715457419 0.3157634836548463 0.6290854970752481 0.3119995503767441 0.633154614132656 0.30264058114470616 0.6427140725974148 0.2907772559460977 0.6482763104001837 0.2836741279412105 0.6538385482029525 0.2773978190691673