9 0.3815739431152408 0.3426133835615612 0.3641329290299426 0.3383704315560291 0.3496803847346658 0.3435953528870602 0.33701161783052425 0.33767571382947487 0.32242329827625765 0.3309042684231203 0.3244614824172645 0.2829694606078942 0.3278285803848712 0.28128889436152515 0.3304580730923512 0.24139295231275792 0.33620215224260136 0.23376335732207695 0.33530778405170947 0.22185411200544908 0.36815097697071464 0.22377985991332663 0.4158655405107655 0.22228042353313962 0.4209790826210346 0.21716258618304118 0.4319482533339068 0.2141248690935824 0.4443793343458575 0.21294995031122993 0.46046095848193724 0.21263062148823145 0.4692136101347063 0.21172502399796084 0.48470292836042445 0.21541992559009082 0.49194767375754234 0.2181535939793729 0.5001372123613983 0.2230757885590416 0.544516944610164 0.2227203796625587 0.5711653591979449 0.22251652751509515 0.5727282096841726 0.2207455884385488 0.5906787184413179 0.22446354925501422 0.6002603388740493 0.22678850127177988 0.604406727464823 0.25688215869717873 0.5958725363647343 0.26950751292057623 0.5926865034532435 0.27709382568891927 0.5861663406765607 0.2904855684816913 0.5868343537251718 0.3037344859525215 0.5882448778644072 0.32020930049091006 0.5883078421437062 0.3348491823845301 0.5715947195331592 0.3339515290217283 0.5563896763856985 0.3339065678809782 0.5384263611098944 0.3337492727491372 0.48427878099699273 0.34391331566540606 0.4489561002895318 0.3521278719381859 0.4385205398197018 0.35119061371776394 0.4270480164670931 0.3477247109863264 0.39458061098184577 0.34924499928891045
11 0.20854686879378387 0.6524842984219211 0.2072722793484814 0.6480232353633621 0.20132419527040293 0.6441994670274547 0.20132419527040293 0.6355959882716627 0.19792529008292958 0.6352773409103372 0.18942802711424617 0.6215755043733351 0.18849664918566117 0.602545645731598 0.1952944595606079 0.5984032300343648 0.18977123863096368 0.5929862248918291 0.1867971965919245 0.5780097989095245 0.19741877530277877 0.5674944359857788 0.20846521716206723 0.5668571412631276 0.21653761698231652 0.5633520202885456 0.22036138531822405 0.5560231309780562 0.22928351143534162 0.5569790730620331 0.232682416622815 0.5553858362554049 0.2416045427399326 0.5531553047261255 0.2505266688570502 0.5496501837515436 0.26157311071633865 0.5493315363902179 0.2738941420209296 0.5528366573647998 0.2811168155443105 0.5541112468101024 0.28409085758334973 0.5576163677846843 0.2904638048098623 0.5585723098686612 0.2904638048098624 0.5550671888940792 0.2959870257395066 0.5518807152808229 0.3032096992628875 0.5541112468101024 0.3172301831612152 0.5534739520874511 0.32360313038772776 0.5630333729272201 0.3321003933564111 0.5684503780697557 0.3354992985438845 0.5735487358509658 0.33464957224701614 0.5837454514133859 0.334224709098582 0.5901183986398983 0.3312506670595428 0.5955354037824342 0.3244528566845961 0.6012710562862954 0.3244528566845961 0.6060507667061799 0.319354498903386 0.6133796560166693 0.301935109817585 0.6079626508741337 0.2891892153645599 0.605094824622203 0.2845157207317839 0.5952167564211085 0.2730444157240613 0.5942608143371316 0.25095153200548437 0.5955354037824341 0.25350071089608933 0.605094824622203 0.26157311071633865 0.6060507667061799 0.27134496313032463 0.6117864192100412 0.2764433209115347 0.6117864192100412 0.2815416786927447 0.608599945596785 0.2925881205520332 0.608599945596785 0.30235997296601913 0.6175220717139025 0.30023565722384826 0.6197526032431819 0.3083080570440975 0.6219831347724613 0.31043237278626834 0.6347290292254864 0.3040594255597558 0.6417392711746501 0.2857903101770864 0.6404646817293478 0.27559359461466637 0.6283560819989739 0.2530758477476552 0.6375968554774171 0.250101805708616 0.6433325079812784 0.23650618495872258 0.649705455207791 0.23523159551342002 0.6538478709050242 0.22843378513847326 0.654803812989001 0.21313871179484312 0.657352991879606
2 0.22722060241862 0.3768991949461949 0.21872522567418595 0.36829762599245547 0.17752264846368113 0.33166131378208386 0.17539880427757265 0.33038700727041864 0.21574160198197098 0.3115833048496113 0.25786702760157254 0.28948508348241986 0.2624656673994423 0.28976338814841435 0.27789261394097087 0.3050173110780854 0.3001460806961204 0.32636962652222307 0.30522282307945464 0.3338990315512451 0.3093347439392962 0.3472620618449119 0.26463306195474773 0.36724020420569725 0.2568598815991344 0.37082922154930087 0.24295825951255734 0.37163535461076996 0.23677394008332858 0.3712946099095468 0.23293973338086305 0.3751850227691325
13 0.37779413137520174 0.8164219541050801 0.357730482181865 0.7888344364642418 0.3503943265265359 0.7668220997612384 0.35243189580012424 0.7394054972413013 0.3641718087083927 0.7167642366324979 0.383878091090129 0.6978965194584952 0.41490500377626705 0.6815444979076924 0.4442547860469383 0.6721106393206913 0.48618304643361143 0.6670792480742904 0.5197256547429498 0.6680226339329904 0.5562032412793554 0.677142030567092 0.5842951757384264 0.6868903511069933 0.6014857624969623 0.698210981411395 0.6186763492554982 0.7148774649150978 0.6291584143521665 0.7299716386543001 0.6383826316372346 0.7551285948863037 0.6383826316372346 0.7793421652596075 0.6319031122492379 0.7916463400553713 0.6165799362361646 0.815505289843113 0.5922615452118942 0.8324862352997157 0.5478175892020207 0.8497816427092182 0.5125978504772154 0.8560708817672193 0.479055242167877 0.8557564198143192 0.43880411219667076 0.8472659470860177 0.4115507429453333 0.8387754743577166 0.3947794387906642 0.8312283874881154
12 0.7173066769788496 0.26859616784383716 0.735860729628864 0.2846121661219154 0.7446126412562292 0.293276558633007 0.7444436865019592 0.2981311320209697 0.7413507083888214 0.30172845803468235 0.7254652844828107 0.3099883549767111 0.6979695156831706 0.3217533714342494 0.6796390031500772 0.3278341664572467 0.6618372554015924 0.3298170343995285 0.6468555865043526 0.3290238872226158 0.6309926429660986 0.324661577749596 0.6140721698586279 0.3168622971766212 0.602086834740836 0.3069479574652125 0.5930978334024921 0.2933322642615446 0.5913352841204639 0.282360394980919 0.5946841277563175 0.2760152175656174 0.5975042066075626 0.26808374579649047 0.6049069135920812 0.25764064130047337 0.619712327561118 0.24997355192365064 0.6382190950224144 0.24402494809680542 0.6595459413349556 0.24336399211604484 0.6701212370271249 0.24415713929295754 0.6872179650627985 0.24878383115828162 0.6960307114729396 0.2532783318274536 0.7081923015189343 0.2606810388119721
0 0.2017724718788238 0.41417384592929596 0.1916589497248615 0.4131514606929769 0.18896725686962007 0.40871087600409195 0.1887931162935854 0.4047927130433113 0.18635514822909957 0.40244181526684286 0.18757413226134248 0.39839304687403604 0.18356889901254442 0.39682578168972377 0.18772354096540605 0.3916856906460477 0.19068393075799597 0.39299174496630807 0.19503744515886343 0.3914244797819958 0.2065307231771536 0.3898572145976834 0.2136704867945763 0.3895960037336314 0.21401876794664568 0.39037963632578754 0.22133267214010308 0.3897266091656575 0.22237751559631128 0.387767527685267 0.22620860826907468 0.38489420818069453 0.23091040382201158 0.3814984669480178 0.23195524727821973 0.3759484300718263 0.23380339854455895 0.3753863004203625 0.23709076911609325 0.3718054146192269 0.2427175271982846 0.3722360141803424 0.2553191143891662 0.3720012019966614 0.26361581154589564 0.3724708263640235 0.27105153069579474 0.3799261131958959 0.27551296218573423 0.38650085433896453 0.2793482278525243 0.3928407832983522 0.27981785221988636 0.3982414635230157 0.2813832667777598 0.40299641024255645 0.28279213987984597 0.40781006000801745 0.2833400349751017 0.4119192732224354 0.2850619909887625 0.4188462326410256 0.28592296899559294 0.4229554458554434 0.2860012397234866 0.42841482912602724 0.28529680317244355 0.432700151478206 0.2743389012673291 0.4351069763609365 0.2609719700929783 0.43627440327459327 0.24593152944899044 0.43911989204507745 0.22777460110399614 0.4425751284092369 0.22438711447246731 0.4400345134355902 0.21937363425780468 0.4399328888366443 0.21801863960519316 0.4385101444514023 0.21869613693149895 0.4352581572851346 0.21557964923049244 0.4339370374988384 0.21381815618209749 0.4311931733273001 0.2093466738284795 0.4280428107599783 0.2039266952180334 0.42468919899476476 0.20338469735698875 0.4208274642348219 0.20297819896120534 0.41737222787066264
15 0.24157180838492603 0.5190658567763895 0.23518185803587463 0.5163009744138193 0.2302839798869674 0.5054204958778531 0.21799561383109933 0.47777167225214995 0.20841068830752224 0.4530720564798552 0.20801039232128476 0.44879082728199926 0.21134566570861527 0.4455313555625626 0.2224632436663837 0.44447013221204834 0.24681023066245816 0.4399528804560525 0.2610609442265067 0.43714821874397913 0.2734924177611023 0.43563218538610166 0.2864292357483237 0.4338887470245425 0.3091697361164863 0.42949225028669774 0.3377722321351085 0.42494415021306525 0.35040584345075454 0.42282170351203663 0.35828921691171756 0.42395872853044475 0.36566724592005473 0.4279004152609263 0.36971000154106143 0.4325243170024527 0.37395489494311845 0.4417721204855055 0.3787051327978013 0.45473420569535816 0.38517354179141194 0.47050095261728436 0.3913387441134472 0.4851306745208022 0.3919451574565982 0.48945136959075314 0.38992377964609487 0.49589451136173257 0.38577995513456304 0.4993055864169569 0.3816361306230311 0.5012764297821977 0.3742581016146939 0.5033988764832261 0.36061380139379634 0.5055971248521485 0.34969836121707837 0.5074163648816016 0.33554871654355495 0.5093114065789485 0.32069158963635536 0.5103726299294628 0.3193776940595282 0.5061277365274057 0.3049248427144293 0.508401786564222 0.28814740688725154 0.5097662165863118 0.27266039998345354 0.5130387171547257 0.2593880886306064 0.5163896472487614
4 0.6889190982945744 0.6864522464179931 0.6970344863871815 0.6876822913422447 0.7039795763783581 0.691825668893799 0.7068207495565667 0.6984550729762856 0.7093462368260854 0.7063866814321181 0.7129766247760188 0.7190535785182982 0.7159756409085722 0.7281690091317174 0.7058736918304972 0.728760920210511 0.6959710782146304 0.729192526031212 0.6968472482669358 0.7421160343027176 0.7009360418443613 0.7736581561857137 0.7023963252648704 0.7822008141956919 0.7023963252648704 0.7861435794310664 0.6924663980054087 0.7876768770226009 0.6766953370639105 0.7898673021533643 0.6539149157039688 0.79315293984951 0.6395275533158248 0.7945460577551111 0.6337630045009434 0.7952606239447065 0.63190173889539 0.7952381143200828 0.6305997961537562 0.7947211664667871 0.6355778125188271 0.7858181756600255 0.6389475466736443 0.7792701695182784 0.6389475466736443 0.7660018412836856 0.6390241315407992 0.7543417952593464 0.6296041928807419 0.7296431756018791 0.6188823114790504 0.714019862702272 0.6025697347750488 0.6983391111522983 0.6025697347750488 0.6966733902916783 0.6175801147215295 0.6945788963914366 0.6459362438511066 0.691285160086081 0.6696904380694265 0.6886175767781411 0.6809959101840279 0.6872837851241713
3 0.7083503308352274 0.5495648545924091 0.69403069853717 0.5299190175981234 0.6971740324562558 0.523632349759952 0.7076518121865415 0.5136784590161805 0.7366403361069986 0.5128926255364091 0.7572466362432272 0.5312287400644091 0.7551510802971699 0.5367295744228091 0.750610709080713 0.5469454096598377 0.738386632728713 0.5490409656058949 0.7272103343497416 0.5500887435789235 0.7163832952951129 0.5490409656058949
3 0.7805945899062869 0.512101484317715 0.7592897711213724 0.5034573160402293 0.7561464372022868 0.4963848147222864 0.7564956965266297 0.48564509049874355 0.7599882897700583 0.48145397860662925 0.7743079220681155 0.4767389777280006 0.7882782950418297 0.4686186984370292 0.7935171849069727 0.4686186984370292 0.7935171849069727 0.4707142543830864 0.7945649628800012 0.47647703323474355 0.7931679255826299 0.4825017565796579 0.7917708882852582 0.4895742578976007 0.787929035717487 0.4976945371885721 0.7847857017984012 0.5063387054660579
3 0.6031708531401152 0.5644903829691437 0.5986304819236581 0.5639664939826293 0.5902482581394294 0.5513931583062865 0.5916452954368008 0.5472020464141721 0.5993290005723437 0.5472020464141721 0.6283175244928009 0.5500834358400007 0.6353027109796581 0.5665859389152008 0.6370490076013723 0.572348717766858 0.6339056736822866 0.5752301071926865 0.6195860413842295 0.5864937204027436 0.6105052989513151 0.5815167750308579 0.5987574711046196 0.564194408247234 0.603229818641841 0.5648305611296837 0.604155131925404 0.5672595084990366 0.6063913056940148 0.5682426538628224 0.61302271755955 0.5713077541146251 0.6167239706938022 0.5710185937135116 0.6180348311788499 0.5693414633870535 0.6183432689400377 0.5674908368199274 0.6147191252460823 0.5641365761670113 0.611172090992424 0.5614763004767676 0.6076250567387655 0.5615341325569903 0.6040009130448102 0.5619967891987718 0.6034611469627318 0.5628064383218895
16 0.6043837930472716 0.5669857145032644 0.6036898080845993 0.5646724312943567 0.6040753552860839 0.5623013160052265 0.6076994989800393 0.5618386593634449 0.6110152049128068 0.5617808272832222 0.6181092734201237 0.5676796994659368 0.6178779450992329 0.5689520052308359 0.6165670846141852 0.5705134713968486 0.6131742692411206 0.571033960118853
16 0.6097043444277591 0.5824268799227229 0.6041524647263808 0.5858968047360844 0.6033813703234115 0.5866486217789795 0.5995258983085654 0.5874004388218744 0.5967499584578763 0.586937782180093 0.5955933168534224 0.5835256894469542 0.5991403511070807 0.5809810779171558 0.602995823121927 0.5778581455851305 0.6056175440920222 0.5776268172642397 0.6076223895397422 0.5776846493444624
16 0.6501203058266658 0.6107744139776055 0.6379457682643686 0.609612299028477 0.6330759532394497 0.6067900198663082 0.6315264666406118 0.6014774943845785 0.6350681502950983 0.5950028539537205 0.6417088071472604 0.593674722583288 0.6450291355733415 0.596497001745457 0.6494562401414494 0.6001493630141461 0.6505630162834766 0.6061259541810919
16 0.6906283126248541 0.6049638392319636 0.6744693809512599 0.6028056257550108 0.672919894352422 0.6014774943845785 0.6709276972967735 0.6019755436484907 0.6665005927286655 0.6034696914402271 0.6638443299878005 0.6061259541810919 0.6638443299878005 0.6077861183941324 0.669599565926341 0.6082841676580446 0.671813118210395 0.6086162005006528 0.6689355002411248 0.6101103482923892 0.6667219479570707 0.6109404303989094 0.660302646333314 0.6107744139776055 0.6589745149628817 0.6117705125054297 0.6609667120185304 0.615920923038031 0.6616307777037466 0.6185771857788958 0.6660578822718546 0.6177471036723755 0.6689355002411248 0.6189092186215039 0.6762402227785032 0.6194072678854161 0.6791178407477733 0.6200713335706323 0.6806673273466111 0.6213994649410647 0.686643918513557 0.6215654813623688 0.697047614248611 0.6215654813623688 0.6997038769894757 0.6197393007280242 0.6888574707976108 0.6164189723019431 0.6884147603408002 0.6140947424036864 0.6895215364828272 0.6094462826071729
16 0.7661104455110964 0.5955009032176326 0.7754073651041231 0.5893582956293828 0.7765141412461503 0.5853739015180855 0.774743299418907 0.5833817044624369 0.7714229709928262 0.5827176387772207 0.7687667082519611 0.5847098358328693 0.7637502316613641 0.5889541063282403 0.7594697886589343 0.5916825255276394 0.7550426840908263 0.5918485419489434 0.7520028352231657 0.5903433799980276 0.7453777477037157 0.5895551058205827 0.7358891651102643 0.592647830285568 0.7487391344896581 0.5979891052173613 0.7540710266394206 0.5978419655140955 0.757698946831691 0.5951688703750245
16 0.8311888826622844 0.6202373499919362 0.8210065421556361 0.6190752350428079 0.8265404228657711 0.6172490544084633 0.8327383692611224 0.6152568573528148 0.8342878558599601 0.6164189723019431 0.834730566316771 0.6180791365149837
5 0.7593619962334178 0.6060477883295017 0.7642851102486428 0.605377833308774 0.7675065438007972 0.6032637675401727 0.7717346753379999 0.6038677863312016 0.7775735236512799 0.6026597487491437 0.7844190699496081 0.6014517111670858 0.800123558516361 0.6019047252603575 0.8196534994262974 0.6014517111670858 0.8236802913664902 0.6011497017715713 0.8234789517694807 0.6029617581446582 0.8210628766053648 0.6073408943796182 0.8186468014412489 0.6120220400100926 0.8176401034562008 0.6156461527562664 0.8152240282920848 0.617911223222625 0.8009289169043996 0.6174582091293532 0.7906605974569072 0.6162501715472953 0.772741373323048 0.6177602185248677 0.750795357248996 0.617911223222625 0.7326747935181271 0.6183642373158966 0.7232118324586735 0.6183642373158966 0.7077086834889301 0.6177602185248677 0.6962323264593799 0.6171561997338388 0.6895881197580614 0.6159481621517808 0.6893867801610518 0.6136830916854222 0.690997496937129 0.6052268286110168 0.6944202700862931 0.6023577393536294 0.6972390244444281 0.5975255890253975 0.7009216454099407 0.5944208997841798 0.693437819933763 0.5898061635653897 0.6859640070118878 0.5886163118577205 0.6811318566836561 0.5890693259509922 0.6767023855494437 0.5920894199061368 0.6720715748182217 0.5919384152083796 0.6702595184451348 0.5898243494397782 0.6732796124002796 0.5836331568317314 0.6714675560271927 0.5784989971079855 0.6734809519972892 0.5748748843618116 0.6726755936092504 0.5724588091976958 0.6690514808630769 0.5686836917537647 0.6745704228658935 0.5604848465934462 0.6779409682532045 0.560439028910892 0.6811137878168643 0.5583074749610508 0.6819372150716946 0.5540362360713126 0.6829439130567428 0.546788010578965 0.6809305170866463 0.5434659072283058 0.675897027161405 0.5443719354148492 0.670662197639154 0.5449759542058782 0.6686488016690575 0.543616911926063 0.6811318566836561 0.5369727052247445 0.6825412338627236 0.5333485924785707 0.6843532902358105 0.5262513716839804 0.689185440564042 0.5244393153108936 0.6926082137132061 0.5230802730310784 0.6952256284743317 0.5164360663297599 0.700863137190602 0.5129629582813433 0.7036818915487371 0.5134159723746151 0.7044872499367757 0.5147750146544302 0.7016684955786405 0.5185501320983612 0.6967772097166629 0.5237674410759031 0.6936157143531991 0.529897979711544 0.7073603374741692 0.5488857986515581 0.7060716214605566 0.5510690238522366 0.7040899848302203 0.5526967967985842 0.7022027118489479 0.5536876151137523 0.7015421663055025 0.5543245697449317 0.704750530373666 0.5556692517440884 0.7075187542812793 0.5603405798716006 0.706119389656514 0.5639089596647519 0.7072388813563262 0.5684219105796195 0.7104574199932862 0.5722001950664856 0.7129762763178635 0.5802815257745045 0.7158680440153118 0.5895462203673479 0.7129762763178635 0.5904619034196712 0.7100376106058568 0.5896222846448121 0.7086382459810914 0.5868935236265199 0.6980030748328762 0.5860539048516609 0.6956241549707752 0.5872083806670921 0.694504663270963 0.588782665869953 0.7001349604238437 0.5913685529847135 0.7025108440694743 0.5924292153265128 0.7043776097910412 0.593702010136672 0.7106567308544934 0.5917079649340893 0.7100474118580777 0.589719065855397 0.7130129779785406 0.5905700478749991 0.7160307533862771 0.5896290667441625 0.7228908835122243 0.589728262040452 0.7258324537401478 0.5900676739898278 0.730753927006097 0.5908737773695953 0.7323944180947466 0.5910010568506113 0.7334692226011034 0.5920192926987387 0.7411349765891867 0.5955314032452746 0.7478579521212518 0.5982717465328012 0.7510732882452831 0.5988198151903066 0.7535578661593071 0.6002447936998204 0.7557501407893283 0.6025466820613427 0.7575039604933455 0.6048485704228651
16 0.6909608031171847 0.5917953644902372 0.6897069728146564 0.5903283830362793 0.6900078920872633 0.5895384699456867 0.6933180040859375 0.5898393892182934 0.7004899134163982 0.5943907932164705 0.6991357766896678 0.5954063957615182 0.6975810271145328 0.5955568553978215 0.6952238261457802 0.5947669423072288 0.6930672380254319 0.5934128055804985
16 0.7104934933888453 0.5916970291123588 0.7044122919244148 0.5934981492913144 0.7027467399309718 0.5923361362726334 0.6948063176366519 0.5888210468911235 0.6957746618188859 0.5873975809432392 0.69798248655438 0.586206517599091 0.7084406037225086 0.5869908763867009 0.7098737531122152 0.5898087579570023
16 0.7153622672878102 0.5846365013578255 0.7128555693157104 0.5771164074415264 0.7157356052836548 0.5773964109384099 0.7198423232379457 0.5798364414112516 0.7209623372254796 0.5816364638912168 0.7204289972314158 0.5842364963622777 0.7183489712545671 0.5847965033560447 0.7161622772789058 0.5845965008582708
16 0.7732368461428598 0.5361651740665488 0.7746594968480189 0.5346492656237206 0.779273061799469 0.5331813131391684 0.7830477967597463 0.5320279219013059 0.7882205817053114 0.5277289181965457 0.7882205817053114 0.5251075744741308 0.7854244817347358 0.5244784519807513 0.7829079917612175 0.525841550716407 0.7798322817935842 0.5229056457473024 0.7773157918200659 0.5228007919984058 0.773960471855375 0.5244784519807513 0.772003201875972 0.5246881594785444 0.768647881911281 0.5272046494520626 0.766690611931878 0.5287774556855115 0.7661313919377628 0.5301405544211673 0.7557858220466325 0.527099795703166 0.7539683570657582 0.5267852344564763 0.7533337887411187 0.5273756262615317 0.7575169850626909 0.5312113609925845 0.7562629661681802 0.5360035046251792 0.7612193265607704 0.5359139318469999 0.7644140889825002 0.5366305140724347 0.7687135823351086 0.5369440187960624 0.7715201960513948 0.5372799167142349
16 0.7529528716239084 0.4963491153267165 0.7533750094280939 0.4910273566963141 0.7491482972451929 0.48905974930082574 0.7453588311501782 0.48905974930082574 0.7430268520147847 0.490808733652371 0.7427353546228604 0.497476736492637 0.744921585062292 0.4992257208441822 0.7497312920290412 0.5013026397616421 0.749294045941155 0.5037074932450168 0.7503142868128897 0.5081892656458513 0.7520632711644349 0.5116872343489417 0.7535207581240558 0.513436218700487 0.756435732043298 0.5133269071785154 0.7594964546585019 0.5125617265247143 0.7592807813602309 0.5094807511391862 0.7591818465161153 0.5075344243177913 0.7588578021909324 0.5042534755253139 0.7588307984971671 0.502977550994906 0.7563194549769993 0.49759031408873966
16 0.7185141060621993 0.5130907665583024 0.7183144984574619 0.5110180481995448 0.7140863555626829 0.5109005997858009 0.707039450738051 0.5098435640621062 0.7062564613130919 0.5077294926147167 0.7123637788277728 0.5049107306848639 0.7205068688473473 0.5049107306848639 0.7280235673269544 0.5043234886161446 0.73021593771684 0.5059677664085587 0.7324083081067253 0.5085516315109236 0.7356968636915533 0.5116052902682641 0.7353836679215697 0.5126585251806013
16 0.6372256737317545 0.56209545951387 0.6353141515891179 0.563574192667015 0.6340704328371193 0.5621326095681075 0.6333920407905745 0.5593342423761106 0.63418349817821 0.5578078602713851 0.6327136487440299 0.5561966791608414 0.6309046032865773 0.5550094930793881 0.6301131458989417 0.5524655229048454 0.6356533476123902 0.5517023318524826 0.6379146544342059 0.551956728869937 0.6385930464807507 0.553059115945572 0.6380277197752967 0.5557726841317508 0.640515157279294 0.5555182871142966 0.6440201828531084 0.5537375079921167 0.6486558618378304 0.5527199199222997 0.6518216913883724 0.5526351209164816 0.651030234000737 0.5505151457710293 0.6513694300240093 0.5486495676430314 0.6563443050320038 0.5477167785790326 0.6598493306058181 0.547123185538306 0.6621106374276338 0.5440704213288546 0.6684422965287178 0.5439008233172186 0.6706187320978587 0.5452659355924907 0.6759346855061323 0.5446932713775057 0.6807435332786419 0.5436625452662776 0.6825645499412853 0.546720665639956 0.6816540416099639 0.5538760735045822 0.6808227079161481 0.5583296468643082 0.6778536590096642 0.5602892191425877 0.6747658481469209 0.5603782906097823 0.6733407046718085 0.5587750042002809 0.6709258782278682 0.559309433003448 0.6689465122902124 0.5592797425143832 0.6662545746150002 0.5580921229517896 0.6613918703400481 0.5585407182689266 0.6585225231548958 0.5571829021902385 0.6546284091179033 0.5582845265559666 0.6490873239555284 0.5600350845306223 0.6444417142271864 0.5617771881787507 0.6388738143321886 0.5611623280676465
16 0.5538916440705156 0.5081091740146083 0.5602815843796668 0.502118604974779 0.5679785579338716 0.503316718782745 0.5691403652628082 0.5066932213324669 0.5710283021723301 0.5120302737497693 0.5710283021723301 0.5176940844783351 0.5737875945785545 0.5185654399750376 0.5746589500752569 0.5206349092797058 0.5743684982430228 0.5215062647764083 0.576546886984779 0.5279325115645888 0.5781443720620668 0.5318536112997497 0.5736423686624376 0.5342498389156813 0.5759659833203106 0.5361014693461741 0.5778539202298326 0.5394779718958961 0.578725275726535 0.5451417826244618 0.5803227608038228 0.5464488158695155 0.5771277906492472 0.548953962922535 0.5724805613335009 0.5492807212337985 0.5681237838499887 0.5474290908033058 0.566816750604935 0.5469934130549545 0.5639122322825936 0.5488450434854472 0.5611529398763693 0.548409365737096 0.5576675178895595 0.5437258299423203 0.558538873386262 0.5353390332865594 0.5575222919734424 0.5289127864983789 0.5556343550639204 0.5181297622266863 0.5534559663221644 0.5123570320610327
16 0.6012352927246813 0.5022275244118668 0.6021066482213837 0.49340505000775464 0.5954262560799984 0.48970178914676926 0.5935383191704765 0.48970178914676926 0.592666963673774 0.49427640550445706 0.5923765118415398 0.4993956190475839 0.5931026414221252 0.505495107524501 0.5938287710027106 0.5086537712000473 0.5929574155060081 0.5098518850080133 0.5949905783316473 0.512139193186857 0.5958619338283496 0.5169316484187204 0.5954262560799984 0.5213973453393204 0.5974594189056374 0.5239024923923399 0.6022518741375008 0.5254273645115691 0.6037041332986716 0.5243381701406912 0.6039945851309056 0.5200903120942668 0.6082061366983008 0.5200903120942668 0.6137247215107496 0.5168227289816326 0.616629239833091 0.5146443402398765 0.6153222065880374 0.5122481126239449 0.6131438178462812 0.5096340461338376 0.606899103453247 0.5065843018953791 0.6109654291045252 0.5025542827231302 0.6105297513561739 0.5005937328555498 0.6058825220404276 0.49917778017340825 0.6023971000536178 0.5014650883522521
16 0.5989461158176062 0.4807759753289358 0.6024150211896379 0.47802975857607743 0.603764039945428 0.4757171549947229 0.5875758148759467 0.4670448915646436 0.5841069095039149 0.46820119335532084 0.5812161550272218 0.4712364855558486
16 0.5318988237115294 0.4136669656147818 0.5349822951533353 0.41106528658575797 0.5270808995837075 0.39776781599296973 0.5230338433163372 0.39661151420229246 0.5212993906303214 0.39921319323131627 0.5230338433163372 0.4039829381178599 0.5272736165488204 0.4116434374810966
1 0.7805424458009206 0.4213547716270456 0.7864265743664469 0.42020352908161646 0.7887290594573052 0.4186685390210444 0.7900082178411154 0.41598230641504313 0.7845078367907319 0.41339201068782766 0.7804145299625396 0.4117610837484698 0.7703091787304398 0.41089765183939797 0.7676229461244387 0.4111854624757553 0.7692858520233918 0.41320013693025615 0.7717162529526308 0.41502293762718556 0.772227916306155 0.4177091702331868 0.7737629063667271 0.420011655324045 0.7756816439424422 0.4213547716270456
16 0.7927401143904352 0.3720655794032231 0.7947770691837753 0.36977400526071547 0.7991904712360125 0.3695193859115479 0.8003786948654608 0.36824628916571034 0.8003786948654608 0.3662093343723703 0.7939283380198836 0.36417237957903004 0.7861200113120794 0.364681618277365 0.7840830565187396 0.3686282181894617 0.7822158479581779 0.37295674712530946 0.7823855941909562 0.37461177289489833 0.7867989962431932 0.3766487276882384 0.7890056972693117 0.3756302502915683 0.7915518907609868 0.37448446322031453
16 0.5563602419016143 0.45378005129230886 0.546950521514769 0.45396576945783873 0.5429885339834656 0.45220144688530517 0.5391503585625156 0.44848708357470835 0.5349407468105056 0.4401297661258654 0.5332587592913571 0.4336519165121844 0.5379636194847798 0.43263046660177024 0.5367254983812475 0.42705892163587494 0.5416779827953767 0.42520173998057653 0.5460114066577397 0.4243660082356922 0.5572783086998835 0.42046592675956546 0.5644594111003708 0.4188873223525619 0.5574021208102368 0.41684442253173354 0.551582951623635 0.41675156344896863 0.5473733398716253 0.4160086907868493 0.5421732312367896 0.41294434105560673 0.5427922917885557 0.4105300049037189 0.5467542793198591 0.4096014140760696 0.5523258242857544 0.41062286398648384 0.5578973692516497 0.41090144123477856 0.5654499079831966 0.4122943274762524 0.5671832775281419 0.4105300049037189 0.5718881377215645 0.4089514004967152 0.5742405678182759 0.408022809669066 0.5806787975566438 0.411551454814133 0.5816692944394696 0.41266576380731207 0.582412167101589 0.4172158588627932 0.588355148398544 0.4161015498696142 0.5884789605088973 0.4143372272970806 0.587240839405365 0.4102514276554241 0.5851360335293601 0.4087656823311854 0.58129785810841 0.40625848709653245 0.584021724536181 0.40319413736529003 0.5886027726192505 0.402079828372111 0.6029649774202251 0.39557969257856646 0.6060602801790558 0.39502253808197696 0.607298401282588 0.39697257882004033 0.6085365223861203 0.39836546506151416 0.606679340730822 0.4003155057995775 0.6033364137512848 0.40319413736529003 0.5964029355715039 0.4055156144344131 0.5936790691437328 0.40969427315883455 0.5945457539162055 0.412665763807312 0.5971458082336233 0.41368721371772615 0.5992506141096282 0.413872931883256 0.5994982383303346 0.4116443138968979 0.6017268563166928 0.4100657094898942 0.6108889524828317 0.40997285040712933 0.615346188455548 0.4108085821520136 0.6170795580004931 0.4121086093107225 0.6196796123179109 0.412758622890077 0.6245082846216868 0.4122014683934874 0.6274797752701643 0.4102514276554241 0.6272321510494578 0.40746565517247646 0.633298944456766 0.40393701002740934 0.6404800468572531 0.4017083920410513 0.6458039676024421 0.40087266029616697 0.6484040219198601 0.40254412378593557 0.6498897672440989 0.4044941645239989 0.6522421973408101 0.4053298962688832 0.6539755668857553 0.4081156687518308 0.6569470575342328 0.40802280966906596 0.6612804813965958 0.4076513733380062 0.6609090450655362 0.40653706434482717 0.6569470575342328 0.4040298691101743 0.654842251658228 0.40152267387552143 0.6562041848721135 0.3991083377236334 0.6601661724034167 0.3970654379028052 0.6767569951907495 0.394929678999212 0.680347546390993 0.39604398799239104 0.6794808616185206 0.3989226195581036 0.6758903104182769 0.4005012239651073 0.6799761100599335 0.40087266029616697 0.682947600708411 0.40384415094464443 0.6857952792465354 0.4090442595794801 0.6912430121020773 0.4125729047245471 0.6919858847641965 0.4153586772074948 0.6879000851225401 0.4166587043662037 0.6900048909985449 0.4200944904285058 0.6788618010667542 0.42195167208380435 0.6734140682112123 0.41870160418703195 0.6659853415900185 0.4157301135385545 0.6637567236036603 0.4157301135385545 0.6649948447071927 0.42000163134574087 0.6658615294796654 0.4218588130010393 0.6719283228869736 0.42520173998057653 0.677062688486006 0.42318037872111836 0.6789844575645092 0.42214336230384986 0.6902997084303212 0.4201121142292353 0.6925005577011971 0.42003708527681916 0.6935342899344872 0.4196869501655434 0.6924672115001232 0.41541029987781874 0.6914954079259704 0.41253419003519687 0.6911204332975683 0.4106686742455283 0.6912176525426814 0.4096478721718381 0.6947175453667618 0.4089187278334881 0.6986063151712955 0.4100853587748482 0.7064810740254763 0.4125644495252384 0.707842143457063 0.41351233716509356 0.7076477049668364 0.41672057225383385 0.7104670630751232 0.4165747433861638 0.7162141787499988 0.41437272748434656 0.7175752481815855 0.4130602676753165 0.7170891519560187 0.4117478078662863 0.7217556757214593 0.4114561501309463 0.7207834832703258 0.4091958026820611 0.721366798741006 0.40708128410084593 0.7189363176131723 0.40511259438730074 0.7057145002777577 0.39913361081283005 0.7041589923559441 0.398623209775985 0.7001730033062973 0.4008835572248702 0.6972564259528967 0.40248767476924047 0.693075998413023 0.4026335036369104 0.6911316135107561 0.4016856159970553 0.6907427365303029 0.39811280873913996 0.6962842335017635 0.39410251487821457 0.6996869070807304 0.3910401086571442 0.7040617731108307 0.38826936017141395 0.7071727889544577 0.3860819271563638 0.7118393127198982 0.38724855809772385 0.7134920398868251 0.388196445737579 0.7130059436612584 0.3901651354511242 0.7105754625334249 0.39133176639248435 0.7102838047980847 0.3946129159150596 0.7138809168672785 0.39680034893010985 0.7196168523289657 0.39898778194516005 0.7244778145846328 0.4029251613722505 0.7276860496733731 0.40153978712938526 0.723700060623726 0.39782115100379994 0.7254500070357663 0.3968732633639448 0.7302137500463202 0.39475874478272954 0.7258388840162197 0.3916963385616593 0.7262277609966731 0.388342274605249 0.7288526806147333 0.38805061686990894 0.7298248730658667 0.3862277560240337 0.7314776002327935 0.3833111786706336 0.7350747123019873 0.38207163329543836 0.7410050862539012 0.38105083122174827 0.7476159949216084 0.3803946013172332 0.752865834157729 0.38017585801572823 0.7544213420795426 0.38054043018490324 0.754810219059996 0.38243620546461343 0.757921234903623 0.3830924353691285 0.7604489352765698 0.38382157970747854 0.76103225074725 0.38805061686990894 0.7590878658449831 0.3889255900759291 0.7574351386780563 0.38958181998044417 0.7563657269818094 0.39082136535563927 0.7577267964133962 0.39344628497369954 0.7594767428254364 0.3973107499669549 0.7562685077366961 0.40095647165870524 0.7550046575502227 0.4094145459835661 0.7551990960404492 0.4110915779617713 0.7588934273547564 0.4074458562700209 0.7643377050811037 0.4048938510857956 0.7684209133758642 0.4021231026000654 0.7693931058269974 0.4010293860925403 0.7682264748856373 0.39570663242258486 0.7699764212976775 0.3945400014812247 0.7734763141217579 0.3945400014812247 0.7746429450631179 0.39585246129025475 0.7784344956225382 0.39563371798874974 0.7801844420345785 0.39330045610602954 0.7821288269368454 0.39279005506918446 0.7877505003101629 0.3938605697506776 0.7906278595733159 0.3955781770659271 0.7938575485421613 0.40002633960029116 0.79526686736493 0.40332943059115567 0.7959715267763144 0.405531491251732 0.794620929571161 0.4065003979423855 0.7952081457473148 0.4094952004407693 0.7926744429240751 0.41285099213747484 0.7876420068946401 0.4145807224151229 0.7806599747591986 0.41143062588526563 0.7705872498233256 0.4105762178396101 0.7674780636380121 0.4111477871354237 0.7689508360415815 0.4131944798904008 0.7716129032258066 0.4151075268817204 0.7720430107526881 0.4178091397849462 0.7736379928315413 0.4202016129032257 0.7756810035842292 0.42147849462365583 0.7805197132616487 0.421491935483871 0.783126504935966 0.42371458129005385 0.787306364283699 0.4261777126913964 0.7901426974125179 0.4274092783920678 0.791113021903956 0.4270733968373392 0.7922326270863843 0.4256738903593036 0.7933522322688128 0.4244983049177538 0.7966364074706029 0.4239385023265395 0.7984277757624887 0.42522604828633226 0.8018612316552692 0.42712937709646065 0.8026076351102215 0.4280810415015249 0.800816266818336 0.4295365282386819 0.7996966616359075 0.43026427160726044 0.7978306529985268 0.4355823962237957 0.7957407233246602 0.43922111306668815 0.7946957584877271 0.44112444187681654 0.7918594253589081 0.4425239483548523 0.7874556449746897 0.4424119878366093 0.7848432328823565 0.44347561275991637 0.7811858559530901 0.4442593363876163 0.7776777597148142 0.4446511982014662 0.7743189441675288 0.44453923768322345 0.768571637564396 0.44257992861397355 0.7682730761824152 0.4407325800629666 0.7670041903089961 0.439333073584931 0.761182243360368 0.44118042213593806 0.7567038226306544 0.44381149431464495 0.7464034549523124 0.44705834934368743 0.7490905073901408 0.4511449082595514 0.7506579546455405 0.4524884344784655 0.7509565160275214 0.454391763288594 0.7516282791369785 0.4559032302848723 0.7496129898086074 0.4573587170220294 0.7488665863536551 0.45853430246357924 0.7543153315748069 0.46138929567877185 0.7552110157207497 0.4625089008612003 0.7558978325724943 0.4642603865864324 0.7525579227294485 0.46636617112673073 0.7536128809594649 0.46799256506467246 0.752478261954368 0.47200589474643684 0.7526540883260373 0.476885076560262 0.7512474773526825 0.48347856549786367 0.7498994751698838 0.48501704624997066 0.7489031257304241 0.48536869899330937 0.7451521631348108 0.4853247424003921 0.7431594642558913 0.48409395779870645 0.7425733763503267 0.4820279979315913 0.74069789505252 0.4815005188165831 0.739408501660278 0.4804455605865669 0.7340164929290836 0.4799180814715588 0.7312032709823737 0.4805774303653189 0.7300897039618008 0.47921477598488127 0.7300897039618008 0.47758838204693954 0.731496314935156 0.4733685491268745 0.732141011631277 0.47235754748977565 0.7346025808346482 0.47306085297645306 0.7368883236663502 0.47385207164896526 0.7423389411881008 0.47407185461355206 0.7440972049047945 0.4733685491268745 0.7443316400670202 0.46972015191473493 0.7414012005391974 0.4676541920476198 0.7322582292123898 0.4635662289063069 0.7326098819557286 0.4659838415167608 0.7329029259085109 0.46901684642805747 0.7304999654956962 0.4713025892597594 0.7260456974134053 0.47152237222434606 0.7250493479739455 0.4733685491268745 0.7244046512778245 0.4742476809852213 0.7211811677972193 0.4743355941710561 0.7169613348771543 0.47420372439230396 0.7141481129304446 0.47697298974609664 0.7074081020164518 0.4796543419140546 0.7061773174147662 0.4804455605865668 0.6970019804707583 0.4810534209134967 0.6910092623655524 0.48296068666939557 0.6918836529628397 0.4845483959118387 0.6883755028540703 0.4876683453582611 0.6826675646316201 0.4879533953212157 0.6801265906238698 0.4830879710648702 0.6799311693593703 0.47551271513417853 0.6808882984076814 0.4717462241759348 0.6757276253737244 0.4666104834847697 0.6716275011856893 0.47044919842008703 0.6651186842708495 0.46807678684604254 0.6635952508743701 0.4725459221524177 0.6599431033907546 0.47752836986973224 0.6619366749540334 0.4821946727148788 0.6568075793532205 0.48664173149171464 0.6477421237146956 0.48876226583008503 0.654556249670632 0.49119697292796277 0.6576418579033612 0.49329810204339997 0.6595334762033582 0.4933420351478182 0.6592371752365943 0.49108972313732674 0.6615032879090841 0.4893053090947246 0.6641120587606819 0.4882612758976904 0.6690506406344319 0.48875421784678885 0.6710537957458524 0.4917885791513072 0.6765068445228343 0.49420013200561447 0.6760928983666851 0.49567505332065037 0.6700796772988007 0.495392999935093 0.6694840562193736 0.49780111739334393 0.675852466649139 0.4993459742260551 0.6799505734718914 0.5020596899429213 0.6845586163517153 0.5026199484533516 0.6861072332989182 0.4993163125864811 0.6821518278097607 0.49864513079362005 0.6814352985514858 0.494307531358211 0.6821143964557269 0.4907194886406939 0.6876092314800469 0.4892817167650445 0.6906765307416691 0.49091279467977544 0.69302357918702 0.4943643365111738 0.6952325659591149 0.4942262748379178 0.6967972649226821 0.4947440061126276 0.6982239022129932 0.49633171535507065 0.6984079844440013 0.4979884554341419 0.6973955321734578 0.4999213188597249 0.6950024631703551 0.5019922439585639 0.6941280725730674 0.503579953201007 0.6933917436490359 0.5057199091364739 0.691044695203685 0.5076872879803709 0.6898021401443816 0.5089298430396744 0.6909018137052511 0.5113065612760991 0.6891472734904415 0.5125450602512588 0.686463859044262 0.516105744804843 0.6848125270773822 0.5189697736848999 0.6865670672921919 0.5219886149368517 0.6846061105815224 0.5250074561888036 0.6810970301519031 0.5269426108374906 0.6790328651933035 0.5291099840440201 0.6748013270281744 0.5293422026018626 0.6731499950612949 0.5264007675358582 0.6677831661689361 0.5240785819574337 0.6648933352268966 0.5209823345195344 0.6623131290286473 0.5208275221476394 0.6620035042848573 0.5245430190731186 0.6583912156073081 0.5256267056763834 0.6567398836404285 0.5276392665110179 0.6521987207315095 0.5267877984655956 0.6480703908143104 0.52941960878781 0.645180559872271 0.5315095758083921 0.6420843124343718 0.5306581077629697 0.6412586464509319 0.52941960878781 0.6439420608971114 0.5254718933044885 0.6386571942792132 0.5222167566170517 0.6376394138899235 0.5167779926617855 0.6238993786345142 0.5079042198926669 0.6255532717671098 0.5064729662202285 0.6226271531479022 0.504087543432831 0.6214821502099515 0.5005571177074827 0.621863817855935 0.49559543830969605 0.6195738119800335 0.4925420971418273 0.6223727080505798 0.4893933390624627 0.6259349394130933 0.4893933390624627 0.6284793903863173 0.48910708832797506 0.6254260492184486 0.4866262486290816 0.6195738119800335 0.48481332731065957 0.6165204708121647 0.48252332143475796 0.6176654737501155 0.4771799743909877 0.6211004825639679 0.47307704719666405 0.6050704414326569 0.46926037073682814 0.6016354326188045 0.4663978633919512 0.6018898777161269 0.4623903531091234 0.5988365365482582 0.4603865979677096 0.5985820914509358 0.462772020755107 0.596164863026373 0.4663978633919512 0.5940020796991327 0.46792453397588557 0.5896765130446519 0.4634399391355784 0.5863687267794607 0.4601003472332219 0.5849692787441876 0.4550432509239393 0.5798803767977396 0.45628367077338594 0.573646471913341 0.45885992738377523 0.5698297954535051 0.4582874259147999 0.567921457223587 0.45389824798598855 0.5731375817186962 0.45046323917213615 0.5691936827101991 0.44702823035828376 0.5674125670289423 0.44407030610191084 0.562705332728478 0.44321155389844774 0.5601410171549135 0.4423964910524711 0.5582501634131886 0.44408053266619485 0.5570683798246105 0.44753724966278585 0.5569502014657526 0.4501076289679432 0.558013806695473 0.45285527581138724
16 0.8017737537881101 0.4002715303748904 0.8042877543041392 0.39690456539806557 0.8041081828387086 0.3920561358314377 0.8019533252535406 0.38720770626481 0.7931543234474384 0.38343670549076614 0.7899220370696866 0.38437945568427717 0.7890241797425332 0.38693834906666397 0.7922564661202851 0.3888238494536859 0.793872609309161 0.39165210003421874 0.7947704666363142 0.3952884222091896 0.7956683239634676 0.3989247443841604 0.7971048956869129 0.4000021731767444