9 0.3733942733894299 0.8029779007147079 0.3699292826622873 0.7975618520102745 0.37694205692697497 0.7865329668060742 0.4095803974402261 0.7586034196542398 0.41566518351144083 0.7608816125956934 0.43563287510999765 0.7627513178073412 0.45504168059554845 0.7596007532908999 0.4830335540487692 0.7445108222748391 0.4886365921415308 0.7255970496091873 0.4850308417552948 0.7120176735601993 0.4708802326077653 0.7026101406050367 0.46931254653614657 0.695783748894667 0.5061770329987383 0.6950227670977713 0.5450411996564712 0.6935980051562324 0.5579577545949114 0.6917467796308661 0.5623833193863321 0.6926080427170436 0.5999472975528424 0.6759211671189063 0.6083683451824268 0.6791044298962943 0.6246015624505381 0.7044271842398792 0.6279728557130907 0.7144581059709469 0.6323447301025906 0.736902036532672 0.6366489513819729 0.7715745382032886 0.6404275121815876 0.8044348808802481 0.637187634038977 0.808616442015348 0.6076397253723066 0.8064822174282594 0.5795035564699386 0.80088464932728 0.5592302970386859 0.8007002116055141 0.5223672926348475 0.7998385294622001 0.4949142436866621 0.7984996439024706 0.4774306372289557 0.7991232301662108 0.4611258757504338 0.8000834736494814 0.422498494978112 0.8068868978225923 0.4085436412573727 0.8024753273819983 0.40397658973810635 0.8052136049669723
4 0.3282332347308713 0.29151658042259204 0.3292144168969983 0.28685596513348854 0.34654863516524287 0.22406030650135744 0.3538494432948568 0.21426590227498868 0.3677833912161877 0.20933096238618398 0.38036264975627804 0.21049212471296153 0.4220825057836473 0.21670191923486432 0.42575951981844296 0.22468491023146014 0.42711420919968357 0.23252275593720875 0.4309847502889421 0.24326350745990127 0.43543587254158944 0.2509562078748027 0.43949994068531095 0.25342367781920505 0.4456928064281247 0.2743245997012013 0.4545950509334194 0.29827357269098875 0.45227272627986426 0.30857888834113967 0.4487892392995315 0.31888420399129064 0.4404675759576256 0.32469001562517846 0.4298235879621645 0.3270123402787336 0.4185990188033147 0.3259963232428033 0.4226630869470362 0.30886917892283405 0.4182119646943888 0.2998701708903079 0.40505212499090965 0.2894197099493097 0.3868605818713944 0.28724253058660176 0.3680884575884903 0.288113402331685 0.3514451309046784 0.28956485524015696 0.33635002065656994 0.2920323251845593
2 0.3290917080799496 0.5586036049147769 0.33079521474183016 0.5538307285719271 0.3385760646082227 0.5518296006927529 0.3309385059098341 0.5494068617151417 0.33500561826743286 0.527033760825712 0.3384843889659524 0.511901108287152 0.340919528454916 0.4933766543175354 0.34509405329313947 0.4894630372817009 0.35518248831884625 0.4894630372817009 0.39379684307241325 0.4897239450840899 0.40075438446945244 0.4933766543175354 0.4124294677007379 0.49605421988746623 0.4147549873774629 0.4999335931502801 0.4257558751347657 0.5021491357402904 0.42856878800601 0.5071860081390589 0.42550430738977324 0.5159532437192834 0.419319713351199 0.5454147302844077 0.415013108489738 0.5638840713078193 0.3923485333277583 0.5726293682358798 0.3804580063248074 0.576364233422801 0.3659666774842569 0.5724317184413922 0.3510079634806228 0.566169931184057 0.3363971265468406 0.5612126829386667
15 0.1714745272317021 0.5305177672250299 0.17381383137629655 0.4871884444863518 0.17595871651549155 0.4681142873556532 0.18218560091657113 0.46359570968727704 0.1920850707897789 0.45952985598935236 0.21919076210927652 0.4611208422189751 0.2470035584197176 0.46288860469633364 0.28684892465937906 0.46403765030661664 0.31796154426088935 0.46456797904982416 0.326918207479506 0.46562863653623926 0.3342249590525879 0.47040159522510744 0.3377604840073051 0.4753513301617113 0.3389389923255441 0.48171527508020207 0.3377604840073051 0.4946199411649194 0.33617821455518404 0.515005694372754 0.3353414039150143 0.5214909768340694 0.3310178822741374 0.5461768907190762 0.3281692393865597 0.5475879626610624 0.32300890710551305 0.5482155706411896 0.3105962159429955 0.5477971653211048 0.2833998701374795 0.5461235440407654 0.2549483083717089 0.5439269161103197 0.24225668032913478 0.5434039094602138 0.22231269340508975 0.5426717001500652 0.20669222812192156 0.5422532948299803 0.19009548375855542 0.5415210855198318 0.17851960323620755 0.5381738429591529 0.1733592709551609 0.5345127964084104
20 0.24886155479224567 0.41834018557700114 0.23267408760816097 0.4065108826347854 0.2405602895696381 0.3953041745842652 0.249276618053376 0.3918799026799396 0.22603307543007495 0.3725794610373771 0.22935358151911797 0.3679099993496604 0.22727826521346606 0.3501660449363368 0.23261028985190724 0.34845430681186806 0.23913663319269943 0.3519194078269443 0.24524029096640335 0.35933099226644194 0.2530878509611656 0.36129288226513245 0.2577382568839876 0.35900401059999354 0.2474201687427262 0.351701420049312 0.24247911244972775 0.35257337115984116 0.23855533245234672 0.3495215422729892 0.23492220282514198 0.34755965227429864 0.23652077986111203 0.3436358722769175 0.23724740578655296 0.3412380067229624 0.23274232504881912 0.3397120922795364 0.2336142761593482 0.3377502022808459 0.24109448206130557 0.33406626922147453 0.24341968502271663 0.3353741958872682 0.24269305909727565 0.3371180981083265 0.2503952939069497 0.33875300644056866 0.25170322057274336 0.337554073663591 0.246035538354304 0.33395727533265834 0.24225708354201111 0.3326493486668647 0.23586277539813078 0.3314504158898871 0.23382822280689614 0.32828959311421907 0.23644407613848353 0.3267636786707931 0.246035538354304 0.3293795320023804 0.2614400079736521 0.3312324281122548 0.27015951907894337 0.33286733644449695 0.26928756796841424 0.32916154422474814 0.26972354352367883 0.3265456908931607 0.27553655092720636 0.325237764227367 0.2801869568500285 0.32698166644842525 0.28817984202987884 0.3240388314503894 0.2919582968421718 0.3201150514530083 0.2918129716570836 0.310632583126004 0.2973353286904348 0.30845270534968117 0.3102692701632836 0.30747176035033585 0.3149196760861056 0.3115045342365331 0.31898878126857494 0.31412038756812055 0.3218952849703387 0.31281246090232684 0.32291256126595597 0.30899767479376183 0.3323586982966883 0.30790773590560044 0.33381195014757026 0.3088886809049457 0.3384623560703922 0.309869625904291 0.34413003828883165 0.3081257236832327 0.34907109458183005 0.309106668682578 0.35372150050465206 0.3109595647924524 0.3596798330932679 0.3101966075707394 0.3631676375353844 0.3117225220141654 0.36651011679241274 0.31357541812403983 0.3660741412371482 0.3197880697865599 0.3730497501213812 0.32621870922671226 0.3721777990108521 0.3351562081096359 0.3829318627073781 0.3397339514399139 0.38787291900037646 0.34921641976691814 0.3883088945556411 0.35510208976298985 0.3880523511166589 0.3636258567414277 0.38330703895051393 0.370076515467281 0.38834893312704294 0.3896509281526289 0.38864551513742707 0.3981035154485746 0.38182412889859374 0.40410930115885185 0.38004463683628925 0.4165657455949823 0.3754728251462191 0.42507616638295287 0.3455180420974291 0.425298602890741 0.3277231214743857 0.42440885685958885 0.3125974389447985 0.4237415473362247 0.304886306674813 0.42351911082843663 0.28442214795831294 0.41929281718046385 0.2743383596052549 0.4175133251181595 0.26277166120027656 0.420627436227192
21 0.4611383999299041 0.32583165614630183 0.45438170746575607 0.3053312369653074 0.4559173193894261 0.29934235046299446 0.4413348668627562 0.2522242584627964 0.43642090870701217 0.25015118236584194 0.4241360133176522 0.21675162302601955 0.4192220551619082 0.21398752156341355 0.41154399554355825 0.1854251397831517 0.4047873030794103 0.16653711312201083 0.4146152193908982 0.12438456581726946 0.4628334337941361 0.12346319866306747 0.5531274149059318 0.12139012256611298 0.6805832045705411 0.11908670468060797 0.6897968761125611 0.13060379410813291 0.6962464461919751 0.14834011182652135 0.6983963028851131 0.16377301165940478 0.6950179566530391 0.18312172189764675 0.6824259388789451 0.21421786335196413 0.6603131271780973 0.25590972707960435 0.6507923332513432 0.26742681650712935 0.6397359274009193 0.28608450137971975 0.6246869305489534 0.3146468831599816 0.621513587833018 0.3190175354469089 0.6043650877551491 0.34363621273056594 0.5648364306320658 0.3428501452839143 0.534971219258945 0.34248067914935104 0.4997674880151996 0.34236567208014745 0.4827542051170014 0.3427884799463016 0.47542545156823013 0.33537764412952664
0 0.1858042550510522 0.6747111885108766 0.18300398535963436 0.6508145062180003 0.18335182838223096 0.6333353943325177 0.18335182838223096 0.5970727592268149 0.19135221790195436 0.5751586488032248 0.20563130733906232 0.5531794845122908 0.21351462669125976 0.5522800019887311 0.21461073229098315 0.5537414761216957 0.21887336517879644 0.5524626862553517 0.22155273442256473 0.552554028388662 0.22228347148904704 0.5543808710548677 0.22544999877713687 0.5545635553214883 0.22934726313170903 0.5566644243876248 0.23494958064140645 0.5552942923879705 0.2389686345070589 0.5552029502546603 0.23957758206246083 0.5566644243876248 0.24749390028268542 0.5557510030545219 0.25041684854861457 0.5605007939866566 0.25200011219265944 0.5615055574530698 0.2571152716580353 0.5614142153197595 0.26454443183393844 0.5644285057189989 0.27042879558287136 0.5638201488427258 0.27456963895960423 0.5663777285754137 0.28029374598038204 0.5662863864421034 0.28260774669090927 0.5676565184417577 0.2851653264235972 0.567108465641896 0.2861396425122402 0.565829675775552 0.290889433444375 0.5641855173759669 0.2986839621535193 0.5671998077752063 0.2996582782421623 0.5702140981744458 0.30599133281834195 0.5675651763084474 0.31488196712720956 0.5668344392419651 0.32036249512582665 0.5685699397748604 0.32389439094715755 0.5710361773742381 0.32584302312444363 0.5742331520400982 0.3307146035676588 0.5750552312398907 0.3352208154776328 0.5759686525729936 0.3379001847214011 0.5786175744389918 0.3476433456078314 0.5780695216391302 0.3511752414291624 0.5798963643053359 0.3568993484499402 0.5808097856384387 0.3644502981369236 0.5804444171051972 0.36737324640285274 0.5788002587056124 0.37017440515770156 0.5788916008389227 0.37078335271310353 0.5826366283046442 0.3793567561998281 0.5866340202003026 0.38174440871033755 0.5909054384958918 0.3887730587218959 0.5928860828020589 0.38980345579496933 0.6020215593347531 0.3877120947532761 0.6105873210975912 0.3910004115524463 0.6108613474975221 0.39081291351471603 0.6222081707963258 0.3823131618279733 0.624974791018962 0.37235987928159825 0.6339203626283707 0.36688729455631347 0.6440329832024845 0.3647335935257452 0.6563930538260316 0.36570959388327573 0.6656606700286934 0.3721230373349876 0.6754402357478928 0.3631106135150396 0.6869493445449887 0.3515406099624036 0.6954441629428448 0.33570797352195436 0.7033909285408398 0.3235290224139164 0.7073186402731821 0.3086707020621103 0.7103329306724213 0.2846781683792757 0.7155394322711075 0.2614163717629233 0.7179143277371748 0.24071215487925893 0.7179143277371748 0.223052675772604 0.7109723256055932 0.21050835613132496 0.7046697184071837 0.19918193160084974 0.6941653730765011 0.19090024484738397 0.6833870013458875
12 0.3552640094856455 0.7268839570173067 0.3538629677732428 0.7111222377527766 0.3603077596502951 0.6964112997725483 0.3724108631304493 0.6888456745255739 0.3714917880966717 0.6772619279741466 0.373416175864867 0.675012137040128 0.366686854215926 0.6654687354289027 0.3663198003078019 0.6528971390756538 0.3691338802700863 0.6415184679238084 0.373416175864867 0.6339020993302343 0.38198076705442807 0.6261939672596294 0.3925029790873175 0.6223399012243268 0.4101215666772719 0.6171093830335591 0.42517077691035793 0.6149070595848147 0.43960823062990395 0.616925856079497 0.4593067903658946 0.6224316647013578 0.47594656753418496 0.6299562698179009 0.48683583347519843 0.638306746227723 0.49344280382143135 0.6486760191322273 0.4961345324810076 0.6616146693936001 0.4938098577295553 0.6745533196549729 0.48671348217249033 0.6844637751743222 0.476068918836893 0.6919883802908653 0.46823843546357985 0.6956589193721058 0.4698290023987841 0.7031835244886487 0.484144104815622 0.7119928182836258 0.48805934650227856 0.725573812884216 0.48218648397229374 0.7439265082904183 0.45477979216569797 0.7590674820005354 0.4355706376405394 0.7623709671736519 0.41587207790454866 0.7601686437249076 0.4084086484393597 0.7580580837531944 0.3922101468625154 0.7513268231006617 0.3837943520422027 0.7438461165937171 0.3787400001834797 0.7399571525042009 0.37468832713325884 0.7393873859815137 0.36431293509902807 0.7346189699181742
3 0.5786099728163834 0.42512550673952526 0.5547542367018496 0.4477377088386368 0.5283229012182457 0.44750985249826086 0.5234619659568932 0.4399905932658562 0.5125248616188501 0.4240406494395435 0.5141059201607844 0.41961819610418644 0.5247279433046023 0.4049887733197464 0.5467445003663337 0.3990500967438846 0.5450063511246181 0.39470472363959547 0.580155591345979 0.38891089283387664 0.583380200698907 0.3889122926675414 0.5853561658948225 0.38390180949218383 0.613772427283705 0.37529224685283713 0.6214881009058517 0.37818562446114223 0.6328734241775561 0.37712707167761594 0.6475520227757867 0.3745159748115845 0.6558322578824809 0.3753628170384055 0.6598782818550701 0.3791736070590999 0.6602546561781018 0.3839723796777523 0.675121441937848 0.3828432567086576 0.685189455078942 0.3814318529972893 0.6881063560824365 0.3831255374509313 0.6855658294019736 0.3862306256159415 0.6743686932917847 0.38467808153343647 0.6677821426387327 0.3913116789768675 0.663265650762354 0.39222909138925693 0.6609133112434068 0.39582817085324623 0.6531035440405022 0.3942050565851727 0.6451996832568395 0.3980864167914355 0.6420945950918292 0.3954047497398357 0.6331557049198299 0.3974512851213197 0.6242168147478305 0.394275626770741 0.6197944164522098 0.39201738083255167 0.6244050019093462 0.3883477311829941 0.6224290367134306 0.3874303187706047 0.6155602053181048 0.3887711522964045 0.6118905556685471 0.3877125995128783 0.6066213151461054 0.3907471174923202 0.6013520746236636 0.39018255600777285 0.596741489166527 0.3934993547294884 0.5958946469397061 0.3966044428944987 0.5921309037093905 0.39787470623473026 0.5921309037093905 0.39963896087394063 0.5955182726166746 0.40232062792554046 0.5918486229671169 0.4026029086678141 0.5915663422248432 0.4090953657401084 0.5978706121356216 0.4112124713071609 0.5968355827472849 0.41276501538966603 0.5981528928778953 0.4149526911422869 0.5974001442318322 0.41699922652377114 0.5933541202592431 0.4196103233898025 0.5954241790359166 0.42208027988469704 0.5932600266784851 0.4241268152661812 0.5926013716131798 0.42589106990539155 0.584038855764212 0.4233505432249285
3 0.7029970842752388 0.49475957602371123 0.6915837377272679 0.4949180947257663 0.6780568084852283 0.48524845390040205 0.6729842100194632 0.4839803042839609 0.668545686361919 0.47906622452025116 0.672138776941836 0.4670872186981208 0.6764298948307118 0.4667991789950646 0.6857341985114849 0.46243069494982353 0.7011511448543675 0.46515845047963306 0.7099259353175359 0.47083180638254357 0.7068245007572779 0.4774696327889489 0.7083373956647208 0.4834266564870049 0.6988818024932031 0.4912558876330213
3 0.5286964825326677 0.5414627883822192 0.525809402764571 0.5273882745127488 0.5261702877355832 0.5146670792845737 0.5418687839746078 0.5055998443878957 0.5658676345469097 0.5034345345618234 0.5952797596843926 0.5206216813062727 0.5916709099742721 0.5438987619365505 0.554138872989018 0.5529659968332286
3 0.542770996402138 0.6152186543328089 0.543853651315174 0.6019561316481156 0.5546802004455359 0.5964075252188051 0.5582890501556566 0.5974901801318413 0.5588303776121746 0.5872049584579977 0.5779572810758138 0.5740777676374339 0.6048432114162122 0.5815210201645578 0.6122413533219595 0.6058807557078717 0.609354273553863 0.6095347160393689 0.5849945380105489 0.6257745397349115 0.5774159536192958 0.6267218627838181 0.5445754212571983 0.6177899597512697
1 0.6364978879580845 0.5787345082012869 0.6364978879580845 0.5731352410666181 0.6405178746188724 0.5665309772667523 0.6504721273027282 0.5636595582233324 0.6594692403054441 0.5655259806015553 0.6851205837599954 0.5661002644102393 0.6856948675686794 0.5645209839363583 0.6902891380381513 0.5645209839363583 0.6908634218468354 0.5632288453668193 0.6945005526351672 0.5616495648929384 0.6962234040612191 0.5540403044278756 0.701009102466919 0.5515995982409686 0.7008176745306911 0.5485846082453777 0.7079005081711267 0.5485846082453777 0.7115376389594589 0.5462874730106417 0.7260861621127865 0.5493024630062326 0.7364232706690983 0.5564810106147825 0.7369975544777823 0.5616495648929384 0.7421661087559381 0.5639467001276743 0.7433146763733061 0.5686845415493172 0.744463243990674 0.573278812018789 0.742166108755938 0.577011656775235 0.747143235097866 0.578016653440432 0.7488660865239178 0.5844773462881268 0.7477175189065499 0.5900766134227956 0.745228955735586 0.5939530291314126 0.7375718382864662 0.6011315767399624 0.7291490090924344 0.6080229824441702 0.7170890491100708 0.616780810526601 0.7123033507043708 0.6169243814787719 0.704263377382795 0.619795800522192 0.6994776789770951 0.6213750809960729 0.6937348408902553 0.6248207838481769 0.6874177189947315 0.6251079257525188 0.6830148764614876 0.6212315100439019 0.6780377501195596 0.6206572262352179 0.6761234707572796 0.6226672195656119 0.6726777679051757 0.61950865861785 0.6688492091806159 0.617929378143969 0.6648292225198279 0.6117558272006162 0.660617807922812 0.6025672862616723 0.6621492314126359 0.5945273129400965 0.666360646009652 0.5958194515096356 0.6705720606066679 0.5984037286487134 0.6747834752036836 0.5978294448400294 0.6753577590123677 0.5951015967487805 0.6678920694994759 0.5879230491402307 0.6640635107749159 0.5883537619967437 0.6518121228563243 0.5850516300968107 0.6395607349377326 0.5811752143881939
16 0.660646207765381 0.3805138758530575 0.6605382655571832 0.37848995944934916 0.6588111902260186 0.3777613495440141 0.6593509012670076 0.375818389796454 0.670037179878588 0.3746040399542289 0.6799678630327841 0.3785709161054974 0.6821267071967398 0.38140439907068924 0.6747866370392905 0.38253779225676593 0.6710086597523681 0.38180918235143096
1 0.6690423473148323 0.4668105530420471 0.6642906119656392 0.46727544362776 0.6608366279942196 0.46264957223746594 0.6482542578126194 0.4659801996384776 0.6361653139126509 0.46746047848337186 0.632851979272927 0.46592937005894197 0.6275981368691711 0.46620112052810186 0.622706628424295 0.4619889882561251 0.611111941740144 0.45764098074956855 0.6116197225889601 0.43887700769305565 0.5942276925627338 0.4255612347042261 0.5973075312132115 0.4217567281359891 0.5949523604804933 0.4198544748518705 0.5978617099105499 0.41729919413526706 0.5992063410084707 0.41477801082666543 0.5974415126924496 0.412571975431639 0.5987810357928833 0.4111419680502081 0.5921419197468991 0.4086838143243216 0.5923099986341392 0.40332629979354306 0.596596010258762 0.4023808560528176 0.5924780775213794 0.3993554360824956 0.5926461564086194 0.3982209035936249 0.5961758130406617 0.39708637110475414 0.5969321680332421 0.39380883280357204 0.601218179657865 0.39040523533695987 0.6069328618240286 0.3911615903295404 0.6119752284412319 0.38819919994193347 0.615420845629654 0.3892707028480891 0.6224801588937386 0.38775799286292817 0.6237407505480395 0.3883252591073636 0.6190345417053165 0.39191794532212093 0.6234886322171792 0.39437609904800736 0.6329010499026252 0.39765363734918957 0.6416411520391108 0.3957627498677383 0.6452482491219727 0.39829885082493505 0.6532763715439667 0.39441778561791674 0.6609659586831058 0.3960500093031114 0.6634324300296222 0.39238657392078563 0.6681235618063296 0.391552326259464 0.6744590078140482 0.38476953005654413 0.6857210657648041 0.38632575278909875 0.6883333333333332 0.38315860215053754 0.6919919690520208 0.38235234689644315 0.6950761526778408 0.3790512925080822 0.6984549684230569 0.37916647940848724 0.701065871498906 0.3766611643246764 0.7116246707027067 0.3769491315756891 0.7136212436430618 0.3778130333287273 0.720033314432279 0.3762580101732585 0.7249842684539076 0.37798618788915195 0.7319659387476771 0.3791450307043064 0.7328243408329768 0.38077599466637546 0.7374246180779829 0.3815168068113761 0.7398281439168215 0.3830190104606503 0.7445207419831257 0.38323361098197517 0.7457797317082318 0.3857229770293437 0.7511018246370889 0.38653845901037825 0.7547643402010334 0.3905300287070211 0.7585413093763514 0.39091630964540597 0.7618032373004895 0.39460743861219394 0.7613454228549965 0.3959808819486732 0.7651796188360013 0.3974401654936824 0.7674686910634666 0.3995003304984012 0.7695288560681854 0.4004016526879658 0.7694716292624988 0.4022472171713598 0.7723329695468305 0.40550914509549796 0.7755948974709688 0.40748346989168693 0.7787423717837337 0.40838479208125145 0.7758238046937155 0.408985673540961 0.7750798562197889 0.41100291844141496 0.7750226294141024 0.41336352417598876 0.7787995985894205 0.4148228077209978 0.7825193409590515 0.41525200876364754 0.7834349698500378 0.4183851763749909 0.7858957224945631 0.42031658106691483 0.7894437844471345 0.42070286200529966 0.7895010112528211 0.4238789497209079 0.7927057123712727 0.4262824755597465 0.7896726916698811 0.42860016119005523 0.794536970153245 0.4295873235881498 0.7938502484850054 0.434823576308477 0.7904738669494938 0.4354244577681866 0.7881275679163419 0.43490941651700693 0.7888715163902681 0.4377850635027603 0.7922478979257795 0.4400169089245391 0.7968832691863971 0.4404031898629238 0.7972266300205169 0.443622197682797 0.7973410836318903 0.4450385611235413 0.7998395746816597 0.44635021711305867 0.7998395746816597 0.4472332046840044 0.7973377765639802 0.44899917982589577 0.7941001554705126 0.44789544536221365 0.7952774722317736 0.4514273956459965 0.7977792703494531 0.45341411768062445 0.7988094225155564 0.45573196005435684 0.7982207641349259 0.45650457417893436 0.7951303076366159 0.4567253210716708 0.7913040281625179 0.4605883916945583 0.7882528543019085 0.4643181327878116 0.7849438167504565 0.46627347315912404 0.7870495679195622 0.46755196494036677 0.7849438167504565 0.4692816891149893 0.7854451860764342 0.47266593206533775 0.7813339576034183 0.47665181820685937 0.7806320405470497 0.4801864719550011 0.7782254677823575 0.48432276889431597 0.773612869983364 0.4859020822711453 0.7710057494882805 0.48755660104687126 0.7686994505887839 0.4897375576148736 0.76498931757655 0.4901887900082534 0.7624824709466622 0.49417467614977484 0.7595745288559925 0.4968820705100536 0.7534578230790663 0.49643083811667377 0.7488452252800728 0.49936384867364253 0.7421268763119735 0.49831097308908956 0.736712087591416 0.49613001652108724 0.7314978466012496 0.49597960572329397 0.7302945602189034 0.4978597406957098 0.7277877135890156 0.4968820705100536 0.7186627918562241 0.4971076867067435 0.7162562190915318 0.4962052219199839 0.7144512895180126 0.4962052219199839 0.713749372461644 0.4980853568923997 0.7107411565057788 0.49778453529681316 0.7056873796998494 0.4992195284075457 0.7035814985311215 0.4949630783294864 0.6991841298849085 0.49124186059223957 0.7084543143810584 0.48353977474828386 0.7069982806585862 0.47750178222632395 0.7101594900878716 0.4707135882100151 0.7012391114401243 0.46498599182991174 0.6856405973700538 0.46224853481001765 0.6762469468785232 0.46662253150969824
5 0.7258964454283191 0.5087569017814084 0.7366859879697804 0.5074082089637257 0.741081727523709 0.5098058850840506 0.7488741749147646 0.5125032707194158 0.7540691398421348 0.5117539969318144 0.7584648793960637 0.5137021087795782 0.7562670096190992 0.5198461538379104 0.7544687525288556 0.5223936847157555 0.7572660413359011 0.5324339534696154 0.7598635237995863 0.5430736412535565 0.7618615872331902 0.549367541069409 0.7614619745464695 0.5538631837950179 0.7624610062632715 0.5591081003082283 0.7636598443234338 0.5592579550657485 0.7648586823835963 0.5657017096391214 0.7628606189499922 0.565551854881601 0.7546685588722162 0.5595576645807891 0.738484245060024 0.5549121670976599 0.7324483144501781 0.5523496818944045 0.7287960366892164 0.5504940891610126 0.7264397284563379 0.5485501348688878 0.7113593557659155 0.5458109265481667 0.7078349931567017 0.5481951103791832 0.7002948068114905 0.5481067488204503 0.7004126222231344 0.5513761264935693 0.6955821903457335 0.5534968039031599 0.6946819653932874 0.5565687244994257 0.6864118702681019 0.5520497082345923 0.6729494547579549 0.5448515884796346 0.6684599745471399 0.5403325722148011 0.6717680125972143 0.5355477314638009 0.6956331442441781 0.5322692294677451 0.6950424231638078 0.5273957805546894 0.6965782979727709 0.5248261438550782 0.7036669509372157 0.5263324826100227 0.7154813725446235 0.5327122702780229 0.7179624010821791 0.5366110294084675 0.7268232172877351 0.5398895314045233 0.7303675437699575 0.5396237069183566 0.7293042458252909 0.5325350539539119 0.7268232172877354 0.5205729520764114
5 0.6107870571838774 0.43952239630525847 0.6001163781547486 0.4328720083187944 0.5963590968064637 0.43749346437718467 0.5920006504424533 0.43783161969853024 0.5901971553952766 0.44166404667378084 0.5859890002851975 0.44222763887602357 0.5727599687325382 0.43498046169093363 0.5566788045618791 0.44783036390206776 0.532199678779224 0.45508388691785356 0.5314298739014052 0.460905702994099 0.5446555042473677 0.4669924987783204 0.546609290548476 0.4662034696951805 0.5399964753754946 0.4622583242794815 0.5416496791687399 0.45910220794692225 0.5479619118338585 0.4567351206975028 0.5460081255327502 0.4539171596862892 0.5479812235314596 0.4510781384582963 0.5556556553441161 0.4512337012653096 0.5582630601017571 0.4545545220928852 0.5661400010354346 0.4523175080970503 0.5727251512898047 0.4541695816060919 0.5748287409543953 0.46246961473920434 0.5751945826351935 0.46836881184207757 0.5833345600329566 0.46836881184207757 0.5867185955803413 0.4659679758118385 0.5921147603721167 0.4658993804966887 0.6016266440728737 0.46185225690285703 0.609949542311036 0.45663901295148074
16 0.5899669372838464 0.4412886575409704 0.5912349275865108 0.4374846866329775 0.5966527043342583 0.43687950944306947 0.6010330344707351 0.43134646084962514 0.5936556363461427 0.4268508588674517 0.5832811702334346 0.42425724233927475 0.5792466556340481 0.4252082350662729 0.5716387138180622 0.43238390746089606 0.5767106750287194 0.43601497060034383 0.5860476945301567 0.44154801919378817
5 0.6413284107089985 0.5128758129034559 0.6301134708844239 0.509345183699423 0.630251926931641 0.5069568168849304 0.6285904543650374 0.505191502282914 0.6416053228034325 0.500622452724754 0.6472820207393281 0.4988571381227377 0.6544817351946104 0.5029069775038341 0.6514357021558371 0.5066452907786922 0.6536509989113086 0.5079952372390576
5 0.6241598608540945 0.5155757058241867 0.6260982455151319 0.514329601399234 0.6212522838625381 0.5111104983014394 0.6146063935961236 0.5014531890080559 0.6076835912352752 0.5004147686539286 0.6002069646855589 0.49750719166237223 0.5974378437412194 0.4931458261750378 0.5932841623247104 0.4943919305999905 0.5817923104057019 0.49376887838751415 0.5781924531780608 0.49366503635210135 0.5795770136502305 0.4955341929895305 0.5791616455085795 0.4988571381227377 0.5876074643888146 0.5038415558225486 0.6028376295826813 0.5072683429911686
5 0.5592006283532384 0.4801065366320011 0.5651120804114551 0.4873537494918342 0.5768213027575384 0.4876947948028851 0.5819369824233029 0.4840285577090873 0.57738971160929 0.4783160487489835 0.5676130793591623 0.4801917979597638
5 0.6003609027657925 0.5553846817624727 0.6166318480825125 0.5501151142451259 0.6231032467880261 0.5411013803338748 0.6299444397052834 0.5361091584753357 0.6245824236350006 0.5300075539815657 0.6049833304125879 0.5265407332464691 0.5951837838013816 0.5287594985169309 0.5925952243191762 0.5447068738983752 0.5879727966723807 0.5476190033158564 0.5890821793076116 0.5508084783921452 0.5966629606483562 0.5495604229275105
16 0.5318771028551327 0.4550809469253116 0.5264228921451596 0.45508094692531165 0.5270289155573789 0.45835996645928356 0.5279379506757077 0.4591716049577915 0.5255954479404197 0.46071847729302184 0.5257685974867681 0.46406242790687435 0.5256820227135939 0.4656532393639498 0.5233526681301485 0.46599095315275263 0.5190749601386473 0.4691992341463786 0.519862958979187 0.4724919435872051 0.5206509578197267 0.4768822228416405 0.5209350794294696 0.4839290135151806 0.5210576668113802 0.4866412593399545 0.5235707081405494 0.4877445457771506 0.5219770721757104 0.4904108213337082 0.5257772810149418 0.4936287401088638 0.5243062324320135 0.4950078481553589 0.524919169341567 0.49891532095376223 0.5255933999420757 0.5054430990405063 0.5282290286531556 0.5074198205738162 0.5414637614683543 0.5055462179139969 0.5475047229024805 0.5046998082028321 0.5660470809535605 0.5032511864800915 0.5684340472610333 0.5047445658920904 0.570609810514681 0.5025333075338961 0.5747309272001568 0.5018852287002931 0.5788520438856327 0.49999084441745334 0.5788932751139655 0.49874453896821663 0.5793711580216085 0.49560140772704075 0.5778457741052655 0.49340162445647173 0.5931749242126931 0.4941351845133528 0.5974461839967762 0.492907346302098 0.5821304329709109 0.48415580036637385 0.5768658383836643 0.4878579539710237 0.5648264305443936 0.487460068748022 0.5589845288482402 0.4800153644496979 0.567539061142778 0.48009825720448984 0.5774419822485994 0.4781088310894812 0.5821386353300653 0.4838651268434225 0.5975486890569931 0.49287792926205043 0.6003857154738809 0.49749917932393406 0.6077885812804474 0.5003916164130268 0.6147038331716115 0.5011562836894535 0.6214291879947793 0.510979156310657 0.6264013258339461 0.514319135859141 0.6242410967121041 0.5157836378464501 0.6166748000003285 0.5128327821288575 0.6029689939567118 0.5075147564400094 0.5874905126834792 0.5040774959338027 0.5789910251219775 0.49887127352398974 0.5789216072866581 0.4999646044302728 0.574733397889045 0.5019430127368802 0.5706608848836309 0.5025677732547562 0.5685783498240441 0.5047891439849819 0.572674002107898 0.5072187682211665 0.5790141644004174 0.5108979134931029 0.586117922881452 0.5149935657769568 0.5955356092064719 0.520581701520181 0.5947410448230013 0.5283388794346024 0.6051066854105525 0.526313777062888 0.6247314038133827 0.5298421938990134 0.6302760588415796 0.5360925322944353 0.6232528291391969 0.5411835337294161 0.6168680748643035 0.5501809966615354 0.6003013177194486 0.5554988248931243 0.5964704651545124 0.5497021400909186 0.5889431759041119 0.5509874919383642 0.5875748548467633 0.5475309860114808 0.5924810464776905 0.544517182581054 0.5916399850552458 0.5440616076438964 0.5783699048344522 0.5476711629152216 0.567015575631449 0.5503695683122315 0.5539791235835566 0.5531030179351767 0.5382325847300091 0.54651470345936 0.5338585231290197 0.547813131983291 0.5291400195195777 0.5508148586098333 0.5284302747609884 0.5593006633307974 0.5297784186494003 0.5626183611811862 0.5325168359227372 0.5661256417658831 0.5332330373634561 0.5684006345775784 0.5347075697414068 0.5688745914133482 0.5351288647065354 0.5712443755921974 0.5333594258529948 0.5734245770367387 0.5334858143425333 0.5762051238065884 0.5394682028473616 0.5815450374895953 0.5456835720515367 0.586743268375326 0.5518732524335113 0.5865612189523267 0.5508836748257115 0.5876859708615584 0.5510553387189933 0.5888447021412101 0.5493530691504195 0.5898800532893481 0.5493816797992997 0.5922189738353117 0.5514130358698003 0.5934635370616043 0.5582795916010694 0.5934635370616043 0.5586515300365132 0.5871334309968403 0.5779923286795883 0.5739153112141472 0.6051152238181019 0.5814256065452229 0.6124263376190628 0.6060629130261328 0.6095987648865876 0.6097221247975712 0.5854184408275571 0.6259331226757184 0.5770466078353267 0.6269726714744225 0.5711696919599861 0.6254341392523405 0.5723339866145347 0.6280538022250748 0.574163592500254 0.6298002442068978 0.5761595261937659 0.6295091705432606 0.5776564764638997 0.6310892847172909 0.5824245402872893 0.6315051042367725 0.5833116219288502 0.6328357266991137 0.5931804051912145 0.6317961779004097 0.5931804051912145 0.6298002442068978 0.5952317814873239 0.628594367600401 0.5972831577834334 0.628594367600401 0.5997226322977257 0.6287606954081937 0.6022175494146156 0.6295091705432606 0.6057104333782614 0.6310892847172909 0.6184248716675016 0.6310201333246525 0.6254961539937933 0.6302795432036734 0.6410747274395224 0.6295446064424086 0.6450659231692925 0.6329371228127133 0.6548221793976196 0.6339349217451558 0.6644564758921505 0.6318729367406143 0.6729269974128443 0.6277974971410353 0.6762033312085844 0.629655418134961 0.6866716172388757 0.6303146804231281 0.6975394561710864 0.6284567594292024 0.7091264903267522 0.6304944792289919 0.7163983531416873 0.6276776312704594 0.7226313784116318 0.6282769606233386 0.7283849401992727 0.6307941439054315 0.7316612739950128 0.6282769606233386 0.7465246419464188 0.6297752840055368 0.7639451484701095 0.6318729367406143 0.7786486952607476 0.6326520648993573 0.7907951034791009 0.6329517295757969 0.7923933150867789 0.6315133391288867 0.7894366236125745 0.6273779665940198 0.7811259232526485 0.6276776312704594 0.780806280931113 0.6243213868943355 0.777450036554989 0.62390185634732 0.7846022596151162 0.6149979555438948 0.7852339823399319 0.6103192591132292 0.7763108988519113 0.6091347790041999 0.7759950374895034 0.6114445152168069 0.7612258834028252 0.6107771682209544 0.7455117806230365 0.615692760673426 0.7424321323395604 0.6158704326897804 0.741247652230531 0.6145082805643968 0.7439324738109974 0.613916040509882 0.7474069487974834 0.6103033761773428 0.7418793749553465 0.607164503888415 0.7298659246061276 0.6076018007121293 0.726069182813057 0.611075819452789 0.7265065421040693 0.6128795520919472 0.7220263867882459 0.613591441178148 0.7169767202034617 0.6172078377360478 0.7161034695910555 0.6181760068932808 0.7175082640544918 0.6200269185174028 0.7176601337262146 0.621194416618772 0.7164831437703626 0.6209950876746357 0.7137874570972825 0.6170369843553596 0.7124965648876386 0.6169800332284635 0.6995876427911983 0.6215361233801483 0.6938165952657309 0.6249816665573599 0.6871343297099266 0.6253233733187363 0.682806044065826 0.6214506966898042 0.6782119864962106 0.6208242342939475 0.6761997133458831 0.6228744748622057 0.6725906835184422 0.6196084443968437 0.6686379928315412 0.6180107526881721 0.6636841799854889 0.610516110318143 0.6622738863603604 0.6116267165479318 0.6600879312414111 0.6095641621211813 0.6557160210035127 0.6090881880227004 0.6581840348474876 0.6050159651801418 0.660581534010206 0.6042226750160069 0.6600879312414111 0.6021601205892564 0.6619918276353346 0.5942272189479083 0.6645284564339384 0.5949768006167859 0.665358921156839 0.5945532253141907 0.660426431842621 0.5918281190995608 0.6554939425284032 0.5952027324948798 0.6518046729364361 0.5978309372546944 0.6444808100195076 0.6065717046420985 0.6386101900154224 0.6072237882694306 0.6333526763050896 0.6070800921836392 0.6313501341601977 0.6043176568141232 0.6301928610612354 0.6033373405109891 0.6308007756409347 0.5945136391850594 0.6292988690322658 0.5923680583155325 0.6313371708583164 0.5910002505112091 0.631587488626428 0.5887205708373366 0.6336257904524786 0.5880232570547403 0.6334469920466848 0.5864140714025952 0.631587488626428 0.5856899378591297 0.6314086902206341 0.5825252060765774 0.6271890478438976 0.5817206132505048 0.6267241719888335 0.580218706641836 0.6302286207423942 0.579306834772287 0.6301571013800766 0.574452458054982 0.6361647278147522 0.5740501616419458 0.6361975452306278 0.5730290535445366 0.6403199608963506 0.5663088346183891 0.6386164833485313 0.5644435267035268 0.6342555808261136 0.5644435267035268 0.6336082593579422 0.5648523613150035 0.6336423289088986 0.5681230382068168 0.6259598597217159 0.5685611837479412 0.6252103296006752 0.5655204763250835 0.6251421904987625 0.5648305679182167 0.6287535629001396 0.5639873465320462 0.6312747096709123 0.5627352905343989 0.6331826045244701 0.5635018554309176 0.6343068997060308 0.5639617943688289 0.6387359413303613 0.5641917638377845 0.6405756970820061 0.5661337282422985 0.6502514495536204 0.5634251989412656 0.6595195657310158 0.5651895046991456 0.6847594728200103 0.5657449289284078 0.68535195343677 0.5642637273865085 0.6902892919097674 0.5642637273865085 0.6904867854486872 0.5630787661529891 0.6942885360728952 0.5616345946496374 0.694930390074385 0.5572280200624872 0.672540613842687 0.5450621150289039 0.668001983211282 0.5402293138936116 0.6713811385863458 0.5351801952864992 0.6955023511383805 0.5319648584996094 0.6946590751450585 0.5274145298508922 0.696601837809334 0.524272718354759 0.7038264864671092 0.5257753238529096 0.7159687531188319 0.5323776813447839 0.7185186291156938 0.5363846293398523 0.7267753704388652 0.5394353738360977 0.7297502257685372 0.5393443068362098 0.7264718137725723 0.5225424453568884 0.7257432777734687 0.5085636608740927 0.7368534517597951 0.5071521223758299 0.7410209396271131 0.5095514591373145 0.748680946595769 0.5120172357168267 0.7556825187976964 0.511449902856723 0.7521811620020036 0.5105180901610951 0.7551742573273539 0.5086968198923677 0.7511539796695377 0.5049154156627635 0.7484432518277109 0.5022893980659938 0.7482173578408919 0.5002139970620952 0.7416664322231441 0.4983927267933679 0.736753238009833 0.49627497066694076 0.7317270968031124 0.4961902604218837 0.7304282063789038 0.498096240935668 0.7277174785370771 0.4972914936076258 0.7185687720709117 0.4975879794653256 0.7161968852093132 0.49640203603452643 0.7146721007982858 0.4963173257894693 0.7139944188378291 0.4981809511807252 0.7107189560289551 0.4979691755680824 0.7054669208354157 0.49940924973405293 0.7033889601871366 0.49564047901937053 0.6915621313168995 0.4953281507921636 0.6778771843299848 0.48560792766138056 0.6700481567679969 0.48473340862520103 0.6653840552417065 0.4881065534790362 0.6743791081852667 0.4912298357511058 0.6807922477839164 0.495415033995679 0.6776273217482192 0.49960023224025235 0.6718804823676112 0.49685174384083114 0.6700481567679969 0.49947530094936954 0.669548431604466 0.5029733770940874 0.6741292456035013 0.5045350182301223 0.6727133576401632 0.5088451477655783 0.6752119834578187 0.5112188422923513 0.6808755353111716 0.5177777350636974 0.68020923509313 0.5178402007091387 0.6710476070950593 0.5134676055282413 0.6667999432050444 0.5125930864920619 0.6665500806232791 0.5175278724819318 0.6752952709850739 0.5228999179898915 0.6704645944042729 0.5243990934804849 0.6606366661881605 0.524586490416809 0.6530575012079383 0.5260856659074025 0.6498925751722412 0.5225875897626845 0.6503923003357724 0.5219629333082706 0.6544733891712766 0.5224001928263603 0.6620525541514989 0.5178402007091387 0.6653007677144512 0.5112188422923513 0.6593040657520776 0.5098445980926406 0.6569720149889323 0.5114062392286753 0.6553895519710836 0.5037854304848256 0.6585544780067809 0.5004747512764318 0.6631352920058162 0.5009744764399628 0.663884879751113 0.49778872852245193 0.6614695414607126 0.49722653771347936 0.6620525541514989 0.49354106463243724 0.6597205033883536 0.49366599592332006 0.6568054399344219 0.4949777744775893 0.6496427125904757 0.49260407995081645 0.6538903764804903 0.4909799731693402 0.6560558521891253 0.48323423313460756 0.6547311913781289 0.4743799232897759 0.6541320005220301 0.4646453631977788 0.6469250374435994 0.4666087725966659 0.6478797296217802 0.4734353283785153 0.6404063133170887 0.4724049860570958 0.6385103735737158 0.468297116613121 0.6361333176827291 0.4678890142870473 0.6327414224097135 0.46614318583770115 0.6275538178745134 0.46664199396608574 0.6223795287231116 0.46219561176119506 0.6100755948896242 0.45760657698005647 0.5917859635155213 0.466385600039626 0.5870639132334801 0.4661361959754336 0.5836055102100134 0.4689295214943876 0.5744274406477363 0.4686801174301952 0.5742028494509906 0.4618606120854172 0.5723828721151714 0.4544152502570654 0.5663438564099528 0.4525539097999775 0.5581818601492076 0.454651680879228 0.5554895859837944 0.45153109036931743 0.5480001687600086 0.4513108133921472 0.5466295564576165 0.4539174242886609 0.5486365244718335 0.45700130196904326 0.5417834629598728 0.45927749739980167 0.5404128506574806 0.46203095961442875 0.5471190608513279 0.4661427965216053 0.5443357652904629 0.46715411252886396 0.5311773576947391 0.46088178329590235
16 0.7622858217543548 0.5490079525376417 0.7602723326729037 0.5439023195096765 0.7638199086735554 0.5446214227530519 0.766840142295732 0.5461315395641402