18 0.5680290242436182 0.7843841614192673 0.5665875450092898 0.7866815189489782 0.5613621827848493 0.7888437378004709 0.5575782997947372 0.7869517963054148 0.5559566356561177 0.7830327746370845 0.5606414431676852 0.7803300010727188
18 0.3905298694724945 0.7573357382314765 0.39593541660122605 0.7536869939195826 0.39359301284544235 0.7480111694344145 0.3863856166738004 0.7484165854690693
18 0.5024114029265878 0.7134211081549384 0.49778926505236354 0.7160877261592985 0.4922782545100192 0.7127544536538483 0.4921004799763952 0.7108878210507962 0.49636706878337145 0.7090211884477441
19 0.6562488625926989 0.5179474072128339 0.6307483120240688 0.50272513978156 0.620860343436233 0.4863319287017265 0.6135744718451959 0.4718902903694923 0.6120132136471165 0.4523745628935 0.6182582464394341 0.4363716663631864 0.625544118030471 0.41295279339199575 0.5995231480624814 0.3953886386636027 0.57818595268873 0.3754825966380906 0.5776655332893701 0.35752812736017775 0.5885943406759258 0.34269617447842365 0.6036865032573598 0.33918334353274504 0.6297074732253495 0.34074460173082444 0.6541671849952597 0.3505024654688205 0.6853923489568473 0.33840271443370534 0.7207808681133132 0.3298157943442688 0.7535672902729802 0.3286448506957092 0.781669937838409 0.3302061088937886 0.8149767793974356 0.3399639726317847 0.8555694925474997 0.3629925310534556 0.8701412357295739 0.3754825966380906 0.8852333983110079 0.40631744605015835 0.8878354953078067 0.43051694812038865 0.8800292043174099 0.4562777083886985 0.859212428343018 0.4761837504142105 0.8009254556147214 0.5038960834301195 0.7613735812633772 0.5191183508613935 0.7181787711165143 0.5292665291489094 0.6807085743626092 0.5249730691041911
9 0.548108449500078 0.3378704222041937 0.5735802367078475 0.3381513610336912 0.5885636409477121 0.3378704222041937 0.5979282685976274 0.3311278902962547 0.5840686196757527 0.3142715605264072 0.5870653005237256 0.2999436802220368 0.5869748610966903 0.2767247470549967 0.5839781802487175 0.26043029494414416 0.5809814994007446 0.23739331092535257 0.5794831589767581 0.23149359550590592 0.5944665632166225 0.22362730827997704 0.6004599249125684 0.22222261413248978 0.597837829170592 0.2025568960676677 0.5510146909210155 0.2025568960676677 0.5386533824231274 0.19918563011369816 0.5161782760633307 0.19412873118274393 0.4944523399155273 0.19525248650073374 0.4708534782377407 0.19862375245470326 0.45924133995184574 0.2031187737266626 0.4427595952879948 0.19497154767123628 0.4315220421080965 0.19412873118274393 0.4034281591583506 0.1983428136252058 0.38881934002448276 0.20143314074967783 0.39031768044846926 0.20536628436264226 0.39406353150843537 0.20452346787414988 0.3966856272504116 0.20873755031661176 0.39855855278039465 0.23317922848289066 0.3996823080983845 0.25621621250168225 0.40118064852237095 0.2994807922442909 0.4026789889463574 0.32785561402353414 0.41691322297422867 0.325889042217052 0.4438833506059847 0.3250462257285596 0.47909435056966615 0.3261699810465494 0.4925794143855442 0.3301031246595139 0.5158036909573341 0.3317887576364986 0.5195495420173002 0.33094594114800624 0.5191749569113037 0.32364153158107234 0.5262920739252392 0.32364153158107234 0.537155041999141 0.3247652868990622 0.5386533824231274 0.3286984305120266 0.5427738185890901 0.33150781880700114
6 0.6740109900966125 0.645484932437951 0.6617411939498351 0.6537013137862396 0.6492522943004366 0.6469638810806431 0.644870224248016 0.6421983798986358 0.6396117401851114 0.6428556904064987 0.6367633946510379 0.6385831721053888 0.6356678771379329 0.634803636685176 0.6284374615514391 0.6259299448290245 0.6242744950016395 0.6147556661953522 0.6332577386091014 0.6055533190852691 0.6545107783633413 0.5988158863796725 0.6650277464891503 0.6012808007841591 0.6700185110150982 0.5997958384250592 0.6803163756382866 0.6012747870677513 0.6897378262509908 0.6039040290992036 0.6998165873715579 0.6022607528295458 0.7074852099632942 0.5988098726632646 0.7166875570733771 0.5953589924969835 0.7236988691572499 0.5996315107980935 0.7361877688066483 0.6091625131621083 0.7412271493669319 0.6157356182407391 0.7480193579481837 0.6206654470497122 0.7548115665294355 0.6226373785733014 0.758536326073993 0.6329900190721448 0.7651094311526238 0.6359479163575287 0.7699297082102862 0.6362765716114602 0.7703679152155284 0.6313467428024871 0.775626399278433 0.6288818283980007 0.775626399278433 0.6361122439844945 0.7727780537443597 0.6393987965238099 0.7786938483151273 0.6436713148249198 0.7804466763360955 0.6518876961732083 0.7885535059330735 0.655667231593421 0.7957839215195674 0.6605970604023942 0.7975367495405357 0.6658555444652988 0.7914018514671468 0.6671701654810249 0.7843905393832741 0.672921632424827 0.7727780537443597 0.678508771741663 0.7673004661788341 0.6824526347888414 0.7567834980530247 0.6845888939393965 0.750210392974394 0.6886970846135408 0.7342158372830591 0.692805275287685 0.7267663181939441 0.684917549193328 0.7267663181939441 0.6824526347888414 0.7123054870209564 0.6666771826001276 0.7136201080366825 0.6651982339574357 0.7074852099632939 0.6536953000698318 0.7048559679318416 0.6449859358406459 0.6978446558479687 0.6461362292294064 0.6912715507693379 0.6423566938091938 0.6790017546225604 0.645643246348509
17 0.45571077855950065 0.3572977999855255 0.45462225733480194 0.3550119054136582 0.45113898941576625 0.3506033944536287 0.4587586379886568 0.34978700353510467 0.46616058231660756 0.35256273265808624 0.4729094139097393 0.355175183597363 0.4761749775838352 0.355991574515887 0.47399793513443794 0.35942041637368777 0.4672491035413063 0.3587673036388685 0.4587586379886568 0.3597469727410973
17 0.4866315776283728 0.3995468623805366 0.4844545351789755 0.4029757042383374 0.48837321158789065 0.40477176425909017 0.49512204318102226 0.40346553878945174 0.4955574516709017 0.4010163660338798 0.4885909158328304 0.3938321259508687 0.4814066757498193 0.39334229139975435
17 0.46406352732036227 0.44044547397113964 0.46490211457997094 0.4343514707311264 0.45731469572723066 0.43391434662294776 0.4542668362980744 0.436200241194815 0.45535535752277306 0.4415884212570733
17 0.4631427342881587 0.5315041896704233 0.4698723481776314 0.5247745757809507 0.46127339709663856 0.5225313711511266 0.44856190419430136 0.5233725728873106
17 0.3728173316622084 0.520865859572173 0.3675831875259518 0.5155382485763405 0.36309677826630343 0.5062850294783156 0.35337622487039844 0.5144166462614284 0.35337622487039844 0.5177814532061646 0.36925300440141967 0.5232478857468306
17 0.3789230361921929 0.5345125547664216 0.37705369900067276 0.5300261455067732 0.3841571803284494 0.5283437420344049 0.3987380104223069 0.528624142613133 0.4028505522436513 0.5356341570813337 0.39499933603926657 0.5375969611324298 0.39200839653283426 0.5333909524515095
17 0.3369484947421273 0.5660527271818782 0.3425565063166879 0.5626879202371419 0.3320882180441749 0.5567995080838534 0.32498473671639816 0.5632487213945978
17 0.23338162268454163 0.5824498704341794 0.2292690808631972 0.5877774814300121 0.2300168157398053 0.5945070953194846 0.22478267160354876 0.5978719022642209 0.21468825076933978 0.5908618877960202 0.22590427391846088 0.5813282681192673
17 0.24395001143362532 0.5505962506377106 0.25049304754616075 0.5452270430859941 0.24152022902686382 0.542142636719986 0.22693939893300638 0.54298383845617 0.22619166405639834 0.5452270430859941
17 0.21012981788101995 0.49159916956977523 0.20302808608871115 0.49860655973477386 0.18283049674295335 0.49804510250151734 0.18062788722330395 0.4888162404695972 0.18956011063242603 0.4873898805098523 0.20660650716848605 0.4889356921097591
17 0.26441538094478134 0.4882433270781574 0.2674063204512136 0.48403731839723685 0.2617983088766531 0.475625301035396 0.2524516229190522 0.4789901079801324 0.2573118996170046 0.4890845288143414
17 0.45189893597599706 0.6258737915026761 0.4575350330733417 0.6180753235516587 0.4490125529088915 0.6138501956735205 0.441790112091561 0.6166669475922794 0.44381239552041357 0.6244671836749963
17 0.2226072810376314 0.32728139207976503 0.21896349267576962 0.324989331658594 0.2101478756712654 0.329220827820756 0.20838475227036451 0.33706672695476475 0.2143793718334274 0.3364496337644495
17 0.22707547060706232 0.3801679235446269 0.22707547060706232 0.3757635600908681 0.22248759200939688 0.3746624692274284 0.2201018951386109 0.3794797417549771 0.22303813744111675 0.38952719588386436 0.22964468262175494 0.3885637413783546
17 0.2930736848188663 0.37189343912675793 0.2936242302505862 0.37519671171707697 0.2868341699260413 0.37244398455847777 0.2905044728041737 0.36817725746264895 0.28811877593338764 0.3650116212302599 0.2947253211140259 0.3629470758613104 0.30004726028731776 0.36377289400889024 0.2972945331287185 0.3676267120309291 0.2919725939554266 0.3683148938205789
17 0.3283085924489366 0.36611271209369955 0.3255558652903374 0.3626718031454505 0.33858544050770717 0.36198362135580076 0.3406041070906799 0.36459871215646994
17 0.3308170492937279 0.3497339855000341 0.3245641337327201 0.3441510251777056 0.3141426077977071 0.34459766200349196 0.3090807237721293 0.34951066708714096 0.3126538183784195 0.3544236721707899 0.3189067339394273 0.3524138064547517