12 0.22902982106229547 0.6700370007228051 0.217938788565332 0.6567277617264489 0.21128416906715392 0.6434185227300927 0.2135023755665466 0.628445628859192 0.22514795968835827 0.6134727349882914 0.25564829905500774 0.599331668554663 0.2822667770477201 0.5955884450869379 0.3160944261634586 0.5914293079005765 0.3238581489113331 0.593092962775121 0.32995821678466297 0.599747582273299 0.3349491814082965 0.6163841310187442 0.3421583525313228 0.6392593855437315 0.3355037330331447 0.6596391577569016 0.3227490456616367 0.6617187263500824 0.3105489099149769 0.6704529144414412 0.3083307034155842 0.6779393613768915 0.29391236116953173 0.6833462397191614 0.2615363899614239 0.6833462397191612 0.2442016972726065 0.6766280271309093
9 0.3815739431152408 0.3426133835615612 0.3641329290299426 0.3383704315560291 0.35648231201192343 0.34124083959877877 0.34015096888156626 0.3359098288632637 0.32729543189769106 0.33075891504327404 0.32655438311795915 0.31083120118589186 0.32887503073521857 0.2808964754801449 0.3304580730923512 0.24139295231275792 0.33620215224260136 0.23376335732207695 0.33530778405170947 0.22185411200544908 0.36815097697071464 0.22377985991332663 0.42789900292176464 0.22269696646275114 0.4604118132909239 0.2217445584087678 0.4645311669390736 0.2181514507464936 0.4734447743231938 0.22044772304423713 0.47175390012918245 0.22234995651249992 0.4816173329275823 0.22213859723824853 0.4900717038976394 0.22319539360950563 0.5007805737930449 0.22404083070651132 0.5453069275686786 0.22361811215800848 0.5715154775758553 0.2238294714322599 0.5751790383295468 0.22192723796399708 0.5906787184413179 0.22446354925501422 0.6002603388740493 0.22678850127177988 0.6050511490904149 0.2798396791088878 0.5949059039263465 0.28279870894840775 0.591952039366234 0.2901962835472076 0.5926200524148449 0.303300558550796 0.5951877162920151 0.32020930049091006 0.5915241555383237 0.3250705637986929 0.5923730361549344 0.33209503136792323 0.5885006987666953 0.3370188193931576 0.5893843754890639 0.3435657916155444 0.589314783277548 0.3506685504227301 0.5584580509966421 0.3472607049553889 0.5536290011549136 0.3436962770121367 0.5447050632119784 0.3459142580719249 0.5004987614273764 0.34979959888610973 0.45523480239161573 0.3548748041078476 0.43459635100589933 0.3541337553281158 0.4278328542298537 0.34890196763046716 0.4047835018977322 0.34571322935648824
2 0.7524378645152183 0.2905319183416847 0.6808971097845082 0.2966015525100141 0.6773362577390885 0.3080124647464735 0.6808971097845082 0.31383931354806976 0.6831631065406846 0.32525022578452917 0.6857528171191718 0.34054570388871935 0.6883575683333955 0.3551862340304197 0.6906174022494272 0.36391842905632643 0.7552921436968149 0.3624729973327297 0.7688203279883993 0.35859398666490483 0.7626697653644922 0.33115924022405563
0 0.6067312906467579 0.3675507208232867 0.6019897211007812 0.3594280554632457 0.5918866106900186 0.35589196681947866 0.5905395293019169 0.35210330041544274 0.5896517111069013 0.3417232372566796 0.5890853091633327 0.3375657484700978 0.5914484168885319 0.3352365695525457 0.5984602436492781 0.33564556896652264 0.6064584544114907 0.33210090737872394 0.6170015504162255 0.33114657541277803 0.6188193255894556 0.3329189062066774 0.6255450937304071 0.3340095713106155 0.6308166417327745 0.33155557482675474 0.6340399804226707 0.32569986666350914 0.6380390858037769 0.3205192074198033 0.6462190740833126 0.31520221503810514 0.6474915167045736 0.3116575534503064 0.6525812871896179 0.3104305552083761 0.6571257251226933 0.30784022558652313 0.6609430529864766 0.30797655872451535 0.6663963785061671 0.30947622324243024 0.6713043714738884 0.3147932156241284 0.6747581443030257 0.31370255052019025 0.6773030295455478 0.31751987838397355 0.6773030295455478 0.32433653528358664 0.679666137270747 0.3289718619753234 0.6843923527211453 0.3412418443946268 0.6865736829290214 0.3501034983641237 0.6896639007235127 0.3641458115773265 0.6685777087140431 0.36564547609524134 0.6478550717392195 0.3661908086472103 0.6236786619352589 0.36809947257910197
15 0.37112558810935925 0.45240698510149613 0.3888069980369089 0.4546171613424398 0.40096296736209924 0.4490917207400805 0.40943530961905006 0.42781877442099747 0.4188283976588317 0.40363343600234375 0.4291425534499023 0.37186215253877786 0.4335629059317897 0.3621926314846492 0.42766910262260643 0.3547332866714642 0.4206702111929515 0.349484118099223 0.38473543449494874 0.34353086421318113 0.3704982523165168 0.34091151790555907 0.36088771349459736 0.34051501999086997 0.3552332516241751 0.3418870585329577 0.3384361737149796 0.335899981258393 0.3262957114637788 0.33502686582251895 0.3176477109560742 0.33851932756601516 0.31099540287322447 0.3420117893095113 0.3075029411297283 0.3538612130820873 0.30118324845102107 0.3689536370450525 0.29702555589924007 0.3803041377114149 0.29386570955988645 0.39277721536675814 0.2868807860728942 0.4088674855421509 0.2830557089252556 0.4167255244650171 0.28704709377496546 0.41747390912433774 0.29386570955988645 0.4163513321353569 0.303844171684161 0.41348252427462795 0.30683771032144336 0.41709971679467744 0.3131574030001506 0.41984379387885296 0.3254641729534226 0.4203427169850667 0.3460863280102567 0.41946960154919277 0.3519070975827503 0.4122352165090936 0.3580604825593862 0.411486831849773 0.3663758676629484 0.4148545628167156 0.36820525238573204 0.4189706784429789 0.3663758676629484 0.42483302494099023 0.3697020217043733 0.4285749482375932 0.3716977141292282 0.4306953714390015 0.3778510991058641 0.4364329871604594 0.38383817638042883 0.4368071794901197 0.38383817638042883 0.4416716797757035 0.38234140706178765 0.44890606481580264
11 0.2057154154738557 0.5677406148444697 0.20444082602855318 0.5632795517859108 0.19849274195047475 0.5594557834500032 0.19849274195047475 0.5508523046942113 0.1950938367630014 0.5505336573328857 0.18659657379431796 0.5368318207958837 0.18566519586573296 0.5178019621541465 0.1924630062406797 0.5136595464569134 0.18693978531103547 0.5082425413143776 0.1839657432719963 0.49326611533207315 0.19458732198285056 0.4827507524083273 0.20563376384213902 0.4821134576856762 0.21370616366238832 0.4786083367110942 0.21752993199829584 0.4712794474006048 0.2264520581154134 0.47223538948458166 0.2298509633028868 0.47064215267795345 0.2387730894200044 0.4684116211486741 0.24769521553712198 0.4649065001740922 0.2587416573964105 0.46458785281276654 0.2710626887010014 0.4680929737873484 0.2782853622243823 0.46936756323265094 0.28125940426342155 0.4728726842072329 0.2876323514899341 0.4738286262912098 0.28763235148993416 0.47032350531662787 0.2931555724195784 0.46713703170337156 0.3003782459429593 0.46936756323265094 0.314398729841287 0.4687302685099997 0.3207716770677995 0.4782896893497686 0.32926894003648294 0.48370669449230436 0.3326678452239563 0.48880505227351434 0.33181811892708796 0.4990017678359344 0.3313932557786538 0.5053747150624469 0.32841921373961463 0.5107917202049828 0.32162140336466793 0.516527372708844 0.32162140336466793 0.5213070831287284 0.3165230455834578 0.5286359724392179 0.2991036564976568 0.5232189672966823 0.28635776204463165 0.5203511410447516 0.2816842674118557 0.5104730728436571 0.2702129624041331 0.5095171307596802 0.24812007868555613 0.5107917202049826 0.25066925757616115 0.5203511410447516 0.2587416573964105 0.5213070831287284 0.2685135098103964 0.5270427356325897 0.27361186759160644 0.5270427356325897 0.27871022537281653 0.5238562620193336 0.28975666723210497 0.5238562620193336 0.29952851964609095 0.5327783881364511 0.2974042039039201 0.5350089196657305 0.30547660372416935 0.5372394511950098 0.30760091946634016 0.5499853456480349 0.3012279722398276 0.5569955875971988 0.2829588568571582 0.5557209981518964 0.27276214129473814 0.5436123984215224 0.250244394427727 0.5528531718999656 0.24727035238868783 0.558588824403827 0.23367473163879438 0.5649617716303396 0.2324001421934918 0.5691041873275727 0.22560233181854505 0.5700601294115496 0.21030725847491494 0.5726093083021546
4 0.6035484479103801 0.787851534930818 0.6335786633673844 0.7958007096106132 0.6418222519242092 0.7971255720572458 0.6465328739566804 0.7962423304261574 0.661842395562212 0.7697450814935065 0.6848066779705094 0.7339737954344281 0.6965832330516875 0.7132176171038515 0.693050266527334 0.704826821608512 0.6689083286109188 0.6959944052976285 0.6276903858267954 0.6845122640934798 0.5964825148616731 0.6849538849090239 0.5964825148616731 0.6911365763266424 0.5829394765183183 0.6937863012199075 0.5735182324533759 0.7101262713950421 0.5835283042723773 0.7189586877059257 0.5882389263048485 0.7277911040168096 0.5970713426157321 0.738831624405414 0.6029596201563212 0.7551715945805486 0.604137275664439 0.7688618398624182
13 0.3410820362867258 0.8238635950013928 0.321018387093389 0.7962760773605545 0.31368223143805996 0.7742637406575511 0.3157198007116483 0.746847138137614 0.32745971361991677 0.7242058775288106 0.34716599600165304 0.7053381603548078 0.37819290868779104 0.6889861388040052 0.40754269095846235 0.679552280217004 0.4494709513451355 0.674520888970603 0.4830135596544739 0.6754642748293032 0.5194911461908794 0.6845836714634046 0.5475830806499504 0.6943319920033059 0.5647736674084863 0.7056526223077078 0.5819642541670222 0.7223191058114105 0.5924463192636905 0.7374132795506128 0.6016705365487587 0.7625702357826164 0.6016705365487587 0.7867838061559201 0.597896993113958 0.8003056701306223 0.5798678411476886 0.8229469307394257 0.5555494501234183 0.8399278761960284 0.5111054941135448 0.8572232836055309 0.47588575538873945 0.863512522663532 0.44234314707940103 0.8631980607106319 0.40209201710819475 0.8547075879823304 0.37483864785685733 0.8462171152540293 0.3580673437021882 0.8386700283844282
3 0.7456049871690638 0.585075982387702 0.7418355075888379 0.585075982387702 0.7404104172976144 0.5844346917566514 0.7422630346762048 0.5821901745479744 0.7391278360355131 0.5780217854461457 0.7314323484629061 0.5782355489898291 0.7263020234145016 0.5719295244511652 0.726872059530991 0.5707538249609058 0.7230243157446875 0.5666923176309188 0.7238793699194217 0.5610275837233054 0.7261595143853792 0.5610275837233054 0.7291522039969486 0.551728869573072 0.7409804534141037 0.5487361799615027 0.7502435403070564 0.5475604804712433 0.7647794612775362 0.5463847809809839 0.7732539920178729 0.5525787604219133 0.7776717719206657 0.5570677948392674 0.7783843170662774 0.5597398391353114 0.7833721330855598 0.5605948933100455 0.7872198768718632 0.5677559720234436 0.7759616635711976 0.5818643659065563 0.7634208690084305 0.5826125383094486 0.7612832335715954 0.5799404940134046 0.755440363377579 0.5804749028726134 0.7548703272610896 0.5829331836249739 0.7511650925039085 0.5823987747657652 0.7464622945428709 0.5830400653968157
5 0.7361586625827947 0.6444147512976448 0.7129812534160199 0.6450355747574692 0.6967018826917378 0.647104986290217 0.6920112165508427 0.6404828693854242 0.7060832149735277 0.6361371051666539 0.7276050949141041 0.630549694028235 0.7488510533169808 0.6301358117216855 0.7676137178805601 0.6299288705684107 0.7816857163032448 0.6307566351815098 0.7833412455294428 0.6342746347871809 0.7996206162537252 0.6332399290208071 0.8092778700732146 0.6315843997946089 0.8153481439026079 0.6291011059553115 0.8255572407974968 0.6319982821011584 0.8288682992498931 0.6394481636190503 0.8200388100435029 0.6440008689910954 0.8147963008272086 0.6460702805238431 0.7949299501128303 0.64420781014437 0.7712006978706563 0.643380045531271 0.7582323855987706 0.6427592220714466
5 0.6184646357681478 0.5258940237503353 0.6150624574016359 0.5351436961842896 0.6014537439355883 0.5341868335187081 0.5946493872025644 0.5158469657617298 0.5867818497300058 0.5003776860014961 0.5861439412862848 0.49575284978451906 0.5933735703151225 0.4919253991221931 0.6057064668937281 0.4912874906784721 0.6195278165076827 0.49686918956103077 0.6295217154593115 0.5050025222184732 0.6327112576779164 0.5097868355463806 0.6303722600509394 0.512657423543125 0.6307975323467534 0.5199933706459162
16 0.6176893584206672 0.534606139989046 0.6271004791338844 0.5287241895432852 0.6266103165967377 0.5226216659558084 0.6186696834949607 0.5260773118426928 0.6160228057943682 0.534238518086186
16 0.6703999440405027 0.5057780591147847 0.6552947371433622 0.5014327256238263 0.6517770862221102 0.5029846304420258 0.6439141018098999 0.4958458682783087 0.6437071811674734 0.49367320153282956 0.6406033715310745 0.49056939189643073 0.6420518160280606 0.48824153466913167 0.6484663559432847 0.4888622965964114 0.6631577215555724 0.49289724912372984 0.663364642197999 0.49739777309650796 0.6706068646829294 0.5005015827329068
16 0.7125373434376155 0.5104463791504513 0.7218097430179686 0.5066531247766706 0.7138860561038487 0.5005839177786213 0.710851452604824 0.5005839177786213 0.6998931621916795 0.4916065490940067 0.6832028429470439 0.4856637839084168 0.6806740066978567 0.48743396928284777 0.6852259119463937 0.4940089435307346 0.697027147775934 0.49906661602910884 0.6988816276920047 0.5027334285904304 0.7047822456067747 0.5048829394022395
3 0.722803302775872 0.5061723997145311 0.7349153607671779 0.5032956460582567 0.7476904284951263 0.5002247163159614 0.7486731260126608 0.49825932128089256 0.7493282576910171 0.491503275847843 0.7417942433899192 0.4863441138807869 0.7268685971363413 0.4770996447629928 0.7185156682372981 0.4725546687443958 0.7068870809464733 0.4683782042948742 0.6970601057711285 0.4740287150206976 0.6995168495649647 0.4798020629362126 0.7016460275196229 0.49171727033631824 0.7106540880970222 0.500315873614745 0.7144128770101417 0.5000975530851501
1 0.7298804321622928 0.471778131820307 0.7346446647482083 0.4708252853031238 0.7378208198054856 0.46891959226875746 0.7370267810411665 0.46677568760509547 0.7238457375534663 0.45820006895044707 0.7211460057547806 0.46308340735101067 0.720510774743325 0.4685622748248138 0.7193991204732781 0.4710634969324195 0.7244809685649216 0.4690386980834054 0.7265454693521518 0.4701106504152364
3 0.608305187851991 0.4699467333890502 0.6027000479057311 0.474150588348745 0.596504893228286 0.4749249826834257 0.5830820580938216 0.46297718437692453 0.5776244218303581 0.45700328522367395 0.5730518076636725 0.43764342685665786 0.585589620701359 0.433439571896963 0.5929648048411746 0.44051974867118593 0.5996024705670087 0.4508081305462287 0.6025525442229349 0.4605433736107853 0.6072726620724169 0.46408346199789674
5 0.7246883083589059 0.4576392208683202 0.7199797779480684 0.4454170251378762 0.7207225591487451 0.4406221916178912 0.7334186769954768 0.44175255860634766 0.7422836158998255 0.44277286946692757 0.7512886455683269 0.44513617304566205 0.7612948896155387 0.44852416362525555 0.7664273156138321 0.4531269846054983 0.7692439883004676 0.4566771514570432 0.7684869234785622 0.4601440889211597 0.7704804610074286 0.4633488476147505 0.773701295976609 0.467378447802493 0.7765850130693281 0.47246099917841083 0.7747105969590605 0.47884122324605244 0.7734129242673369 0.4867353987873717 0.7775943140517799 0.49473771371966807 0.7859570936206661 0.5012260771782866 0.7891291824226575 0.5026318892609873 0.7866780228938459 0.5058760709902966 0.7745664111044246 0.508687695155698 0.7672129325179902 0.5066330467271354 0.7563989934202925 0.5037132831707571 0.7490455148338582 0.5011179377873096 0.749766444107038 0.4976574772760463 0.749766444107038 0.49127725320840476 0.7489013289792221 0.49052027747156596 0.7501990016709458 0.48273424132122356 0.7500548158163098 0.4765702960355359 0.7464501694504106 0.471704023441572 0.7439990099215992 0.4688923992761707 0.7385199474454325 0.46802728414835487 0.7375106464629808 0.4657563569378383
16 0.745187026380444 0.4713748994393795 0.7421667753085213 0.47155467628889874 0.7401532745939062 0.47029623834226425 0.7398176911414702 0.46853442521697597 0.7440843950367263 0.4691097111354374 0.7456184908192901 0.47115916721995643
16 0.744755561941598 0.47691202640457125 0.7446596809551878 0.4740715521821678 0.7466731816698029 0.4734243555238986 0.749789313728136 0.4764086512259176 0.7498851947145462 0.4796086791473595 0.7484949204115976 0.48004014358620567
16 0.7945952382698407 0.42471675059634445 0.7927012951233686 0.42355455821100935 0.7901186453781796 0.4151609465391448 0.7885690555310662 0.4133530917175124 0.7883968788813869 0.40973738207424776 0.7913238819259345 0.40934998461246935 0.7978665946137469 0.4110287069468422 0.8025153641550873 0.41864752369515 0.7995883611105395 0.4245876181090849 0.7976944179640675 0.42626634044345785
16 0.7863307590852355 0.4005689754788266 0.7835759326903671 0.3996650480680103 0.784608992588443 0.39630760339926446 0.7892577621297832 0.38972184654903236 0.7973500646647089 0.3888179191382162 0.8013101276073322 0.38985097903629184 0.8026875408047665 0.3930792912177781 0.7954561215182369 0.3946288810648915 0.7894299387794625 0.4012146379151237
16 0.680999577559873 0.44826095788819337 0.6767486438672394 0.4491111446267201 0.6744814792311683 0.44443511756482323 0.6761818527082216 0.43274504991008134 0.6778822261852749 0.42955684964060625 0.6826999510369263 0.42976939632523803 0.6838335333549618 0.43678343691808325
16 0.7339958316495615 0.4301565484070404 0.7330036223677293 0.42122666487054855 0.7310192038040644 0.42159874335123576 0.7313499402313418 0.4248234235171911 0.7156399599356618 0.4194902986273419 0.7139862777992747 0.417381853903448 0.7134901731583584 0.41118054589199543 0.7285386805994833 0.41564548766024134 0.7364763548541426 0.4170097754227609 0.7424296105451371 0.42035848174894525 0.7424296105451371 0.42854420832406265 0.750036548372519 0.4265597897603978 0.7540053854998486 0.42556758047856547 0.7586356954817333 0.4284201821638336 0.7659118968818376 0.4248234235171911 0.7759993579138005 0.42879226064452086 0.782448718245711 0.4325130454513923 0.7829448228866273 0.4354896732968896 0.7784798811183815 0.436481882578722 0.7698807340091672 0.4306526530479565 0.7659118968818376 0.42879226064452086 0.7632660054636179 0.429412391445666 0.7660772650954761 0.4359857779378058 0.7640928465318114 0.4389624057833031 0.7640928465318114 0.4402026673855935 0.7683924200864186 0.4405747458662807 0.7674002108045862 0.4434273475515489 0.760620114045398 0.4454117661152137 0.7614469551135916 0.4466520277175042 0.7737578716156435 0.4513311970735188 0.7793803908793603 0.45058704011214457 0.7783881815975281 0.45654029580313904 0.7701197709155914 0.4551760080406195 0.7621820966609321 0.4484785953882506 0.7524477640155299 0.4450136152414562 0.7428763631711817 0.44230046224620795 0.7354905577952279 0.4415656499766614 0.7368471342928521 0.4397003572924284 0.7424995363662861 0.4387959729606789 0.7376761532636223 0.43766549254599213 0.7360934806830608 0.4354610557373529 0.7328527701609587 0.43619586800689925 0.7285569445851489 0.433652287073854 0.7291598674729819 0.43122175418227743
16 0.7861172472084054 0.4996808209168947 0.7826335202437373 0.49339378241034526 0.791778303525991 0.4926589337537355 0.7955886298935966 0.4909442868883131 0.7922137693965745 0.4862085955457173 0.7796941256172986 0.48596364599351416 0.775012867508526 0.48130960450165294 0.7739242028320672 0.48686179435159266 0.7778433956673187 0.49388368151475165
16 0.7779597777974342 0.4743039829161728 0.7777420448621425 0.4724260363492814 0.7758913149121625 0.4703031402301868 0.7828587688414985 0.47005819067798355 0.7889552910296678 0.46899674261843627 0.7894996233678971 0.4707113894838589 0.785253831129708 0.47299758530442226
16 0.728578875112057 0.47776389470773184 0.7242147251707783 0.47545593079647863 0.7190113156254075 0.47247655920195186 0.7180042041004969 0.4720988923801104 0.7200743777905907 0.4711757068156091 0.7235433174875047 0.4700427063500848 0.727180109105237 0.4706721510531539 0.7279074674287834 0.4718890774790874 0.7284669738315115 0.47512022695484185
16 0.7019541616018837 0.4522989013134098 0.6904184375260914 0.45443050250132794 0.6880778558295539 0.45242428961858144 0.690585621932987 0.4485372521582602 0.7019541616018837 0.44527715622379715 0.7037931900777346 0.44126473045830417 0.7103133819466607 0.4408885655427892 0.7124867792363028 0.43800463452384114 0.7195085243259155 0.43800463452384114 0.7233537656845128 0.43813002282901276 0.7263630850086326 0.4397600707962443 0.720010077546602 0.4397600707962443 0.7186726022914377 0.44527715622379715 0.7236881344983039 0.45756521013061935 0.720010077546602 0.45756521013061935 0.715997651781109 0.4574398218254477
16 0.774858429885259 0.5192646826523634 0.7759066206196045 0.5087500193484592 0.7739412629927067 0.5092413587551836 0.7490467330519985 0.5014781961289365 0.7472123992668938 0.5025591428237305 0.7511431145206899 0.5096344302805632 0.7436747555384774 0.5094378945178735 0.7388434438718541 0.5041142312993365 0.7296717749463301 0.5056865174008549 0.7212862490715652 0.5099120362986855 0.7138178900893528 0.512368733332308 0.7134248185639733 0.5215076462973838 0.7007155059100331 0.5186578777383817 0.6860408356291946 0.5175769310435877 0.6866959548381605 0.5207215032466246 0.6937712422949934 0.5219007178227634 0.7015016489607921 0.5234730039242818 0.6983570767577554 0.5284846658728716 0.6962606952890641 0.5360512927364289 0.7032049589041038 0.5394906685835005 0.7055633880563815 0.5414560262103985 0.7101492225191435 0.5364443642618085 0.7160452953998373 0.5309413629064942 0.7212862490715654 0.5329067205333922 0.727575393477639 0.5331032562960819 0.7292787034209506 0.5378201146006372 0.7267892504268797 0.541849097735778 0.718403724552115 0.5440109911253659 0.7144730092983188 0.5491209209553005 0.7144730092983189 0.5518724216329578 0.7102802463609366 0.552658564683717 0.7034670065876901 0.5541325829038904 0.7003224343846532 0.5524620289210271 0.6962606952890641 0.5528551004464068 0.6970468383398234 0.557571958750962 0.6901025747247838 0.5551152617173395 0.6868269786799537 0.5562944762934784 0.6869580025217469 0.5613061382420682 0.6912817893009227 0.5648437819704846 0.6942953376621661 0.5688727651056255 0.6921989561934749 0.5706415869698337 0.6956055760800982 0.575260177393044 0.692329980035268 0.5748671058676644 0.6908887177755428 0.5812545181550829 0.6957365999218914 0.5846938940021543 0.6983570767577553 0.5878384662051911 0.7028118873787241 0.5878384662051911 0.7093630794683841 0.586069644340983 0.7119835563042481 0.5876419304425013 0.7160452953998373 0.58901768078133 0.7121145801460413 0.5931449317978157 0.7088389841012114 0.5968791112889219 0.7064805549489337 0.6048388096778587 0.7089700079430046 0.6079833818808957 0.7096251271519705 0.6127985080667958 0.7075287456832793 0.6138794547615896 0.7080528410504521 0.618399777303455 0.6966537668144439 0.6207582064557325 0.6924610038770613 0.6162378839138671 0.6967847906562369 0.6128967759481406 0.691543836984509 0.6096539358637588 0.689578479357611 0.6068041673047567 0.6823721680589849 0.6044457381524793 0.6760830236529113 0.604642273915169 0.6707110461393901 0.6062145600166874 0.6704489984558037 0.611521025609312 0.6682215931453193 0.6129950438294854 0.6631116633153844 0.6098504716264487 0.6593119719033816 0.6128967759481406 0.6523677082883421 0.6114227577279671 0.6476508499837871 0.6131915795921752 0.6464716354076481 0.615451740863108 0.6545951135988265 0.6205616706930429 0.6555122804913789 0.6255733326416327 0.6514505413957897 0.6288161727260144 0.6519746367629624 0.6313711376409818 0.6485680168763391 0.6342209061999838 0.6497472314524783 0.63795508569109 0.6557743281749654 0.6415909973008513 0.6624565441064185 0.6412961936568167 0.667304426252767 0.639036032385884 0.6704489984558037 0.6372672105216757 0.6817170488500188 0.6381516214537798 0.6852546925784353 0.6414927294195064 0.6907576939337496 0.6409031221314371 0.6931161230860272 0.639036032385884 0.7257410596925341 0.6297005836581185 0.7384503723464744 0.6290127084887043 0.7410708491823386 0.627243886624496 0.7402847061315793 0.6232149034893552 0.746704874379446 0.6226252962012858 0.7453946359615141 0.6187928488288347 0.7505045657914488 0.6166309554392468 0.75260094726014 0.6171222948459714 0.7531250426273128 0.6190876524728693 0.7564006386721428 0.6208564743370776 0.7582349724572475 0.6210530100997674 0.7567937101975224 0.6244923859468389 0.7575798532482816 0.6274404223871859 0.7629518307618028 0.6267525472177715 0.7664894744902192 0.6250819932349082 0.7727786188962927 0.6182032415407652 0.7733027142634655 0.6139777226429345 0.7701581420604288 0.6108331504398977 0.7657033314394601 0.6114227577279671 0.7674066413827717 0.607688578236861 0.7633449022871823 0.6050353454405486 0.7657033314394601 0.603561327220375 0.773433738105259 0.6048388096778587 0.7780195725680208 0.6022838447628913 0.7777575248844344 0.6002202192546485 0.7702891659022221 0.5972721828143015 0.7668825460155988 0.5890176807813299 0.7709442851111881 0.5890176807813299 0.7767093341500889 0.5887228771372952 0.7810331209292645 0.5854800370529135 0.7788057156187801 0.5807631787483584 0.7773644533590549 0.5808614466297033 0.7760542149411228 0.5827285363752563 0.763399718369916 0.5832174289830355 0.7610367374323175 0.5805285196402508 0.755746489525095 0.5808044180414961 0.755094632714723 0.5836155505362256 0.7510205276498977 0.5828822116245571 0.7467834583824794 0.5833099926563636 0.7464575299772933 0.5853266746634522 0.743361210128026 0.5883822534620712 0.7405093365826484 0.5903989354691597 0.7389611766580146 0.5936378489956958 0.7374944988346777 0.5941267416034749 0.735457446302265 0.5918656132924969 0.7360278210113403 0.5898489312854083 0.7405908186839448 0.5880155840062369 0.7408352649878345 0.5860600135751208 0.7398429076869661 0.5842857924039386 0.741899838999799 0.5821818308115659 0.7390664964889304 0.578212037733151 0.7310957747001128 0.5783521480770949 0.731158045964088 0.5783754998010856 0.725896124158189 0.5718837205316774 0.7265811080619153 0.5708095412281063 0.722857549277323 0.56685944377403 0.7236139771946827 0.560749710951713 0.7259527994999008 0.5608506438631335 0.7289254698080796 0.5511781414618542 0.7413298447702785 0.54818398198822 0.7501082376566486 0.5469153081393645 0.7657206406263127 0.5454716955360052 0.7676454574307919 0.5467014396055335 0.7677880364533459 0.5408735220586383 0.7752734351374315 0.533548524774926 0.7719228281074122 0.5303404967674608 0.7647225874684347 0.5348852031113699 0.7627977706639555 0.5295919568990523 0.76864351058867 0.5260096589573827 0.7652929035586508 0.5231759008841218 0.769071247656332 0.5217857554142202 0.7737050658893374 0.520288675677403
16 0.7838803465347124 0.5602061063001156 0.7859530396168705 0.5581334132179575 0.7850318426914669 0.5551970980182334 0.773732871823147 0.5525847688673476 0.7771383024689809 0.5555936487657074 0.7784260703602627 0.5574777758352136 0.7789289130606679 0.5593424841825497
16 0.6467683915902414 0.5882107802074686 0.638260753305012 0.5921478255841439 0.6322873051472978 0.5863101376118324 0.6259518298285099 0.5825088524205596 0.6234176397009948 0.5761281237066377 0.628667033536562 0.5761281237066377 0.6346404816942761 0.5791148477854948 0.6411569705936006 0.5840022144599882
16 0.6525539578351415 0.5628617286791601 0.649476726966016 0.5616398870105367 0.6438653059693753 0.5636762897915756 0.6346336133619989 0.5540373166279914 0.6346336133619989 0.5509148323637316 0.6297462466875055 0.5483353888410823 0.6348146269425357 0.5465705064308486 0.6416931430029338 0.5465705064308486 0.6543640936405093 0.54141161938555 0.6585274059928556 0.5449413842060175 0.6635957862478858 0.5437195425373941 0.6683021393418425 0.5480638684702771 0.6737325467579462 0.557838601819264 0.6746376146606302 0.5605538055273159 0.6708363294693576 0.5609610860835237 0.6612426097009076 0.5568882805214459
16 0.599990960824929 0.6167904519389653 0.6008773685357011 0.614352830734342 0.5936383722310623 0.6149068355535746 0.5937861068495244 0.613244821095877 0.5960021261264545 0.6103639960358677 0.6075254263664916 0.6057103555543142 0.6076731609849537 0.6018323218196864 0.6126961380126621 0.5999487054342957 0.6171281765665225 0.5965138755550539 0.6301288229911797 0.5991730986873701 0.6358497978605065 0.6029788452527085 0.6422023864543731 0.6061920732042572 0.6429410595466832 0.608518893445034 0.6454525480605375 0.6117321213965827 0.6448616095866894 0.6140589416373594 0.6380658171374367 0.6152777522396711 0.6380658171374367 0.6162749609142897 0.6417591825989871 0.6171613686250618 0.6422023864543731 0.6262470476604756 0.6336337785835764 0.6271334553712477 0.6308268208327981 0.6276874601904802 0.6281675977004818 0.6290170717566383 0.6228491514358494 0.6283522659735593 0.6240310283835455 0.6304574842866429 0.617678439789679 0.6330059064551127 0.6133941358542805 0.6305682852504895 0.6111781165773502 0.6287954698289453 0.6108826473404262 0.6236986254920058 0.607632485734262 0.6188233830827594 0.6011321625219334 0.6187125821189129
16 0.6064677831631196 0.4725283364116868 0.6142568278793065 0.46991745527334056 0.6163067910712755 0.4673916077689501 0.6206995693397807 0.4675014272256627 0.6245066438391519 0.46508539917798486 0.6223102547048992 0.45860605123193976 0.6265566070311209 0.45619002318426183 0.6309493852996261 0.4577274955782387 0.6332922003761622 0.4553114675305609 0.6442741460474251 0.4524561616560325 0.650275756992066 0.446734668427056 0.6460312573548272 0.442242952181758 0.643688442278291 0.4400465630475054 0.6470562389508117 0.4360930626058506 0.6391492380675023 0.4330181178178971 0.6261173292042703 0.4347752291252992 0.6265566070311209 0.43213956216419613 0.6237745141277342 0.4320297427074834 0.6192353099169456 0.42533075584801305 0.6075212345342651 0.42708786715541514 0.604885567573162 0.42566021421815103 0.6015177709006414 0.42719768661212776 0.5972714185744198 0.4248914780211625 0.5975642704589867 0.42269508888691 0.5946357516133166 0.4203888802959448 0.5896572695756774 0.4212674359496458 0.5775039163661465 0.42445220019431207 0.5756003791164609 0.42994317302994356 0.5816038427500846 0.4317002843373456 0.5798467314426825 0.4342261318417361 0.5867287507300073 0.43191992325077083 0.5931714921904816 0.4360930626058506 0.5949286034978837 0.4359832431491381 0.5981499742281208 0.4376305349998276 0.5953678813247342 0.4394974657639423 0.5962464369784353 0.44257241055189583 0.5991749558241054 0.4482830223009526 0.6013713449583579 0.45256598111274515 0.6038605859771775 0.4602533430826291 0.6075212345342651 0.46365774624072065 0.6089541973022695 0.469895861239854
16 0.5271450902895144 0.42770802827883536 0.5244493227427062 0.42237776062946447 0.52861550895141 0.4199883303038843 0.533761974268044 0.4194369233056735 0.5367028115918349 0.4243995862895706
16 0.5592492310742315 0.4328544935954694 0.5536126262036324 0.43358970292641713 0.5531224866496671 0.4295460516062046 0.5541027657575975 0.42458338862230754 0.5536126262036324 0.4172312953128304 0.5570436030813883 0.4161284813164088 0.56292527772897 0.4170474929800934 0.5670914639376738 0.4131876439926179 0.5729731385852557 0.41465806265451344 0.5690520221535345 0.4295460516062046 0.5700323012614646 0.43542772625378645 0.5719928594773253 0.4387361682430511 0.576159045686029 0.45711640151674415 0.5942942091827395 0.4756804371231741 0.6045871398160075 0.47494522779222625 0.6045871398160075 0.4795402861106496 0.5969899767295478 0.48137830943801885 0.5950294185136872 0.47825366978149103 0.5920885811898964 0.4793564837779127 0.5857167669883494 0.47825366978149103 0.5835111389955062 0.48229732110170354 0.5884125345351577 0.48376773976359894 0.5849815576574017 0.4896494144111807 0.5793449527868025 0.4931416587331824 0.5768942550169768 0.4900170190766546 0.5722379292543078 0.48689237942012675 0.5700323012614646 0.4883627980820222 0.5754238363550813 0.4955310890587624 0.5781196039018897 0.4995747403789749 0.5705224408154299 0.5010451590408703 0.5587590915202664 0.4949796820605517 0.5567985333044058 0.48928180974570684 0.5533675564266497 0.49406067039686696 0.5469957422251028 0.4957148913914994 0.5474858817790681 0.4854219607582313 0.5550830448655277 0.483583937430862 0.5536126262036324 0.4804592977743342 0.5450351840092422 0.4806431001070712 0.5425844862394165 0.47476142545948946 0.5384183000307128 0.4688797508119077 0.535477462706922 0.46226286683337814 0.5318014160521833 0.454910773523901 0.5352323929299394 0.44516924988884377 0.5313112764982182 0.4378171565793665 0.5330267649370962 0.433957307591891 0.5335169044910614 0.43028126093715247 0.5371929511458 0.43083266793536323 0.5477309515560506 0.43671434258294495 0.5479760213330331 0.43855236591031427 0.5516520679877718 0.4376333542466295 0.5550830448655277 0.43855236591031427 0.5587590915202664 0.43910377290852504 0.5609647195131096 0.4370819472484188
16 0.6104688144635892 0.49148743773854997 0.619291326434962 0.4872599840856006 0.6085082562477286 0.486157170089179 0.5974801162835128 0.48560576309096815 0.5913533718589485 0.4898332167439176 0.5913533718589485 0.49148743773854997 0.5962505594792092 0.49138704328837485 0.6056207081622128 0.49058388768697453
16 0.5472166830874099 0.5078955234355197 0.5468151052867097 0.5061888177825441 0.5403898604755073 0.5027754064765928 0.5429331865466083 0.4986592340194162 0.54748440162121 0.4978560784180159 0.5533742093648123 0.4999643618716917 0.5545789427669127 0.5031769842772928 0.5563191132366133 0.5046829010299185 0.5561852539697134 0.5073935511846446 0.552303335229612 0.5093010457379703
16 0.5911225226306266 0.5107065680404208 0.589248492894026 0.5075943400849946 0.5848311370863243 0.5065903955832443 0.5778704552075216 0.5056868455316689 0.5754609884033207 0.5077951289853446 0.5697050399266185 0.5101042013393706 0.5650199655851167 0.50849789013657 0.5556498169021131 0.5119113014425213 0.5557836761690131 0.5160274738996978 0.5540435056993125 0.5160274738996977 0.5494922906247106 0.5129152459442716 0.5429331865466083 0.513618007095497 0.5411930160769075 0.5173326017519734 0.5473505423543099 0.5279744134705274 0.5486891350233104 0.531990191477529 0.5441379199487087 0.5326929526287543 0.5472166830874099 0.5493584313578106 0.5508308832937113 0.5516675037118366 0.552838772297212 0.5551813094679628 0.555382098368313 0.57365388830017 0.5620750617133154 0.5814846554138229 0.5624766395140156 0.5877091113246753 0.5698388991935185 0.5894158169776509 0.5697050399266185 0.592026072682202 0.5766657218054211 0.5983509230432293 0.5804137812786226 0.6004592064969052 0.578941329342722 0.6042741956035567 0.5848311370863243 0.6061816901568824 0.591657959698227 0.6062820846070575 0.6011619676481305 0.6059809012565323 0.6055793234558323 0.6021659121498809 0.6057131827227322 0.5983509230432293 0.5995556564453299 0.5975477674418291 0.5931304116341275 0.6006599953972552 0.5871067446236252 0.5998568397958549 0.5881776187588256 0.5967446118404287 0.586705166822925 0.5938331727853526 0.5877760409581253 0.5930300171839523 0.6007603898474304 0.5913233115309767 0.5984847823101295 0.5875083224243253 0.5925949745665272 0.5863035890222247 0.5942012857693278 0.5848980667197742 0.5897839299616262 0.5804807109120725 0.5903193670292264 0.578974794159447 0.6020989825164309 0.5778704552075216 0.6055793234558322 0.5772680885064713 0.6058470419896324 0.5741558605510451 0.612941583135335 0.5753605939531455 0.618162094544437 0.5763645384548959 0.6209731391493382 0.5753605939531455 0.6215085762169383 0.5723487604478944 0.6148156128719358 0.5683329824408929 0.6152171906726359 0.5668270656882672 0.6212408576831383 0.5628112876812658 0.6177605167437369 0.5603014264268898 0.6057131827227323 0.5605022153272399 0.6003588120467303 0.5622089209802155 0.5963430340397287 0.5612049764784651 0.592059537498927 0.5566872262205884 0.5963430340397287 0.5465473867529096 0.594469004303128 0.5448406810999339 0.5895162114278262 0.5457442311515093 0.5850988556201243 0.5448406810999339 0.5816185146807231 0.5484548813062352 0.5757287069371209 0.5485552757564103 0.5697050399266185 0.5472501479041348 0.5680987287238178 0.5446398921995839 0.5679648694569179 0.537311097336806 0.5701515453524988 0.5355604073578369 0.5691842446104702 0.533231568639351 0.5646183877844166 0.5333957137799795 0.5595317356422147 0.5326929526287543 0.5555159576352131 0.529480330223153 0.5556498169021132 0.5254645522161514 0.5619412024464155 0.5254645522161514 0.565823121186517 0.5248621855151012 0.5727838030653197 0.5272716523193022 0.5737208179336201 0.5322913748280541 0.5692573744995632 0.5331573218302916 0.5702388165845491 0.5355081320846915 0.5750594106026206 0.5349016305326051 0.5781381737413217 0.53480123608243 0.5836264036842239 0.5306850636252535 0.5887130558264257 0.5288779635221028 0.5849649963532244 0.5224527187109003 0.5758625662040209 0.5179349684530234 0.5765318625385212 0.5112085402912959
1 0.5612574621989358 0.53258855333062 0.5583347966953756 0.5306611058218066 0.5608543359225827 0.5303965542029498 0.5617613700443772 0.5309256574406633 0.5641801277024959 0.5305099334681741 0.5671531839906002 0.5310390367058877 0.5677074826205858 0.5324373809769876 0.5662965406533499 0.5331176565683334
16 0.7831459269416235 0.6306229185388093 0.7838064379848692 0.6330998349509805 0.7992183623272683 0.6329347071901692 0.8080251762372106 0.631283429582055 0.8062638134552222 0.6271552355617696 0.7978973402407771 0.6264947245185238 0.783366097289372 0.6296321519739408
16 0.830262381359815 0.6481264611848198 0.824758122666101 0.6466403113375169 0.8364271510967748 0.6388793065793803 0.8401700470085003 0.6397049453834374 0.8403902173562487 0.64234698955642