8 0.4261117733199867 0.3120247219443242 0.39758372855636975 0.3124442520143774 0.37030520850028253 0.30625695113882884 0.3473708980040415 0.29534916931744587 0.3367428028960273 0.27521172595489274 0.3160459861067366 0.2303220084592014 0.2931116756104956 0.18585182103356324 0.2763304728083679 0.1485136447988293 0.26010864343297796 0.12208325038547832 0.25954927000624034 0.09942862660260607 0.2589898965795028 0.08768178464111673 0.26346488399340345 0.07048105176893595 0.26849924483404175 0.06418810071813809 0.4323956588681547 0.07341776225930828 0.4474987413900695 0.09019896506143589 0.4514143553772326 0.0981700363924465 0.4631611973387219 0.18081746019292497 0.45980495677829647 0.1866908811736696 0.46651743789914746 0.1988572532052121 0.47043305188631057 0.21773610635760565 0.4732299190199985 0.2424883804907439 0.47658615958042394 0.27982655672547785 0.47490803930021136 0.2852804476361693 0.4581268364980836 0.29912493994792455 0.43798939313553054 0.3083546014890947
12 0.4292163855707076 0.6604032307569332 0.4240050574670909 0.7052300477594128 0.41449570921255185 0.7182354799310615 0.38820515815588535 0.7320799722428167 0.36023648681900594 0.7362752729433487 0.3283522014949635 0.7316604421727636 0.30262102386503453 0.7178159498610084 0.29031480847680763 0.6985175666385615 0.2914335553302828 0.6821558939064871 0.3037397707185097 0.6657942211744128 0.3266740812147508 0.6540473792129233 0.34401465744361603 0.650691138652498 0.38428954416872224 0.6515301987926043 0.413619331717511 0.6527957134635739 0.4217675637601406 0.6536278491428702 0.42617797220926357 0.6558353838339738
9 0.40682180093157344 0.750621166040489 0.417928841776603 0.751013832781377 0.4201790704890565 0.7537754771102974 0.434294141503538 0.7508604080964371 0.42242929920151007 0.7588384917133177 0.41035989065289546 0.7669700000151387 0.411382721885829 0.7786302760705799 0.4109735893926556 0.8039453490856825 0.4201790704890565 0.8040987737706226 0.44779551377825927 0.8007234307019424 0.48134437821847614 0.7976549370031419 0.5216439287960537 0.7927453470850614 0.5598978169077641 0.798422060427842 0.5752402854017656 0.799035759167602 0.6012201987182751 0.8021042528664022 0.6173809321986234 0.8033316503459225 0.6317005694596916 0.7975015123182017 0.6298594732404115 0.7933590458248213 0.6155398359793433 0.7968878135784417 0.6114485110476096 0.7930521964549413 0.6290412082540646 0.7657426025356187 0.6300640394869981 0.7474850650277568 0.6343599306653186 0.7049864272993723 0.6325188344460383 0.6844275195174103 0.6239270520893975 0.6789042308595696 0.6177900646917968 0.6799782036541498 0.6126759085271296 0.6884165613258507 0.5864914289640336 0.6833535467228302 0.5815818390459532 0.6864220404216305 0.558056720688484 0.68089875176379 0.536372698550295 0.68089875176379 0.5159160738916263 0.68227957392825 0.49811881043858447 0.68151245050355 0.4756165233140488 0.6850412182571703 0.4510685737236463 0.6855014923119904 0.4461589838055658 0.6807453270788499 0.43736601968222727 0.6725012976804174 0.42925340377322074 0.6708008618890788 0.4285135614836422 0.678331399479431 0.42540931650761116 0.7003399959027472 0.4223442555936433 0.7146876517327866 0.4120920921350443 0.7228316333682894 0.40706430420042017 0.7353761255527668
2 0.6627101709805183 0.6658980464976417 0.6658083410046163 0.6853320221033466 0.6689065110287141 0.6876556496214199 0.6759478065380276 0.6899792771394935 0.6894670939159091 0.6844870666422289 0.6987616039882031 0.6806847670671998 0.7227020087198686 0.6832196334505525 0.7373479033792404 0.6789948561449646 0.7931315261690619 0.6666698588217929 0.7945397852709246 0.6594877374022934 0.7990462143968852 0.6347727901646033 0.7956663925524147 0.6335053569729269 0.8032709917024731 0.6250558023617508 0.8032355149269873 0.6196807507523551 0.7980863441619114 0.6141468902079769 0.7876201501789698 0.6125066657778144 0.78293379466422 0.6141468902079769 0.7737172954852117 0.6222308534709204 0.7707492703258702 0.6141468902079769 0.7699682110734117 0.5932926081673398 0.762001406698337 0.5888405704283274 0.7501293060609706 0.58391989713784 0.7370075106196707 0.5891920470919336 0.7143567922983795 0.5963387392519272 0.6893628962197131 0.6044227025148708 0.6587453735233469 0.6181302923955143 0.6528093232046638 0.6163729090774832 0.627190579724031 0.6216450590315769 0.6251598256676394 0.6241053956768206 0.6315645115377976 0.6282059567522267 0.6395313159128725 0.6362899200151703 0.6392188922118891 0.6412105933056577 0.6354698078000891 0.6454283132689327 0.6367195026040225 0.6507004632230262 0.6476543321384388 0.6594873798131825 0.6570270431679387 0.6638222586643259
0 0.7215663641433535 0.40379086827720134 0.7251133898097887 0.4074012336876799 0.7180193384769185 0.41538204143715873 0.7177659795007445 0.4201325222404199 0.7215663641433535 0.4254530607400724 0.7299272103570932 0.4267831953649855 0.7339809539758761 0.4296334838469422 0.745128748927529 0.43134365693611626 0.7474089797130944 0.43457398388233387 0.7557698259268341 0.4334338684895512 0.7572899797838777 0.43476400311446434 0.7583034156885734 0.4374242723642906 0.7664109029261391 0.439704503149856 0.767170979854661 0.4427448108639432 0.77806541583014 0.4438849262567258 0.7894665697579668 0.43913444545346464 0.806948339113968 0.4254530607400724 0.8188562109941429 0.4112016183302888 0.8312708008266653 0.3880192720103743 0.8350711854692742 0.37110756035076436 0.8348178264931003 0.35058548328067596 0.8319023847420454 0.3377687061184077 0.8334056832365969 0.3344994364609421 0.8326347251577473 0.33218656222439286 0.8308358229737643 0.3311264948659744 0.8283944557240734 0.3245733511957514 0.8298078788686314 0.3212004096007837 0.8247966513561079 0.31936938416351546 0.8197854238435844 0.3167674006473976 0.8133607731865031 0.3138763078517109 0.8104054338842457 0.3142617868911358 0.8095059827922543 0.31493637521012935 0.8033383181614561 0.31146706385530537 0.7993550347540657 0.3105997360165994 0.797813118596366 0.31146706385530537 0.7983270906489327 0.3182129470452408 0.7935728491626923 0.31464726593056064 0.7870197054924694 0.31435815665099204 0.7835503941376455 0.3123343916940114 0.7755838273228646 0.3131053497728611 0.7707010928234826 0.31281624049329243 0.7700586277577746 0.3145508961707044 0.7667178094160922 0.3140690473714233 0.7642764421664013 0.3156109635291229 0.7566953543910454 0.3111779545757367 0.7538685081019294 0.31185254289473024 0.7528405639967964 0.31368356833199845 0.7560528893253371 0.3157073332889791 0.7510416618128136 0.3153218542495542 0.7479578294974145 0.31647829136782885 0.7444885181425905 0.3144545264108482 0.7392203046037839 0.31464726593056064 0.7329241469598441 0.3159000728086915 0.7266279893159043 0.31580370304883526 0.7223877198822306 0.3163819216079726 0.7168625203171408 0.32062219104164635 0.7096669115812095 0.3211040398409274 0.6981025403984631 0.3272717044717256 0.69707459629333 0.33237930174410524 0.69707459629333 0.33893244541432826 0.6999014425824458 0.34664202620282597 0.6965606242407635 0.3460638076436886 0.6892365224916908 0.3484730516400941 0.6834543369003175 0.3489549004393752 0.6799850255454936 0.3508822956364996 0.6806274906112015 0.35743543930672267 0.6803705045849184 0.36379584345723326 0.6811414626637681 0.37285460088371797 0.6851247460711588 0.3769021307976792 0.6851247460711588 0.38278068614890876 0.6887225504391242 0.3849008208657457 0.6901359735836821 0.3920321830951059 0.6856387181237251 0.3961760827689234 0.6865381692157164 0.39964539412374733 0.6861526901762918 0.40330744499828375 0.6867951552419997 0.4059094285144017 0.6892365224916908 0.40648764707353907 0.6928343268596564 0.4055239494749767 0.6977170613590381 0.4065840168333953 0.7056836281738189 0.40533120995526434 0.7180189574354156 0.4028255961990027
17 0.18390508247275403 0.5016561419575316 0.17917136091618377 0.5084016951756443 0.16899385956955776 0.5084016951756443 0.15502938097767555 0.5055614622417022 0.15360926451070445 0.5004135400489319 0.16307670762384496 0.4970407634398757 0.16568025447995857 0.4982833653484754 0.1775145583713842 0.4984608799068468 0.18224827992795445 0.4984608799068468
17 0.2298221815714854 0.48567983170410706 0.2305393433811162 0.4878433782433943 0.2331570973895203 0.4966537682304793 0.22604753715028345 0.4954484600966422 0.2207976251127851 0.4901571302811029 0.2217817616330615 0.4878373799118798 0.22614008050857137 0.4855176295426569
17 0.18570342376281693 0.3845783493743918 0.18983725166292842 0.38486033631212746 0.18840667704602615 0.3871134913337485 0.19126782627983066 0.3935510771098086 0.19241228597335247 0.396662576901571 0.1909817113564502 0.39773550786424766 0.18983725166292842 0.39837926644185373 0.18540247035053145 0.39655528380530336 0.183828838271939 0.3902249911255109 0.1832668449164804 0.3860949048495829
17 0.25085311923260895 0.3765151479846136 0.25085311923260895 0.37039295045640847 0.25760323445601463 0.3699220121850081 0.2615277200510179 0.37145256156705936 0.26294053486521907 0.37463139489901204 0.2555625019466129 0.3755732714418128 0.2555625019466129 0.37781022823096466 0.2566613579132138 0.38098906156291734 0.2525798928944104 0.3820486726735682 0.24441696285680362 0.38181320353786796 0.24394602458540324 0.3802826541558167
17 0.29731902867744764 0.3716880307027596 0.29119683114924255 0.3733363146526609 0.28664442785903876 0.37157029613490944 0.28695838670663903 0.3700397467528582 0.29417944020144504 0.36827372823510673 0.2999876788820499 0.3669786479887556 0.30375518505325305 0.3700397467528582 0.2999876788820499 0.37286537638126055
17 0.2875863044018396 0.3540278455252448 0.2915107899968429 0.3560293331786965 0.29198172826824326 0.3583840245356985 0.28727234555423936 0.36003230848559986 0.28209202456883503 0.3592081665106492 0.277225662431031 0.3595613702141995 0.2739290945312282 0.3609741850284006 0.26906273239342415 0.35897269737494897 0.2742430533788285 0.3546165183644953
17 0.4171770218242272 0.35449128255653983 0.41546643023320984 0.36090600102285464 0.4209403233244652 0.3637284771480332 0.4264142164157205 0.36231723908544394 0.43257234614338286 0.3643699489946647 0.4359935293254174 0.3591098798522865 0.4305196362341621 0.35962305732959166 0.4255589206202119 0.3566722868350869
17 0.4390829204239319 0.3943076727176186 0.44386807729167527 0.3978965403684262 0.44291104591812663 0.4023057206251327 0.44209073331222776 0.4051768147457786 0.4500204218359169 0.4047666584428293 0.4516610470477147 0.40128032986775897 0.4483797966241191 0.39646099330810314 0.44181729577692813 0.39246196935434613
17 0.42422024878049314 0.4386618126191625 0.42007769662621874 0.4436572431581405 0.4174784482156937 0.44444920165822244 0.4104117415995785 0.44292620454268034 0.41033051508674956 0.4406721688116781 0.41406693467687944 0.4368342160805121 0.42365166319069075 0.4344583405802665 0.427063176729505 0.43518937919572664
17 0.4158120061487356 0.5247775359792192 0.431533117614085 0.5258028258573941 0.42971038005288503 0.5276825239673817 0.4233307985886853 0.5324672100655314 0.41376142639238567 0.5276825239673817
17 0.42039425299760674 0.6192272224945122 0.42245577624366504 0.6264425538557158 0.4309767389940389 0.6280917724525624 0.43125160876018 0.6242779544473547 0.4355120901353669 0.6202579841175413 0.42369269019129996 0.6152072521646987
17 0.3580426953741343 0.5398067099477721 0.3630293624406265 0.5444193769842773 0.37034314080481495 0.5424247101576805 0.3736675855158097 0.5408040433610706 0.3663538071516212 0.5366900430312146 0.36352802914727567 0.5346953762046177 0.3528898060720925 0.5354433762645916 0.34291647193910824 0.538560043181149 0.34657336112120246 0.5421753768043558
17 0.33792980487261615 0.5268413755748925 0.33543647133937005 0.5325760427013585 0.32762402626853243 0.5287113757248271 0.319645358962145 0.5247220420716333 0.32180624802429164 0.5226027085683742 0.32978491533067905 0.5223533752150497
17 0.3043452627134067 0.5673199781878768 0.31341350281690433 0.5701204641021924 0.31541384989855825 0.5742211756195829 0.3110130863189196 0.576121505347154 0.3032784109365246 0.5738211062032521 0.29847757794055524 0.5700204467481096
17 0.21587357415816982 0.5528478030312074 0.21755924913782143 0.5567669973588975 0.2098051442314241 0.5603069148161658 0.2028938768148526 0.5573991254762668 0.20221960682299198 0.5556291667476326 0.19783685187589783 0.5543649105128939 0.2000282293494449 0.5509514186790995 0.20727663176194672 0.5515835467964688
17 0.17442402654555397 0.3354119169097213 0.17231709963533468 0.337979734081551 0.167313148223564 0.3423252708338782 0.17231709963533468 0.3441029904143757 0.18232500245887615 0.3407450756512137 0.17969134382110205 0.3363995388988866