0 0.43167064414467854 0.2920317914426025 0.41554222610931196 0.2967835226981856 0.409973990223125 0.29721604111513417 0.4096759757134343 0.2902055783508527 0.3713673006025581 0.29244287216600684 0.34693988571400014 0.29457625945258575 0.33402182039265915 0.2928324972022839 0.3298023915209706 0.28659439864159786 0.334330232228617 0.27530276058053316 0.344041702688953 0.2714269502358555 0.34277775301179064 0.2650732841178577 0.3453717235187315 0.2601655968367071 0.35306739140233695 0.25931691357878367 0.3544562129007285 0.2555289923878203 0.3619435604231059 0.2501611401512083 0.3689417702921768 0.25133923388683144 0.367519807805721 0.24848417760295105 0.38704942844152945 0.24867860966680314 0.38990109871135986 0.2498452020499156 0.39361691148719946 0.2504284982414718 0.40251757929909443 0.24919709517040867 0.4065542414184434 0.24984100362176762 0.4098627906001729 0.25217838681614047 0.4115046613615904 0.2543171395185133 0.41366501762661334 0.25451157158236537 0.41813912557445365 0.25518450172294566 0.42518723130132324 0.25692401102301465 0.432145078972697 0.26015338590731935 0.4360236919120131 0.2670760132777307 0.43861920686077305 0.27334719583341816 0.4404804608932365 0.2813187509329816 0.44106822532454065 0.28546983722906766 0.4413570665046029 0.2870564231159198 0.43901065476453416 0.288887515798707
21 0.45524788734977983 0.3257879142725003 0.4485172564246919 0.30756596225579885 0.44227911068924464 0.28798967596758585 0.43887904974625863 0.27247639249390765 0.43319896452517864 0.26129146624463584 0.43097824482420743 0.25704830538742285 0.4223722399081483 0.2505282150760795 0.41512165261765543 0.23352507727513486 0.41144529849853223 0.22104079141227925 0.4049095578423133 0.20380788147888945 0.40173769624520617 0.19322709846576497 0.397627847690268 0.18966308917202945 0.3950591923434317 0.18446156209468584 0.3887659867436826 0.17001287576873136 0.3878669573722899 0.1567200843488532 0.38889441951102444 0.13793679212511237 0.3931327008333044 0.12589622018681695 0.40289359115128254 0.10952104235073518 0.40957209505305714 0.10065918140414971 0.42973603952572254 0.08534357389863796 0.45246863934522424 0.07301402823382343 0.4680090041935842 0.06752352742996073 0.5164281574814495 0.06993164181761981 0.5611227605164022 0.07243608078078526 0.6143621209611195 0.07525123333465564 0.6280146125380334 0.08207747912311253 0.6468680532871047 0.09394214442209713 0.6583534827089528 0.10304380547337297 0.672872799147893 0.12270989453059399 0.6817577539836621 0.13896286069358657 0.6845749347852476 0.14773946242160257 0.6845749347852476 0.16951843708001263 0.6806742229061293 0.18349598798018626 0.6689720872687747 0.20560002196185614 0.6633377256656039 0.21843986523062028 0.6483849967956508 0.2449322000762982 0.6440508724855194 0.2567968653752828 0.631698618201645 0.2704493569521966 0.6256308441674611 0.2873524417617088 0.6124117650215605 0.31384477660738674 0.604610341263324 0.33009774277037934 0.5831564259281738 0.33091039107852893 0.5434991884904719 0.3296101537854895 0.5270295161119727 0.3276597978459305 0.5222619793708283 0.3361113402506867 0.5174944426296838 0.3479760055496712 0.5174944426296838 0.35398960302997845 0.516844323983164 0.3554523699846478 0.5070925442853685 0.35480225133812804 0.49387346513946795 0.3528518953985689 0.49105628433788256 0.34212493773099384 0.4815212108555936 0.33692398855883626 0.4737197870973571 0.3364363995739465
20 0.47504812796172063 0.7108224750808434 0.4709654552843332 0.7031674638107419 0.4735900305769393 0.6935440210711861 0.4811721369778017 0.6904820165631455 0.48817100442475153 0.6810772884313065 0.5010022614108263 0.6771404254923972 0.5082927483347324 0.6788901423541348 0.5132502794429885 0.676702996276963 0.523456961136457 0.6777965693155488 0.5295809701525381 0.6799837153927207 0.5453284219081753 0.6802024300004379 0.5558267230786001 0.6799837153927207 0.5663027599804019 0.6797853721119761 0.5665775008022208 0.6808156501937969 0.5706986131295035 0.677930871564699 0.5712480947731413 0.6698947025264974 0.5735833917586015 0.6674220351301279 0.5803145418931636 0.6683492854037664 0.5827252830777871 0.6649414740070789 0.5900059148559866 0.6642202793498044 0.5961875833469108 0.6659717520888997 0.5976986578669146 0.6734927820861907 0.6066277345760274 0.6729776430452804 0.6154194408742306 0.6747291157843756 0.6180294786815097 0.6786441724952941 0.6220132205978831 0.685856119068039 0.6250353696378905 0.6912135650935066 0.6250353696378905 0.6960558720780641 0.6246232584051622 0.7026496518017165 0.6272332962124413 0.7053283748144503 0.6349260392233691 0.7134675716608336 0.6347886688124598 0.7217097963153992 0.6362997433324634 0.7278914648063234 0.6475641170270363 0.7364427728854354 0.646190412917942 0.7410790242536284 0.6575921570234246 0.7512787772636532 0.6615758989397978 0.752309055345474 0.6624001214052545 0.7571513623300313 0.6571800457906963 0.7568422789054852 0.6448167088088479 0.7547817227418437 0.6430308934670254 0.7583876960282161 0.6472893762052174 0.7573574179463956 0.6497620436015872 0.7592119184936728 0.647426746616127 0.7649814757518686 0.6457783016852139 0.7692056158873336 0.639734003605199 0.7671450597236921 0.6320412605942711 0.7720903945164315 0.6301180748415391 0.7767266458846245 0.6277827778560789 0.7785811464319018 0.6196779236124228 0.7811568416364536 0.6099246244378536 0.7808477582119074 0.6073145866305744 0.7841446480737336 0.6018197701941974 0.7865142876619214 0.5971491762232768 0.7830113421837308 0.5953633608814544 0.7797144523219046 0.5846484688305191 0.7808477582119074 0.579428393215961 0.7808477582119074 0.5702245756850294 0.780126563554633 0.5647297592486522 0.7805386747873613 0.5610207581540978 0.7793023410891764 0.5547017192522641 0.7799205079382687 0.5496190140486154 0.7834234534164591 0.5563501641831772 0.7843507036900977 0.5630813143177391 0.7835264812246413 0.5662408337686559 0.7821871197182744 0.5709114277395764 0.7829083143755488 0.5728346134923084 0.7889869550582909 0.5707740573286669 0.793726234234666 0.5632186847286484 0.7929020117692096 0.5536027559649886 0.790635399989204 0.5474210874740645 0.7912535668382965 0.5454979017213325 0.7939322898510304 0.5519543110340756 0.7956837625901255 0.5588228315795469 0.7955807347819435 0.5637681663722862 0.7956837625901255 0.5628065734959202 0.7983624856028594 0.5545643488413546 0.80238057012196 0.5439868272013288 0.8004230417665006 0.5301124156994768 0.8018654310810497 0.5184359307721755 0.7984655134110413 0.5163753746085341 0.7974352353292207 0.509232113241244 0.7993927636846798 0.5020888518739537 0.7976412909455849 0.5004404069430406 0.7900172331401116 0.5064847050230553 0.7885748438255626 0.5049736305030517 0.7858961208128288 0.4981051099575804 0.7869263988946495 0.49576981297212014 0.7849688705391903 0.49164870064483734 0.781568952869182 0.48972551489210536 0.7789932576646301 0.47859851160844186 0.778787202048266 0.4724168431175177 0.7687935046546052 0.4676088787356878 0.7515878606881995 0.46811397608316646 0.74440999312303 0.4673318787835299 0.7385582915268446 0.47319020463404365 0.729770802751074 0.4766075613801766 0.7235463315349031 0.47123742935053914 0.7208002412924748 0.47123742935053914 0.7138434793449897
20 0.4449250993925224 0.735377509467681 0.4400027565596611 0.7335316309053579 0.4390456343421603 0.7281990928364249 0.44314758670287807 0.725840470229012 0.4490270517532402 0.7249175309478505 0.4565472977478895 0.724199689284725 0.4594186644003919 0.7265583118921376 0.4631104215250379 0.7267634095101735 0.46652871515896943 0.7281990928364249 0.4654348611961113 0.7308653618708914 0.4628369580343234 0.7311730082979452 0.45586363902110316 0.7301475202077657 0.4517616866603854 0.7303526178258015 0.4484801247718112 0.7327112404332143
9 0.23816896792925096 0.43270740696910404 0.23581504274287857 0.43698458944245727 0.22377869824172072 0.43726891254090977 0.21760194468234986 0.43345056359090894 0.2158012317254837 0.4234992551450698 0.21892878580846176 0.4183103585983108 0.22101382186378044 0.400255841846574 0.21873923707616005 0.38788778706388816 0.21248412891020402 0.37488000530968413 0.2076506362365107 0.3570387308817867 0.20802973370111405 0.34175636433996237 0.20802973370111405 0.32640291702352475 0.20869315426417 0.30394139224577355 0.207461087504209 0.2929949529553504 0.2085036055318683 0.29050712584389066 0.21324232383941077 0.29036496429466435 0.222530211722194 0.29093361049156946 0.22982783791580944 0.2918576605615402 0.23911572579859264 0.2921419836599928 0.2511520702997505 0.29221306443460593 0.26802190747460164 0.292781710631511 0.27569863113282045 0.29477197232067887 0.2789209595819493 0.2964779109113941 0.2813850931018714 0.29846817260056197 0.2959803454891021 0.29747304175597805 0.29465350436299026 0.2959803454891022 0.2966437660521581 0.29178657978692707 0.302993648584265 0.289654156548533 0.3128501826639533 0.29150225668847457 0.32289626547594336 0.29057820661850375 0.32554994772816714 0.29057820661850375 0.3280140812480892 0.291715499012314 0.3323737020910283 0.29370576070148174 0.33827158379995426 0.29460247201198597 0.34650966331922034 0.2950945696823846 0.35299806223262464 0.29525860223918415 0.36889099440253625 0.2937276317090551 0.3781497209418885 0.2931261790007901 0.3941155564703777 0.2921419836599928 0.4075297744486517 0.2914311759138614 0.4084775181101602 0.29339956659545596 0.4089878416202033 0.2950945696823846 0.4093523584130911 0.2979378006669101 0.4051968669741693 0.30034361149997013 0.4009684721766698 0.30417103782529287 0.39681298073774796 0.30799846415061566 0.39550072028335165 0.3094200796428784 0.3931678128088692 0.3142863788279316 0.3921471657887831 0.3188246128993857 0.39222006914736063 0.32298010433830754 0.39163684227874007 0.33320480037881267 0.3917097456373176 0.33998481272652725 0.3911994221272746 0.34561659717664506 0.3903245818243437 0.3556225831414174 0.3907620019758091 0.36623002181445474 0.3899600650314558 0.3701121256587106 0.38755425419839573 0.3766187504117594 0.3864607038197321 0.3800087565856167 0.3847839265724479 0.38585925111146724 0.3836174728352067 0.39061619525865404 0.3766187504117593 0.39958330836369593 0.368599380968226 0.4051604152948805 0.36458969624645926 0.40855042146873777 0.3647355029636144 0.4102454245556665 0.3699845447811999 0.41084687726393143 0.37610842690171636 0.4129246229833924 0.37968069147201755 0.413690108248457 0.38070133849210364 0.41746285705484654 0.3747961664473199 0.41937657021750785 0.3622567887719768 0.42090754074763703 0.3484051506422373 0.4220010911263007 0.3354283528154287 0.42260254383456564 0.31895219377689654 0.4228759314292316 0.3047360388542691 0.423586739175363 0.29037407721448655 0.4264846476788216 0.27921986335211735 0.4291638461065476 0.2681385528483258 0.4299293313716121 0.25531053738596127 0.43105970538547567 0.24891289571486783 0.43105970538547567 0.24563968369709907 0.43105970538547567
2 0.26509658494430455 0.5914791249566493 0.28400336978392393 0.5893869807325931 0.2905122629254322 0.5884571388552348 0.32584625426504876 0.5842728504071223 0.3224368340480682 0.5703252222467473 0.31902741383108774 0.549868700944864 0.31335671266975745 0.5360538422970776 0.31180697620749354 0.5225711350753819 0.30653787223579637 0.5009523114268006 0.3009588209716464 0.4902591298371799 0.2938300332452325 0.4874696042051049 0.27523319569806587 0.4835177762263319 0.2671745660942937 0.4814256320022758 0.2538468325188243 0.48398269716501113 0.2321505220471299 0.486307301858407 0.21076415886788827 0.49188635312255696 0.20952436969807717 0.496303102040009 0.21324373720751053 0.5081585859763278 0.21634321013203828 0.5225711350753819 0.21975263034901885 0.534194158542361 0.2219222613961883 0.5467470238866985 0.22285210327354657 0.5558129821909422 0.22378194515090497 0.5590674287616964 0.23184057475467712 0.5604621915777339 0.23834946789618544 0.5644140195565067 0.24392851916033542 0.569295689412638 0.2479578339622215 0.5744098197381088 0.25043741230184374 0.5818485547569755 0.25043741230184374 0.5855679222664089 0.2603557256603326 0.5867302246131068
17 0.6070240865015859 0.3769889023052448 0.6014871629787543 0.373487612430513 0.601595730106653 0.3716962548201852 0.611149637361735 0.36713643544844143 0.6150580539660867 0.36835781563730136 0.6202692761052223 0.37226623224165306 0.6188579034425397 0.37479041796529683
17 0.6437098165439893 0.3770362937075921 0.6447207732237255 0.37895711139909066 0.6498429537343885 0.37855272872719614 0.6508539104141245 0.37733958071151286 0.6517300728698959 0.37385178016642323 0.6489667912786171 0.37127384063309604 0.6439794049919189 0.37268917998472667
17 0.7564818042367772 0.3747784193439337 0.7518326879677673 0.3698750545289624 0.740500467062056 0.3659523626769854 0.73527021125942 0.3661702900020953 0.7265531182550266 0.36377308942588704 0.7246644147707414 0.3630103437880027 0.7259719787214004 0.3605041795492396 0.7317833740576626 0.3588697246109158 0.7389023333445838 0.36039521588668466 0.7497986996000755 0.35963247024880024 0.7544478158690854 0.36028625222412974 0.7649083274743573 0.36377308942588704 0.7670876007254557 0.36573443535187555 0.7663611763084228 0.3679137086029739 0.7620026298062261 0.3703109091791821 0.7625837693398523 0.37368878271838446 0.7625837693398523 0.3758680559694828
17 0.8633331893497297 0.4944258884152153 0.8654286582559182 0.4915970053918606 0.8692005022870578 0.48845380203257754 0.8694100491776766 0.48656788001700785 0.8633331893497297 0.4832675164897607 0.8583040639748767 0.4802814732984418 0.852017657256311 0.4804386334664059 0.8459407974283636 0.48169591481011914 0.8436357816315563 0.48609639951311534 0.8430071409596994 0.4871965206888644 0.8507603759125977 0.4890824427044342 0.8524367510375486 0.4917541655598247
17 0.8731818932088163 0.5013409358056379 0.8631236424591106 0.4975690917744982 0.8597708922092085 0.4955260095909642 0.8476171725533144 0.5000836544619246 0.842168953397224 0.5000836544619246 0.841749859615986 0.5025982171493509 0.841749859615986 0.5054271001727058 0.8448632985631989 0.5068023758994569 0.8507634827457218 0.5077242796779761 0.8583845539814806 0.510121229502126 0.8635472151411884 0.5091993257236068 0.8676035917666728 0.5077242796779761
17 0.8526072903027601 0.5111353236584971 0.8522385287913525 0.513624463860499 0.8556803028978243 0.5168511270853162 0.8567865874320474 0.5187871250202066 0.8538364953407858 0.5198012191765778 0.8494113572038935 0.5181417923752432 0.8468300266240398 0.5166667463296124 0.8421590474795424 0.5163901751960567 0.8392089553882809 0.5141776061276105 0.8377339093426504 0.5091993257236068 0.8379797503502553 0.5074477085444202 0.8417902859681348 0.5074477085444202 0.8463383446088296 0.5084618027007914
17 0.5479987283886631 0.5931759250665887 0.5426602117945213 0.5913741757160658 0.5429271376242284 0.5867697051536184 0.5544049483016333 0.5793625133792466 0.5570742065987043 0.5785617358901253 0.5632135006819674 0.5825656233357317 0.5637473523413816 0.5843673726862546 0.5744243855296653 0.5829660120802923 0.5818983087614641 0.5843673726862545 0.5808306054426357 0.5889718432487019 0.5760259405079079 0.5923751475774673 0.5722889788920086 0.5927755363220281 0.5672173881275738 0.5951778687893918 0.5637473523413816 0.5953780631616722 0.5549387999610476 0.5995821449795589 0.547731802558956 0.6017842830746424
17 0.6186913533411253 0.6183054980779938 0.605021052590181 0.6166518326645731 0.5981859022147089 0.61880159770202 0.5893663533431318 0.6161557330405469 0.5829721804112385 0.599288345823656 0.5858385337945011 0.5973039473275512 0.5995088345454453 0.5978000469515774 0.6175889097321783 0.5987922461996298 0.6323616540920697 0.6002805450717084 0.6303772555959649 0.6050761747706284 0.6303772555959649 0.6077220394321016 0.6290543232652284 0.611360103341627 0.6270699247691235 0.6135098683790738 0.632582142813859 0.6146674341684684 0.6409607142418572 0.6168171992059153 0.638755827023963 0.6202898965740986 0.6321411653702802 0.618636231160678
17 0.819151879670665 0.4096496201742044 0.8117790128852446 0.4143963280472984 0.8066956682678161 0.4176641924442166 0.8093929531668597 0.4218657323831115 0.814372556057402 0.43019100596573645 0.81862596685974 0.42933513671892454 0.8265103381030983 0.42373308346706473 0.833772258985139 0.41665271060707526 0.8417603719553832 0.41003917551807406 0.8424865640435875 0.405604216693685 0.8401005043252028 0.4003911949176488 0.8377144446068179 0.39478914166578893 0.8353283848884332 0.39043198913656463 0.8305562654516637 0.3892648947090938 0.8214269934856698 0.39229934022051793 0.8072143769022478 0.3972011368158952 0.798085104936254 0.40109145157413123 0.786777256705648 0.40342564042907286 0.7791003689160623 0.40575982928401444 0.7728758653028845 0.40692692371148526 0.7642653019713223 0.40848304961477955 0.7551360300053286 0.41050601328906233 0.7534761623751478 0.4087942747954385 0.7534761623751478 0.407549374072803 0.7506751357492178 0.40404809079039056 0.7506751357492178 0.399768744556331 0.7466292084006524 0.3974345557013894 0.7465254666737661 0.3923771465156826 0.7390560623379531 0.38957611988975266 0.7318978831827988 0.38794218769129357 0.7206937766790792 0.3870863184444817 0.7143655313390154 0.38638606178799917 0.7079335442720651 0.38529677365569304 0.7040951003772722 0.3833516162765751 0.6980780802178671 0.38311819739108094 0.6912311262433718 0.3819511029636102 0.6900899672476225 0.383662841457234 0.6882226161636693 0.3876309625106347 0.6822055960042642 0.38949831359458803 0.6775372182943811 0.39097663320271764 0.6775372182943811 0.393388628352824 0.6750474168491101 0.39440011018996535 0.6741137413071334 0.39665649274974224 0.6727650988576117 0.3986016501288601 0.6661256283368889 0.4007802263934723 0.6580337736397578 0.40342564042907286 0.6575150650053264 0.3994575193756721 0.6611460254463468 0.3982904249482014 0.6611460254463468 0.3943223038948006 0.6614572506270057 0.3910544394978824 0.6559589391020321 0.39035418284139994 0.6464147002284932 0.3932330157624946 0.6394640045271115 0.39198811503985903 0.6327207922795025 0.3930774031721651 0.6285711232040507 0.39634526756908334 0.625458871397462 0.3999243571466604 0.6190268843305118 0.40249196488709627 0.6165370828852408 0.40474834744687316 0.6100013540914042 0.4052151852178614 0.601805757667387 0.4091054999760974 0.6032581418437951 0.41517439099894554 0.6041918173857718 0.41719735467322827 0.5973448634112765 0.4227994079250881 0.5945438367853465 0.42645630379782995 0.5928839691551658 0.42645630379782995 0.5888380418066005 0.4178976113297108 0.5862444986344432 0.41548561617960444 0.5863482403613294 0.40856085590994434 0.5863482403613294 0.4027253837725904 0.5807461871094696 0.40498176633236727 0.5793975446599477 0.4098057566325799 0.5779451604835396 0.41719735467322827 0.5777376770297671 0.42202134497344096 0.5775301935759944 0.4247445653042061 0.5752478755844961 0.4243555338283825 0.5748329086769508 0.4230328268105822 0.572446848958566 0.4210098631362996 0.5689196302444322 0.42069863795564066 0.5675709877949103 0.42209915126860564 0.5679859547024555 0.4244333401235473 0.5691271136982048 0.4302688122609012 0.5625913849043682 0.43618209069341984 0.5641475108076627 0.43851627954836153 0.56674105397982 0.43851627954836153 0.5677784712486829 0.44022801804198536 0.5671560208873652 0.44481858945670383 0.5694383388788636 0.4476196160826338 0.5720318820510208 0.45322166933449354 0.5736917496812016 0.4589015288815182 0.5732767827736565 0.4604576547848126 0.568504663336887 0.4639589380672249 0.569230855425091 0.4668377709883196 0.5725505906854523 0.46917195984326115 0.5730692993198839 0.4736847249628149 0.5684985839879302 0.47891515606004814 0.5687197642927402 0.48024223788890813 0.5701574362740051 0.48306228677523533 0.5696044855119801 0.4946742527777593 0.5687651538188634 0.5005586773230859 0.5740734811343029 0.5038763818952355 0.5780547266208825 0.5023004722234644 0.5791606281449324 0.4989827676513148 0.583031283479107 0.48645843289144963 0.5859066274416369 0.484716637991071 0.5890031517089767 0.4852142936768935 0.5918784956715063 0.4848825232196785 0.5935373479575812 0.4813989334189213 0.6057022647221302 0.4775835731609492 0.6065869859413701 0.4756758930319631 0.6058128548745352 0.473436442445762 0.6144388867621243 0.47393409813158455 0.619415443620349 0.4733534998314583 0.6236178694117385 0.4760906061034818 0.6206319352968037 0.4789935976041128 0.6149918375241493 0.4836383840051224 0.6128906246284545 0.4855460641341085 0.6122270837140246 0.48878082609195445 0.6136647556952893 0.4935914977215715 0.6153236079813643 0.49889982503701097 0.6179777716390841 0.5027151852949832 0.6200789845347788 0.5076917421532077 0.6207425254492087 0.5130830120829509 0.6231755088021185 0.5164007166551007 0.6313591800800877 0.5169813149552268 0.638879310443627 0.5169813149552268 0.6447405885210914 0.5132488973115584 0.6437452771494466 0.5069452586244739 0.6427499657778015 0.4992315954942259 0.6409805233393218 0.49765568582245484 0.6320227209945176 0.4981533415082773 0.6374416384623621 0.4940062107930901 0.6347874748046424 0.48687314596296827 0.6326862619089476 0.48239424479056614 0.6333498028233775 0.4819795317190475 0.6404275725772969 0.48446781014815976 0.6429711460826116 0.48405309707664107 0.6458464900451414 0.4848825232196785 0.6471735718740013 0.48562900674841214 0.6478371127884311 0.48770257210600576 0.6566843249808304 0.4874537442630945 0.6629879636679148 0.486956088577272 0.6681857008309494 0.4848825232196785 0.6699551432694293 0.48214541694765495 0.6623244227534848 0.47965713851854275 0.6595596689433602 0.4775835731609492 0.6521501287322258 0.4780812288467716 0.6624350129058898 0.4702846231022198 0.6671903894593043 0.4689575412733599 0.672719897079554 0.4690404838876637 0.6799082569858783 0.46688397591576636 0.6810141585099282 0.4688745986590562 0.6876495676542276 0.47069933617373855 0.6928473048172621 0.47426586858879943 0.7012521564000412 0.47650531917500055 0.705786352648646 0.4764223765606968 0.7074452049347209 0.47866182714689776 0.7114264504213004 0.4810671629617063 0.7107629095068705 0.4832236709336037 0.7164030072795249 0.486956088577272 0.7146335648410451 0.48869788347765064 0.7125323519453504 0.4905226209923331 0.7155182860602849 0.4984851119654923 0.6997038942663714 0.4939232681787864 0.6849954039965078 0.4901079079208143 0.6803506175954982 0.4920985306641041 0.6778070440901834 0.4962456613792912 0.6810141585099282 0.49732391536523984 0.6852165843013178 0.4997292511800484 0.695169698017767 0.504042267123843 0.7062810434456545 0.5036389580361806 0.7240717332718858 0.5047101852153587 0.7381292602588537 0.5080102819125021 0.7371949782641465 0.5049958746734999 0.7362226178529399 0.5037561151492116 0.7311663437146662 0.5014953771931565 0.7395286432510421 0.49908878517542044 0.7501273717331928 0.4968280472193653 0.7522180141093429 0.4915281878648823 0.7591217730289092 0.4924762392658085 0.7642752832083036 0.492840874420011 0.7753601918960576 0.487590128199496 0.7838197274735541 0.4837979225957906 0.784111435596916 0.4809537683930116 0.7765270243895053 0.4775991249743492 0.7694287933876979 0.47570302217249655 0.7657338238251132 0.47577594920333705 0.7598024253167536 0.4779637601285517 0.7567881080420135 0.4804432791771282 0.7513428897392571 0.4830686522873858 0.7505650014102919 0.481755965732257 0.7518290699448604 0.47942230074536135 0.7476479201766726 0.47686985466594434 0.7430778262440021 0.4709627651678649 0.7408413972982271 0.46702470550247865 0.7353961789954707 0.4608259078810372 0.7358823592010739 0.4601695646034728 0.7465783237243454 0.4600966375726323 0.7463838516421041 0.45601272384556507 0.7549406232607212 0.4528039344885837 0.7602886055223569 0.4587839510175036 0.763302922797097 0.45703370227733187 0.7702066817166632 0.4511266127792524 0.7690398492232152 0.4436880556335227 0.7660255319484751 0.44128146361578674 0.7634001588382177 0.4380726742588052 0.7634973948793383 0.4349368119326643 0.7602886055223569 0.43194680366820437 0.7647614634139067 0.42983191977383023 0.7702066817166632 0.42815459806449907 0.7669006563185612 0.42275799778230305 0.768845377140974 0.42144531122717427 0.774679539608213 0.4218099463813767 0.7747767756493338 0.4198409165486836 0.7857644482959671 0.4165592001608616 0.8035586438210458 0.4125482134646349 0.8126015956452661 0.4099228403543773 0.8185329941536259 0.40846429973756754
17 0.7852521109026295 0.4718072640392476 0.7825743244791016 0.47106734936958866 0.7797556019280197 0.46789628649962156 0.7786281129075872 0.4651480320123167 0.7810240270760066 0.46155416075968747 0.7884936418363736 0.46070854399436295 0.7904667476221309 0.46261118171634313 0.7937082785558751 0.46493662782098566 0.7941310869385373 0.46789628649962156 0.7900439392394687 0.46990462631726737
17 0.8336312513363908 0.6158923173790692 0.8379929659165387 0.6133391186004462 0.8392695653058503 0.6100678326653355 0.8391631820234076 0.6054401598790813 0.8365035999623419 0.6051210100317534 0.8341631677486041 0.605839097188241 0.8344823175959319 0.608551870890528 0.8304397528631122 0.6103869825126633 0.8306525194279974 0.6125412439821265
17 0.75656243076808 0.6278675901703796 0.7514220343578234 0.62481244890768 0.7521009546384234 0.6238668099454158 0.7593751005019941 0.622339239314066 0.7618968044013653 0.6177565274200164 0.7647094741352792 0.6166654055404808 0.7678131097037361 0.6173928201268379 0.7704318022146215 0.6215390832690731 0.775184244178821 0.6219755320208874 0.7773637212869191 0.6243399394702707 0.7748420173875481 0.6259402515602563 0.7678588373585201 0.6271768563570633 0.7622334978906922 0.6267404076052491
17 0.6593567475487935 0.615032082359439 0.6560623708782244 0.6152005448028204 0.6473023238223928 0.6195244141829422 0.6473023238223928 0.6220513508336629 0.6528428664047135 0.6224444298682195 0.6576346870164506 0.6230059713461574 0.6596562363370271 0.6238482835630643 0.6648972901311141 0.6240729001542396 0.6680419224075664 0.6203667263998492 0.6678921780134498 0.6184013312270665 0.6703629605163767 0.6185697936704478 0.6750477286784353 0.619099479426554 0.6790908273195881 0.6208402580081616 0.6836580313401498 0.6229741156243257 0.6936160335489155 0.6260064396051904 0.7002796590871124 0.6274102933000351 0.7049966075017909 0.6292072260294365 0.7082909841723599 0.6299933840985495 0.7151792263017316 0.6285895304037047 0.7163771814546659 0.6297126133595806 0.7172756478193666 0.6323518583058888 0.7210192576722859 0.6338118661485274 0.7261105670722564 0.6349911032521971 0.7311270042751684 0.6349911032521971 0.7319505984428107 0.6359457237646915 0.7355444639016134 0.6359457237646915 0.7454275939133208 0.6356649530257225 0.7493958203574154 0.6348787949566095 0.7496953091456489 0.6343172534786716 0.7481229930074227 0.6321272417147136 0.7416839840604013 0.6308356963154564 0.7405609011045254 0.6290387635860551 0.7440050221692115 0.6284772221081172 0.7464009324750799 0.626904905969891 0.7477486320221307 0.6247148942059331 0.7467004212633135 0.6223564199985939 0.7415342396662846 0.6210648745993367 0.7320254706398692 0.6199417916434609 0.719671558125235 0.617471009140534 0.7095638115223525 0.6150002266376072 0.6974345155988937 0.6113502070310107 0.6898724236959961 0.6105640489618976 0.6859041972519015 0.6087109620847025 0.6862036860401353 0.6077001874244142 0.6898724236959961 0.6089355786758776 0.6933165447606823 0.6085986537891148 0.693690905745974 0.6079809581633832 0.6924180783959814 0.6061278712861881 0.6945144999136165 0.6050609424781059 0.6977340043871272 0.606689412764126 0.7029750581812142 0.6082055747545584 0.7123340828135131 0.6072509542420639 0.7163771814546659 0.604274784408993 0.7157033316811404 0.6009616896891592 0.7153289706958487 0.597760903264913 0.7191474527458265 0.595627045648749 0.7252869729046142 0.5905731723473078 0.7266346724516651 0.5857439156370416 0.7275331388163658 0.5835539038730838 0.7337475311722121 0.5826554375083831 0.7374162688280732 0.5801846550054562 0.7497701813427073 0.5773207934679728 0.752390708239751 0.5754115524429839 0.7525404526338677 0.5707507581760992 0.7488717149780066 0.5699646001069861 0.7508183921015248 0.5662022722048021 0.7490963315691818 0.5632822565195249 0.7423578338339268 0.5655284224312767 0.7372665244339563 0.5646861102143698 0.7338972755663289 0.5647984185099573 0.731426493063402 0.567325355160678 0.7300039213192926 0.5682238215253786 0.7309023876839933 0.569739983515811 0.7271587778310739 0.5703015249937489 0.7243885065399135 0.5693469044812545 0.7191474527458263 0.569739983515811 0.7187730917605343 0.5665953512393587 0.7198213025193518 0.5651353433967201 0.7230408069928626 0.5658091931702456 0.7270839056340155 0.5657530390224518 0.7275331388163658 0.5649107268055449 0.7304531545016429 0.5645738019187821 0.7357690804927887 0.5637314897018753 0.7340470199604456 0.5612045530511547 0.7357690804927887 0.5591830037305782 0.7383896073898323 0.5590145412871969 0.7383147351927739 0.5606991657210105 0.7400367957251168 0.5626084067459994 0.7428819392133356 0.5629453316327622 0.7445291275486201 0.5631137940761436 0.7471496544456637 0.5612607071989485 0.7478983764162477 0.5606430115732167 0.7522409638456341 0.5591830037305782 0.7553107239250282 0.5579476124791147 0.7556850849103202 0.5542975928725182 0.7611507552955825 0.5498614151968088 0.7700605467455308 0.5426736842792034 0.7733549234160998 0.5344751787013098 0.7729805624308079 0.5334082498932278 0.7660923203014361 0.534419024553516 0.7586051005955973 0.536328265578505 0.7543373853632691 0.5365528821696801 0.7502942867221161 0.5379567358645249 0.7486470983868315 0.5397536685939263 0.7520912194515174 0.5412136764365648 0.7539630243779771 0.5421121428012654 0.7538881521809186 0.5445829253041923 0.7502942867221161 0.5464360121813874 0.7478235042191892 0.5467729370681502 0.7449783607309705 0.545200620929924 0.7377906298133652 0.5482329449107888 0.7235649123722712 0.5519391186651791 0.7132325491782134 0.5535114348034053 0.6978088765841854 0.5539045138379617 0.6958621994606673 0.5583968456614651 0.6933914169577404 0.5609799364599796 0.6874765133901277 0.561653786233505 0.6820108430048653 0.5598006993563098 0.6766949170137199 0.5583406915136714 0.6751226008754937 0.5595199286173409 0.6753472174666687 0.5626645608937934 0.6737749013284425 0.5653038058401014 0.670405652460815 0.5662022722048021 0.6665871704108371 0.5688415171511103 0.6608968834343996 0.5687292088555228 0.6582763565373559 0.5712561455062434 0.6560301906256043 0.5704138332893365 0.6547573632756118 0.5681676673775848 0.65251119736386 0.5653599599878952 0.6497409260726996 0.563001485780556 0.6495163094815246 0.561934556972474 0.6504896480432837 0.5607553198688043 0.652660941757977 0.5605307032776292 0.6567040403991298 0.5580037666269085 0.6610466278285165 0.5567683753754451 0.6662128094255452 0.5527814308820859 0.642947197166511 0.5474956524891298 0.6263382281765266 0.546295004128408 0.6047265576835346 0.5473455714440396 0.6067276382847375 0.5509475165262049 0.611130015607384 0.5509475165262049 0.6197346621925568 0.5506473544360245 0.6221359589140003 0.5536489753378289 0.6257379039961656 0.5587517308708965 0.6301402813188121 0.5641546484941444 0.636143523122421 0.5700078092526631 0.6459488180683155 0.5742100785151893 0.6484537835196394 0.582367987721306 0.6491662883739967 0.585485196459119 0.6470287738109249 0.5900274149056465 0.6445350068206745 0.5951040119929419 0.644416256011615 0.5967071479152458 0.6505912980827112 0.6001806090802374 0.6560538352994502 0.5978649683035763 0.6580725990534624 0.6000915459734427 0.6637726378883204 0.6046337644199702 0.6539163207363784 0.603654070245229 0.6467912721928059 0.606504089662658 0.6445350068206745 0.6062369003422741 0.6413287349760669 0.6008040508278 0.6351536929049707 0.6037431333520237 0.6312349162060058 0.6061478372354793 0.6333724307690776 0.6097103615072657 0.6369349550408638 0.6099775508276496 0.6412099841670073 0.6122931916043106 0.6469100230018654 0.6132728857790518 0.6534413175001403 0.613540075099436
17 0.5894980418610088 0.5301096774453772 0.587670707571297 0.5246276745762419 0.5887671081451242 0.5235312740024148 0.5958937118749998 0.5247647246479704 0.6052131167525299 0.5231201237872297 0.6072231844712127 0.5207902725678473 0.6156289222038868 0.5207902725678473 0.6159943890618291 0.5254499750066123 0.6106951196216651 0.5272316259390811 0.5999138473123659 0.5283280265129082
17 0.5608088935125346 0.5281909764411798 0.5577024252200246 0.5329877289516732 0.5500276212032352 0.5324395286647596 0.5472866197686677 0.5246276745762419 0.5467384194817541 0.5144859692683418 0.54765208662661 0.5054406645342686 0.5491139540583794 0.5000957117368617 0.554961423785457 0.49159860728970217 0.5578851586489958 0.4910504070027886 0.5586160923648805 0.49571010944155364 0.5562405577882552 0.5033849134583429 0.5655599626657851 0.5092780665426633 0.5626362278022463 0.5128413684076012 0.5555096240723705 0.5116079177620457 0.5533168229247164 0.5099633169013053 0.5531340894957453 0.5155823698421688 0.5531340894957453 0.5238053741458716 0.5555096240723705 0.5255870250783407
17 0.7811796136151307 0.5472413809035332 0.7859015213658546 0.5388599946459982 0.7980210845927127 0.5288259406757099 0.7995950538429542 0.531541037632376 0.7991228630678817 0.5366170884644044 0.7932991768419888 0.5403946146649835
17 0.7952807631505131 0.5532784198169678 0.7949586572456536 0.5500170975302655 0.8002734046758353 0.5466349855292407 0.8031723578195709 0.5461518266719515 0.8033334107720005 0.5495339386729762 0.8017228812477031 0.5508626255305217
17 0.8542078005459346 0.5812481787510666 0.8490507102382311 0.5825111396427491 0.848629723274337 0.5727231927322096 0.8527343461723053 0.5642771417690827 0.8547340342508026 0.5624616354872891 0.8584176701848766 0.5660926480508763 0.8584176701848766 0.5683817646670509 0.8557865016605379 0.5702762060045747