20 0.3657194097030155 0.28327881030074936 0.36018225536801796 0.28161207337040206 0.36514458265207783 0.2775801824521033 0.36390400083106283 0.2676555278839835 0.3688663281151229 0.2642439278761922 0.37465570994652614 0.25555985512908735 0.3543928735366147 0.24346418237419123 0.346535855336853 0.2394322914558925 0.3440546916948231 0.2254757459694739 0.33206240075834487 0.21648152776711524 0.3374382553160766 0.21400036412508527 0.3366112007687332 0.20314527319120412 0.347776437157868 0.20221483682544292 0.3428141098738081 0.19260032771257674 0.3486034917052114 0.1894988731600393 0.3663851644730929 0.19694236408612922 0.3663851644730929 0.20252498228069665 0.37010690993613776 0.20407570955696538 0.38168567359894434 0.20407570955696538 0.3754827644938694 0.19942352772815916 0.3837533099673027 0.19291047316783053 0.3911968008933926 0.19384090953359173 0.39657265545112425 0.18980901861529303 0.39946734636682585 0.18980901861529303 0.40484320092455744 0.19663221863087543 0.40837577576529827 0.20129485202657105 0.4185871489133566 0.20310294571449888 0.4293102922382513 0.20024344082786036 0.44074831178480556 0.19702649783039194 0.4409866038586921 0.18737566883798673 0.44932682644472133 0.18969901655838062 0.4486119502230616 0.19720521688580683 0.4555224203657715 0.1984562502737112 0.46696043991232583 0.1934521167220937 0.47363261798114914 0.19398827388833845 0.4702965289467375 0.19577546444248756 0.46815190028175846 0.20006472177244544 0.47410920212892216 0.1991711264953708 0.4781601673849936 0.19917112649537086 0.4750623704244684 0.20381782193615855 0.4745857862766954 0.20578373154572255 0.47958991982831284 0.20649860776738221 0.4839712020635785 0.21053104727876495 0.4870689990241036 0.21267567594374384 0.488498751467423 0.20767154239212635 0.4958858057579059 0.20695666617046674 0.49445605331458675 0.21178208066666934 0.498983602718431 0.21571389988579737 0.5037494441961621 0.21285439499915879 0.5106599143388718 0.21285439499915879 0.5108982064127584 0.20767154239212635 0.5187618448510145 0.20713538522588165 0.5197150131465607 0.21178208066666934 0.5230511021809724 0.22339881926863853 0.5228128101070859 0.22786679565401127 0.5223362259593127 0.23179861487313935 0.5204298893682204 0.24377279158593837 0.5261488991414975 0.25431721585541806 0.5287701119542496 0.2630744495707487 0.5301998643975687 0.26843602123319604 0.5371103345402787 0.2680785831223662 0.5423527601657828 0.2691508974548557 0.543782512609102 0.27486990722813287 0.5435442205352156 0.2846994552759529 0.5356805820969595 0.28666536488551697 0.5292466961020226 0.28934615071674064 0.5154257558166029 0.2873802411071766 0.5116130826344181 0.28666536488551697 0.5066089490828006 0.28541433149761253 0.49660068197956553 0.28827383638425114 0.46895880140872603 0.2875589601625915 0.45537615319719277 0.29113334127088975 0.4255896439613744 0.2902397459938152 0.41033895123263536 0.2916694984371344 0.38555657554843425 0.2929205318250388 0.37173563526301456 0.28898871260591075
17 0.1393566712444031 0.5727928804935453 0.12750543179750162 0.5678358716864279 0.12704961489569774 0.562707931541134 0.13479850222636408 0.5625370002029575 0.1555381712584416 0.5625370002029575 0.15644980506204942 0.5651009702756045 0.15325908674942212 0.5707417044354278
17 0.19873616918650125 0.6176901005168596 0.20329433820454024 0.6120493663570362 0.19941989453920708 0.6093144649462129 0.18460584523058027 0.6094853962843894 0.1839221198778744 0.6120493663570363 0.19212682411034465 0.6161517184732714
17 0.19405324230075308 0.5519903930882051 0.18995089018451797 0.5439566201939113 0.19724396061338045 0.5420763754739703 0.19724396061338045 0.5448112768847937 0.1963323268097726 0.5511357363973228
17 0.10767150476343082 0.40148279032066353 0.10126285084891506 0.3992980219407149 0.11097293253757527 0.3949284851808178 0.11524536848058578 0.39798716091274583
17 0.14767759476753226 0.45291733170514187 0.14379356209206814 0.4537912390571212 0.13855011798019165 0.451169517001183 0.13330667386831513 0.44024567510144025 0.13816171471264524 0.43762395304550206 0.14185154575433612 0.4424304434813888 0.13952112614905768 0.44374130450935795 0.14282255392320214 0.44403260696001773 0.14536807634070625 0.44869091298405034
17 0.20365870068169822 0.41654574041648035 0.20696012845584272 0.4217891845283568 0.20307609578037863 0.4244109065842951 0.1968616434996361 0.42397395290830536 0.19783265166850214 0.4217891845283568 0.1960848369645433 0.4194587649230784
17 0.23084692940994686 0.40605885219272736 0.22269046079147223 0.4053305960660778 0.21356298400413165 0.4082436205726758 0.21123256439885324 0.405039293615418 0.2149223954405441 0.4016893154328302 0.2193890330173278 0.4013980129821704 0.22676869510070954 0.40052410563019103 0.2325947441139057 0.40183496665816015
17 0.3750059892866838 0.39112874100113826 0.37248136804763216 0.38850701894519996 0.37015094844235363 0.38865267017052996 0.3715103598787661 0.3912743922264682 0.36995674680858043 0.39243960202910744 0.357139438979549 0.3922939508037775 0.35888725368350777 0.39025483364915886 0.35908145531728103 0.3877787628185505 0.35733364061332223 0.38690485546657105 0.35616843081068295 0.3847200870866224 0.3649075043304771 0.38311792360799357 0.36374229452783785 0.3790396892987563 0.3682089321046216 0.37772882827078713 0.3753943925542302 0.37758317704545724 0.3788900219621478 0.3807875040027151 0.3779190137932818 0.3842831334106328 0.38316245790515835 0.38486573831195237 0.3829682562713851 0.38646790179058127 0.38122044156742624 0.38952657752250935
17 0.3962354149849825 0.4339999840044125 0.3962354149849825 0.436184752384361 0.3997310443929002 0.43720431096167034 0.40419768196968386 0.434728240131062 0.40419768196968386 0.4328347742017733 0.3999252460266733 0.42919349356852565 0.3972064231538485 0.42904784234319576 0.39545860844988967 0.4307956570471546
17 0.39006762214718727 0.4654717398062256 0.3925922433862389 0.4676565081861741 0.3890966139783212 0.47042388146744224 0.3852125813028572 0.47479341822733934 0.3801633388247538 0.47741514028327764 0.3729778783751453 0.4749390694526692 0.3737546849102381 0.4718803937207413 0.3762793061492897 0.4695499741154629
17 0.4347473971740692 0.546763324266288 0.4400221299977442 0.5502248676818248 0.4416704840051427 0.553191904895142 0.4350770679755489 0.5586314731195567 0.42864848734669503 0.5571479545128983 0.4261759563355973 0.5544281704006909
17 0.42343705928963715 0.670973749890869 0.4192754516010049 0.67108137767592 0.4172663996133894 0.6666686384888356 0.4164053773329826 0.6605338547409382 0.42200202215562604 0.6623635270868025 0.4250156001370495 0.6620406437316498 0.4275986669782694 0.663224549367209
17 0.1984895771110789 0.6564144924151407 0.19921295712526393 0.644117032173995 0.1931847903403886 0.6471913972342813 0.18763887689830328 0.6520742123300305 0.18402197682737803 0.6582229424506032 0.18884451025527835 0.6614781525144359 0.19776619709689386 0.6632866025498986 0.20282985719618915 0.6625632225357134
17 0.12389923436330097 0.4893385378967001 0.12199052768033825 0.4903796506328615 0.1186936706824935 0.487907007884478 0.11799959552505251 0.48074935782336775 0.1143557009484873 0.4728108732101364 0.11747903915697178 0.4692971177255913 0.121122933733537 0.4703382304617529 0.12337867799522023 0.47333142957821717 0.12389923436330097 0.4825713051116503
17 0.3460882275397638 0.4261654384742436 0.34243614816783574 0.4342214959123199 0.33448750482893375 0.4342214959123199 0.32868714347351874 0.4316435575321355 0.32954645626691353 0.42745440766433584 0.3368506150107695 0.426004317325482
21 0.560775150933674 0.650642295257278 0.5324226136823247 0.636023018237051 0.5064327878685877 0.6178596740604053 0.48671855614816417 0.5892011647546039 0.4825838111323424 0.5670507450269874 0.4837651668511487 0.5475583756666846 0.49026262330458287 0.5249649475445156 0.5138897376807074 0.49616940189861386 0.5558278656983283 0.4757910157492066 0.5983566715753523 0.4647158058853982 0.6391134438741671 0.46604483106905525 0.6645125918285008 0.4695888982254739 0.6980474362336138 0.4784885300099077 0.7251265201751703 0.4919948614742416 0.7555658404813497 0.516952524521893 0.7700116196097059 0.5392016039829775 0.7762026678075729 0.571704607021779 0.7705275402928615 0.5929863352019468 0.7540180784318828 0.6185244090181481 0.7207411943683479 0.6430951315534327 0.6758560949338123 0.6581858115357335 0.6366461230139879 0.662442157171767 0.5989839131436305 0.6597335735852002
9 0.6387964968873019 0.4641150291113644 0.6450935432718591 0.46274658496040827 0.6483878028800362 0.4624559149949809 0.6654404408517764 0.4563518457210057 0.6735791998837434 0.452863806135877 0.6826868588004683 0.452863806135877 0.7162107948130944 0.44734107679275653 0.7466342511944947 0.44298102731134564 0.7799644072301689 0.439492987726217 0.7944979055015385 0.43673162305465674 0.8185266226435363 0.43542360821023346 0.8293783013528256 0.43367958841766907 0.8400362000851636 0.43513293824480603 0.8402299800621151 0.4403649976224991 0.8396486401312603 0.4554798358247234 0.8390673002004053 0.47350137368122186 0.8284094014680677 0.48091345779962025 0.8348041407074703 0.49254025641671606 0.8433304596933405 0.5086724394979363 0.8477873991632271 0.5218979229248826 0.856895058079952 0.538902115902385 0.8613519975498388 0.5455875251072151 0.8685218566970476 0.5646264078427092 0.8667778369044834 0.568550452375979 0.8582515179186133 0.5778518912696555 0.8555385982412909 0.5793052410967925 0.8534070184948235 0.5838106255609171 0.8458495993937112 0.588170675042328 0.8394548601543086 0.5890426849386101 0.8274405015833097 0.5947107492644442 0.8165888228740205 0.5856999803361951 0.8074811639572955 0.5798865810276472 0.7853902465848137 0.5851186404053403 0.7751199078063793 0.5875893351114732 0.7760888076911372 0.5756718665289501 0.7768519998164727 0.5713207628843924 0.7744103907021628 0.5600517977414241 0.7706093996933199 0.5389382579624619 0.755959745007461 0.5163298966443816 0.7258152632500205 0.49160860436199477 0.6989903173532939 0.478094609668582 0.66428692483681 0.46849579897253335 0.6396778025975229 0.4655959681084793