9 0.5943217573228263 0.38532741731430614 0.6021017045784711 0.3595611447758913 0.6006235498209136 0.3410842103064211 0.6021017045784711 0.3048694187462594 0.5996381133158751 0.275306323595107 0.5996381133158751 0.25793800519380494 0.6139269426389321 0.2601552373301414 0.6410264465274885 0.2642201629134248 0.666155077405968 0.277154017042054 0.699167200324755 0.27382816883754935 0.7104997201326968 0.2756758622844964 0.7558297993644638 0.2756758622844964 0.8150372040656935 0.27752355573144344 0.8208686086969992 0.2845447908298421 0.8234837869966395 0.28729399045341747 0.8323310759346476 0.28938940099136673 0.837918837369179 0.2942786922465817 0.8451363625554488 0.3065019203846192 0.8334951929001749 0.31296276954329616 0.8083502664447838 0.3269321731296246 0.8120879951518992 0.34452041594782756 0.8153475226553758 0.36617299150663674 0.818374226765747 0.38136471790676907 0.8198417306785101 0.3905972413121692 0.7262957051732037 0.38870163826734655 0.6551525066761187 0.38640172466526196
2 0.5930268842096639 0.7699124893273738 0.5964350846936276 0.7835452912632284 0.6021154188335669 0.8000750636104516 0.605750832683128 0.8014383438040372 0.6327892231892391 0.7978597332958753 0.6723243488032168 0.7929178425941281 0.6979994591157425 0.7903616922311553 0.6984538858469375 0.7895096421101645 0.6945912586317788 0.7760472501985085 0.6884564977606444 0.7462254959638269 0.6859571507390712 0.7441805756734489 0.6534656394586181 0.7475887761574126 0.6023426321991645 0.7538939470527452 0.591286432020922 0.7556721142322548 0.5899301033593453 0.7607592438779718 0.5918117502661546 0.7669343132753437
12 0.5415216634082602 0.8039759452976601 0.549903120952277 0.7930436093706819 0.5608354568792553 0.775278563489342 0.5695813256208381 0.7566935924134788 0.5692102905980079 0.7458586186181003 0.5597355994612933 0.7313732735148537 0.5469812075464852 0.7212608627823989 0.5294894700633198 0.7141548444298629 0.5061671534190992 0.7106018352535949 0.4839380703675765 0.7141548444298629 0.4689972112673727 0.7204409375878754 0.45405635216716894 0.7310999651166793 0.44749695061098194 0.7420323010436577 0.4449460722280203 0.7570642629432531 0.4489545954012456 0.766630056879359 0.45697164174769644 0.7753759256209417 0.47081926725520246 0.7876748035387924 0.4857601263554062 0.7928676631041072 0.5028874526410057 0.7966939806785495 0.5192859565314732 0.8002469898548177 0.5331335820389792 0.803526690632911
19 0.1760228096615765 0.6164727418727981 0.15755613096940219 0.6091057157987924 0.1386965442199476 0.5967291119944628 0.12455185415785663 0.5861205944478945 0.11355042855400811 0.5722705854287639 0.1080497157520838 0.5578312143237125 0.10412063517928076 0.5407397138320194 0.10569226740840197 0.5212907649966443 0.11669369301225052 0.5006630919894283 0.13555327976170514 0.4806247810681327 0.15677031485484158 0.46706945309196224 0.18702423526542508 0.4576396597172349 0.22238596042065248 0.45469284928763265 0.2506753405448344 0.45498753033059286 0.2832867092990997 0.4617651943186781 0.3025392041058346 0.4703109445645247 0.32493496337081207 0.48239286732589404 0.33122149228729697 0.48150882419701324 0.35833214823963794 0.47090030665044513 0.38583571224925917 0.46353328057643944 0.398408770082229 0.4629439184905191 0.4070527473423957 0.46706945309196224 0.4176612648889638 0.4767939275096499 0.4227690696336078 0.4856343587984566 0.41962580517536535 0.49535883321614416 0.4105889198579184 0.5047886265908714 0.3917293331084638 0.5177545924811215 0.3799420913900547 0.5236482133403261 0.3917293331084638 0.5445705673905022 0.39723004591038813 0.5575365332807523 0.3940867814521457 0.5728599475146842 0.3830853558482971 0.595845068865582 0.3599037804687592 0.6102844399706333 0.3398654695474636 0.6194195523024003 0.31511226193880437 0.6226610437749629 0.2738569159243724 0.6244291300327242 0.2247434087643343 0.6253131731616048 0.192132040010069 0.6220716816890424
6 0.3969616104291736 0.3035642155389212 0.4033028418504948 0.30948485508025686 0.4061499253457819 0.31569667361542864 0.39553806868153013 0.3154054946215924 0.3890674243740594 0.3090966164218086 0.3875144697402665 0.3076407214526277 0.38725564396796763 0.3058936474896106
22 0.7699426926920683 0.44655452670695767 0.7737856032930615 0.44607416288183366 0.7795499691945506 0.43850843263612904 0.7819517883201711 0.4365869773356327 0.7774683926190129 0.4322637029095157 0.77362548201802 0.4322637029095157 0.7689819650418204 0.42818061039596084 0.7651390544408274 0.42746006465827463 0.7587342034391727 0.43430524916629315 0.7617765076649587 0.4383883416798481
4 0.2035895892057521 0.6245654502394244 0.19538226499227546 0.6242791482319776 0.19099230087809022 0.6271421683064462 0.18946535683837365 0.6298620373771914 0.19099230087809022 0.6463244028053858 0.19232837691284224 0.6683696573787941 0.19392189304400687 0.6905604419618274 0.19697578112344008 0.6961433311070412 0.20251095326741272 0.7002947102150208 0.20842786142131453 0.7034440322969363 0.21472650558514542 0.7045892403267238 0.23209549403692167 0.7045892403267238 0.2567174666773516 0.7043029383192768 0.3065340159731053 0.7035871833006595 0.3292473085638897 0.7035871833006595 0.34337154093126815 0.7020125222597019 0.34814324105538247 0.699722106200127 0.35272407317453225 0.6941392170549132 0.35348754519439046 0.6885563279096995 0.35272407317453225 0.6775337006229953 0.3506245251199218 0.6446089697666065 0.3490975810802053 0.6324411344501149 0.3426080689114098 0.6275740003235183 0.33630942474757886 0.6242815272378793 0.3271477605092793 0.6225637151931982 0.2939367276454435 0.6244246782416029 0.24870101046883952 0.6262856412900074 0.226560321892949 0.6274308493197949
6 0.47426065542742146 0.25022764232580513 0.4773856287383773 0.2452644494201694 0.47205479191380556 0.24374791825455844 0.4656210233324258 0.24333431884575543 0.4659886672513618 0.2500897758562042 0.46745924292710567 0.25629376698824896 0.4702165723191256 0.25629376698824896 0.47150332603540157 0.254225769944234 0.4755474091436975 0.254639369353037 0.4764665189410373 0.25326070465702705
6 0.4247614550052267 0.2782012462228277 0.42706743814401965 0.27968301307916454 0.42664048304451785 0.28125450647624467 0.41788034899751 0.28087252388698564 0.4151300743548447 0.281942075136911 0.4151300743548447 0.2866786592437233 0.4154951950900558 0.29725885096140114 0.4142728508044268 0.30230102113962076 0.41274492044739053 0.3045165201573233 0.4146802988996365 0.3065028296214704 0.4175324355661041 0.3077251739070994 0.42333857092284183 0.3071140017642849 0.432913601160269 0.30581526096080414 0.4330154631840714 0.3107046381033201 0.43810856437419227 0.3138368953352444 0.437802978302785 0.3168927560493169 0.43617318592194626 0.31521203265657705 0.43158939485083764 0.3152884291744288 0.43556201377913184 0.32048339238835205 0.43800670235038985 0.31964303069198213 0.43943277068362363 0.31880266899561216 0.4415718731834744 0.3190318585491676 0.44279421746910336 0.321323754084722 0.4428960794929058 0.32315727051316545 0.44941524901626045 0.32659511381649703 0.45145248949230876 0.3293453884591623 0.45043386925428464 0.33171368051256844 0.44941524901626045 0.3334708004231601 0.45695303877763926 0.33285962828034565 0.4612312437773407 0.3346167481909373 0.4684634474673123 0.32995656060197676 0.4713155841337799 0.3309497153340503 0.4740658587764452 0.3324776456910865 0.4785477878237514 0.33308881783390104 0.48282599282345295 0.3336235934588638 0.4866967497279448 0.3359154889944181 0.4904656446086342 0.3385893671192315 0.4948457116321381 0.340422883547675 0.49830902044142017 0.3387421601549351 0.49790157234621046 0.3359154889944181 0.4976978482986057 0.33431116211953 0.5030965355601338 0.33415836908382635 0.5044207418695651 0.3354571098873072 0.5085970848454642 0.33576269595871444 0.5132827379403754 0.3362974715836771 0.5170516328210648 0.3346167481909373 0.5209223897255567 0.3220877192632401 0.5220428719873833 0.30971148337124654 0.5233670782968147 0.2968768683721421 0.5222465960349881 0.29015397480118266 0.5177027910552545 0.2802266641817896 0.5085863598360317 0.27287136172082577 0.4991936731253174 0.26883112515776114 0.49629299046465564 0.26706999639950224 0.4956023517359266 0.2691419125856892 0.4904916251433321 0.2687275293484518 0.48662404826244976 0.26903831677637985 0.4870384314996871 0.26489448440400587 0.4787507667549392 0.2643765053574591 0.4664573973835631 0.26313335564574697 0.45430215575793276 0.2611650352688693 0.44739576847064283 0.2585751400361356 0.44118001991208183 0.25888592746406364 0.43827933725142004 0.25722839451511403 0.4356549100822499 0.25784996937097016 0.4357930378279957 0.2591967148919917 0.4359311655737415 0.2629261640271283 0.4339889011388384 0.26457002087704834 0.43022169959650775 0.2643509514555701 0.42984138822845563 0.26637631853765553 0.4272417908696656 0.2688040749391843 0.425796607671068 0.2696027288120936 0.425796607671068 0.27171345690478244 0.4265572304071719 0.27251211077769166 0.42868697406826345 0.27313962453497753 0.42237380535859953 0.27422351193392586 0.42427536219885975 0.2745087454599649 0.4245035490196909 0.27684766037348507
15 0.29836734901683803 0.38762781574470845 0.29187373909280356 0.3872219651244563 0.28589649051874294 0.3879965071494171 0.2753691472025493 0.3902658447763475 0.26361573328805465 0.39052402545133447 0.25810787888833403 0.39388037422616423 0.25621455393843 0.39865671671342207 0.26533693778796735 0.40472396257561427 0.260001203838238 0.40833849202543093 0.25087881998870065 0.4138893765376494 0.2416571117877434 0.41644542875387836 0.2297808007383458 0.41592906740390456 0.22358446453866004 0.41231453795408785 0.208265744489437 0.4000509558922098 0.18778341094047588 0.3828819410055806 0.16747319784150597 0.3667456488188991 0.16454715019165436 0.3620983966691348 0.16575199334159327 0.3564184218194228 0.17143196819130516 0.35048026629472395 0.1867506882405282 0.3418312136826626 0.2220353804887386 0.3225967533961382 0.24337831628765613 0.31072044234674057 0.2612788430867482 0.29910231197232984 0.2683357815363903 0.29561687286000665 0.2762533222359887 0.2952296018475263 0.2829660197856483 0.2953586921850197 0.28950659688531655 0.2975532279224084 0.30000594433478406 0.30568591918449595 0.31618526663396346 0.31872404327133463 0.3323645889331428 0.3312458060081996 0.3323645889331428 0.36739110050636625 0.3325367093831341 0.3686820038813008 0.3215210005836929 0.37474924974349316 0.3051695578345221 0.38378557336803476
0 0.2722980163581728 0.45855974235251135 0.26860522405699394 0.4570210788936868 0.26860522405699394 0.45409761832192025 0.27434956763660545 0.45271282120897816 0.27475987789229195 0.4505586923666239 0.27414441250876215 0.4470197664113275 0.27927329070484386 0.43317179528190697 0.27521555467632103 0.4291540423229129 0.2770277597381547 0.4214399213720333 0.2712603018585283 0.41793491255403287 0.2731298123091326 0.41297727234849835 0.2691405571089673 0.407438191655691 0.2659950367201898 0.404549079257064 0.2567174020816712 0.3982061031437831 0.2584176770580637 0.39395301804705257 0.2636612646825326 0.390789766817074 0.2756303233905593 0.39087526009356 0.29022117591082064 0.38771200886358137 0.3018482615129037 0.3888234214578981 0.3007083511597583 0.3923286457938203 0.3052679925723399 0.3919866726878767 0.3095996519142925 0.3954918970237988 0.31655310506847945 0.3942949911529962 0.3233925671873519 0.3957483768532566 0.3290921189530789 0.3907042735405881 0.33422171554223323 0.3923286457938203 0.337755437636984 0.3905332869876163 0.3412891597317348 0.39181568613490486 0.3467607294268328 0.3914737130289613 0.35040844255689796 0.3930980852821934 0.35838781502891587 0.3936110449411089 0.36089561780583573 0.3909607533700459 0.36442933990058646 0.38993483405221496 0.365797232324361 0.3872845424811519 0.36853301717191 0.38548918367494794 0.37081283787820074 0.38275339882739895 0.372750685478548 0.38215494589199767 0.3753724792907823 0.38300987865685665 0.3768543627498715 0.3813000131271385 0.38164198623308215 0.3801031072563358 0.38665759178692194 0.38386481142171563 0.39668880289460146 0.3923286457938203 0.4101397450617174 0.40831588849668465 0.41971499202813883 0.4234481984346899 0.42427463344072047 0.43593021680163213 0.4250725706879222 0.44533447721508174 0.42473059758197856 0.4528578855458414 0.41811911753373515 0.45405479141664407 0.4126475478386372 0.45157548639855283 0.4054661126138212 0.4526014057163837 0.4004505070599814 0.45533719056393257 0.39600485668271435 0.45533719056393257 0.3892793855991565 0.45773100230553804 0.3832378607274858 0.45661958971122124 0.37366261376106435 0.454995217457989 0.36864700820722457 0.4569615628171648 0.3613515819470939 0.4588424148998548 0.3528022542985034 0.4588424148998548 0.3441389356145983 0.4608942535355165 0.34220108801425103 0.45995382749417163 0.33843938384887123 0.46038129387660104 0.33513364382474964 0.4635445451065796 0.3317139127653133 0.46628032995412866 0.3233925671873519 0.4672207559954736 0.31575516782127766 0.4688451282487058 0.3027601897954201 0.4697855542900507 0.29215902351116774 0.4647414509773823 0.2839516689685208 0.4609797468120023
22 0.6148473915844963 0.6073633975529026 0.617940407568033 0.6056235760621632 0.623905509821997 0.6055407274197471 0.6252310881006555 0.6043808464259207 0.622911326113003 0.6020610844382681 0.6233531855392225 0.5911250636393344 0.6228008612564481 0.5877282693002717 0.6198183101294661 0.5855742045974514 0.6177194778549233 0.5852428100277867 0.6126380944533986 0.5897166367182596 0.6070043867690993 0.5955988903298073 0.6099869378960813 0.5965102253963851 0.6152892510107159 0.5988299873840377 0.6159520401500451 0.599989868377864 0.6117543756009595 0.602475327650349 0.6025857925069039 0.6081918839770643 0.5954055768308364 0.6090203704012259 0.5863474585933356 0.605540727419747 0.5815974697614755 0.6020610844382681 0.5756323675075117 0.5981671982447083 0.569446335540438 0.5951017984753102 0.5683416869748892 0.5938590688390677 0.5677893626921148 0.5921192473483283 0.5707719138190966 0.5886396043668494 0.5772893403558349 0.5856570532398675 0.568452151831444 0.5787806159193258 0.5667951789831208 0.5720698758836165 0.564696346708578 0.5675132005507275 0.5633707684299194 0.5646134980661617 0.559835893020163 0.5646134980661617 0.5546440447620834 0.5611338550846827 0.549120801934339 0.5590626390242787 0.5479056885122352 0.5574056661759553 0.5396208242706187 0.5559143906124644 0.5367487380001917 0.5585655471697817 0.5331666041381787 0.5511342167537339 0.5287490350790351 0.5462918814389034 0.5287490350790351 0.5255208115358148 0.5258606245403644 0.519913896960748 0.5275596895631119 0.4928987630990619 0.5292587545858595 0.48971301618141033 0.5360550146768497 0.4918793240854134 0.5374142666950477 0.49085988507176487 0.5372443601927729 0.489203296674586 0.5297684740926837 0.48487068086657975 0.5282393155722109 0.47646030900397945 0.5245013725221663 0.47544086999033097 0.5260305310426392 0.47098082430561866 0.532996697635904 0.4662659188674942 0.5345258561563768 0.45925727564866053 0.5307879131063321 0.4567086781145392 0.5282393155722109 0.4518663427997087 0.5345258561563768 0.4466417178547601 0.5443804332883125 0.4402702240194568 0.5533854779088745 0.43797648623874763 0.5623905225294364 0.43708447710180515 0.5679974371045033 0.43733933685521736 0.5720751931590974 0.4393782148825144 0.5758131362091421 0.4444754099507569 0.5820996767933079 0.4429462514302841 0.5826093963001322 0.44141709290981135 0.5873455200509059 0.43852966803378574 0.5860236875900495 0.43613042465297946 0.5981419976038744 0.4340380545786499 0.5984907259495961 0.43593426495851095 0.6023267377525334 0.43632658434744775 0.6104346717905602 0.4355419455695742 0.6047678361725846 0.4329918695414852 0.6108705822227122 0.43024563381892766 0.6226544612858822 0.4283473861541389 0.6210851837301352 0.426451175774278 0.6243981030144901 0.4235741669220748 0.6402652427448219 0.4233780072276064 0.6457577141899368 0.4240318728758343 0.6502911826843174 0.42730120111697417 0.6520348244129253 0.42867431897825287 0.658573480895205 0.433447538210317 0.6736559818476633 0.433447538210317 0.6849024709971843 0.43279367256208906 0.6884769365408306 0.4274319742466198 0.6933591333809326 0.4246203519592395 0.6991131510853387 0.4240318728758343 0.7044312583575928 0.42612424295016377 0.7105340044077204 0.4293281846264808 0.7116673715313155 0.4332513785158486 0.7138469236920755 0.4340360172937221 0.715067472902101 0.43704379927557085 0.7186419384457473 0.4397246484333055 0.7216933114708111 0.4439747751467873 0.7231754069401277 0.4492710868974337 0.7231754069401277 0.45280196139786466 0.7199496697422032 0.45757518062992886 0.7179444817543041 0.4600598700931952 0.7171598429764307 0.4631984252046893 0.7207343085200768 0.4637215177232718 0.7229138606808366 0.4603868029173091 0.732678254361041 0.45862136566709366 0.7386066362383076 0.45881752536156206 0.7456589333488605 0.459392408994977 0.7560427779114107 0.459485121892857 0.7612347001926859 0.4601341121780164 0.7637070441361504 0.4602268250758963 0.7630889581502843 0.46402805388897284 0.7597512938266074 0.4719086502087656 0.7616055517842056 0.47515360163456255 0.7648195989107093 0.47774956277520014 0.7705059899806774 0.4799746723243181 0.7732255683184883 0.48451760432043395 0.7749562090789134 0.4894313879080694 0.7744617402902204 0.49304719092538607 0.7818787721206139 0.4928617651296262 0.7836094128810387 0.49072936847838816 0.7969600701757464 0.49026580398898856 0.7967128357814 0.4918419232529472 0.8021519924570216 0.4938816070063053 0.8059841255693915 0.4936961812105455 0.808580086710029 0.49499416178086425 0.8111760478506668 0.4994443808791002 0.812412219822399 0.500927787245179 0.8122886026252257 0.5065832740158537 0.8115468994421863 0.5109407802162097 0.8103107274704542 0.5215100505745199 0.809074555498722 0.5221590408596792 0.8057368911750451 0.5221590408596792 0.8043771020061397 0.5229934569405985 0.802399226851368 0.5277218147324741 0.8027700784428877 0.531152191954031 0.806849445949604 0.5342117175840682 0.8091981726958951 0.537734807703505 0.8115468994421863 0.5356024110522669 0.816491587329115 0.5432975815762998 0.8152554153573829 0.5461716814105771 0.8147609465686901 0.5505291876109332 0.8099398758789345 0.5563701001773679 0.802399226851368 0.5570190904625273 0.7946113434294553 0.5566482388710076 0.7891721867538337 0.5547939809134093 0.7822496237121332 0.5528470100579311 0.7755742950647795 0.5502510489172934 0.7747089746845668 0.5551648325049289 0.7756979122619527 0.5633235675183613 0.7766868498393383 0.5688863413911563 0.7800245141630154 0.5726875702042329 0.7776757874167243 0.5760252345279098 0.768528114825906 0.5786211956685474 0.7656849192909219 0.582236998685864 0.7632125753474576 0.5879851983544188 0.7593804422350875 0.5929916948399342 0.7544357543481588 0.59744191393817 0.7483785116866711 0.6033755394024845 0.7409614798562779 0.5999451621809276 0.7350278543919635 0.5965147849593708 0.7273635881672237 0.593084407737814 0.7266218849841845 0.587707059660779 0.7316901900682865 0.5826078502773836 0.7318138072654596 0.5775086408939883 0.7370057295467349 0.5752835313448704 0.7428157378138762 0.5692571929826759 0.7269927365757043 0.5707405993487545 0.7166088920131538 0.5724094315105931 0.7067195162392962 0.5721312928169533 0.7059778130562568 0.576766937710949 0.7086973913940677 0.5810317310134251 0.710551649351666 0.5824224244816237 0.7153727200414217 0.5856673759074208 0.7158671888301145 0.5890977531289777 0.7158671888301145 0.5910447239844558 0.7203174079283504 0.5931771206356939 0.7234078378576808 0.5956803688784515 0.7268691193785312 0.5966074978572508 0.7277344397587435 0.5983690429169691 0.728599760138956 0.6025411233215653 0.7256329474067988 0.6043026683812838 0.7251384786181059 0.6082893229901201 0.7232842206605077 0.610514432539238 0.7243967754350664 0.6132031065777555 0.7240259238435469 0.614871938739594 0.7221716658859488 0.6175606127781115 0.7199465563368307 0.620249286816629 0.7216771970972558 0.6253484962000243 0.722295283083122 0.6286861605237012 0.7215535799000825 0.637586598720173 0.7185867671679254 0.6381428761074526 0.7125295245064375 0.6393481437798915 0.7115405869290519 0.6446327789590466 0.708821008591241 0.6487121464657628 0.7052361098732176 0.6538113558491581 0.6974482264513049 0.6556656138067565 0.6918854525785099 0.6565927427855556 0.6901548118180848 0.6593741297219531 0.6850865067339827 0.6624336553519902 0.6761860685375108 0.6640097746159487 0.6751971309601252 0.663546210126549 0.6680273335240785 0.6632680714329093 0.6625881768484568 0.6611356747816715 0.6493611367509223 0.6617846650668308 0.639595378174238 0.6626190811477499 0.6344034558929628 0.6618773779647106 0.6285934476258214 0.657056307274955 0.6273572756540893 0.6510299689127607 0.6300768539919 0.6475995916912037 0.6257502520908375 0.6447254918569265 0.6256266348936641 0.638791866392612 0.6203110954152157 0.6366594697413739 0.6214236501897746 0.6314675474600987 0.6180859858660976 0.6253484962000243 0.6128940635848225 0.6189513062463102 0.6110398056272243 0.6119051260074367