8 0.4689528442746418 0.3129136947921505 0.4517347801527567 0.31566897609306005 0.422246859364401 0.3115189920840951 0.4064039918841706 0.304630788831821 0.407092812209398 0.30187550753091136 0.42109882548902194 0.301186687205684 0.4091592731850803 0.2937818687094893 0.4022710699328061 0.2896489467581249 0.3949236531303805 0.2786278215544864 0.3765551111243163 0.2738060792778945 0.36714123334620835 0.2510750085453901 0.3542832539419634 0.22403881078021431 0.34349173551340073 0.19579717744589065 0.3310929696593073 0.16256159675366816 0.3152501021790769 0.12157678740263743 0.3118060005529399 0.10401186910933853 0.3154797089541527 0.08334725935251631 0.32328633930673 0.059755163213477604 0.376784717899392 0.06233823943308039 0.4596727637017568 0.06715998170967225 0.48998085801176283 0.06870982744143392 0.4961802409388094 0.07921433740115187 0.5007723764403254 0.0869635660599602 0.5076605796925995 0.1052173046784865 0.5083494000178269 0.13104806687451426 0.5099566474433574 0.17048303049378336 0.5124823219691913 0.2083681483812908 0.5143191761697977 0.2416037290735132 0.5159264235953284 0.2589964422855053 0.5168448506956316 0.2679511065134616 0.5097270406682817 0.2739782843592014 0.5010019832154012 0.2736338741965877 0.49847630868956744 0.2722562335461329 0.4929657460877481 0.2738060792778945 0.4805669802336548 0.28172751301800975 0.47666366505736607 0.29326525346556875
11 0.26821811961784936 0.3772525338707051 0.2625441060519002 0.3763068649430469 0.25560920058240677 0.3777253683345343 0.2505656329682297 0.37725253387070523 0.2499351870164576 0.3819808785089962 0.2353664886615956 0.39560483473701213 0.231373664300372 0.4008060138391321 0.22380831287910646 0.4034854091341637 0.2141414749519338 0.4071104733568534 0.19985136671176548 0.4061648044291952 0.19690928560349552 0.3978113955682145 0.20174270456708185 0.3940287198575817 0.2042644883741704 0.385990533972487 0.21014865059071028 0.3721207230335002 0.21519221820488735 0.3688108817866965 0.22338801557792504 0.3688108817866965 0.21960533986729225 0.3628216452448612 0.22086623177083653 0.3587237465583424 0.22780113724032997 0.3555715167994818 0.2164531101084316 0.3489518343058744 0.21330088034957095 0.34170170586049486 0.21077909654248242 0.3320874050959699 0.22254742097556218 0.327831894921508 0.2225474209755622 0.3193208745725842 0.2303229210474185 0.3171143137413817 0.2389390157216376 0.31916326308464116 0.2563813537206665 0.3238916077229321 0.2656278943466578 0.33066890170448254 0.26625834029842993 0.3342939659271723 0.2710917592620163 0.3361853037824887 0.28075859718918894 0.34516915859524155 0.292316772971678 0.3502127262094186 0.29546900273053867 0.3566747972150829 0.2944182594775851 0.36455537161223456 0.29105588106813374 0.3725935574973292 0.27907740798446323 0.37590339874413287
11 0.33878579211322946 0.4001322242762831 0.3427143229011467 0.3974959733528124 0.34560902979750663 0.39098288283600235 0.35532697437814387 0.3776465546349151 0.3427143229011467 0.37144361128557213 0.3315490248723294 0.3655508151036964 0.32637990541454365 0.3658609622711635 0.3222446098483151 0.3697378018645028 0.3210040211784465 0.37423493579277645 0.32203784507000366 0.37718133388371433 0.3197634325085779 0.381678467811988 0.3127334300459893 0.38803648474506436 0.31583490172066075 0.39330898659200586 0.3201769620652008 0.39579016393174304 0.3309287305373952 0.3981162676877466
18 0.44556150317879917 0.7242779607094989 0.4382376334949547 0.7231009102245953 0.4318292475215908 0.7233951728458211 0.42764417913082264 0.7266320616793059 0.4222820602551507 0.7278091121642095 0.4220379905315364 0.7367355160092276 0.42007623972336383 0.7494868962623497 0.4296234269898039 0.7528218726362431 0.4353778960271103 0.756058761469728 0.4390398308690325 0.7551759736060504 0.44191706538768566 0.7509582093684792 0.44570978361681945 0.7513505595301138 0.44963328523316465 0.7542931857423727 0.4532952200750869 0.7543912732827813 0.45734950507864364 0.7542931857423727 0.4665043421834492 0.7605707883285251 0.4742205620289282 0.7629248892983321 0.48206756526161876 0.7649847276469132 0.4841600994570029 0.7680254413995807 0.49736922156536517 0.7744992190665507 0.4982847052758458 0.7794035960869823 0.49344571994902 0.7843079731074137 0.49579982091882707 0.784798410809457 0.4993309723735378 0.7857792862135433 0.5092705098016125 0.7870544242388555 0.5177714299703604 0.7864658989964036 0.51947161400411 0.784798410809457 0.5104475602865159 0.7822481347588325 0.5071779756062283 0.7807768216527031 0.5147634120644958 0.7730279059604213 0.5393506888602592 0.7740087813645076 0.5471976920929497 0.7734202561220558 0.544712807735931 0.769104404344076 0.5396122556346821 0.7695948420461192 0.5400046057963167 0.7662598656722257 0.5420971399917008 0.764592377485279 0.5400046057963167 0.7623363640558803 0.5405277393451627 0.7589033001415784 0.5430126237021814 0.7562549365505453 0.5423587067661237 0.7539989231211467 0.5453667246719885 0.7513505595301136 0.544712807735931 0.741934155650885 0.5354271872439139 0.7376183038729053 0.5366042377288175 0.7356565530647327 0.5424894901533354 0.735068027822281 0.5475900422545842 0.7371278661708621 0.550598060160449 0.7359508156859585 0.551121193709295 0.7337928897969687 0.5605375975885235 0.7290846878573543 0.5655073663025609 0.732615839312065 0.5631532653327537 0.7364412533880017 0.5639379656560227 0.740364755004347 0.568384600821214 0.7402666674639385 0.5703463516293866 0.7384030041961742 0.5704771350165981 0.7331062770141081 0.5723081024375593 0.7282018999936767 0.5729620193736168 0.7224147351095677 0.5656381496897723 0.7203548967609863 0.5528213777430445 0.7099576174776715 0.5477208256417957 0.7041704525935621 0.5418355732172778 0.6971081496841407 0.5464129917696806 0.6964215369012803 0.5560909624233322 0.6945578736335163 0.5594913304908316 0.6923999477445265 0.5571372295210244 0.6870051330220517 0.5597528972652545 0.6825911937036634 0.5571372295210244 0.6779810793044576 0.5530829445174676 0.6748422780113814 0.5388275553114131 0.6745480153901555 0.5330730862741069 0.6781772543852749 0.5326807361124722 0.6723900895011655 0.5226104152971862 0.6701340760717671 0.5133247948051692 0.670232163612176 0.5054777915724786 0.6727824396628003 0.5037776075387291 0.6766078537387368 0.503254473989883 0.6845529445118359 0.49226866946411635 0.6896534966130846 0.48455244961863736 0.6851414697542879 0.470297060412583 0.692203772663709 0.454603053947202 0.7039742775127449 0.44623291716566554 0.7098595299372629 0.44034766474114767 0.7154505197405547 0.4407400149027822 0.7202568092205778 0.4480638845866266 0.7217281223267071 0.454603053947202 0.7236898731348798 0.4594420392740279 0.7239841357561057 0.4619269236310465 0.722316647569159 0.4604883063717199 0.7207472469226208 0.4657196418601803 0.721237684624664 0.47644387961152385 0.7157447823617806 0.4901761352687322 0.7096633548564455 0.49514590398276953 0.7160390449830066 0.4978923551142112 0.7193740213569 0.5122785277074771 0.7224147351095673 0.5188176970680525 0.7219242974075244 0.5224796319099747 0.7231994354328366 0.5050854414108441 0.72653441180673 0.49213788607690484 0.7229051728116107 0.48834516784777116 0.7243764859177402 0.49213788607690484 0.7281038124532683 0.48899908478382853 0.7352642029030982 0.4789287639685424 0.7355584655243241 0.47513604573940865 0.7338909773373773 0.4658504252473917 0.7355584655243241 0.4674198258939298 0.7406590176255731 0.4604883063717199 0.7366374284688191 0.4542107037855675 0.7370297786304535 0.44727918426335755 0.7384030041961744 0.4466252673273 0.7372259537112708 0.4481946679738381 0.7322234891504307 0.4484562347482611 0.7278095498320422
18 0.46244054062723916 0.7771226732198392 0.46244054062723916 0.7810175601261915 0.45452711961115805 0.7841705638122867 0.44982852588285993 0.7834286805920287 0.45106499791662263 0.7802756769059339
9 0.6511314261538736 0.723772618583641 0.6410812621817373 0.7047490939220974 0.6482599507332631 0.695416798805114 0.6386883659978954 0.6699324544471973 0.6334239943934432 0.6440891756617043 0.6294691858978928 0.6244892081613588 0.6341460345548116 0.5920110924883112 0.6481765805255683 0.593959779428694 0.6777966220193875 0.5955187289810003 0.6873235359501483 0.6008451399513801 0.6987558326670609 0.6025340019663786 0.7302812569470325 0.6003254901006113 0.7581691322716226 0.595258904055616 0.8018197197361985 0.591751267562927 0.8238182300854094 0.588503455995622 0.8402738086930869 0.5978571533094598 0.8510132389423081 0.6014947022648411 0.8645241350622958 0.6208516592059774 0.8484149896884642 0.624619120624051 0.8272825624238679 0.6217610464448228 0.8229521470007949 0.6264378951017416 0.8262432627223304 0.6420273906248045 0.8284950787423283 0.654109249655178 0.8456435238176975 0.6773635804770801 0.8645241350622958 0.7033460730155183 0.8610598027238373 0.705164847493209 0.8420059748623161 0.7023067733139805 0.8120395001346509 0.6993187866720603 0.7952374882931277 0.7033460730155183 0.75089403436086 0.7050349350305167 0.7042987644085944 0.7075032718216683 0.6746787229147749 0.720884255478964 0.6606481769440183 0.7266004038374202
17 0.6912852203606125 0.57078307024608 0.6907929791667271 0.5651010529173814 0.6953553560187076 0.5620484511738101 0.6945390688987106 0.5596881015229143 0.6853110491815806 0.5591657607842088 0.6799135282149574 0.5582516644914742 0.6820028911697793 0.5603410274462962 0.6738195529300604 0.5666091163107618 0.6680738048043 0.567000871864791 0.6668550097473205 0.5719631088824929 0.6565823085527795 0.5696125755583183 0.6424791086077319 0.5579904941221215 0.638996837016362 0.5583822496761506 0.6335993160497388 0.5385333016053426 0.6358627925841291 0.5356604275424626 0.6436979036647112 0.5385333016053426 0.6449166987216909 0.5359215979118153 0.6543188320183893 0.5356604275424626 0.6604128073032866 0.5265194646151168 0.676605370203156 0.5184231831651819 0.695061409637416 0.51346094614748 0.7114280861168544 0.5084987091297779 0.7121245404351284 0.505364664697545 0.7220490144705323 0.5040588128507814 0.7173479478221829 0.498574235094374 0.7276206490167241 0.49700721287825755 0.7413756218026347 0.4971377980629339 0.7474695970875319 0.4977907239863157 0.764880955044381 0.4946566795540829 0.7714972710679837 0.4954401906621411 0.7838593352173465 0.5021000350806359 0.7828146537399355 0.5047117387741633 0.7772430191937438 0.5057564202515742 0.7692337945335933 0.5061481758056033 0.7607022291347373 0.5088904646838069 0.7525188908950181 0.5104574868999234 0.7493848464627856 0.5175090868724472 0.7605281155551686 0.5175090868724472 0.7650550686239496 0.5202513757506511 0.7638362735669701 0.5279559016465568 0.7596575476573263 0.5290005831239677 0.7586128661799152 0.5331793090336115 0.7514742094176072 0.5390556423440481 0.7502554143606281 0.5416673460375755 0.7560011624863879 0.5466295830552774 0.7554788217476827 0.5532894274737722 0.7441614390757307 0.5556399607979469 0.7335405107220526 0.5582516644914743 0.7126468811738337 0.5636056570632053 0.7058564515706626 0.5660867755720563 0.7051599972523888 0.5681761385268782 0.709861063900738 0.5694819903736419 0.722049014470532 0.5681761385268781 0.725531286061902 0.5715713533284638 0.7264018539597445 0.5740524718373148 0.7133433354921079 0.576925345900195 0.7006330441836078 0.5747053977606966
17 0.7596575476573263 0.5724854496211983 0.7667962044196344 0.5686984792655837 0.7615727970325795 0.5645197533559398 0.7547823674294085 0.5645197533559398 0.7486883921445113 0.5685678940809072 0.7478178242466689 0.5719631088824929 0.7540859131111346 0.5722242792518456
17 0.5536573261846524 0.5004536094245612 0.547352515560881 0.5071220143968832 0.5418807094521869 0.5046026701823692 0.5409849426203596 0.5019153696868874 0.5315793908861737 0.49670872497689156 0.5333709245498282 0.49368551191947463 0.5421046511601437 0.49553303101011825
17 0.5641091623432057 0.4897605153015445 0.5679161713784715 0.4843859143105811 0.5623176286795514 0.4773317505099415 0.5558233191488038 0.474140581171557 0.5475374759544018 0.47464445001445976 0.5446262337509632 0.47766766307187675 0.5488811262021426 0.48321022034380784 0.5504487181578402 0.4884168650538036 0.5564951442726742 0.48858482133477127
17 0.6026462746560289 0.4678136680789947 0.608796957066967 0.4659141926285579 0.6092793635305701 0.46148208324420553 0.6056613150535476 0.4594017053699176 0.5970986003245947 0.46166298566805664 0.5973398035563963 0.4654619365689301
17 0.638223751346749 0.44230642631598677 0.6524547420230372 0.4354321342096443 0.6507663194004268 0.43326130512343075 0.6422036046714737 0.4286482933152273 0.6379825481149477 0.42521114726205606 0.6329172802471164 0.4281960372555995 0.6279726139951858 0.4363366463288999 0.6337614915584217 0.4404974020774756
17 0.5205794314902228 0.45321671039106176 0.5105338075297396 0.4500676607196332 0.5055575315057538 0.44878471455719926 0.5002702382302686 0.44178682639846906 0.5029138848680113 0.44050388023603515 0.5122444024129849 0.4398040914201622 0.5169096611854718 0.4420200893370934 0.5229744975897045 0.44306977256090296 0.5273287391106922 0.4429531410915908 0.5274842477364418 0.4463354537016438 0.522818988963955 0.45251692157518875
17 0.6342991517168869 0.3930162155901573 0.6367654015699663 0.3894093251800286 0.6345457767021948 0.3754441853869663 0.6296132769960359 0.37525921664798534 0.6176519652086006 0.3775713258852473 0.6178985901939085 0.38284293494620464 0.6264071521870326 0.38866945022410476 0.6285034645621501 0.3925537937427049 0.6330660267903472 0.3931086999596477
17 0.5100646114562053 0.2835916131307969 0.5208417085892975 0.28093582848014204 0.5226892109549705 0.2792037950123236 0.520533791528352 0.27527785248526865 0.5182244135712608 0.2735458190174503 0.5148373259008605 0.27400769460886854 0.5143754503094422 0.2781645749316326 0.508525026151478 0.27978113950159644
17 0.5907388814239238 0.3252758852562927 0.5865820011011598 0.32262010060563784 0.5787301160470498 0.32250463170778326 0.5770365722118496 0.3252758852562927 0.5728796918890854 0.32285103840134693 0.5677990603834848 0.32469854076701987 0.5662594750787574 0.3272388565198202 0.5651817653654482 0.32897088998763857 0.5739574016023946 0.33024104786403874 0.5753430283766493 0.3280471388048021 0.5801157428213044 0.32931729668120224 0.5848884572659595 0.3292018277833477
17 0.6216845460489457 0.31811681358931004 0.6162959974823996 0.3177704068957463 0.6119851586291627 0.3182322824871646 0.6090599465501806 0.31719306240647355 0.6090599465501806 0.3117660242073093 0.6166039145433451 0.3125743064922912 0.6196830851528 0.313151650981564 0.6253795507802916 0.3130361820837094 0.6259953849021825 0.317077593508619
17 0.6207607948661092 0.30195116788967175 0.6175276657261816 0.29941085213687146 0.6059807759407257 0.30045007221756254 0.6025936882703252 0.29721694307763485 0.6090599465501806 0.29386834503985265 0.6166039145433451 0.29294459385701616 0.6223003801708367 0.29617772299694384 0.6232241313536732 0.2999881966261443
17 0.6306124025282724 0.3679203038759027 0.6253910286910579 0.3658317543410169 0.618545227437821 0.3571294646123259 0.6140200367789018 0.3526912968506936 0.6069421744662331 0.3486012206782088 0.615644464194924 0.3412042744088215 0.6293360667013979 0.337897404311919 0.6342228754269951 0.3387801391379379 0.6440854704528448 0.34382746718057866 0.6487266916414799 0.34652517699647284 0.6450137146905719 0.3513114363472528 0.6345709670161427 0.3503541844770968 0.6342228754269951 0.35296487139570415 0.6402564629722208 0.3594915886922223 0.6425770735665384 0.3638427335565677 0.637123638669892 0.36558319150230595
17 0.64273089532236 0.40272542655047794 0.6386777486376286 0.3999194019225872 0.6394571999231539 0.39348892881700387 0.6525519815199778 0.3858892787831326 0.6625289579747011 0.38483701954767363 0.6720382636581093 0.3930212580456887 0.6634642995173314 0.39816563653015535
17 0.696560364415272 0.3864327488390466 0.6857647828604034 0.37796803148352465 0.6786495131992399 0.3774159846994689 0.6764413260630168 0.38532865527093507 0.6825751792191922 0.3862487332443614
17 0.6963638248278801 0.3731116531971202 0.7060314972452953 0.3657098415025366 0.7195259566612708 0.35528688217751075 0.7084484153496491 0.34969775906119255 0.7011976610365876 0.34516603761552905 0.6848834638321993 0.3551358247959886 0.683070775253934 0.36057389053078465 0.6879046114626416 0.3640482103057934 0.6883074311467007 0.36797570222536824 0.6913285787771428 0.3694862760405894
17 0.7794560886541082 0.3673715518617812 0.7869082528091993 0.3679757813878697 0.7991942531729979 0.3651056911389495 0.8048337287498234 0.35287004323565824 0.8086605157483837 0.3447129446334641 0.8028196303295284 0.344561887251942 0.7875124823352877 0.3456192889225968 0.7758307114975775 0.3444108298704199 0.7768377607077249 0.3552869613400121
17 0.768579957184516 0.3454682315410747 0.7701912359207519 0.3413896822399776 0.7758307114975775 0.3368579607943142 0.7754278918135185 0.33353469840082767 0.7718025146569879 0.33187306720408444 0.7649545800279853 0.3345921000714825 0.7595165142931893 0.332628354111695 0.7613292028714546 0.32749240313994304 0.7583080552410124 0.32205433740514705 0.7544812682424521 0.32205433740514705 0.7510573009279509 0.3255286571801556 0.7512587107699802 0.33338364101930557 0.7522657599801278 0.33610267388670356 0.7472305139293907 0.3410875674769334 0.7492446123496854 0.34516611677803044 0.7542798584004226 0.34531717415955254 0.7566967765047765 0.3441087151073756
17 0.7745696069899671 0.30207691040209106 0.7725110798503445 0.29970168677944947 0.765860453706948 0.29970168677944947 0.7603182652541176 0.30267071630775144 0.7568346039409098 0.3073024023719026 0.7531925943861927 0.3067085964662422 0.7478087541748717 0.30753992473416675 0.7463836200012868 0.3054022234737893 0.7505006742805322 0.30231443276435527 0.7489171918654379 0.29851407496812865 0.7623767923937403 0.2954262842586946 0.7655437572239291 0.2891319416586943 0.7737778657824199 0.2888944192964301 0.7759947411635522 0.29435743362850586 0.7809035366503447 0.2973264631568079
17 0.7729111570396097 0.48245042638703883 0.7616196183692245 0.47831659062255416 0.764105186881716 0.47085988508508014 0.7591340498567333 0.47319010556554075 0.7558199585067449 0.4657334000280668 0.7423564623974167 0.46371387561166755 0.7297214891255857 0.46604409609212816 0.7185364308193747 0.4602962189069919 0.7092155488975319 0.44429537160782884 0.7009303205225609 0.4338870534617713 0.6978233598819465 0.427673132180543 0.7052800654194208 0.4194396864829153 0.7119082481193977 0.41788620616260824 0.7141866859225148 0.4209931668032224 0.7193649536568717 0.41773085813057753 0.7191578229474974 0.4122936770095027 0.7297214891255858 0.40654579982436645 0.7328284497661999 0.4112062407852877 0.7334498418943227 0.4199057305790075 0.7299286198349599 0.42254664712352946 0.7417350702692939 0.4237894313797752 0.7541629128317507 0.430314048725065 0.7570627427629906 0.43544053378207837 0.7554056970879963 0.4402563227750304 0.7535415207036277 0.4463148960242281 0.7620338797879732 0.4477130283125044 0.7763258987347986 0.4561018220421628 0.7773615522816699 0.46355852757963684 0.7819383300993114 0.45927637987933845 0.7846111271097697 0.4464702440562588 0.7765330294441729 0.4402563227750304 0.7852325192378925 0.43792610229456985 0.7862681727847639 0.4211485148352531 0.7906179176816238 0.414779245521994 0.7978674925097238 0.4163327258423012 0.7968318389628521 0.42472151957195947 0.7980746232190978 0.43901353851878466 0.8001459303128406 0.4456935038961053 0.788644412712675 0.46420710944288446 0.7827908762349464 0.46543059452634417 0.7776090570579405 0.4663662007666369 0.7771292589859956 0.4780972636256916