21 0.3645235332952656 0.5541562878944722 0.36342711863359284 0.5738917518045806 0.3628789113027565 0.5907491272277982 0.34149882540013926 0.6039061031678703 0.31971007170932264 0.6219520312684562 0.27859452189659706 0.6223631867665835 0.2506359480239436 0.6285305192384923 0.19855625159449114 0.6334643852160194 0.16072994576678357 0.6351090072085285 0.1059092126831494 0.6264747417478561 0.06589007753209644 0.607150433335875 0.042865369636970095 0.5874149694257668 0.030256601027734233 0.5697352830062947 0.02312990572686179 0.5438324866242776 0.02312990572686179 0.5212189342272785 0.03738329632860668 0.4961384488415158 0.060956211554569366 0.47188027445200764 0.08902661574889907 0.45617796492068735 0.1283966575249845 0.44483062038625226 0.1689530557293287 0.44129796638562124 0.20261736355369808 0.4471325439618876 0.22925586212132631 0.45378943253440845 0.25052411770226746 0.46242917013385354 0.27256424125739726 0.47640298493140754 0.2928479124983419 0.49737191533589764 0.3147762057317956 0.5084731137853336 0.32574035234852244 0.5216300897254058 0.3350598769727403 0.5286197331935691 0.3460240235894671 0.539720931643005
4 0.7011216925958004 0.38750113349619375 0.7037835847704472 0.38548187891933666 0.7066760004053322 0.3818543971948085 0.7117475147644867 0.37422429021020387 0.7136264983071012 0.3641475899975667 0.7122588086597158 0.3543315696262877 0.7110090650134849 0.3469203165671276 0.7088360428705001 0.33433681076274346 0.7137177722036835 0.3255743247745125 0.7131294949162846 0.32143162059152286 0.7166928288907941 0.3103799755796946 0.7209554038432063 0.29694784558225595 0.7266575958268356 0.29174149637981184 0.736326530059946 0.28876643969270094 0.7494663637613524 0.2889523807356454 0.7640937258063143 0.29118367325097855 0.7893817076467571 0.2958321993245894 0.8206198028614211 0.30048072539820014 0.8330158723910501 0.30234013582764435 0.8372305360311237 0.3032698410423666 0.8411972782806049 0.3056870746006442 0.8424368852335679 0.3082902492018662 0.8402055927182347 0.31758730134908775 0.8354950862969759 0.3333922899993644 0.827809523188606 0.3570068024533072 0.8216114884237917 0.37541496570480576 0.8183885103460882 0.38843083871091594 0.7873983365220163 0.3882448976679715 0.7373182156223163 0.38750113349619375
22 0.6621293836922207 0.65688945170657 0.6624819901159917 0.664558641423591 0.6642450222348473 0.6724922859584404 0.6635398093873051 0.6759301985902084 0.6536668295217146 0.6730211955940969 0.6526090102504014 0.6706411022336422 0.6430886368085821 0.6648230962414192 0.6392099661471002 0.6627074576987928 0.6282791670101967 0.6627074576987928 0.5986602274134256 0.6709055570514706 0.5933711310568593 0.6743434696832385 0.5796194805297871 0.6698477377801573 0.5817351190724136 0.6658809155127325 0.5626943721887752 0.6682610088731873 0.561989159341233 0.6576828161600549 0.539487828369758 0.6442119362297696 0.5327883063181074 0.6362782916949202 0.5292622420803965 0.5995190720167847 0.5285570292328543 0.5603797589781945 0.5250309649951435 0.5437191054550108 0.5211522943336616 0.5204470814861193 0.5285570292328543 0.519389262214806 0.531730487046794 0.5212404459396042 0.5458347439976374 0.5241494489357156 0.5659333101525892 0.5175380784900078 0.5888527276977097 0.5188603525791493 0.5966100690206734 0.5204470814861193 0.6117721452428301 0.5180669881256644 0.6216451251084204 0.5196537170326343 0.6332017296853019 0.523376895764323 0.6343046731639855 0.5333033870724759 0.6357752644688971 0.5470901805560217 0.6493782340393288 0.5435056142502998 0.6629812036097605 0.5435056142502998 0.6662900340458116 0.549296067513389 0.6662900340458116 0.5716306729567331 0.6658102132987013 0.6019314034916059 0.6628690306888781 0.6157181969751516 0.6654425654724734 0.62729910350133 0.6654425654724734 0.6446704632905977
23 0.6658102132987013 0.6700381633003218 0.6738984654757147 0.6843764285232093 0.6878690828723744 0.685755107871564 0.7003691089641225 0.6868580513502477 0.7113985437509591 0.6849279002625512 0.7261044568000744 0.6843764285232093 0.7500015655048871 0.6805161263478167 0.8011046133505632 0.6813433339568293 0.8099281611800325 0.6780345035207783 0.818016413357046 0.6763800883027529 0.8356635090159845 0.6711411067790055 0.8393399872782633 0.6614903513405236 0.8356635090159845 0.6496337089446742 0.8297811437963383 0.6135123100177844 0.8286782003176546 0.5925563839227949 0.8250017220553758 0.5707732502187927 0.8198546524881852 0.5418209839033465 0.8202223003144132 0.5338246436828902 0.8143399350947671 0.511765774109217 0.811766400311172 0.4833649795331128 0.8110311046587161 0.4626847893077941 0.8169134698783622 0.4362141458193863 0.8125016959636276 0.42683912625057535 0.7988987263931959 0.4260119186415626 0.7654427742064582 0.4204972012481443 0.7389721307180505 0.41443101211538425 0.7058838263575409 0.4136038045063715 0.6727955219970312 0.42022146537847344 0.663604326341334 0.41718837081209337 0.6378689785053819 0.42904501320794275 0.6404425132889772 0.4329053153833355 0.6488984132922185 0.4326295795136646 0.634560148069331 0.43566267408004467 0.6397072176365214 0.44558916538819754 0.6327219089381916 0.45082814691194484 0.63125131763328 0.46103037408976877 0.6261042480660896 0.4654421480045034 0.6257366002398617 0.5037694338887605 0.634192500243103 0.5139716610665843 0.6327219089381915 0.5208650578083571 0.6345601480693309 0.5250010958534208 0.6365519342199647 0.5464283949175726 0.650692978476622 0.5419708918366698 0.665243908074052 0.543046840856198 0.667088392107529 0.5478117579426803 0.6674982774483016 0.5705603943555639 0.668318048129847 0.5933090307684473 0.6670883921075288 0.6065278330083661 0.6656537934148246 0.6209762912706028 0.6674982774483016 0.6280468133989314 0.6664735640963699 0.6460305327253326 0.6648340227332793 0.6555603668982974
2 0.22902286292700672 0.6331551576275081 0.22215653815409117 0.6410312360434997 0.22054093232516983 0.6490587775059524 0.2112511988088723 0.6596611907582485 0.21012083714191604 0.6715299882612891 0.23353919705030773 0.6776751188575418 0.2681120369626464 0.6860350354022767 0.30058402688409874 0.6931537985859613 0.31867824975472886 0.6912773440497064 0.33099724420025384 0.6637110695937364 0.3382674704303998 0.6482618388546765 0.30959046696704645 0.6412945387174535 0.2621320457424829 0.6294804210934661 0.25667937606987346 0.6291774950005434 0.24839939619665174 0.6305406624186959
6 0.2714718980758838 0.4712048604384155 0.2575034812488148 0.46290287685251597 0.23377331557755154 0.4504814426729762 0.21453379806102252 0.4473187822593003 0.21374313295760353 0.44435378812147897 0.2092626973715625 0.44376078929391466 0.20478226178552147 0.4392144649492554 0.2100533624749815 0.43367980922532245 0.22006845378495551 0.4309124813633559 0.21453379806102252 0.42498249308771335 0.20899914233708952 0.42379649543258485 0.2053093718544675 0.3876235669511657 0.2053093718544675 0.3735892613654783 0.2113711376473465 0.3666709417105621 0.22244044909521254 0.3609386197107743 0.23983508137043055 0.35915962322808154 0.27040746536929866 0.3583689581246626 0.27383368081744763 0.3583689581246626 0.2838487721274217 0.3565899616419699 0.28780209764451664 0.3589619569522268 0.28859276274793566 0.361926951090048 0.2970265238510717 0.3652872777795788 0.2985495432087975 0.3727646500295146 0.2960779202680063 0.38145142563229667 0.2880683031809047 0.37754037813097613 0.2856936573687327 0.3795192496411209 0.2980807439889637 0.39019322853727734 0.3017705144715857 0.39473955288193663 0.3112584957126137 0.40264620391612665 0.3233820272983718 0.40897152474347853 0.3431486548838468 0.4164828432259592 0.35131886095250986 0.42300583032916594 0.35606285157302386 0.433284476673613 0.36449661267615985 0.43308681039775815 0.36027973212459186 0.4245871605360038 0.3571170717109159 0.41569217812254017 0.36370594757274083 0.4123318514330094 0.3721397086758769 0.4154945118466855 0.37741080936533694 0.423796495432585 0.3821547999858509 0.4360518045355795 0.37477525902060693 0.43881913239754605 0.37003126840009287 0.4423771253629315 0.36765927308983587 0.4481094473627192 0.3710854885379849 0.45028377639712147 0.36792282812430893 0.46234141922426125 0.36212461736590285 0.46451574825866354 0.33893177433227883 0.4690620726033228 0.3181109266089117 0.46965507143088703 0.2978171889544907 0.47202706674114403 0.27409723585192064 0.4738060632238368
6 0.3390718484330361 0.39953705235862946 0.33381880635226635 0.39631359471815714 0.3271331164312866 0.3927319751176322 0.33334125707219636 0.38556873591658253 0.33644532739265126 0.382882521216189 0.34098204555331607 0.3841360880763726 0.3486228340344357 0.38127079239595274 0.3538758761152055 0.382166197296084 0.35483097467534547 0.38324068317624144 0.3555472985954504 0.3864641408167138 0.3491003833145057 0.3930901370776848 0.341459594833386 0.40096970019883943
6 0.29857451359884385 0.48740142105828604 0.29857451359884385 0.4935993115335723 0.30233081085659314 0.49679216420265926 0.31159634409237474 0.49604090475110935 0.3058366882971592 0.49247242235624755 0.30358290994250964 0.4872136061953985
15 0.5449107850686308 0.7951551401680832 0.5187801527923217 0.7925420769404525 0.5017081397051331 0.7907129326811106 0.49334633737671424 0.7852254999030858 0.48986225307320636 0.7771250038974301 0.49160429522496046 0.7624918498226971 0.4975272385409237 0.7327029290277047 0.5017081397051331 0.7154567117253409 0.5048438155782902 0.7133662611432362 0.514947660058463 0.713104954820473 0.5626796150165209 0.7175471623074456 0.632709709517029 0.7251250456675752 0.6490849057435161 0.7279994152179691 0.6564014827808825 0.7319190100594155 0.6591887502236888 0.7397581997423083 0.6560530743505317 0.7554365791080936 0.6469944551614113 0.7946325275225571 0.6421167371365003 0.8001199603005822 0.6306192589349243 0.8035169424965021 0.5978688664819503 0.8003812666233451 0.5874166135714267 0.7990747350095296 0.5797516281037095 0.8048234741103175 0.5738286847877461 0.8079591499834747 0.5616343897254685 0.8032556361737391
12 0.6005198255091339 0.38845824988793093 0.5940937171569762 0.38339768956060666 0.5860610817167792 0.37375852703237017 0.5805988896174451 0.36146859480886867 0.5811528402503812 0.3492426859428409 0.58895283047525 0.3364067722354538 0.6005198255091339 0.327490546896835 0.6127294313782334 0.3209841121902754 0.633292978105138 0.3176104053053926 0.6631743819426711 0.3152006146733335 0.6914492586921648 0.31279082404127434 0.6981966724619304 0.31327278216768617 0.7043014753964801 0.31953823781103996 0.7078358349901667 0.33134621190812963 0.710084972913422 0.34532299757407253 0.7133522400165404 0.3642636467481593 0.7113566165452271 0.3742417641047259 0.7031246697260598 0.3853424196639063 0.6992165737614044 0.38827349163739766 0.6769321116650723 0.3885229445713118 0.6524857241414841 0.3885229445713118 0.6198905407766999 0.38858530780479034
9 0.5800019947933165 0.35454052751130455 0.5570230634040966 0.3576110244482173 0.5346608236323993 0.36121485647754037 0.5329051105924726 0.35074988270008284 0.5321658629967141 0.3454134391182005 0.535862100975507 0.3366117724311998 0.5441786364277911 0.3291268905241441 0.5436242007309721 0.32122618184447416 0.5405748043984681 0.3184540033603795 0.5439938245288515 0.3079197251208196 0.5451951018719592 0.3025139770768349 0.5451951018719592 0.29322717915511765 0.5447330721246101 0.28532647047544774 0.5436242007309722 0.2745149743874784 0.5363241307228561 0.2616936488985404 0.5300405261589081 0.2525454599010279 0.5257898524832962 0.24762484309175975 0.5216315847571541 0.24000135226049932 0.5195062479193482 0.2328629926639554 0.514885950445857 0.2237148036664429 0.5103580589218357 0.21352704773739484 0.5102656529723658 0.21304191650267826 0.5141467028500984 0.21227956741955223 0.5171036932331328 0.20784408184500067 0.5238493275444299 0.20638868814085093 0.5336443581882313 0.19938893746851183 0.5455647256698385 0.19730980360544076 0.5608117073323594 0.1957851054391887 0.5718080153192684 0.19488414743185792 0.5876094326786082 0.19419110281083424 0.597681681170819 0.1923198823340703 0.6078463356124996 0.19141892432673951 0.6177337722057707 0.19079518416781824 0.6310402289294254 0.18885465922895192 0.6428681904615626 0.1871913521384951 0.6593164494671914 0.18608248074485725 0.6789989167042638 0.1842805647301957 0.6900876306406427 0.18296377995025068 0.6898104127922332 0.18732996106269986 0.6921205615289788 0.1894090949257709 0.6939686805183751 0.2005671133242521 0.6932294329226167 0.20916086662494565 0.6925724875393263 0.21931912435850912 0.6909451086879919 0.2287782639318897 0.6891821149323798 0.23315184459485067 0.6867410466553784 0.23599975758468567 0.6894661733486308 0.24339484945268589 0.6917716267213544 0.24868383071952235 0.6927209310512994 0.2590583708967784 0.695975688753968 0.26729697633165833 0.6985523719352471 0.2713654234599941 0.6996372911694703 0.27990916242949915 0.7018071296379158 0.2889614572900462 0.7046550426277508 0.29852230804163515 0.7060111916705294 0.3010650874968451 0.706282421479085 0.3103208047138089 0.7126481101177304 0.32060165373659677 0.712619575898866 0.3214839604710215 0.7133991715117092 0.32547831060963184 0.7086316193327126 0.3337905687918438 0.7078886241879339 0.3303542162472422 0.7046070622984945 0.3193486006652073 0.6987869336643945 0.3130331419345881 0.6912331496924774 0.31238302118290673 0.6561266291016825 0.3154014389585703 0.6327222820411524 0.3171660524274198 0.6125994968700619 0.32060240497202147 0.6000304956708884 0.32715004968538397 0.5884521546647532 0.3360659914227287 0.5837465187478214 0.34293869651193193 0.580464956858382 0.34906840645635645
0 0.4674827916482263 0.3591265387785796 0.4391217206126347 0.36078400396897126 0.4187862047723094 0.35718374852941687 0.3974233200961494 0.35165886456144446 0.372377179441341 0.33867538723670926 0.35322424835237 0.3262443983087712 0.3351762940569934 0.3099459906032527 0.32375820052318377 0.2928188503025381 0.31896996775094094 0.2756917100018237 0.3163916885658872 0.25055348794754917 0.3211799213381299 0.22900644047245675 0.329651410089021 0.21326052116373537 0.3436477828078843 0.2022107532277905 0.3620640627011259 0.19530464826782498 0.37016722585415207 0.1969621134582167 0.3727455050392059 0.19254220628383878 0.3963183433025549 0.18093994995109672 0.42578439113174105 0.17403384499113117 0.45377713656946805 0.1756913101815229 0.4758766724413578 0.18287365933988703 0.4935563011388694 0.1955808924662236 0.5045276555592746 0.20745939299736432 0.5089193992456098 0.21304557026256055 0.5168765686213563 0.2312444630405212 0.5207558583888537 0.24230043887788885 0.5316178697378465 0.2575460476641537 0.5396867924542412 0.2720933842922691 0.5426350526775392 0.2776795615574653 0.5438764254031383 0.3029337379438735 0.5389109345007417 0.31701555979988916 0.5300661538308475 0.33016635211170536 0.5143938231701579 0.3438990378886463 0.49918700728156806 0.3520455464003909 0.48289399025807883 0.3567006941213877