8 0.4051784257036461 0.3077286110502163 0.38837990742646605 0.23935202899064875 0.3646751043176934 0.15272900104894052 0.3652406446962339 0.13037937802587657 0.3678519408672152 0.12527805778433407 0.4032381015038652 0.12422019178744327 0.4569130107571356 0.1235063313927958 0.5256139470175586 0.12272956201296688 0.55305979843818 0.12130548481661389 0.559446568894551 0.13153294831769446 0.5606548768187293 0.14473802777478587 0.5591013380590715 0.15923772286492544 0.5570299530461944 0.1710187251256638 0.5544407217800981 0.1961342684067984 0.5518514905140016 0.23082996737248945 0.5494348746656451 0.2576285109765866 0.5471908742350283 0.2962080568414222 0.5463277971463295 0.30734175128563657 0.5354530258287248 0.3221003695023857 0.5211259461563249 0.3310332173704181 0.49903117268563624 0.33931875742192635 0.4727936291891932 0.34190798868802275 0.4519071636426826 0.33983660367514573 0.4306754672606925 0.3301269864272844 0.4135865409044566 0.3209352154326423
0 0.19481702195733339 0.35132591710206845 0.19544101237154884 0.3576234341595716 0.2104776096105118 0.3587671096744712 0.22627609756937808 0.3589522482052391 0.24454309927181725 0.36487668118981403 0.2591073303588971 0.370060560051317 0.27416526419469156 0.3728376380128364 0.27861960267303343 0.3736660408995618 0.28635302758330644 0.3686828832989281 0.28831361418027707 0.3682744277578925 0.28940282895637187 0.3718688365190053 0.3032358566127757 0.3707251610041058 0.3168525783659747 0.36834520690585587 0.3375476591117757 0.36475079814474315 0.35497509552929235 0.3620549915739085 0.36314420635000333 0.3573985984061033 0.3700062594394005 0.35004639866746345 0.3716400816035427 0.34424632998475874 0.3759969407079219 0.3400800834661961 0.3769772340064071 0.3366490569214975 0.37643262661835974 0.33272788372755635 0.37806644878250195 0.3293785482910648 0.3789378206033778 0.32071929082111117 0.37643262661835974 0.31107974005267225 0.36913488761852464 0.30274724701554717 0.3572624465590914 0.2943330628702149 0.3530145089323218 0.29441475397842193 0.3497468646040375 0.29310769624710825 0.3392904027535274 0.2892682141613741 0.3243681603210288 0.28681748091516085 0.30508905878415093 0.2893499052695812 0.2835226062174741 0.29408798954559356 0.2647881120686437 0.29972467601188413 0.23951832926324454 0.3057698180192102 0.21239688133848422 0.31524598657123487 0.1957318952642339 0.3212911285785609 0.192791015368778 0.32415031736580985 0.18876092069722727 0.3276630350187155 0.187562784443523 0.33403494145887 0.18821631330917993 0.33852795241026107 0.19159287911507372 0.33844626130205396 0.19453375901052966 0.3417139056303383 0.19682111004032873 0.3425308167124094 0.19812816777164252 0.3456350788242796 0.19573189526423396 0.34816750317869993
15 0.21787497479871695 0.4279595269708637 0.201419412581836 0.42004819898197865 0.1919258189951739 0.4054913554824301 0.18770644406776857 0.39789648061310046 0.1907157467187228 0.37816147786870646 0.19155962170420385 0.36471222028760175 0.1879731530159093 0.3634464078093802 0.17700277820465538 0.35864279248340347 0.17647664839146673 0.3556833122842176 0.18246137501648693 0.3579522471035934 0.18390823200275558 0.35898806517330845 0.1908794520275044 0.35790292243360705 0.1947995633330752 0.35799845476151076 0.20216538071771548 0.3591329221711986 0.2131483405680272 0.35908359750121227 0.2252493262713648 0.35933022085114436 0.2418224153868054 0.3646572852096787 0.2582737055466438 0.370889341679621 0.27359773257536923 0.3738424093882816 0.2784929078762121 0.37487997371835163 0.28796400791479937 0.37416165995138007 0.30264953381732795 0.37224615657278937 0.32701899346717606 0.3686545877379319 0.35905046663138684 0.3634667660875821 0.3928910263198223 0.3576404433110354 0.4031070443389727 0.3595559466896261 0.411833226396997 0.36482358098075046 0.41800540395023345 0.38006779536870133 0.4249224994840332 0.39874395330996054 0.4296048410761438 0.4127111654455175 0.43481926694008505 0.42851406831889066 0.43290376356149435 0.43457982901776127 0.4216235769986826 0.4366549576779011 0.41223119861096724 0.4242220343470884 0.3984972017325907 0.42026030447832596 0.3965955713955846 0.424063565152338 0.396806863655252 0.433888655226869 0.387298711970222 0.43309630925311654 0.36870499311949667 0.4296099869686055 0.3617323485504747 0.422795811594334 0.35518228850078726 0.426282133878845 0.33870149224673535 0.4253313187103419 0.31376900560598997 0.43975201543263753 0.2913720260812527 0.44292139932764746 0.27996224405921666 0.4421290533538949 0.2662009983857515 0.4372809739086511 0.24209317807165498 0.43283651541499085 0.23347362220516235 0.4297051923853667 0.2268742747448789 0.43182641121188625
4 0.2111662802825508 0.7011635777183769 0.20221141482599714 0.6635061063765513 0.19881355674530013 0.6429612360748593 0.20060704799803386 0.637470797269209 0.20885655454103394 0.6320693346517685 0.2536395900601772 0.6270607056792328 0.2836428087768752 0.6250821708981769 0.3287391384909774 0.6207051741906316 0.34969566818164843 0.6222968093570117 0.35473584620851867 0.6276685780435445 0.360306569290849 0.6463702912485104 0.37058572123882816 0.683806258356041 0.3729731739883983 0.6943508413333092 0.3689940860724481 0.6973351572702717 0.34671119374312703 0.7005184276030318 0.29869686622399466 0.704895424310577 0.25545744420400257 0.7080786946433374 0.22893019143100127 0.710665101788705 0.21938038043272076 0.7074818314559448
9 0.47227727506045675 0.8124364769710894 0.45035723275807266 0.8202081283328438 0.44238630828447856 0.8172190316552459 0.4284371904556885 0.7968931742475805 0.41966917353473493 0.7646109301295242 0.414089526403219 0.7254537636529926 0.414089526403219 0.6898835131895785 0.43999503094240017 0.6895846035218187 0.47427000617885523 0.693470429202696 0.5149217209941858 0.6937693388704558 0.547602511335922 0.6949649775414949 0.5607545367173524 0.7021388095677297 0.5834716714670959 0.6982529838868524 0.6037975288747611 0.6985518935546122 0.6320943107560205 0.6937693388704558 0.6400652352296148 0.6979540742190926 0.6576012690715219 0.6979540742190926 0.6779271264791872 0.708415912590685 0.661586731308319 0.7185788412945177 0.6364783192164972 0.7299374086693894 0.6444492436900915 0.7753716781688763 0.6512245294926466 0.8151266639809275 0.6404637814532944 0.8181157606585255 0.5998120666379639 0.8022735482672568 0.5655370914015089 0.8022735482672568 0.5133275360994668 0.8040670062738156
12 0.6186499365014669 0.36533940681799704 0.6209275248549008 0.3401435856581351 0.6306072753569946 0.3108908102437193 0.6542372545238707 0.29551708885804084 0.6903939696346328 0.2897519433384114 0.7205720153176313 0.2963711844905785 0.7450560901170451 0.3115313819681225 0.7550205391633181 0.3348054879547746 0.7479030755588374 0.3546632114112759 0.7217108094943483 0.3711045523376264 0.696657337606576 0.37622912613285253 0.660785321039993 0.3743074109596428 0.6300378782686361 0.3728127436027017 0.6206428263107215 0.37131807624576085
2 0.7411864166191067 0.3695303318345944 0.7414386086520295 0.3636668670691371 0.7509356894194409 0.3552755441365619 0.7570808593277658 0.33935396755590147 0.7532488569446911 0.32513535333137966 0.7458001661467215 0.31088973218026256 0.7374416675214573 0.3046440371683421 0.7359076969395818 0.29193775587409354 0.7546869681721585 0.28876126212305125 0.7709889738378852 0.28672351141483543 0.7817770658225571 0.28432615764046393 0.7901678040328575 0.2870231806366319 0.794083481864331 0.292656962006405 0.804951485641482 0.29241722662896785 0.8147007243239263 0.29253709431768643 0.8198150790425857 0.2948145804033394 0.82197269743952 0.298890081819771 0.8234910214966219 0.3097381076488021 0.8233311979116639 0.3258003779370914 0.8238905804590172 0.3427017220464108 0.8234910214966219 0.35474842476262775 0.8200548144200226 0.358344455424185 0.8092667224353505 0.3666153259457668 0.7993576601679486 0.3688928120314198 0.7950424233740797 0.3679338705216712 0.7896883332779833 0.37164976887194695 0.7796194474256226 0.3720093719381027 0.775224298839275 0.3723689750042584 0.7573240573239675 0.3712901658057913 0.7446180823197984 0.3712901658057913
3 0.5515755315949435 0.6646134490646625 0.5484599981569875 0.6592723040345941 0.5577637387556945 0.6488335208047473 0.566427228780746 0.6479052897306349 0.5771534545260478 0.6533199709962922 0.5827228409707238 0.6556405486815735 0.5854043974070493 0.6522370347431606 0.5796287373903483 0.6480599949096537 0.5691087852170714 0.6400153256006773 0.5717903416533969 0.6325894770077761 0.578597369530223 0.6301141941434756 0.5849918502629992 0.6321253614707197 0.5903549631356501 0.6322800666497383 0.5950992552922258 0.6281030268162314 0.6004623681648767 0.6296500786064193 0.6118074146262537 0.6277936164581939 0.6107760467661285 0.6349100546930576 0.6188207160751049 0.6358382857671703 0.6204160384666859 0.6296091726311602 0.62351499820988 0.6296596991487123 0.6223360461336648 0.6310491783813944 0.6221339400634566 0.6350155100092324 0.6272202761636988 0.6353944588908728 0.6304362016697573 0.6321119978352344 0.6329962118923959 0.6307730451201045 0.6340067422434373 0.6281204029486207 0.6406425582152765 0.6284488253127091 0.6463775104568245 0.6285040516625692 0.649782036784572 0.6336674183766802 0.6538442946223353 0.6401640439628089 0.6534261210213892 0.6463022350338409 0.6442860408864219 0.651544339817131 0.6358628297816479 0.6551286849680986 0.6298889211967018 0.6565176187140984 0.6259461415306375 0.6554423151688082 0.6229591872381646 0.6588474430622275 0.623915012611756 0.6601915724938404 0.6217644055211754 0.6629694399858402 0.6231981435815626 0.6654784815915175 0.6211670146626809 0.6672258498526143 0.616507365966423 0.6674050671101626 0.6141178025324446 0.6648960255044852 0.6055751132559718 0.6649408298188724 0.5919546016822951 0.6688836094849367 0.5811418271435429 0.6696452828295172 0.573614702326511 0.6691524353712591 0.5684771409434575 0.6665985894511948 0.5622642760151136 0.6663745678792594 0.5546176730263829 0.6665985894511948
16 0.581921671033171 0.6550405097897631 0.5844247555056332 0.6522245397582432 0.5691735969881905 0.6415544563168865 0.5654653236956539 0.6434665347333506 0.561988817483901 0.6445790167211115 0.5647700224533033 0.647499281938984 0.566392392018788 0.6475340470011015
5 0.7031365525779799 0.6666086270367315 0.6798700046611839 0.6598467865484126 0.679288340963264 0.6545027513237734 0.6989194907680606 0.6434874950444154 0.7114252602733384 0.6425059375541755 0.7204410475910968 0.6379253359330562 0.7406538610938134 0.6320359909916173 0.7478740996005109 0.6336498909214907 0.7519963466858415 0.6433371715720122 0.7522365773349102 0.6439017135973288 0.7545893751886209 0.6507134654954378 0.7429299581681919 0.6591703856677262 0.7279521179467544 0.662660367855246 0.718645498780036 0.6628784917419658 0.7051218178033984 0.6657141022693251
3 0.6112245022693713 0.6033242659354584 0.6081135283762243 0.6011138371166435 0.6002542259093264 0.5985350034946925 0.5935410717188512 0.5903072962246587 0.5850268273797118 0.5892020818152512 0.5796235569337195 0.5858864385870287 0.5814246470823835 0.5825707953588062 0.5755301702322101 0.5820795889546251 0.5748752283599686 0.5845356209755306 0.5657060421485878 0.5834304065661231 0.5666823958598363 0.5770837412350505 0.5713210821927063 0.5701648738504381 0.5778986229842754 0.5695096891231529 0.5926980897653061 0.562456818235318 0.5953388576294956 0.5598058585489821 0.5869174938812723 0.5560678042321687 0.5717934120477285 0.560321452247853 0.5659500167938594 0.5622549286186185 0.5595910278411194 0.5657351860859965 0.5439513523087047 0.5683131545803505 0.5350143948616107 0.5671530687578912 0.5363893113919329 0.5491072892974128 0.5353282164773386 0.5270002964433446 0.5442230928744823 0.5264130376807409 0.5451795805838341 0.5239620379255271 0.5624944804079259 0.5191337042506479 0.5840951611774524 0.5195521676234893 0.5987613060541789 0.5249921914704272 0.6101594512572869 0.5302528738718617 0.6138259874764684 0.5331821174817514 0.6147027678767075 0.5423285312024272 0.6166954506045236 0.5428067750571031 0.6249850107522386 0.5310898006175444 0.6320789612632638 0.5176391922047857 0.66451983607211 0.5114220220939996 0.6858016876051856 0.5283398984531582 0.6782294932394844 0.546274043003503 0.6519260812323121 0.5466925063763445 0.6484986669404684 0.5470511892673513 0.6411655945021052 0.556556285879034 0.6232314499517605 0.5613387244257926 0.6218832233615529 0.5622726334549067 0.626972205153196 0.5645093343279274 0.6363165899284126 0.5700023105339767 0.632631979119878 0.5867552308168147 0.6301468442341088 0.5932615381614356 0.6278733609692682 0.5985532664502888 0.6198769715550011 0.6026102581384096
3 0.7207542978622737 0.4774009375047068 0.6991982811305898 0.4644875318836499 0.699096446823922 0.4501329514664904 0.7056138158123363 0.4411172576991838 0.7263245661532979 0.4337309061789808 0.7419662517254925 0.43492575716019005 0.7631114933323482 0.45176229371359417 0.7587665806734052 0.45567271510664276 0.7573182764537576 0.4615383471962158 0.7515250595751669 0.45784517143611425 0.7424007429913868 0.4583882855184821 0.7396489649740562 0.45675894327137856 0.7363178652688667 0.45882277678437644 0.7441370051174332 0.4719724923473281 0.7485132763056035 0.4726600357986574 0.7496414334515876 0.4711088197229293 0.7523991509195486 0.46979263638594787 0.755282219181508 0.47256602270315873 0.7581026120464681 0.4726600357986574 0.7517723969495574 0.4755274352113669 0.7378147734735809 0.47768053822875445
16 0.7635209950284582 0.45206980480030823 0.7685868098651855 0.45231070232816284 0.7708060169642718 0.45345993457590394 0.7686396481294494 0.45940423930559937 0.7667903088802109 0.46447671267493945 0.7649938078952361 0.4660618606028582 0.762668924267622 0.4664977762830358 0.7622990564177744 0.4712532200667922 0.7554300820634594 0.4723628236163353 0.7526296540574697 0.4695888147424775 0.7493806179084673 0.47101082534947153 0.7484145363826584 0.4725778994523822 0.7442806061326863 0.4718870388263678 0.7365585288863776 0.4588662577469308 0.7395915755371728 0.4569453282014273 0.7422876170045458 0.4586640546368778 0.7513642899447026 0.45800689452920557 0.7574528502585206 0.4617308018060149 0.7589356730655759 0.4557658100594515
16 0.745632383122871 0.48586974398016847 0.750928431668365 0.4863181997037789 0.7516117927710095 0.48856047832183086 0.7486220879469403 0.4883682830117121 0.7477678865686347 0.490610561629764 0.7370049492019856 0.4903543012162724 0.7273524736271334 0.48824015280496624 0.7255586507326918 0.4856775486700498 0.7253878104570306 0.48407592108572695 0.7203480223250283 0.4828586841216416 0.7193229806710616 0.48016794977997923 0.7265836923866583 0.47869445240240227 0.7364924283750021 0.4804882752968439 0.7432406192636156 0.4802960799867251 0.7468167683648617 0.48217028692234715
1 0.5999607807136229 0.4176626733994565 0.6066950874771742 0.416508220811419 0.6109973004138078 0.41896411705268444 0.6107724603889081 0.4277890880299991 0.613288641251513 0.440967498834607 0.614337894701045 0.4482185896376235 0.6192094285738727 0.44765648957537413 0.6243058024716001 0.4504669898866209 0.6243058024716001 0.45333370020409247 0.625729789295965 0.4541768502974665 0.6270788294453634 0.45524484041574026 0.6275285094951629 0.4568187205900384 0.6315756299433583 0.4559755704966644 0.6315756299433583 0.4574370306585127 0.6315756299433581 0.4602475309697594 0.6366720038410855 0.462327301200082 0.6370467372159184 0.4649691714926539 0.6392201907899492 0.46704894172297634 0.6413936443639798 0.46879145191594934 0.6437169912879438 0.4719392122645456 0.6456656048370748 0.47609875272519075 0.6438668846378771 0.4786282030053128 0.6414685910389466 0.47907788305511223 0.6401195508895481 0.4866100238892534 0.6393700841398823 0.490376094306324 0.6414685910389466 0.49155650443704757 0.639969657539615 0.4958846749163675 0.6364471638161857 0.49419837472961947 0.6334492968175226 0.4968402450221914 0.6329996167677231 0.4975147650968906 0.6391452441149825 0.4985827552151644 0.6414685910389466 0.5013932555264111 0.6449910847623757 0.5046534358874573 0.6438668846378771 0.5095437064290265 0.6375713639406845 0.5103306465161755 0.6369717905409518 0.5138156669021214 0.629477123044294 0.5166823772195931 0.6263759387111036 0.5188206451370431 0.6168172024070774 0.5200627567382871 0.6092044849684036 0.5251395358436771 0.6033922045495472 0.5266507287525798 0.5975024270584394 0.5231633605012659 0.5927751056511029 0.514619308285547 0.6038571869830557 0.5203734659002148 0.6073445552343696 0.5192691326206321 0.5924651173620972 0.5104344663839704 0.5880477842437664 0.5112481856426102 0.5817705213914014 0.5143286942646041 0.5762682292615506 0.5097369927337077 0.5660386157243634 0.5056683964405081 0.5658836215798606 0.5001467300425945 0.5612337972447754 0.4972987126373549 0.5599938440887527 0.4871272219043561 0.5560414934039304 0.4827098887860253 0.5592188733662385 0.4741077137661178 0.5719283932154712 0.46579615276715314 0.575028276105528 0.4648080650959475 0.5754157614667851 0.46771420530537566 0.5806080653076301 0.46504055631270175 0.5821580067526586 0.4531835042582347 0.5888227549662806 0.4520210481744634 0.5950384537407032 0.4494779234700596 0.5966801597969631 0.4373749430218809 0.5979086660788833 0.4257976066476985
16 0.6345670755589733 0.43544262089303487 0.6399949585978006 0.43180593925702054 0.6323235505695913 0.4264866138789698 0.626750923983062 0.4226328169214024 0.6213954127180857 0.4259438255750871 0.6217572715873408 0.4271379598436291 0.6154609272623012 0.42833209411217105 0.6111909926050904 0.4280064211298415 0.6124374476745511 0.43390809094290383 0.617552186116198 0.4341442787412475 0.6272321031449882 0.4341641689817176 0.6297515336045364 0.4337066934509049 0.6329870127210088 0.4358150589407373
16 0.5721000554002006 0.4275926123605498 0.5673401639728826 0.42283272093323193 0.5666601794832657 0.4190078081791371 0.5596336730905583 0.4211327597091897 0.5595203423422889 0.42572265501410345 0.5556670969011267 0.4274226162381456 0.5587270271044026 0.43218250766546346 0.5660935257419184 0.43813237194961097 0.5697201096865415 0.4390673506228342 0.5718733939036617 0.4375373855211962 0.5766332853309795 0.4338824688895057 0.5830931379823396 0.4344774553179204 0.5828664764858006 0.4372823913375899 0.581279846010028 0.4422972769485141 0.5880796909061965 0.4445072265397689 0.5945395435575566 0.4448472187845774 0.5969130511353232 0.4266058022272405 0.5868088338740326 0.42856280035064986 0.5736086414486549 0.4289573333481449
16 0.5511504563734464 0.45936866862536596 0.5512161320712984 0.4527190042178574 0.5520042404455217 0.44774407010557327 0.5491145097400364 0.4437050146876792 0.5402482905300251 0.4458723127167932 0.5414961287892118 0.45424596419291496
16 0.5620526222168678 0.4626196156690368 0.5581777560436036 0.45853130347775367 0.5583747831371594 0.45227569325735684 0.5633004604760546 0.4491232597604639 0.5687515433977652 0.44917251653385293 0.5697366788655444 0.45040393586857663 0.5690142461891731 0.4620285343883693
16 0.5665662949718716 0.4685941061485061 0.5631995543710809 0.4640380278354796 0.5597596237572297 0.46266571509059207 0.554416752803801 0.46343421022772907 0.546292661354067 0.4693626012856431 0.5477564616152804 0.4731501844615326 0.5464366375109388 0.4764669850249412 0.5500229481509116 0.4809681708281722 0.5527309786341562 0.4837127963179473 0.5479736277852129 0.4836579038081518 0.546875777589303 0.48574381918038084 0.5405814364660855 0.4843166139256978 0.5380929760220229 0.4877748420428143 0.5378734059828408 0.4915624252187038 0.5405814364660855 0.49474619078684284 0.5405082464530248 0.4986435589823233 0.5452655973019682 0.5021017870994399 0.5454119773280895 0.5034192073345319 0.5402154864007821 0.5050659826283969 0.5391176362048722 0.5073165755300123 0.5435090369885122 0.5151113119209734 0.5446800771974828 0.5175814748617709 0.5495106180594869 0.5179108299205439 0.5492910480203048 0.5216984130964334 0.5626116303973463 0.5185146475282943 0.5840563042241216 0.5190635726262494 0.5961710362738042 0.5234221454714372 0.5950969621688397 0.5206474540336122 0.5922725450780072 0.5148295526317213 0.5879762486581492 0.5117863426676552 0.5822080729092659 0.5146207048890893 0.5760219644402125 0.5100061875073028 0.565440345480192 0.5057695618710539 0.5657188091370347 0.5002798497790133 0.5605871217466488 0.4972068044231427 0.559831291820933 0.48745063130304866 0.5556543369682934 0.4827068040061221 0.5587174371935625 0.47375618646475137
16 0.6211191474361909 0.5281064581183729 0.6223692310836092 0.5326326230486803 0.61801549148398 0.539680508440159 0.6148687291990996 0.5371264582294856 0.6142652405417254 0.5330205800427067 0.6104287769341314 0.5300139133390024 0.6036610827050051 0.5269425871362937 0.6093942249500611 0.5253260996611839 0.6134893265536727 0.5227397197010083 0.6172395774959274 0.5249058129176554
16 0.6465801298108754 0.49999417131311025 0.6534924916262641 0.4880621181794037 0.6497620106465305 0.4870746379200625 0.6427399288023262 0.48979020863325096 0.639558047966671 0.497607760686369 0.6435079690040361 0.5018045517885693
16 0.6584298929229702 0.5121730945116522 0.6503106107906089 0.5129959947277699 0.6489939704448208 0.5082231734742872 0.6519564112228444 0.500817071529228 0.6557966122313935 0.500817071529228 0.6627089740467822 0.5043555424585341
16 0.674887897245324 0.5184271361541467 0.6864085002709718 0.5278904886395002 0.6832266194353166 0.5381767413409714 0.6845432597811051 0.5403162819028774 0.6899195411930737 0.5396579617299833 0.6975999432101723 0.5309352194391357 0.6989165835559606 0.5307706393959121 0.7104371865816084 0.5228707973211822 0.7186661887427852 0.5217187370186175 0.7351241930651391 0.5150532452680642 0.7238230300971229 0.5125022545980993 0.721299469434362 0.507647143323005 0.7143871076189733 0.5088814936471815 0.6979291032966194 0.5140657650087229 0.6967221829796469 0.5089637836687932 0.7061581054577963 0.5084700435391226 0.7097788664087141 0.5067419530852755 0.704841465112008 0.5038618023288636 0.6939791822592545 0.5030389021127458 0.6931014220287289 0.5082231734742872 0.6890417809625482 0.5089637836687932 0.6888223409049169 0.5061659229339931 0.684872419867552 0.5064950830204402 0.6815808190030812 0.509375233776852 0.6808127788013714 0.5160407255274054
16 0.7906345313949682 0.5233058394888213 0.7852240244325439 0.5249621171303797 0.7797030989606825 0.5233886533708991 0.7799239359795568 0.5185854482103797 0.7721946403189509 0.5138650569319382 0.7731884069038858 0.5123744070545355 0.7808072840550547 0.509889990592198 0.7871011390929767 0.5136166152857043
16 0.7345471037498299 0.5584137566310007 0.7344317687347224 0.5538291897804732 0.735700453900906 0.5484661115779697 0.7399678494598875 0.5465630838286941 0.7434278999131156 0.5474280964420012 0.7555380764994143 0.5396429829222377 0.7624581774058707 0.5401619904902218 0.7681095931461435 0.5392969778769149 0.771800313629587 0.5419785169781667 0.7553074064691991 0.5551267087004339 0.7618815023303327 0.562392814652213 0.7579601118166741 0.5676693915933861 0.7533467112123698 0.5663718726734255 0.7523086960764015 0.5640363386174965 0.7504633358346797 0.5665448751960869 0.7434278999131156 0.5685344042066932 0.7373151441124125 0.5658528651054413 0.7382378242332733 0.5616143033002368
16 0.7695652538554373 0.5597102797709204 0.7696523004346301 0.5571641673295308 0.7825351941551653 0.552855361659487 0.7816647283632371 0.5502439642837028 0.7850595449517564 0.5499175396117298 0.7891507341738183 0.5530512164626709 0.7890636875946254 0.5562501782480064 0.7807072159921162 0.5615382579339692 0.7706098128057509 0.5610159784588123 0.7702616264889798 0.5602325592460771
16 0.6936101499389781 0.5883293382977298 0.6984830330345588 0.5826443080195524 0.6966782615176771 0.5748612308529999 0.7058825962537739 0.5701913845530684 0.7229376870883061 0.5685670901878749 0.7256448443636289 0.5753349833761814 0.7260960372428493 0.582305913360137 0.7180648039927255 0.5888030908209112 0.7133723980488331 0.588600054025262 0.71021404789429 0.5867727228644193 0.7016413831891019 0.5877202279107823
16 0.7331884287332022 0.5841368610827323 0.7334591444607345 0.5885359916551316 0.7392344133147559 0.5875208076768856 0.7408587076799494 0.5855581186522767 0.7346322459467075 0.5816327406030589
16 0.7252474340589226 0.5989585471651235 0.7298496014269709 0.5948978112521397 0.7166747693537343 0.5901602860203251 0.7171259622329548 0.5918522593174018 0.7214574138734711 0.5923260118405832
16 0.7335493830365785 0.6039667881244704 0.7386929818596915 0.6011919519172647 0.7528604382672132 0.6075537715142728 0.7523190068121486 0.609719497334531 0.7452803978963098 0.6110730759721923 0.7341810530674872 0.6047112563751842
3 0.6818766391111909 0.5959135173924132 0.6761523342721927 0.5953213479263099 0.6726980123865903 0.5905099710142208 0.669250191607709 0.5828427970121407 0.6670789035653304 0.5732940643712255 0.6835609537052048 0.5664841155110379 0.6993521394679586 0.5590079760014842 0.7184002572942803 0.5562691922207567 0.736066646366361 0.5674463908934557 0.734513999178916 0.5804817916910239 0.7330193044140416 0.5843046129468807 0.7333244574499418 0.5889313856582824 0.7394927920879166 0.5876316708085186 0.7424368396820362 0.5838853571878456 0.7500179949298686 0.5828291157150364 0.7609547561633135 0.5825941535028683 0.7775636234220972 0.5839287902998515 0.785227440243982 0.5874948205509635 0.7985689155892493 0.6032520541750883 0.7791238508027931 0.6220153117525978 0.7727894999981211 0.6227948233189181 0.764246554361426 0.6249119254451139 0.7493247202890823 0.6259031566907002 0.7368839229045979 0.6241103941001755 0.7317809086465706 0.6219715261120916 0.7317104159077591 0.6175984391756663 0.7354325169614617 0.6122378722937507 0.7301902434243044 0.606097940900625 0.7334224977938348 0.6039414910512388 0.7342149192937364 0.6050124260795408 0.7450886587349117 0.6113080917892959 0.7529189014136775 0.6101958031696113 0.7535864357592773 0.6072785328400586 0.7386648155208513 0.6010468005102751 0.7335566294433494 0.603720499355672 0.7301910219769121 0.6059366883937335 0.725538690601011 0.5990674299915792 0.7299330954937026 0.5947836349563778 0.717637127427325 0.5897096359392415 0.7267207078690173 0.5825326517358846 0.726022622417721 0.574475375789585 0.7232363079341235 0.5681866027260848 0.7061927173846267 0.5698431459485485 0.6959970334761261 0.5744630652195878 0.6979795275694456 0.5826939558748879 0.6922775896982105 0.5888781588092602 0.6822621659029332 0.5886723624299052 0.680821591247448 0.5928397391118441 0.6812331840061581 0.5954121938537817
16 0.651376207449312 0.571701106943063 0.6443022280612591 0.5605006395786458 0.6453127965452665 0.5575531481669571 0.6503656389653044 0.5570478639249533 0.6481199312230654 0.5547740848359363 0.6429548034159157 0.5562057235216137 0.648667057055247 0.5473289943707461 0.6522117629251398 0.5468706272323979 0.6786278272291704 0.5471986897601203 0.6851060827844919 0.5477945670399729 0.6925010726165101 0.550865626866906 0.6936011537485457 0.5465111390525978 0.6959235472495101 0.5452735477790577 0.7002627561592066 0.5443109767885264 0.7015461841465818 0.5474737100431292 0.7003238717776532 0.5538450132661696 0.7057631618193855 0.5553576248227188 0.7132192672698501 0.5557701552472322 0.7158472388630466 0.5562743590994152 0.6987959813164923 0.5586120315049913 0.6702549875020091 0.5714921480925765 0.6634100382360087 0.5697503529668533 0.6610876447350446 0.5725463925107775
16 0.6362355228140673 0.5689431060412005 0.6365943359672662 0.5627087275043675 0.6230192383379033 0.5623050627070185
16 0.6288976683481912 0.5982498296579537 0.6329842907896239 0.5871687957302226 0.6339273575068776 0.5834908355329331 0.63625358874277 0.5825949221515422 0.6433580246794147 0.5857070423184794 0.6446783180835698 0.5912239826144136 0.6429179268780296 0.5916955159730404 0.6468788070904953 0.5952320161627418 0.6397115000393669 0.5963165428875835 0.6446783180835698 0.6048512966787296 0.6331729041330746 0.6007018031228134
16 0.5506958498858181 0.5941677010537159 0.5518426367498949 0.5979843510857213 0.5466820958615494 0.5999195539188509 0.5416649033312135 0.5939526785167014 0.5354777913448485 0.588946728882428 0.5347610495548005 0.5780880907632011 0.5348327237338054 0.5671756970097206 0.5437919961094052 0.5688421216715822 0.5600620347434944 0.5661005843246486 0.5679461944340222 0.5620689117556288 0.5867965035122841 0.5566933483302688 0.5943939664867928 0.5596499082142168 0.5917420218636151 0.5624989568296576 0.5781239278527035 0.5684120765975533 0.5710998583102332 0.5697559674538933 0.5655809465268637 0.5764754217355932 0.5643624854837823 0.5839474548968434 0.5612804957865759 0.5891617514194425 0.5550448422131585 0.5936772246967448
16 0.5517495603179428 0.6307540061730053 0.552503419534117 0.6282097313184173 0.5607204849904164 0.629679756789957 0.5644143951496703 0.6314890189087753 0.5684098489953938 0.6321674922033321 0.5709729703303864 0.6330721232627412 0.5681083053089242 0.638669527942835 0.5633589922470263 0.6352771614700509 0.556046557850136 0.6321674922033321 0.5518249462395601 0.6322240316445452
1 0.5510920997383639 0.6277402380352834 0.5447290409602175 0.622526064869858 0.5437863655856773 0.6095348198644756 0.5481462391929258 0.6065300421081286 0.5484013991387727 0.6009555512693899 0.551818597371481 0.5981275251457693 0.5524590048028434 0.5978677997338777 0.5511966264728402 0.5944679853678465 0.5553854272951234 0.5939945934940953 0.5619878801841245 0.5895880609446477 0.5651438260091324 0.5836061090854283 0.5737509509864265 0.5851553915813412 0.5754149951487034 0.5845959284578172 0.5757018993146131 0.5822720047139477 0.5812518010570801 0.582724951793026 0.5791738757601375 0.5858418397384398 0.5849228196634105 0.5894469101833361 0.5933660351104811 0.5905319028225625 0.5998628395199093 0.5987186654639978 0.6080693293002394 0.6013818292148261 0.6110678544122831 0.6034729059376988 0.6200634297484143 0.602861364631953 0.6285489520734093 0.5985299132242106 0.6329296947000709 0.6010597920911077 0.6450643517759235 0.6055281495703024 0.6536067998979138 0.6059552719764021 0.6667490277778987 0.6066452389401013 0.6802417150680163 0.6052653050127028 0.6778761140496191 0.602439726018506 0.6807674041832158 0.6003369695577085 0.6776132694920194 0.5976428128423116 0.6821692418237475 0.5961643122058132 0.6814683230034817 0.5954414896724141 0.6809426338882822 0.5928011695304495 0.6823602969910122 0.5888042203985931 0.6922547870261822 0.5890855803048066 0.6980070339976554 0.5888393903868699 0.7100883458323116 0.5868440111976059 0.713490209354596 0.589057930277584 0.7151841420877625 0.591318899815497 0.7202085188386801 0.5938597989152468 0.7229360376463211 0.5969820901818885 0.7283336538130211 0.6038080648820638 0.7348509882270682 0.6121844186939507 0.7312334369664079 0.6174384812391962 0.7310898833449531 0.6205177064194014 0.7313033383301337 0.6230052522050046 0.7321037945245606 0.6267673963188115 0.7300694130637234 0.6331208269820398 0.7247864021805054 0.6341213972250733 0.7196634825361725 0.6361625605208623 0.7145939266381347 0.6388841115819142 0.7092041882623263 0.640364955541604 0.7021068100050737 0.6416056626429658 0.6919676982089983 0.6402849099221614 0.6883923272072243 0.6402048643027185 0.6844434099813844 0.6357623324236487 0.6781464879185586 0.6338012147473026 0.6673670111669416 0.6330808041723183 0.6604830878948692 0.6322403251681699 0.6542928933246338 0.6304392987307091 0.6483695174858739 0.6281980213863135 0.643246597841541 0.6278778389085428 0.6334276685232365 0.6277577704793786 0.6327410589626081 0.6305095965279796 0.6300001711997523 0.6317799518113257 0.6271976904534614 0.6351521676543901 0.6222702517786642 0.6348288044913566 0.622516623712404 0.63099464127253 0.6236868903976684 0.629585701776455 0.6201797502066556 0.6294032994760416 0.618609129129064 0.6355471995736792 0.6110639886582808 0.634669499559731 0.6122034588518278 0.6274862178666283 0.6005623849826195 0.6293802021072534 0.5948958305066028 0.6277864836608736 0.5924013146774867 0.6279019705048143 0.5904303392075679 0.6304888758090829 0.5899067988483706 0.6309739205536331 0.590183967273828 0.6320825942554624 0.5848561742067035 0.631967107411522 0.5788508583217946 0.6297728573766515 0.5709977529338366 0.6324983468936485 0.5648692510820577 0.6311125047663618 0.5612660615511122 0.6296111757951346 0.5527354333453698 0.6279712626111787
16 0.7997060329957261 0.6732778002902671 0.7933272221148254 0.6731519027070914 0.7903896118407263 0.6692490776286455 0.8005453502168972 0.6641502255100308 0.806168775598744 0.6635836863857404 0.8073438197083834 0.6662904844240171
16 0.7633590126551593 0.6675089859974142 0.766128759485024 0.6637950072937318 0.7592463582714207 0.6607105165059278 0.7532032742789884 0.6654946246666033 0.7505174591712407 0.6624101338787994 0.7489227564510156 0.6600810285900495 0.7585749044944837 0.652653071182685 0.7575117278934487 0.6442866358950188 0.7614456437598299 0.6408751932296414 0.7507632561246738 0.6298260769511601 0.7468424600086497 0.6298166911376828 0.7444993743831241 0.6258627341446081 0.7418634030544077 0.6255552041562579 0.7321395977084759 0.6282351083404529 0.7317295577240089 0.6314861396458697 0.734658414755916 0.6332434538650142 0.7405161288197303 0.6313104082239555 0.748541197087156 0.6331116552985783 0.7524440659884876 0.6437033496825073 0.7549405985134018 0.6507994549821642 0.7430838252699236 0.6593676274923387 0.7339268181904912 0.6617423184173719 0.7412371950626021 0.6642374769904875 0.7518306753203917 0.6665684803943193
16 0.6637100844053972 0.6405067798545846 0.6534093038954255 0.6377988427102106 0.6494801401957456 0.6322236780012052 0.6472500743121433 0.6285599983352874 0.6485897702954688 0.628648029464252 0.655570291471743 0.6312921662734468 0.6611047126135903 0.6324775247593754 0.6686140611517033 0.6334558553787775 0.677745146932789 0.6341433309491681 0.678732291341555 0.636734585022179 0.6758766235876247 0.6379508879544085 0.6712934531183538 0.6390085426780864 0.6678737028451287 0.6404363765550517
16 0.6384122582721156 0.6684677429686491 0.6226336325638424 0.6676163782721595 0.6230511895999273 0.6659461855640155 0.621606244479387 0.6636229029328581 0.6239518139322501 0.6606356210825135 0.6229339253017623 0.6594904963732147 0.6256114149602193 0.656187890327556 0.629572329413639 0.6574159950882533 0.6355569293076955 0.6560433061098607 0.6443531537818314 0.6525451785107355 0.6534262153625412 0.6472576679611666 0.6539779555938005 0.6502002825278831 0.6580240506230356 0.6500163691174634 0.6613344920105918 0.6506600660539326 0.6673423300843049 0.6480392999554506 0.6723409825196704 0.6522767094810271 0.6789253072341563 0.650964988541813 0.6799949008557532 0.6473672259193247 0.6846784791277674 0.6453148713956333 0.6875202007759558 0.6411312256358004 0.6920459056230704 0.6410917572795757 0.6978872223443466 0.6419600611165222 0.6977819733944136 0.6437361371466398 0.6783635421317932 0.6546294034646951 0.6790312776216996 0.6604041179394361 0.7003441899831122 0.6671532068538834 0.6809257587204918 0.6683372575406286 0.6571394960356561 0.6685345993217527 0.6396155458718279 0.6684951309655278
11 0.2665578634532175 0.584359105184339 0.2711153191897954 0.5745069582243838 0.25878338013787877 0.5690782241852248 0.2641450927691469 0.562242040580358 0.25583443819068136 0.5535962789624382 0.25744295198006173 0.5312781501347846 0.2525366649327281 0.5237723026670036 0.24851538045927696 0.5167350548384643 0.24663878103833312 0.5036658802997482 0.2589707200902498 0.48918925619532433 0.27049840224747623 0.4950201186818284 0.2788090568259418 0.4911998984320498 0.28122182751001246 0.4843637148271831 0.2889963108253512 0.48235307259045745 0.3024005924035215 0.4741094394198828 0.32491978545484757 0.47431050364355526 0.33001341245455224 0.47551688898559064 0.35146026297962474 0.469484962275414 0.3745156272940776 0.47431050364355526 0.37531988418876777 0.4833583937088202 0.38148585371472615 0.48617329284023597 0.38791990887224786 0.48959138464266944 0.39006459392475507 0.48355945793249283 0.3951582209244598 0.4803424303537319 0.40346887550292543 0.4821520083667849 0.411243358818264 0.4914009626557224 0.41553272892327864 0.5008509811683325 0.4088305881341935 0.506480779431164 0.41714124271265907 0.5133169630360308 0.42062635592298336 0.5211584677592604 0.41714124271265907 0.526386137574747 0.42062635592298336 0.5261850733510743 0.4249157260279979 0.533021256955941 0.4225029553439272 0.5406616974554982 0.4190178421336029 0.5481010737313827 0.4160689001864056 0.5517202297574887 0.4168731570810957 0.5625776978358066 0.4214306128176736 0.5682074960986381 0.41660507144953224 0.5776575146112483 0.4069539887132496 0.5768532577165579 0.40427313239761564 0.5808745421900091 0.39649864908227683 0.5830862486504071 0.3654007158209218 0.584493698216115 0.35709006124245624 0.5859011477818229 0.34797514976930044 0.5838905055450974 0.3302814980861157 0.5867054046765131 0.306689962508536 0.5889171111369113 0.278272885562815 0.588112854242221