19 0.4938896338225991 0.33988658181319764 0.47671496059163565 0.32829367738229737 0.46234220337753706 0.31326603973277395 0.45718980140824805 0.3045069563849826 0.4486024647927663 0.27822970634160843 0.4403586216419038 0.2547862773813433 0.4310842980971835 0.22670568664871799 0.42421442880479815 0.21021800034699306 0.42146648108784407 0.19476079443912592 0.42146648108784407 0.17801548803893655 0.42867984384484864 0.15972446104796043 0.43864115431880746 0.14607059582934442 0.45718980140824805 0.13396245120151518 0.4757384484976886 0.12314240706600821 0.5025309387379917 0.11515618401361018 0.5293234289782948 0.11129188253664339 0.5588638669355519 0.11026140214278557 0.5897782787512862 0.11438332371821681 0.6072964454468689 0.11979334578597031 0.631684481434837 0.12881004923222614 0.6447372330903692 0.13756913258001752 0.6601944389982364 0.1483891767155245 0.669812256007576 0.15843636055563817 0.6835519945923468 0.1785307282358654 0.6862999423093011 0.18857791207597907 0.6862999423093011 0.20068605670380835 0.684925968450824 0.22078042438403556 0.6821780207338698 0.23391904940572264 0.6749646579768651 0.24628481413201636 0.6718732167952917 0.25324055679055657 0.6890478900262551 0.26354536072913465 0.6993526939648332 0.27153158378153275 0.7113749652265077 0.28183638772011077 0.7172143541250352 0.29342929215101116 0.7168708606604158 0.30347647599112476 0.7069095501864573 0.3166151010128119 0.6931698116016863 0.3287232456406411 0.6732471906537688 0.3271775250498543 0.6447372330903692 0.32408608386828097 0.6234406382839746 0.31532700052048956 0.620005703637782 0.30862887796041377 0.6103878866284425 0.32254036327749425 0.5736340859141804 0.3215098828836364 0.5217665727566707 0.3204794024897787 0.5162706773227624 0.31893368189899196 0.5018439518087531 0.3186760618005275 0.5018439518087531 0.3253741843606032 0.4987525106271796 0.3379975691853614
0 0.4409354434177356 0.25755964979187757 0.43550471634522714 0.25540869773299835 0.4253076102883184 0.25301875100091037 0.4214836955169776 0.2503898095956136 0.41224256815290417 0.2503898095956136 0.4082956700877549 0.25375727482043825 0.39694690906754104 0.24871684688315202 0.38967077569081204 0.24832481635550444 0.3874401587408633 0.2502367737411748 0.38042964832673853 0.24832481635550444 0.36354069141998335 0.2502367737411748 0.3565301810058587 0.25716761926423 0.34605660134081717 0.266904462397058 0.34367428136385825 0.26991915567841607 0.3476786188954111 0.27686886007040123 0.344739777127558 0.2801111078922746 0.3368730308639354 0.28229011262584247 0.33721892105285084 0.28788983011659136 0.3463551410471089 0.28820750531716177 0.3592956615032331 0.28647681392588675 0.36771211381084595 0.28760491715485875 0.3718023700247728 0.29613300786106167 0.37242051268960813 0.3009970357209077 0.38616552048374964 0.3006646497882313 0.4062410730332886 0.297557719036517 0.42790992340421974 0.2899098894938354 0.4390630081539637 0.2834570333171978 0.44798547595375887 0.27724317181376906
2 0.296962828822986 0.57206119135253 0.2916345675880125 0.5585740301015033 0.28897043697052577 0.5355959035256801 0.2829761430811805 0.5031268116250602 0.27098755530249014 0.4771515381045644 0.22569733480521534 0.4731553421783343 0.22503130215084366 0.4911382238463699 0.21903700826149847 0.5111192034775206 0.1824929472978426 0.5150097499929078 0.16850626155603712 0.5279973867531558 0.17183642482789557 0.5499764643474215 0.1718907810361263 0.5598955355430987 0.18453164331358488 0.5640038157832727 0.20054340219836572 0.5611596217708446 0.22034741976638414 0.5570513415306705 0.22034741976638414 0.5646358588971456 0.22371831637370643 0.5747485487191125 0.21824060938680778 0.5807529583009052 0.2262464888291981 0.584545216984143 0.24099416148623315 0.5829651091994605 0.2633263515097433 0.5867573678826982 0.2839730932295923 0.5826490876425241 0.2961925934311356 0.5801209151870323
9 0.3688773361616508 0.43159824347925346 0.3688773361616508 0.43571430302197106 0.34614100725901975 0.4410063795768938 0.3081164571977231 0.4392423540585862 0.2716599298193666 0.4410063795768938 0.2402994761605653 0.4395363583116375 0.20384294878220868 0.4318922477323046 0.20227492609926861 0.4451224391196115 0.18973074463574807 0.4451224391196115 0.18855472762354303 0.43571430302197106 0.19325879567236323 0.4136639840431263 0.18737871061133798 0.39955177989666574 0.18463467091619287 0.3886736225337691 0.17914659152590262 0.38132351620748745 0.17405051780634742 0.3777954651708723 0.17091447244046726 0.34839503986574605 0.16621040439164708 0.3178185975484148 0.15797828530621172 0.28547812971277586 0.16817043274532215 0.2872421552310835 0.20188292042853362 0.2887121764963398 0.22461924933116456 0.28900618074939105 0.23951546481909522 0.29841431684703146 0.23951546481909522 0.28988819350854483 0.2708759184778966 0.2928282360390575 0.3320288031125592 0.287830163737186 0.3361275893984683 0.2870319470079771 0.3361275893984683 0.2892492157002238 0.35031810902884764 0.28889445270946434 0.3594236924583411 0.2874754007464264 0.36427211999872067 0.28738670999873656 0.3682439844083442 0.29338899335809304 0.3712003426646732 0.2981782937333461 0.37167335998568585 0.3012824699024916 0.3657606434730278 0.3042979553239472 0.35783760334606596 0.311304524391447 0.3554725167410029 0.3126348856067951 0.35535426241074963 0.321592651123472 0.3568915687040407 0.334009355800054 0.35970472177429774 0.354409576123813 0.36207840775554945 0.37426637231313026 0.36080026915026003 0.3952187158784098 0.36061767792093297 0.4069958501700049 0.36226099898487646 0.4102824922978918 0.3615306340675683 0.4138430212697694 0.3556877147291025 0.4179513239296281 0.35459216735314025 0.42562015556136434 0.35440957612381313 0.4276743068912937 0.3580614007103542 0.42890679768925133 0.36280877267285766 0.4302762319092043 0.3664605972593986 0.431097892441176
17 0.5627750434791804 0.5730287192969338 0.5658813282991496 0.5800178601418645 0.5497286472353099 0.5835124305643298 0.5444479630413621 0.5858421441793067 0.533265337689473 0.5928312850242373 0.5329547092074762 0.5846772873718183 0.5236358547475687 0.5795519174188691 0.5279846534955255 0.5739606047429245 0.5366822509914392 0.5660395784520031 0.5397885358114084 0.5660395784520031 0.5438267060773684 0.5690682061514731 0.5456904769693498 0.5727957479354362
17 0.613611413098385 0.5901148493045647 0.591825327128636 0.5888995097979878 0.5803021081033142 0.5882243211832228 0.5644576819434968 0.5876841702914108 0.5680586878889098 0.5932207169324835 0.5721998447261348 0.6059142628900644 0.5831829128596446 0.6075347155655003 0.5979470372358382 0.6072646401195944 0.6098303568557013 0.6075347155655003 0.6182927208274219 0.6078047910114063 0.622433877664647 0.6075347155655003 0.6127111616120317 0.6044288479375816 0.6096503065584307 0.6022682443703337 0.6134313628011143 0.6002426785260389 0.612531111314761 0.5944360564390603
17 0.6148717651792796 0.6098303568557011 0.604788948532123 0.6098303568557011 0.5948861821822371 0.6099653945786542 0.583002862562374 0.6136114130983847 0.5754407500770065 0.6156369789426797 0.5745404985906533 0.6180676579558335 0.5844432649405392 0.6229290159821411 0.5916452768313653 0.6209034501378462 0.5986672384249208 0.6192829974624103 0.6056892000184763 0.6209034501378462 0.6168523184492567 0.6173924693410686 0.6168523184492567 0.6156369789426797
17 0.6454803157152905 0.6060493006130174 0.638458354121735 0.6055091497212054 0.6319765434199915 0.6095602814097951 0.6289156883663903 0.611315771808184 0.6301760404472849 0.6130712622065729 0.638458354121735 0.6141515639901968 0.6436798127425838 0.6150968280508677 0.647820969579809 0.6146917148820087 0.6503416737415981 0.610370507747513 0.6510618749306807 0.6080748664573122
17 0.6397187062026295 0.6036186215998636 0.6303560907445556 0.6026733575391927 0.6272952356909545 0.6028083952621457 0.621353575881023 0.6001076408030859 0.6283755374745784 0.597676961789932 0.6352174487708632 0.5933557546554363 0.6489012713634328 0.5953813204997312 0.6427795612562306 0.5898447738586586 0.6391785553108176 0.5870089816766458 0.6451202151207491 0.584308227217586 0.6575436856324243 0.5833629631569152 0.6730280111977004 0.5924104905947655 0.668526753765934 0.5957864336685902 0.672667910603159 0.5990273390194619 0.6787896207103613 0.6015930557555689 0.6811302745748798 0.6006477916948978 0.6831108278448571 0.6025383198162397 0.6973348013292386 0.6059142628900644 0.708497919760019 0.6078047910114063 0.7200211387853408 0.6101004323016072 0.7306441063243093 0.611720884977043 0.7308241566215798 0.6152318657738207 0.7284835027570614 0.6195530729083164 0.7324446092970159 0.6236042045969061 0.729743854837956 0.625359694995295 0.7140794789754092 0.6260348836100599 0.7009358072746515 0.6221187896444232 0.6984151031128625 0.6187428465705984 0.6901327894384124 0.6200932238001283 0.6712275082249939 0.6138814885442908 0.6548429311733645 0.6075347155655003 0.6465606174989147 0.6044288479375816
17 0.753690544374953 0.611315771808184 0.7486491360513746 0.6061843383359704 0.7443279289168789 0.6092902059638892 0.7409069732687366 0.6148267526049618 0.7344251625669931 0.6128011867606669 0.7329847601888279 0.6146917148820088 0.7328047098915572 0.6176625447869745 0.7419872750523604 0.6179326202328805 0.7486491360513746 0.6160420921115386 0.753690544374953 0.6188778842935515 0.7601723550766963 0.6180676579558335 0.7612526568603202 0.6155019412197267 0.7515299408077051 0.6140165262672438
17 0.8154779202669316 0.6074528866147568 0.8121139006977645 0.6019616193768517 0.8160715707791375 0.6003290804682851 0.8154779202669316 0.5952830511145345 0.8182482893238928 0.5952830511145345 0.8227996099174717 0.5997354299560792
17 0.751957315460893 0.5862298808033934 0.7483954123876572 0.5886044828522173 0.7414694897452543 0.5894949586205263 0.7396885382086364 0.5915727354132472 0.7460208103388334 0.5975092405353069 0.7523530824690303 0.6009227309804911 0.7612578401521197 0.6021100320049031 0.7699647143311408 0.5982513036755643 0.7832229091037406 0.5911274975290928 0.7887636472176631 0.586081468175342 0.7850038606403585 0.5825195651021061 0.776099102957269 0.58489416715093 0.764028209209081 0.5871203565717024
17 0.8334265769150749 0.5742770483644123 0.8287705625189016 0.5722135874388354 0.8275007404108541 0.5663406601891166 0.8327916658610515 0.5523726170005956 0.835754584113162 0.5528488002911134 0.8349080360411303 0.5607851884664092 0.8349080360411303 0.5723723152023413
17 0.8308556400284647 0.5015394457622118 0.82294313046804 0.4985722546770524 0.8164153100806896 0.4985722546770524 0.8193825011658489 0.5065836706069825 0.8235365686850719 0.5074738279325303 0.8363943967207619 0.5110344572347215 0.8350097075476878 0.508660704366594 0.8298665763334117 0.5052484346186608
17 0.8379768986328471 0.5012427266536956 0.8231409432070506 0.496198501808925 0.82294313046804 0.4945665467120874 0.8316468909845072 0.48922560275880067 0.8207671903389232 0.48818708587899495 0.8189868756878276 0.48596169256512545 0.8233387559460613 0.4807691081660967 0.8363943967207619 0.48002731039480684 0.8460872209322825 0.48299450147996625 0.8474719101053568 0.4861100521193834 0.845889408193272 0.4896706814215746 0.8543953559707285 0.4938247489407976 0.8541975432317179 0.4973853782429888
17 0.7412782278559925 0.35640515351021873 0.7428914103310084 0.35816498893750875 0.7403983101423475 0.3626745672199395 0.7380518629059607 0.36322451579096765 0.7368786392877673 0.36795407350180975 0.7339455802422841 0.3677340940733984 0.7282261151035913 0.3638844540762014 0.7137599187183905 0.3573565814540862 0.7111201655774555 0.35922640659558197 0.7045207827251176 0.3599963345950213 0.6996812353000701 0.35515678716997373 0.7008544589182635 0.35020725003072045 0.7032009061546503 0.349437322031281 0.7136132657661163 0.34965730145969226 0.7212392192843733 0.3504272294591317 0.7285718668980818 0.35174710602959924
17 0.5897203519875227 0.35763463305590465 0.5983624866394 0.3655421862623724 0.5973254304811747 0.3695607788754953 0.5853992846615841 0.3702089389743861 0.5824609588799459 0.366060714341485 0.5772756780888194 0.36593108232170685 0.5826338015729833 0.3610050655701368
17 0.61737518287353 0.366060714341485 0.6225604636646563 0.370986731093055 0.6275729017627452 0.36904225079638275 0.6286099579209705 0.3643754980843689 0.6267086882975574 0.36333844192614373
17 0.536203052545521 0.48320817853421794 0.5365366158752538 0.490463180955907 0.5333677642427919 0.5018460295830397 0.5322002925887269 0.5015958570857402 0.531366384264395 0.5163560344264178 0.5348687992265897 0.5152302581885695 0.5402058125023149 0.5182323281561649 0.5393719041779829 0.5226103468589083 0.5332009825779255 0.5247368130859551 0.5308660392697957 0.5243615543400055 0.527363624307601 0.5193581043940132 0.5248618993346048 0.4984687008694948
17 0.5592189222970861 0.47670369360442777 0.5588853589673534 0.4835834372801674 0.5528812190321625 0.4807064535612217 0.5463767341023723 0.4800810223179727 0.5487116774105021 0.47607826236117873 0.554715817345693 0.4747023136260308 0.5568839789889564 0.47507757237198023
17 0.5535483456916281 0.4561895488258589 0.5612203022754833 0.4583160150529056 0.5608867389457504 0.46119299877185127 0.5585517956376205 0.462694033755649 0.5603863939511511 0.4661964487178437 0.564389153907945 0.4729511061449334 0.5697261671836703 0.47545283111792963 0.5782320320918575 0.47757929734497645 0.5850700803513804 0.4764535211071282 0.58973996696764 0.47845490108552513 0.5830687003729834 0.4828329197882685 0.5835690453675826 0.4874611109883114 0.5802334120702544 0.4909635259505062 0.5708936388377353 0.48946249096670846 0.5618874289349488 0.4887119734748096 0.558718577302487 0.4883367147288602 0.5505462757240327 0.4958418896478488 0.5482113324159029 0.4994693908586933 0.5507130573888991 0.5072247382749815 0.5492120224051014 0.5084756007614797 0.5453760441131739 0.5153553444372191 0.551546965713231 0.5186075869021143 0.5557165073348915 0.5177319831615655 0.5553829440051588 0.5151051719399197 0.5590521406322199 0.5161058619291181 0.5633884639187465 0.5182323281561649 0.5707268571728688 0.5182323281561649 0.5747296171296628 0.5209842256264606 0.5758970887837277 0.5247368130859549 0.58090053872972 0.5303656942751964 0.5850700803513804 0.5344935404806401 0.576063870448594 0.5328674192481926 0.575229962124262 0.5397471629239322 0.5715607654972008 0.5448756991185745 0.5778984687621246 0.5495038903186175 0.5892396219730407 0.5527561327835125 0.6034160634866859 0.5553829440051585 0.6112548017354074 0.5588853589673533 0.6185931949895296 0.5638888089133457 0.6307682565247779 0.5717692425782838 0.6294340032058466 0.5738957088053305 0.6297675665355794 0.5766476062756264 0.6349377981464381 0.5765225200269766 0.637272741454568 0.5782737275080739 0.6389405581032321 0.5772730375188755 0.6472796413465529 0.5706434663404355 0.6514491829682132 0.5693926038539373 0.6504484929790145 0.5717692425782838 0.6579536678980032 0.5771479512702256 0.6686276944494538 0.5812757974756695 0.676799996027908 0.5797747624918717 0.6798020659955035 0.5806503662324203 0.6771335593576409 0.5870297649135606 0.6751321793792439 0.5902820073784557 0.6811363193144346 0.5922833873568527 0.6858062059306943 0.5901569211298059 0.6863065509252935 0.5877802824054595 0.6883079309036906 0.5860290749243622 0.6908096558766867 0.5850283849351636 0.696980577476744 0.5810256249783697 0.7014836824281373 0.5837775224486655 0.7043359663576042 0.5836007262405246 0.7057451126955999 0.5811674658273311 0.7085864679179514 0.5796533225838411 0.7097080555057219 0.5760642423029758 0.7112782781286004 0.57326027333355 0.7147178133977627 0.5729798764366074 0.7144187233743574 0.5758399247854218 0.7149421309153169 0.5774662267876889 0.7165123535381954 0.5775783855464659 0.7222698364887499 0.5778587824434085 0.7230923340531149 0.5807188307922229 0.7242886941467367 0.5835227997616488 0.7223446089946013 0.5835227997616488 0.717260078596709 0.584083593555534 0.7148673584094655 0.5804384338952804 0.712250320704668 0.5803823545158918 0.7082126053886947 0.5813917833448852 0.7062685202365594 0.5819525771387704 0.705969430213154 0.5845322285906421 0.7119650170113069 0.5907415938931307 0.7176540977448027 0.592134838154395 0.7257813559355114 0.592221915920724 0.7249686301164405 0.5907415938931307 0.7263618743777048 0.5899578939961695 0.7292644665886722 0.5925702269860401 0.7334441993724652 0.5916123715564209 0.7323992661765168 0.5895225051645244 0.736329592078188 0.5902131001780935 0.7376067326510137 0.5851625897310102 0.7398127027313489 0.5855109007963264 0.7427152949423163 0.5868170672912617 0.7489848941180057 0.5865558339922746 0.7489848941180057 0.583595189937088 0.7557189080474498 0.5817665568441786 0.7531646269017984 0.5761065020327923 0.7521196937058502 0.5693144362591288 0.7521196937058502 0.5653088590079939 0.7428313986307551 0.560867892925214 0.7355168662591173 0.5613032817568591 0.7355168662591173 0.5599100374955948 0.7327303777365887 0.556601082375092 0.7336592072440982 0.5563398490761049 0.7389999769122781 0.557036471206737 0.7431797096960711 0.55677523790775 0.7546739748515015 0.5518988829933249 0.7572282559971526 0.5530308939556022 0.7564155301780818 0.5554690714128147 0.7615240924693845 0.556514004608763 0.7654716178762999 0.5535533605535764 0.7720895281173054 0.5481545390411771 0.773366668690131 0.5450197394533324 0.7724378391826215 0.5402304623052364 0.7713929059866733 0.5354411851571402 0.7735988760670085 0.5347445630265082 0.7758048461473436 0.5367473516520755 0.782887171142104 0.5360507295214434 0.788111837121845 0.5332642409989148 0.7840482080264909 0.5283878860844897 0.7794040604889432 0.53012944141107 0.7774302977854853 0.5272558751222124 0.7791718531120658 0.5245564643660128 0.7771980904086078 0.5180256318913364 0.7782430236045562 0.5126268103789372 0.7797523715542592 0.5009583896908486 0.778707438358311 0.4897253578344051 0.7738310834438858 0.48389114749036083 0.7676775879566352 0.4763153818197361 0.7691785208247276 0.47136668535604465 0.7620216197984445 0.4600663153145453 0.7676718048191943 0.4548398941703517 0.7712502553323357 0.45314483866412686 0.7774654588551604 0.4507435100303082 0.7836806623779852 0.44622336201370844 0.7723802923364858 0.4376068298570651 0.7688018418233442 0.43153288095975917 0.765035051809511 0.42899029770042174 0.7669184468164276 0.4251764228114157 0.7723802923364858 0.4243288950583033 0.7789721748606937 0.4323804087128716 0.7857523968855934 0.42616520519004697 0.8034563099506091 0.42489391356037826 0.8149450194928002 0.4247526589348596 0.8177701120031751 0.4220688210500035 0.8153216984941836 0.4157123629016601 0.809483173972742 0.4127460157657665 0.7991245014347012 0.41260476114024774 0.8030796309492257 0.4093559047533166 0.8042096679533757 0.4049770113622355 0.7983711434319344 0.3967842430821485 0.7921559399091097 0.3987618078394109 0.7925326189104929 0.4003156087201171 0.7842456808800601 0.40610704836638545 0.7765237613517022 0.41175723338713527 0.7520396262617866 0.4109097056340228 0.7478961572465702 0.40907339550227917 0.7582548297846113 0.4027169373539357 0.7616449407970614 0.39579546070351734 0.760703243293603 0.39056903955932376 0.7550530582728533 0.38901523867861765 0.746954459743112 0.38364756290890545 0.7399858982175206 0.38322379903234915 0.7347123921981543 0.38717892854687397 0.7301922441815546 0.3928291135676237 0.7292505466780963 0.3989030624649296 0.7237887011580384 0.39932682634148586 0.7215286271497383 0.39367664132073615 0.726613793668413 0.3911340580613987 0.7337706946946961 0.38491885453857416 0.7296272256794797 0.38364756290890545 0.7252954171635715 0.3857663822916866 0.7217169666504301 0.38562512766616774 0.7153134236269135 0.3911340580613987 0.710228257108239 0.3991855717159672 0.7104165966089304 0.40582453911534805 0.7094748991054722 0.4109097056340228 0.7055197695909473 0.41147472413609776 0.7006229425729642 0.40992092325539153 0.6949727575522145 0.41062719638298534 0.6767038259851238 0.40850837700020415 0.6836723875107151 0.4045532474856794 0.6857441220183235 0.4024344281028982 0.6829190295079486 0.39551295145247983 0.6819773320044902 0.3907102941848425 0.6814123135024153 0.3854838730406491 0.6785872209920405 0.382800035155793 0.6616366659297913 0.37616106775641206 0.652973048897975 0.386613910044799 0.6435560738633922 0.39593671532903607 0.6412959998550923 0.3994680809670046 0.6428027158606255 0.4024344281028982 0.6341390988288094 0.40257568272841693 0.621143673281085 0.40893214087676033 0.6113500192451188 0.4087908862512417 0.607959908232669 0.40893214087676033 0.607959908232669 0.4072370853705355 0.6011796862077693 0.40469450211119806 0.5983545936973945 0.4052595206132731 0.5994846307015445 0.3993268263414859 0.5964711986904778 0.3962192245800735 0.5900676556669615 0.396501733831111 0.5896909766655782 0.3987618078394109 0.588184260660045 0.40427073823464194 0.5847941496475951 0.42023251091825986 0.5836641126434452 0.421221293296891 0.5733054401054041 0.4289902977004219 0.5682202735867293 0.43365170034254036 0.5677631925261517 0.4278969638517209 0.5694222156586402 0.4212090268488765 0.5702517272248844 0.41545429035805703 0.5682816372550543 0.41218808856597033 0.5724666696543155 0.4051645556374276 0.5737109370036819 0.40166505371733474 0.5711187133591686 0.3998764194026204 0.5648973766123367 0.40353145474138424 0.5605424408895544 0.4100638583255577 0.5579502172450411 0.41605189494438344 0.5533879036306978 0.41449656075767544 0.5532842146849172 0.4126301597336258 0.5513141247150871 0.41154142580293035 0.549344034745257 0.4116191925122657 0.5469591889923048 0.41519646114169406 0.547581322666988 0.41900702989912864 0.5449890990224747 0.42320643220324006 0.5387182114407282 0.426898452744957 0.5290930349504499 0.4278828457950991 0.5257388067795953 0.43346107307923765 0.5255929707721668 0.4372892682742348 0.5270513308464514 0.44133621748037444 0.5398848995001558 0.4416643484970885 0.5375515233813005 0.43488297415166516 0.5448433237527235 0.4316016639845248 0.5460100118121511 0.4386017923410908