0 0.24793686486543362 0.4086658976681315 0.24308888939806683 0.4106237339145682 0.23682831496018905 0.4102545640170367 0.22921171958688263 0.4067494799621674 0.2270219145841957 0.4019354204507408 0.2287835736764553 0.39913851152726004 0.2261090447282587 0.39636512534321505 0.22658462426896434 0.39132506234255054 0.22472001831997704 0.38324737288953803 0.22668035704697936 0.37873897218688674 0.23302001727353583 0.37006855452409615 0.23115541132454864 0.3689497909547039 0.22124395986706524 0.3720263907705328 0.22220530276941003 0.3613981368613057 0.2169844061122458 0.35300741009086317 0.21810316968163812 0.3496511193826861 0.21623856373265096 0.34629482867450917 0.21213643064487905 0.3460151377821611 0.20542384922852505 0.3412603926122438 0.2031863220897404 0.33231028405710505 0.21288227302447393 0.33007275691832044 0.21586564254285348 0.32391955728666255 0.21810316968163812 0.32391955728666255 0.22593451466738446 0.32867430245657997 0.22630743585718188 0.3228007937172703 0.23003664775515634 0.3180460485473528 0.22668035704697936 0.31524913962387197 0.2307824901347512 0.3093756308845624 0.23003664775515634 0.3035021221452525 0.2333929384633333 0.298187995190639 0.22779912061637167 0.2959504680518543 0.23637630798171286 0.29455201359011396 0.24868270724502847 0.29483170448246204 0.2691933726838878 0.2993067587600314 0.2848560626553805 0.3043411948222968 0.30350212214525263 0.31608821230091627 0.3143168366493785 0.3264367753177953 0.3214023392555299 0.3373447201193705 0.32401278758411195 0.34713390135155336 0.3255044723433017 0.36279659132304604 0.32625031472289673 0.37845928129453865 0.31879189092694776 0.39272351680429085 0.30835009761261944 0.40782682499108736 0.297908304298291 0.417056624438574 0.2938061712105191 0.4215316787161434 0.290799067212992 0.4215849949555892 0.27986910041493507 0.42703305852124496 0.27288350116014165 0.4250415892059544 0.26649156619997927 0.4200735458714937 0.2627383570441195 0.4163631978220346 0.2562990704511668 0.41366732534138073 0.2501432522728659 0.4113895948259307
15 0.35710889599867923 0.4183175523271218 0.3471888650187698 0.40641351515123053 0.34492142936621906 0.3925963291434995 0.3435165013614347 0.37285145011630966 0.3440833602745723 0.3696628687299102 0.337564482773489 0.35967198038585857 0.3284947401632861 0.3373519106810624 0.32140900374906506 0.31588212934597276 0.3131895495085687 0.2954752084730162 0.3143232673348441 0.29058605034720375 0.32566044559759777 0.28357117129712495 0.36137255712527167 0.2744305713227798 0.39396694463068826 0.2669905480878478 0.4180584484390397 0.2644396829787282 0.4321246796552514 0.2702695891522387 0.43520506259103164 0.2784839436476525 0.43965450460938077 0.29285906401462664 0.4461575352515833 0.30723418438160083 0.4523183011231437 0.3249463862623368 0.45916359653598854 0.34188849240912783 0.4630842346789531 0.34962346321105 0.4647955585321643 0.356040927660592 0.4606883812844574 0.3642552821560058 0.45418535064225485 0.36836245940371265 0.44460193706427215 0.37015934944958445 0.43844117119271175 0.37349643096334634 0.43467625871564697 0.37400982811930966 0.423381521284453 0.3842777712385768 0.4086641361468367 0.39659930298169754 0.39600033963307374 0.3973693987156427 0.3853901317431642 0.39993638449545943 0.3710150113761901 0.40224667169729467 0.3658810398165564 0.4053270546330747 0.3631429216514185 0.41405480628445196
19 0.5981463845674383 0.34481360035484065 0.6154056226278269 0.33459431466118944 0.6263061940343883 0.31994667183362274 0.6356439396994168 0.3051194316811456 0.6499240987486045 0.2780476004896527 0.6667291463337197 0.24977424340388427 0.6749045748886409 0.2334233862940424 0.679014760533714 0.20642957101175446 0.6685683796024261 0.1747497853614358 0.655396855819498 0.1573769996822287 0.6335957130063753 0.14170742828529687 0.5972604749845043 0.126037856888365 0.566375522665914 0.11990628547217426 0.5055139989792801 0.12126885689799441 0.4678161895315889 0.13216942830455572 0.4460150467184663 0.14375128542402707 0.4264848562817107 0.16282728538550933 0.4160384753504227 0.18803485676318238 0.3869702849329259 0.18565035676799707 0.36698590402089687 0.18871614247609242 0.3519976183368751 0.19791349960037855 0.3479099040594147 0.2077921424375747 0.34745571358414123 0.22073657098286625 0.3524518088121485 0.2350435709539779 0.3619898087928896 0.24390028522180898 0.3756155230510913 0.2510537852073648 0.4178552372515163 0.26161371375747106 0.4260306658064373 0.2650201423220215 0.43420609436135826 0.2708110708817572 0.4414731419657325 0.29295285655133485 0.44556085624319297 0.3035127851014411 0.4519195228970203 0.3181604279290078 0.4537362847981139 0.3219074993500132 0.46418266572940176 0.3467744278712312 0.4891631418694381 0.3498402135793266 0.5177771418116615 0.3491589278664165 0.5345821893967768 0.3498402135793266 0.552295617932439 0.3505214992922367 0.5786386654982955 0.35018085643578156 0.5899934273801302 0.3494995707228716
12 0.6307631542788219 0.3519785302024166 0.6301792430538727 0.3205393100944335 0.6328481128834267 0.3124973876957976 0.6383018194749766 0.3020262710400222 0.6455007121758221 0.2951546007346696 0.6588077562592032 0.287301263242838 0.6764777656158243 0.28108403772847135 0.6919662923358255 0.27993875934424595 0.7078911155831507 0.28157487132171083 0.7229433457758278 0.2848470952766406 0.7334144624316032 0.2894282088135424 0.7390863172868148 0.2933548775594582 0.7467215065149843 0.2995721030738248 0.753047806161182 0.30677099577467043 0.7587196610163938 0.3164240564417134 0.7615555884439995 0.3254226723177704 0.7598104023347038 0.3391660129284756 0.7506481752609001 0.35061879677073 0.7414859481870967 0.3565087998896036 0.7198892700845598 0.35536352150537825 0.6777866551977964 0.3525821311436878 0.646591453494132 0.3512732415617159
2 0.8249670150720764 0.35269999828065024 0.8240374269879531 0.33139512952412836 0.82328829165129 0.3064863795800799 0.8217900209779638 0.2969349040376252 0.8172952089579851 0.2926273758518123 0.7935725899636533 0.2911291051784861 0.7919848432196207 0.28650007905244795 0.7844700239379787 0.2834871552269163 0.7712765561773939 0.28499038994680104 0.7454244364739576 0.288887694424706 0.7462038973695385 0.29794892733583506 0.7506208424444974 0.30291799054516394 0.7533489555790311 0.3064255645752784 0.7556873382657741 0.3099331386053929 0.7593248224451519 0.31577909532225035 0.7625725761767392 0.3251326260692223 0.7608837442363139 0.33955265263747064 0.752309674384923 0.350367672563657 0.748152549608491 0.3560187640566192 0.7575060803554627 0.3566033597283049 0.7646511385649554 0.3577725510716764 0.7777720636405688 0.3597212033106289 0.7902434379698647 0.3607929620420528 0.7981679570749382 0.3612801251017909 0.816875018568882 0.36118269248984336
4 0.24859350299579483 0.5406044184158938 0.23514563189092186 0.4832588537758283 0.23668253144576445 0.47663097444556946 0.24936195277321616 0.4702912637818436 0.28471064253459655 0.4676977457830467 0.3269753802927688 0.4636633844515849 0.3765403909364434 0.45905268578705694 0.3892198122638951 0.46222254111891986 0.3945989607058443 0.4671214084499807 0.4026676833687681 0.4965146124363459 0.4111206309204026 0.5328238644195031 0.40921287862323297 0.5373570753961416 0.40095327100879724 0.5392932255640425 0.38057332574205177 0.540456211571112 0.33338932202665184 0.5452742964575438 0.3150030670577401 0.5467695641809192 0.2972813755214397 0.5464372824646135 0.2775659936873055 0.5462711416064606 0.2565214849879487 0.5459388598901551 0.25186954095966985 0.545938859890155
6 0.25395349763704633 0.68062698858969 0.24813883791294522 0.6753937948379991 0.24154889022563064 0.664927407334617 0.2268184189245745 0.6503907580243642 0.2217790471636869 0.6442853653140581 0.22371726707172057 0.6375985066313419 0.23650951846474302 0.6262599201693447 0.2655361274006171 0.6157724647823071 0.30817696537735856 0.5994914175548239 0.33066031631054954 0.5907694279686724 0.3422896357587517 0.5855362342169814 0.35508188715177413 0.5866991661618016 0.37175057836086395 0.5951304227617482 0.3919623605504669 0.6179912146488462 0.382766001263698 0.6178097075576598 0.3764737554359088 0.623436427384433 0.3630141823724561 0.6294665922338388 0.3540598325406022 0.6405385247961988 0.33929725579078895 0.648706343899579 0.3187264521230164 0.6534255282704209 0.3126762157501421 0.6521549786321172 0.3020277997338834 0.6572371771853317 0.2916213931725397 0.6592337551883802 0.27831087315221625 0.6668570530182018 0.27395470296374685 0.6724837728449748 0.2659683909515527 0.679018028127679 0.2606617520163215 0.6820440975862724
9 0.39258404267319547 0.8145076363352451 0.40092421960403724 0.7865829367900158 0.4095622599966948 0.7772002377428189 0.4229661157784048 0.7358716824158796 0.432199883094694 0.7253719953868734 0.4319020196328782 0.6909687655471511 0.4330934734801414 0.6820328616926777 0.43994433310190423 0.6708629818745862 0.43756142540737797 0.6637142587910073 0.45930545811992973 0.6478530294493171 0.4998148889268756 0.6786818977472504 0.5230482389485063 0.6786818977472503 0.5525367216682683 0.6838200424635724 0.5870888832388985 0.6885113919871709 0.6264068601985812 0.6920857535289603 0.6234282255804234 0.7050428141179466 0.5969183774788192 0.7215742362487222 0.5882803370861617 0.7430204054994582 0.5829187947734776 0.7644665747501943 0.5805358870789513 0.7774236353391807 0.5683234851445046 0.7856893464045684 0.5957269236315561 0.8191989858588435 0.5954290601697403 0.8232201425933564 0.5430050908901634 0.8366239983750667 0.49802770815598085 0.8294752752914879 0.4718157235161924 0.827911492116955 0.42683834078200994 0.822549949804271
3 0.6984319755373725 0.4218476401743424 0.7078539881666424 0.40823806637650795 0.7144842933502027 0.4074528986574022 0.7176249642266259 0.396983995735991 0.7256511231330413 0.3954136602977794 0.7601985027736978 0.39410504743260305 0.7786935646015242 0.3959371054438499 0.780089418324379 0.4090232340956138 0.7769487474479555 0.4150428532754253 0.7549640513129923 0.41766007900577795 0.7535681975901375 0.42080074988220134 0.7556619781744197 0.4231562530395189 0.7511254535751415 0.4268203690620127 0.7486827095601456 0.43912132999467074 0.7148332567809164 0.44487922660144685 0.7001767926909408 0.4420002782980588 0.7057602075823601 0.43885960742163554 0.7068070978745012 0.4312696528036124 0.714135329919489 0.42472658847773054 0.7120415493352068 0.4215859176013072
3 0.6695728736086497 0.49599133969872505 0.66603371259317 0.493005172591914 0.6638217369584951 0.49648903421652685 0.6651489223393001 0.5051157391917586 0.6764299980761418 0.5112539715779812 0.684393110360971 0.511751666095783 0.6943470007170076 0.5095949898519752 0.7071764593981215 0.5213737601066185 0.7177939424445605 0.5210419637614172 0.7206695107696379 0.5177240003094051 0.7213331034600404 0.5047839428465574 0.7160243619368208 0.501963673912347 0.7104944228501338 0.5026272666027495 0.7025313105653045 0.5021295720849476 0.6972225690420848 0.5029590629479507 0.685277900614841 0.5022954702575482 0.6784207761473489 0.5046180446739568 0.6726696394971945 0.5032908592931519 0.6669185028470399 0.5027931647753501 0.6655913174662351 0.49897750680553604
3 0.6472818277988059 0.5501084561798286 0.6418773268589341 0.5521351440322805 0.6438045978825501 0.5743232178417311 0.6721848043965644 0.5892594931004054 0.6841197439721146 0.5821660856168236 0.6847953065895986 0.5733837715895317 0.6929020579994066 0.5693303958846279 0.7055125601924409 0.5679792706496598 0.7109170611323128 0.5698370678477408 0.7129437489847648 0.5595347379311101 0.7102414985148288 0.5514279865213022 0.7037110598791503 0.5465301575445434 0.6976309963217945 0.5470368295076563 0.678715243032243 0.5404500939871875 0.6690321788483058 0.5414634379134134 0.6681314286916604 0.5451790323095753 0.6521431134112062 0.5524413304475282 0.6492156754021089 0.5507524239038182
16 0.6491860348934508 0.5500260297099686 0.6484023776779833 0.5480133034573113 0.665030468092121 0.539473333108746 0.6682837901296697 0.541506659382214 0.6680712326867854 0.5447644399530844 0.6521783969217112 0.5520716952790571
1 0.7722964606645619 0.6450339991036145 0.7620437212456155 0.6470652021960472 0.7628175128998756 0.6514177802512603 0.7684275023932614 0.6499669208995226 0.7833229917377683 0.6525784677326505
1 0.8175108827257971 0.6238695212472067 0.8035826329491152 0.618646427580951 0.778821300012792 0.5891939827406759 0.7823033624569625 0.5845512328151153 0.7871395602960881 0.5693172096218695 0.7904281748266936 0.5572750770024467 0.7774671646178369 0.5302890930601257 0.7747588938279264 0.5302890930601257 0.7726309667787112 0.5266619446807815 0.747869633842388 0.5342064133098174 0.7441941234846525 0.5327555539580797 0.7397448214726571 0.5286931477732142 0.7438072276575225 0.5272422884214766 0.7441941234846525 0.5237602259773061 0.7567682378663793 0.5196978197924406 0.7660537377175005 0.5189723901165717 0.770889935556626 0.5185371323110504 0.7755326854821867 0.5204232494683094 0.7846247374197429 0.5172313588944865 0.7985529871964248 0.5186822182462241 0.8227339763920528 0.5297087493194307 0.8262160388362233 0.5350769289208602 0.8178977785529272 0.5410254522629846 0.8126746848866715 0.5445075147071551 0.8142222681951917 0.5485699208920206 0.8057105599983306 0.5553889598451878 0.8016481538134651 0.5580005066783157 0.7985529871964248 0.5575652488727944 0.7975857476285995 0.5754108188991679 0.8196388097750124 0.6018164591007938 0.8289243096261336 0.6187915135161248 0.8258291430090933 0.6229990056361642 0.8198322576885775 0.623724435312033
1 0.6322724880743255 0.6122492424105831 0.630988946685624 0.600504838703965 0.6356096956849491 0.597809401787692 0.6469048599055217 0.5983869954126076 0.6445944854058593 0.5904932158720938 0.658713440681575 0.5858724668727687 0.6666713972915238 0.5885679037890417 0.6687250635134461 0.5937662464132825 0.6851543932888245 0.5831770299564956 0.685667809844305 0.5735504695412349 0.6931038814879801 0.569763423080841 0.705255752623615 0.5683612841036525 0.7130843619129181 0.5712531957441039 0.7179918483330784 0.57607304847819 0.7183423830773755 0.5805423664679787 0.7179918483330784 0.583083743364133 0.7158886398672955 0.5858880213185105 0.71765791275168 0.5875970399697555 0.7173757127401701 0.5897135400560806 0.71652911270564 0.5903484900819781 0.7132838125732749 0.5895018900474481 0.7152592126538451 0.5942640152416795 0.717234612734415 0.5922533401596707 0.7203388128610251 0.5917242151380895 0.7223142129415954 0.5887611150172343 0.7269705131315104 0.5879145149827043 0.7323323133502007 0.5882319899956531 0.7345899134422809 0.589078590030183 0.7382352301101871 0.5913501241192267 0.737670830087167 0.5934666242055517 0.7371064300641471 0.5956889492961931 0.7427504302943473 0.5949481742659792 0.7435970303288774 0.5987578744213644 0.7441614303518973 0.6012976745249545 0.7414805302425522 0.6024617495724335 0.7410572302252872 0.6062714497278187 0.737670830087167 0.6096578498659387 0.735131029983577 0.6142083250515377 0.732167929862722 0.6157957001162815 0.7273705296670517 0.6162190001335465 0.7286404297188469 0.6190762752500852 0.7239841295289317 0.6233092754227356 0.7196100293505264 0.6270131505738044 0.7122728290512661 0.6280714006169669 0.7040890287174758 0.6290238256558132 0.6967518284182155 0.6315636257594032 0.6944942283261356 0.6300820756989757 0.6896968281304653 0.6308228507291894 0.6854638279578152 0.6295529506773944 0.6823596278312052 0.6312461507464544 0.6786910276815749 0.6308228507291894 0.6758690275664747 0.6291296506601294 0.6714949273880697 0.6313519757507707 0.6668386271981546 0.6324102257939332 0.6624645270197494 0.6316694507637195 0.6606302269449345 0.6308228507291894 0.6582315268470993 0.6292354756644457 0.6548451267089791 0.6289180006514968 0.652023126593879 0.6279655756126507 0.6503299265248191 0.6242617004615817 0.6455325263291488 0.621086950332094 0.6415817261680086 0.6197112252759828 0.6389008260586634 0.6196054002716666 0.6380542260241334 0.6182296752155552 0.6390419260644185 0.6157957001162814
3 0.6313914461070771 0.6112162283105943 0.6308873335139984 0.6046375589709181 0.6184453291888694 0.6046326441385147 0.617840394077175 0.6056156636950181 0.6173362814840964 0.609320891254146 0.6190502643005636 0.6077329365859483 0.6221757623776513 0.607506085919063 0.6262086631222803 0.6114381641450762
3 0.6895237931964837 0.652075817584247 0.6896977240858098 0.6493364060773592 0.6968288905481846 0.6447707202325461 0.7093519145796721 0.6419008605586636 0.7305714830774703 0.6387701045507916 0.7573568400337074 0.6415095160576795 0.7601397342629268 0.6472492354054447 0.7595561936875806 0.6508059051363646 0.7479028241027242 0.6561542799831459 0.7266832556049259 0.6569369689851139 0.7045940326604968 0.658763243323039 0.690331699735747 0.6568065208181192
16 0.6706278147020774 0.6334190280212192 0.6753487959837888 0.6308100646813259 0.6825545042558752 0.6321145463512726 0.6852877039452869 0.6306237101570479 0.6898844509414331 0.6316916645438042 0.6934130573182965 0.6309197818988653 0.6957654615695386 0.6323532782394661 0.7029696995889675 0.6304787061017574 0.712379316593936 0.6290452097611567 0.7162019735022046 0.6287144029133258 0.7170841250964205 0.6312505887466963 0.7113501397340175 0.6370948430583759 0.7063512807001281 0.641064525232347 0.7029696995889675 0.6426082905222246 0.6932660320525937 0.6442623247613792 0.6851796424389489 0.6448136695077641 0.6823861623905989 0.6417261389280088 0.6845915413761383 0.6389694151960845 0.6904725520042437 0.6383078015004227 0.6892963498786228 0.63621269146416 0.676358126496791 0.6346689261742824
3 0.6721733536584196 0.6350394795518677 0.66593000233189 0.6325518942577035 0.6594915462764064 0.6315275944306947 0.6577356037158197 0.6294789947766772 0.6520775665761525 0.6290400091365307 0.6497363098287038 0.6253817954686423 0.6370545024466905 0.6199676392401673 0.631591570035977 0.620406624880314 0.6208608099435043 0.6234795243613401 0.6153603151210764 0.6315540076242626 0.6091169637945467 0.6226279662746148 0.6145798962052601 0.6227742948213304 0.6149701056631682 0.6213110093541749 0.6069708117760522 0.6182381098731488 0.6026785077390631 0.6160431816724157 0.6077512306918684 0.6129702821913894 0.6087267543366387 0.6123849680045271 0.6075561259629143 0.6063854975891901 0.6034589266548792 0.6025809553745861 0.6054099739444198 0.5978984418796889 0.5896064908991416 0.5774124453395135 0.5531219065847341 0.5777051024329446 0.5425862512212154 0.5913136572774896 0.5540974302295044 0.6087267543366387 0.5601456768270799 0.611799653817665 0.5410254133895831 0.6224816377278993 0.5412205181185371 0.6295054079702452 0.5546827444163667 0.6441382626417991 0.5652183997798854 0.6511620328841449 0.5693155990879205 0.6448699053753767 0.5720470652932771 0.6390167635067552 0.5788757308066689 0.638431449319893 0.5810218828251634 0.6407727060673416 0.575754055143404 0.6521863327111536 0.5751687409565419 0.6543812609118866 0.6067757070470983 0.6523326612578692 0.6085316496076847 0.6496987474169894 0.6171162576816629 0.6482354619498341 0.6241400279240087 0.6510157043374292 0.6266763894004114 0.6529179754447313 0.6350658927454355 0.6508693757907138 0.6463819670247705 0.6495524188702739 0.6518448994354838 0.6513083614308602 0.6563323082014272 0.6530643039914468 0.664526706817497 0.6466258479359631 0.6713553723308892 0.6382851207731775
16 0.5746409598489793 0.6541285730619122 0.5700592316803844 0.6557814623099383 0.5652442420539525 0.6519179860044093 0.5722598422302702 0.6394630755648073 0.5787426120134498 0.638597226175958 0.580341103192864 0.6407285477485103
16 0.5307734207398832 0.5180001666865997 0.5315833496626807 0.5116725969772451 0.5326632548930772 0.5063068178637125 0.5392776744292558 0.5037251694222957 0.5427873664280444 0.504940062806492 0.5464995406575325 0.5066611617674364 0.5493342918873232 0.5105589447083987 0.5455546235809354 0.5132924548228398 0.5469045051189312 0.5156210004758823 0.5373878402760619 0.5229609813387336
16 0.6355007913330791 0.6194120180309609 0.6376401806024039 0.6178074760789672 0.6378778905212178 0.6162029341269736 0.63157857767265 0.6121915792469894 0.6276563640122211 0.6121915792469894 0.6221890358795019 0.6078236594887845 0.6196930817319563 0.6080019419278948 0.6188610970161076 0.6090716365625573 0.6167217077467828 0.6095173426603332 0.6170782726250036 0.6067539648541219 0.6180291123002591 0.6045254343652419 0.6306277379973946 0.6040797282674659 0.6300334632003599 0.6007815031439233 0.6357551778677153 0.5973353122394224 0.6459636946139936 0.5978909941537248 0.6439241716419218 0.5901900367246953 0.6578516510606539 0.5856947348763231 0.649482574037325 0.580578345351557 0.6430123632293733 0.5763586426507188 0.6420980943108584 0.5707147902883478 0.6319004794504998 0.5709785217071504 0.6281730753980928 0.5680774761003241 0.6217731929684884 0.5656511470473423 0.6192413713479855 0.5633303105618813 0.6214918794550992 0.5615369369140252 0.6221248348602249 0.5577919507670314 0.6246566564807278 0.5583194136046361 0.6265555226961048 0.5596908169824085 0.6297906281000808 0.5609039815088994 0.6311268672886795 0.5591633541448038 0.6281027470197456 0.5573699804969476 0.6267665078311468 0.5556820994166123 0.6304235835052064 0.5550491440114866 0.6296499713433862 0.5527283075260256 0.6235314024271709 0.5515678892832953 0.6216325362117938 0.5492470527978343 0.6142480564853272 0.546767977461092 0.6124195186482974 0.546767977461092 0.6106613091896148 0.5481393808388643 0.6089030997309323 0.5497217693516786 0.6048240537867888 0.5476119180012596 0.600384708035978 0.551941426888156 0.6078375205202583 0.5550612088583199 0.6054110234323531 0.5592209181518716 0.5963983199629909 0.5607808091369535 0.5936251804339563 0.56325063653 0.5868656528319346 0.5636406092762704 0.5813193737738656 0.561430763714071 0.5809727313327362 0.5577910180822132 0.5788928766859602 0.5555811725200138 0.5624273607323177 0.5522014087190029 0.562254039511753 0.5492116176642625 0.5548012270274727 0.5467417902712162 0.5548012270274727 0.5442719628781698 0.561214112188365 0.5407622081617355 0.557747687777072 0.5379024080224186 0.5418021354851233 0.5431020446393583 0.5407622081617355 0.5462218266095222 0.5376424261915717 0.5446619356244403 0.5357358927653604 0.5471317630174867 0.5381623898532655 0.5512914723110385 0.5360825352064896 0.5561011361817078 0.5418021354851233 0.561690745544918 0.5414554930439941 0.5665004094155873 0.5386823535149595 0.5688402458932101 0.535389250324231 0.5720900187787975 0.536429177647619 0.5752098007489613 0.5348692866625371 0.5771596644803137 0.5400689232794769 0.5780696008882782 0.5433620264702053 0.5789795372962426 0.5416288142645588 0.5810593919430185 0.5452685598964165 0.5836592102514885 0.5475217357637572 0.5836592102514885 0.5523747299395675 0.5774196463111607 0.5901587560226632 0.5770296735648902 0.6061043083146118 0.5975682382018024 0.6040690673743707 0.6024690492787266 0.6079662309136944 0.6063918520518615 0.6091969141366387 0.6126221858680172 0.6037613965686346 0.6160834824325481 0.615239054536916 0.6211104390797129 0.6188285472705036 0.621802698392619 0.6204694582344293 0.6229564639141294 0.6295970254712664 0.6205720151696748
5 0.6073769044782179 0.5551765212127803 0.6051887693451944 0.5590275819040049 0.5963116690329974 0.5603301068116843 0.5928184358693054 0.5629553844678515 0.586979978017257 0.5628226922439413 0.5822030579564901 0.5608323088852885 0.5811415201652087 0.5568515421679827 0.5777799838261504 0.5539323132419586 0.5783107527217912 0.5519419298833058 0.5786645986522183 0.5498188543007427 0.5747722934175195 0.5486246242855509 0.5630953777134227 0.5381419385966459 0.561679993991714 0.5334977107597892 0.5652688738574119 0.5234708233257019 0.5755304058398 0.5078131409042994 0.5896842430568869 0.49719776299148416 0.602953465447906 0.4956054563045619 0.6128611514998669 0.49454391851328033 0.6162226878389251 0.49600353297629246 0.6186996093519153 0.49786122411103517 0.617991917491061 0.4993208385740472 0.6236534523778957 0.5022400675000714 0.6234765294126822 0.5091400631434013 0.6240072983083229 0.5132535220846173 0.6238303753431094 0.5189592877127555 0.6195842241779832 0.5258592833560853 0.6172842256302066 0.5224092855344205 0.6121534596390126 0.5208169788474981 0.6103842299868767 0.5247977455648039 0.6086150003347408 0.5297073578494809 0.608968846265168 0.5335554323428764 0.6103842299868767 0.5356785079254395 0.6057842328913233 0.5464265780621649 0.6040150032391876 0.5477535003012667 0.6000179716342666 0.5519847764089824
16 0.6187793365364853 0.5264140998053093 0.6167920160395798 0.5228233729984005 0.6125463767961907 0.5211296339385378 0.6098363943004106 0.5268883467420707 0.6104687235494259 0.5296660788002455 0.6100170598001292 0.5321050630464478 0.6124387663228003 0.5382608359788708 0.6230673754957662 0.5354079620880916 0.6305564525278137 0.5295092312288924 0.6270640116998687 0.528083690767853 0.6209473225331096 0.529056332738695 0.6220313155314215 0.5270915954292543 0.6217603172818436 0.5260753519933368 0.6198633295347974 0.5258043537437588
1 0.6423218490333609 0.5700592202025417 0.6322056493228727 0.5704002156984009 0.6283410337031357 0.5675870028575629 0.6227714406041027 0.5657967765043024 0.6201571418025159 0.5631540614113939 0.6218621192818117 0.5617900794279573 0.62254411027353 0.5585506222172953 0.6244764180833985 0.5586358710912601 0.6292503550254267 0.5611080884362389 0.6309553325047225 0.5603408485705559 0.6315558381551546 0.5592528005872718 0.6284026647787382 0.557255280559979 0.6272087447624252 0.5558088005402151 0.6306374381426062 0.55509704053049 0.6299027181325673 0.5526862404975503 0.6238079018566641 0.5514073675340943 0.6218486484965611 0.5491802475036642 0.614101184914984 0.5465085859957797 0.6121011564258505 0.5464519814158986 0.6096105549110805 0.5484614440016788 0.6064406984377368 0.5470180272147099 0.6104407554160038 0.5365178776467591 0.6110822739879901 0.539348106640816 0.615082330966257 0.5388669677118262 0.6184616397812976 0.539186925657766 0.6261159652158369 0.5358456876794472 0.6295265424292776 0.532297587191271 0.6350274734186981 0.5285844587734122 0.6432788699028288 0.528006861019523 0.6536206201629392 0.5261090398281729 0.6542807318816696 0.5214057438322184 0.6573612532357451 0.5196729505705511 0.6578013277148987 0.5194254086760272 0.663842294509653 0.5195173528047105 0.6670473032657533 0.520968677524454 0.6707360869284347 0.5189277521373147 0.6710989181083704 0.5165693494677315 0.6717641086049195 0.5143470084906243 0.6702523120218534 0.512306083103485 0.6751683539973348 0.5110477169396753 0.6758940163572066 0.5116826715045631 0.6850857395822487 0.512408333864435 0.6875774271750735 0.5154923988938898 0.6955498401763855 0.5227730878259705 0.6986351393255003 0.5270308006517487 0.699005375223394 0.5314736314264736 0.699005375223394 0.5358239032267252 0.6997458470191815 0.538137877588561 0.6967839598360315 0.543413739133547 0.6925879529932356 0.5421179134909189 0.6887621820483338 0.5428583852867064 0.6872812384567585 0.5420253545164454 0.6837022914437858 0.5410997647717111 0.6779019290434504 0.539803939129083 0.6685226196301421 0.5409146468227641 0.6649436726171694 0.5387857904098752 0.647542585416163 0.5476714519593251 0.6482830572119507 0.5492449545253735 0.641125163186005 0.551466369912736
16 0.6347077409558466 0.5280489493709565 0.6401378674582883 0.5249945032133331 0.6396442195944299 0.5229582057749175 0.6348311529218111 0.5239763544941253 0.6318692657386612 0.5240689134685986 0.6302649101811216 0.5226805288514972 0.6363120965133862 0.5204591134641346 0.6448275221649423 0.5134246314041535 0.6521088281568527 0.5148130160212551 0.6528492999526402 0.5178674621788785 0.6565516589315776 0.5183302570512456 0.6588964862849047 0.5158311647404629 0.6601306059445505 0.5122213647359988 0.6569218948294714 0.5065752672931191 0.6613647256041965 0.5068529442165395 0.6671650880045317 0.5085190057570612 0.6730888623708318 0.5103701852465301 0.669139679459965 0.5119436878125785 0.67062062305154 0.5142576621744144 0.6703737991196109 0.5183302570512456 0.6670416760385671 0.5206442314130815 0.6644500247533109 0.5190707288470331 0.6582794264550819 0.5188856108980862 0.6535897717484276 0.5211070262854487 0.6532195358505339 0.5257349750091206
16 0.6279906039512029 0.5019340958588081 0.6195280691422029 0.49836396398626126 0.6168835270143905 0.4938682423689801 0.6181176466740363 0.492149289985902 0.621643702844453 0.4925459713050738 0.620585885993328 0.49122370024116757 0.6256986674404321 0.48633129730471447 0.6353953219090779 0.4836867551769021 0.6406844061647028 0.48051330462352704 0.6417422230158277 0.4764142643254177 0.639450286505057 0.474563084835949 0.6420948286328695 0.4716540884953553 0.6408607089732237 0.4666294584525116 0.648970638165182 0.4620015097288398 0.6507336662503902 0.46570386870777725 0.6475602156970153 0.4716540884953553 0.647736518505536 0.47601758300624586 0.6473839128884944 0.4776043082829334 0.6491469409737027 0.4815711214746521 0.652144088718557 0.4824967112193865 0.6495944104254796 0.47969217869866554 0.6528418964095688 0.47616543141565243 0.6640956619826164 0.4762043000167775 0.6704795808047234 0.4713896342825741 0.6759449678688693 0.46557164160138664 0.6875809532312442 0.4650427331758241 0.6898728897420149 0.46305932657996485 0.6865231363801191 0.46067923866493354 0.6865231363801191 0.45829915074990224 0.6847601082949107 0.45472901887735545 0.6784132071881609 0.4542001104517929 0.6738293341666193 0.4560512899412616 0.6704795808047234 0.4564479712604335 0.6699506723791608 0.44983661594090235 0.6710084892302859 0.44666316538752737 0.6674808709784206 0.4442129597023657 0.6646186198179138 0.4414557220191627 0.6628019455152563 0.43710257906431565 0.6501110108063396 0.4263874972023288 0.6553175392719319 0.42365564887555884 0.6537308139952445 0.42061442542857447 0.6514388774844736 0.4195566085774495 0.6533782083782029 0.4171765206624183 0.652144088718557 0.4138708430026527 0.6465023988458902 0.41043293823649646 0.6375109556113279 0.40977180270454333 0.6246408505893072 0.4073917147895121 0.6193517663336823 0.407788396108684 0.6149441961206613 0.40871398585341834 0.6033082107582864 0.4085817587470277 0.6034845135668073 0.3977391360229966 0.6006636686304739 0.38835101146926226 0.6043660276094115 0.3867642861925748 0.6165309213973489 0.3872931946181373 0.6212910972274114 0.3862353777670123 0.6327507797812654 0.38914437410760605 0.6390976808880153 0.3920533704481997 0.6435052511010362 0.39139223491624664 0.6553175392719319 0.3875576488309186 0.6607829263360777 0.3884832385756528 0.6674824330598692 0.39271450598015284 0.6752397566347859 0.39139223491624664 0.682291868975619 0.39311118729932476 0.6826444745926608 0.3949623667887935 0.6845838054863899 0.3969457733846528 0.6921648262527856 0.39707800049104347 0.6956908824232022 0.39919363419329346 0.6976302133169312 0.3994580884060747 0.6981591217424937 0.3972102275974341 0.7029192975725563 0.39681354627826226 0.7090898958707854 0.39681354627826226 0.7159657054030979 0.4001192239380277 0.7139049459847677 0.40693309464745087 0.7075896441791127 0.40782340975163156 0.6980070416776583 0.4220805845899799 0.7117772486223195 0.42176007115247477 0.7135341370945696 0.4246446920900203 0.7062691658444551 0.4310905734442884 0.7054619468166646 0.43849799511107174 0.6997639301499082 0.4419524177152929 0.7133442032056777 0.4454424529236811 0.7075512195944753 0.44996525365291906 0.714818933487649 0.45403508558372074 0.7159211715972025 0.45940849636779374 0.721799774848154 0.45995961542257047 0.7234531320124842 0.4625774309327598 0.7392518782494166 0.4493505736181187 0.7432934179844459 0.4483861152722595 0.7469675450162907 0.45362174629263824 0.7495394339385819 0.45486176416588586 0.7603605892402723 0.4498509284614922 0.768627375061923 0.45329542255384664 0.7732200338517291 0.45329542255384664 0.7734037402033213 0.4494375891704097 0.780935700618603 0.4538465416086234 0.7831401768377098 0.4585310535742255 0.784242414947263 0.46597116081371115 0.7877328356275156 0.4676245179780414 0.7879165419791079 0.46886453585128884 0.7847935340020398 0.4734112680531968 0.7893861927918457 0.4739623871079735 0.7948973833396128 0.47010455372453647 0.8016945183485257 0.47038011325192486 0.8033478755128559 0.4741001668716676 0.7978366849650886 0.4844336491487311 0.7921417880657292 0.48484698843981355 0.7882839546822923 0.48388253009395427 0.7814868196733794 0.4847092086761194 0.7838750022440787 0.4961449290627363 0.7879165419791078 0.49242487544299335 0.7952647960427973 0.49256265520668757 0.7945299706364284 0.49834940528184307 0.7908558436045836 0.5002783219735616 0.7939788515816517 0.5026205779563625 0.7936114388784671 0.5107495840143191 0.7987552167230498 0.5173630126716396 0.7855283594084086 0.5165363340894745 0.7765267481803891 0.5192919293633581 0.7711992639842141 0.5179141317264163 0.7605442955918643 0.5187408103085814 0.7456104261849168 0.5142417436908564 0.7516230737674605 0.5043549048628354 0.7579724066695731 0.5066161911034938 0.7708318512810295 0.5057895125213288 0.7732200338517288 0.5019316791378916 0.7599931765370875 0.49104707780605156 0.7476848509804078 0.48567366702197867 0.7228844935154557 0.4807135955289882 0.6975330169957269 0.4775446609640221 0.6784275564301341 0.4774068812003279 0.6547294370747355 0.4786468990735755 0.6532597862619975 0.48057581576529407 0.6648332864123085 0.49256265520668746 0.6633886404422356 0.49658301433947794 0.6637310483027551 0.5041361553569985 0.6639147546543473 0.5066161911034938 0.653627198965182 0.5042739351206927 0.6402166352989487 0.5027583577200567 0.6323172621804825 0.4989005243366198
5 0.7062992159513264 0.5223999441798782 0.6945777203164818 0.5099889013973108 0.6858464561473323 0.5119573994294174 0.6995199365710763 0.5261950768609372 0.7003164499938186 0.5369480080679592 0.7132777700657865 0.5433217184881347 0.7288097818092626 0.5429234617767635 0.7353146414283251 0.5424256408875495 0.7351818891912015 0.5452134378671478 0.7278805161493964 0.5493951333365452 0.7205791431075916 0.5547715989400562 0.7138087790142813 0.5569620108525977 0.7119502476945492 0.5696066614386326 0.7187206117878592 0.5756800762870431 0.7185878595507356 0.5829482612695671 0.7215084087674576 0.5887229835844493 0.7264202415410356 0.5876277776281785 0.7333233578714692 0.5865325716719079 0.7391644563049132 0.5898181895407201 0.739297208542037 0.5940994491879602 0.7428815189443776 0.592805114876004 0.7485898651406978 0.5945972700771742 0.745808977366686 0.6041969158362649 0.7401357668893502 0.6136886333656536 0.7261709410989851 0.6244895533128891 0.7235525362632916 0.6289081114731219 0.7364263600387845 0.6387271296069723 0.7418813701131458 0.6395453811181265 0.7482091817994049 0.6383998290025107 0.7451543761577626 0.6356177738645864 0.7396993660834013 0.6365996756779714 0.7359899592328355 0.631853816913277 0.745808977366686 0.6282535102641985 0.7510457870380729 0.6298900132865068 0.7580281999332554 0.6267806575441209 0.760646604768949 0.6172889400147321 0.759337402351102 0.6172889400147321 0.7541005926797153 0.6208892466638107 0.7499547850232007 0.6154887866901929 0.7506093862321239 0.6069789709741892 0.7626104083957189 0.6059970691608042 0.7641378112165402 0.5974872534448004 0.7767934345890585 0.596832652235877 0.7759206329771606 0.58766823531095 0.7820302442604455 0.5825950759417939 0.7859578515139856 0.5685211499499415 0.7894490579615769 0.5570656287937827 0.7770116349920329 0.5312088810413098 0.7733022281414672 0.5310452307390789 0.7711202241117228 0.527935874996693 0.7477727809934561 0.5346455373881575 0.7420995705161204 0.5328453840636183 0.7390727626847845 0.5286119962946737 0.7433800293573444 0.5268496739788092 0.7435490946357972 0.523552901048978 0.7568054225822852 0.5192927230540431 0.7594200349933115 0.5189764392946448 0.7486629613313024 0.5162191942639809 0.7257135165518186 0.5172275298501189 0.7209665678564248 0.5200756990673552 0.7158398632653994 0.5232086852063152
5 0.7706703926806746 0.5028663740548144 0.7684360548103638 0.4994264722423918 0.7600814251064704 0.4917364153558536 0.7475494805506305 0.4861824853822428 0.6978014582229026 0.47835002003484284 0.6550789199643576 0.4789196538782901 0.6538667489496237 0.48050286403873493 0.6660450395229954 0.49278142215905085 0.6701629248061536 0.49529903471768905 0.6677218718438449 0.4993831040969364 0.6682851917582238 0.5017772137330468 0.6776738569978729 0.5034671734761837 0.6836826027512486 0.5016363837544522 0.6957000942579993 0.5019180437116417 0.7120363717749888 0.5016363837544522 0.7212372637098449 0.5009322338614784 0.7293115158159431 0.503889663411968 0.7263071429392555 0.5082553927484047 0.7368224480076624 0.5148744017423574 0.7443333801993818 0.5127619520634363 0.7480888462952414 0.5093820325771626 0.7492154861239994 0.5052979631979153 0.7520320856958941 0.5036080034547785 0.7571019649253046 0.5048754732621311 0.7689413659884978 0.5052083690500193
16 0.5924128426000179 0.3860914986171399 0.5797291534207427 0.3816522074043936 0.5771924155848875 0.3838084345648704 0.5589279031667312 0.38456945591562686 0.5543617750621921 0.38659884618431095 0.5557147019079814 0.38837456266940945 0.5465824456989032 0.3905307898298862 0.5470897932660742 0.3930675276657414 0.5433692444401536 0.3944627334754616 0.5462442139874559 0.39991671982255 0.5450604029973902 0.4056243799532238 0.5491191835347583 0.40930264981521364 0.5475971408332453 0.41361510413616726 0.5484427201118636 0.4166591895391933 0.5562220494751525 0.41678602643098617 0.5545308909179159 0.41412245170333833 0.5557147019079814 0.412219898326447 0.5601117141567968 0.4169128633227789 0.5660307691071254 0.4166591895391933 0.5694130862215988 0.41361510413616726 0.5785453424306769 0.4150103099458875 0.580574732699361 0.4142492885951311 0.5961333914259387 0.3893892578037515
16 0.5563044527466887 0.4794091273670269 0.5577811805317575 0.4833646482198901 0.5636880916720334 0.48288998571754654 0.5689621194758511 0.4841557523904628 0.5664305861300185 0.4911174690915022 0.5691730805880038 0.49554765244670906 0.5736032639432106 0.4942818857737928 0.5752909528404323 0.49602231494905263 0.5790882528591811 0.4968134191196253 0.5828855528779296 0.49602231494905263 0.5879486195695947 0.4968134191196253 0.575501913952585 0.5070977733370697 0.574025186167516 0.5045662399912372 0.5641100138963387 0.5042497983230082 0.5613675194383536 0.49633875661728166 0.554616763849467 0.4944401066079073 0.5527181138400926 0.49016814408681497
5 0.6642382673487426 0.4758080843724226 0.6702089397771448 0.470848402660217 0.6744585621445196 0.46447515985582344 0.6702846517594707 0.4565633649276803 0.669002095416904 0.44647187006755895 0.6609393986678873 0.4385861259497097 0.6527347356593531 0.4301332020086215 0.6480016506082764 0.42598495234747047 0.6544609273416195 0.42326572115128136 0.6510885555531233 0.4199503012261654 0.6527062550325159 0.4171338169145054 0.6508851383683385 0.41401456941392534 0.6459388151386338 0.4110854206609747 0.6369375170006836 0.410250221683056 0.6249637936191278 0.40796247639026395 0.6138828752925476 0.41017866005558007 0.6032944422249265 0.4181199848562959 0.6160990589578635 0.43400263445772763 0.6244713083601686 0.42993963107131494 0.6308736167266372 0.43123240487608255 0.6357984693162285 0.43160176882030193 0.6454019318659314 0.4347413623461664 0.6495880565670841 0.4413899133421145 0.6498342991965635 0.4493312381428304 0.6508192697144818 0.45911938266464297 0.6494200524404049 0.4617308662966056 0.6518728347058577 0.4654761215880885 0.6494578117449766 0.47136741974587987 0.6489883807281751 0.47576833552839454 0.651335535812183 0.4771179497016991 0.6525873518569871 0.4758270144054947
1 0.675897848322214 0.46425907413297607 0.6716199933149359 0.4586571211472549 0.6775954098330385 0.45600892519036856 0.6842530937831799 0.4552350703578331 0.6860185577544374 0.4581379005413432 0.6856790454522723 0.4605823891169305 0.6886667537113237 0.4629759508471933 0.6849321183875097 0.4645546830522601 0.6806542633802317 0.4650639515055075 0.6764443108333866 0.4645037562069354
1 0.5596570761841576 0.4788430298682943 0.561736353048116 0.4676669167245187 0.5697069143599558 0.4666272782925396 0.5714396450799212 0.4440151423969936 0.578717114103775 0.41750436238152583 0.596270185163884 0.3897152341501269 0.6002637515004918 0.3895713875392095 0.6029133453535239 0.39752016909830606 0.6024708846409328 0.41035584798835745 0.601925380024132 0.41608364646476526 0.603094318488705 0.4261365172600931 0.6058997708036803 0.4285328411124678 0.6060556292656233 0.42350640571480386 0.6083155769637978 0.42549360110457796 0.6100300200451715 0.4298771203467268 0.6083935061947694 0.4312798465042144 0.6046529031081357 0.4323903380455588 0.6013019461763597 0.43011090803964147 0.6047308323391072 0.44185873960860017 0.6101658252011186 0.44332062742654726 0.6138530118922694 0.44236704466159454 0.6114372688877223 0.438075922219307 0.6158873217908353 0.43540589047743916 0.6211002409059105 0.4353105322009439 0.6252960050717028 0.4328312170120667 0.6278388924449102 0.4336894415005242 0.6345775439839099 0.4328312170120667 0.6450033822140601 0.43578732358342037 0.6478005583245884 0.44141346189664177 0.6485634245365506 0.44818389952780646 0.6493262907485128 0.4593408178777539 0.6481819914305694 0.46143869996065007 0.6408076180482679 0.46534838929695643 0.639790463098985 0.4665880468913951 0.6415704842602301 0.4714513189926543 0.638773308149702 0.47469350039349373 0.6408076180482679 0.4763145910939134 0.6366118538824758 0.48136857974816316 0.6284746142882119 0.4834664618310594 0.6245331388597406 0.4866132849554036 0.6197016528506464 0.4909997656741863 0.6149973112102127 0.49443266362801624 0.6070602192675768 0.4947384320380973 0.599464750831718 0.49464728641686695 0.5915548742129442 0.49539469619909116 0.5815366838663971 0.4957198057415873 0.5784541637597672 0.49550306604658995 0.5750301037693667 0.4937390059417604 0.5704298629392117 0.49343635851872386 0.5681700955138725 0.49065200222678806 0.5694613911854949 0.48653599727349145 0.5698649210828769 0.4841753473738067 0.5647804443758636 0.48266211025862416 0.5591310258125154 0.4822384038663729
16 0.7618718630296332 0.6466894492999251 0.7722133860371155 0.6443835691698783 0.7722133860371155 0.6419728763066476 0.7663438729788148 0.6377803669792897 0.7676016257770222 0.6337974831183 0.7638283673824001 0.6328541685196445 0.7652258704915194 0.6278231573268152 0.7656451214242552 0.6210103296698588 0.7683003773315817 0.6218488315353303 0.7778033984735927 0.6180755731407084 0.7775707299139514 0.6107437962628409 0.774635973384801 0.6083331033996102 0.774635973384801 0.6064464742022992 0.7788284827121589 0.6060272232695635 0.7779899808466872 0.6015202757426539 0.7749154740066249 0.6000528974780787 0.7750552243175367 0.5983758937471355 0.7662509547300855 0.5977470173480319 0.7630366975791112 0.6066560996686672 0.7515771720843334 0.6075994142673227 0.7501796689752142 0.6151459310565666 0.7541905496350553 0.6204152990626105 0.7591633290871175 0.6168753543679222 0.7607813477269331 0.617229392335393 0.7582633556150724 0.6271312103456115 0.7509459260104869 0.6302400604955365 0.7457433604534693 0.6284635746955793 0.7364379586441694 0.6319213774133532 0.7398217411202785 0.6362991459918192 0.7454049822058583 0.6354426260525541 0.7511151151342923 0.6402327931202959 0.7574597072769965 0.6412162049024149 0.7603359223816891 0.6467042771058543