4 0.2477070290116753 0.5401498054728687 0.2351062820223906 0.48473515678135554 0.2368245657027476 0.47571416745948125 0.2471342677848896 0.4705593164184102 0.3118562864116699 0.46497489445725004 0.3737144989045219 0.45810175973582207 0.3857424846670209 0.4602496143362684 0.39490666429559146 0.4675523199777855 0.3997873362963953 0.4862742815410309 0.4083787546981803 0.5236469515887956 0.41066979960532296 0.5330975118307593 0.405514948564252 0.5382523628718302 0.36026681164818425 0.5429776429928119 0.3155914359589023 0.5464142103535259 0.2772164337642627 0.5468710776074486 0.25579088700052366 0.5466028945499447
9 0.42139101200826695 0.7469442414898302 0.4241345095881462 0.7287381333146272 0.4329267773389765 0.7225835458890463 0.42940987023864435 0.7032405568372198 0.43234062615558777 0.6795014339099782 0.4387882891728633 0.6715883929342311 0.43820213798947466 0.6627961251834009 0.4576514191424538 0.6474727464004034 0.49744719472005855 0.677319578083607 0.5066291540534785 0.6795893416391138 0.5100963821335164 0.6857732656453753 0.5259111426042835 0.6876386926255755 0.5698860843574772 0.6965644584533917 0.6012685631074274 0.6946270023300259 0.6217958885842932 0.6947160487962555 0.6224873304837824 0.7051313985156829 0.5962582965803611 0.7219202413374849 0.5908315999106876 0.7334519717605407 0.586987689769669 0.7490537246858519 0.5831437796286504 0.764316309069308 0.5734209480954856 0.7819530732457465 0.5691248132319942 0.7868710171026378 0.5799782065713409 0.8009465115896033 0.5964844089415974 0.8179049386823326 0.5962582965803611 0.8201095342043875 0.5496791501656647 0.8353721185878435 0.5094311498655871 0.8314716803565161 0.4628520034508908 0.8270624893124063 0.42803069982048664 0.822822882539224 0.3918527220226643 0.8145132532637867 0.3990883175822289 0.7906018710630385 0.4097155985603392 0.777543882201637 0.4115244974502303 0.7646554776111627
12 0.626090289548766 0.35840788149363545 0.6275314933892178 0.33514569975511405 0.6288385360639136 0.322892723076396 0.63118225767195 0.31153468759129654 0.6391148538837654 0.3022048727285364 0.6470474500955806 0.2942272049473357 0.6607492071887164 0.28651996658244683 0.6760735407797236 0.2825987400459244 0.6964458901418858 0.2817874517969887 0.7124913688430579 0.28327481358670414 0.7303397103196425 0.28881861662109787 0.7415174595272007 0.2955793520288951 0.7490894831839338 0.3023400874366924 0.7552192166203365 0.3109938287586728 0.7615292363342807 0.3270843790292302 0.7597263735588681 0.33965934688773314 0.7519740636245938 0.3487187323341814 0.740255455584412 0.3577781177806297 0.72421240561942 0.36450961996475834 0.7041716325294949 0.36761262208704487 0.6773842444561176 0.366822109199437 0.63654455269492 0.36021016097530156
2 0.7410425681352316 0.36880243897328246 0.7406618297863274 0.35864247979518765 0.753342632662543 0.34929873030745 0.7606257023470302 0.340880003633003 0.7626279343801167 0.3268643794013963 0.7563987680549583 0.310846523136703 0.7521718337628864 0.30400556369032367 0.7499471315039012 0.3008353629712698 0.7495021910521044 0.2909910554752604 0.7693020411570722 0.2911579081446843 0.7708593327383617 0.2854849173842721 0.7813154333555922 0.2833158326817615 0.791104123295127 0.28548491738427206 0.7931063553282136 0.29165846615295593 0.8186904313065432 0.2911579081446843 0.8220274846950208 0.2978320149216398 0.8233623060504119 0.31368301851690916 0.8231398358245134 0.33120254880641736 0.8251420678575999 0.3543950698563378 0.8080118604634143 0.36740957807140107 0.7964434087166913 0.3660747567160099 0.7925031077162159 0.3686636830023386 0.7812415809262157 0.37176456810681524
19 0.4248217586847965 0.26501053001313846 0.4048775804734518 0.2615586530150211 0.3821719006636134 0.25396452361916294 0.3629840434464722 0.2427820155342529 0.3519380370524967 0.2315058840070696 0.34702870087739657 0.221840628412341 0.34979020247589043 0.2094138712191186 0.35684737322759696 0.1930749867613632 0.3672797125996849 0.1898532348964537 0.38599655676725453 0.1870917332979598 0.403486066891049 0.18571098249871287 0.41698674137257463 0.18778210869758324 0.42465757914616875 0.168681722641334 0.4418402557590195 0.15027171198470818 0.4670006036564081 0.13462320292657623 0.5013659568821096 0.1231169462661851 0.5200828010496792 0.1208156949341069 0.5593574904504809 0.12012531953448341 0.5888135075010822 0.12426757193222421 0.6121328543328082 0.1320918264612902 0.6400547038286907 0.14635958472017518 0.6557032128868227 0.1606273429790602 0.6667492192807982 0.17305410017228262 0.6759542246091111 0.18870260923041457 0.6796362267404361 0.21079462201836552 0.6759542246091111 0.22989500807461483 0.6606125490619228 0.25589914812709874 0.6443503729819033 0.2897275427086487 0.6391342032958593 0.30054342396941636 0.6299052404972472 0.3115254874450242 0.6260915243425479 0.32451148397122986 0.6189385969811075 0.3314540311161573 0.607578065289408 0.33902771891062367 0.5901866340576707 0.34796887811242416 0.5657825289421681 0.3549114252573516 0.5432017190364444 0.35648927688119875 0.5199196417423444 0.35480623514909515 0.4886614606091364 0.350168553129141 0.45904313080186315 0.3389771267800895 0.4485357818116966 0.3088161511131274 0.4375519452987974 0.2805333043572861 0.4325513516382397 0.26740674599832215
6 0.3954241654065166 0.6605125811116049 0.30199343442378146 0.6364140327078215 0.2537078163183751 0.626728896040591 0.22818616077874473 0.6245878355792064 0.22231932202005955 0.6349843308626482 0.22377218419598233 0.6412409769465621 0.24186192951188146 0.6473363407523884 0.2560891018361098 0.6490436014312958 0.2744895780421117 0.6543076551912602 0.2813186207577413 0.6543076551912602 0.28757857658040176 0.6592871655047403 0.3148947474429202 0.6672543820063084 0.32931161539813814 0.6716648054268188 0.34979874354502694 0.6780670329727216 0.37180343673983346 0.685180619134836 0.3883069566359383 0.6885951404926506 0.3905833042078148 0.679774293651629 0.39513599935156785 0.672233892319788 0.3968432600304752 0.6648357627111892
0 0.20369641368832922 0.4252902998815117 0.19185060454842642 0.4171784957965782 0.18824535828845598 0.41679221941158134 0.1818074185385088 0.4057833424391717 0.1756269963785595 0.38840090511431424 0.1712491973485954 0.3663831511694948 0.1717642325285912 0.3439791208396786 0.17691458432854895 0.3271760980923164 0.18464011202848557 0.31327014823243043 0.19700095634838416 0.3043857913775034 0.20575655440831236 0.29820536921755403 0.21657229318822366 0.2955014345225762 0.22584292642814763 0.2960808491000715 0.23537107725806947 0.2995573365650429 0.24438419290799554 0.305158344147497 0.2526247557879279 0.3063171733024875 0.2541698613279153 0.31037307534495423 0.25906269553787514 0.31307701003993205 0.26601567046781815 0.31172504269244317 0.2678182935978033 0.31520153015741464 0.26678822323781176 0.3177123266598941 0.2714235398577738 0.3231201960498497 0.2770889268377273 0.32369961062734487 0.2786340323777146 0.3262104071298243 0.2814667258676914 0.32756237447731323 0.2853294897176597 0.3318114147122784 0.28507197212766183 0.33683300771723723 0.2871321128476449 0.3393438042197166 0.286874595257647 0.3447516736096723 0.2930550174175964 0.3486144374596406 0.29511515813757944 0.35189778673211364 0.2943426053675858 0.3551811360045867 0.29614522849757097 0.35769193250706605 0.2940850877775879 0.3611684199720376 0.2958877109075731 0.36541746020700283 0.2935700525975921 0.3743018170619299 0.28893473597763014 0.37604006079441565 0.28893473597763014 0.37932341006688863 0.2806941730976978 0.37816458091189814 0.26730325841780755 0.37449495525442833 0.2588051779478772 0.37449495525442833 0.25442737891791317 0.37082532959695835 0.2454142632679871 0.36889394767197425 0.23331093653808638 0.36541746020700283 0.21888995149820464 0.3632929400895201 0.20395393127832714 0.3629066637045234 0.18901791105844964 0.36309980189702173 0.19185060454842642 0.365996874784498 0.20189379055834406 0.37005277682696464 0.1988035794783694 0.382220482954365 0.19571336839839476 0.39342249811927305 0.19288067490841798 0.4021137167817018 0.19494081562840107 0.4059764806316701 0.19777350911837785 0.4059764806316701 0.20627158958830813 0.4225863651865339
15 0.4425179177490939 0.4355929932414267 0.4221787162693971 0.3753620382140076 0.41526305621386994 0.3687819073081128 0.405510666257332 0.36571462337016947 0.38160158120259413 0.3687819073081128 0.3161661905264691 0.3772759243670329 0.28596524098364223 0.3817588778147962 0.26614586784616207 0.37538836502060613 0.257633122263742 0.37538836502060613 0.25281409600977695 0.371412668361085 0.2339637246300038 0.36702908706761406 0.2202294998062034 0.36431838479975875 0.19179724490780953 0.36377624434618766 0.19396580672209382 0.3657640926759483 0.2036038592300239 0.3693783623664221 0.19517056328558507 0.40244893003425736 0.1987848329760589 0.4053403457866364 0.20456766448081695 0.4170867222806762 0.2079409828585925 0.4253995425687659 0.2173380840538244 0.4304595201354292 0.22721708787445272 0.4349773572485215 0.2404694100728567 0.43533878421756883 0.24866175470459725 0.4384109134544716 0.26022741771411345 0.44076018875327955 0.2749254477887069 0.4443744584437534 0.2775759122283877 0.4516029978247009 0.28239493848235275 0.45684368887588794 0.2905872831140934 0.46009653159731445 0.3009481895601182 0.462084379927075 0.3178147814489959 0.4599158181127907 0.3416689614061231 0.45648226190684066 0.3720288268061029 0.4519644247937484 0.416845770967978 0.4467237337425614 0.43708568123463126 0.4427480370830401 0.44335041536478587 0.43985662133066117
5 0.6991357628606519 0.6604318418291206 0.6846652949682356 0.656452463158706 0.6829770737141203 0.6512069185477052 0.7013063330445144 0.639630544233772 0.7109533116394586 0.6374599740499095 0.7184297200505404 0.635289403866047 0.7196355923749084 0.6314909060442878 0.7413412942135331 0.6257027188873212 0.7519529706679716 0.6342041187741159 0.7584646812195589 0.6412584718716688 0.7570176344303173 0.6455996122393937 0.7490878878974204 0.6529798636452884 0.7396820837673498 0.655331314677806 0.7261763137344278 0.6582254082562894 0.7119470203068851 0.6605768592888068
3 0.583690257893245 0.6544828555683226 0.5700726036413811 0.6494627881110676 0.5610711033732 0.6485972592391271 0.5539160646984918 0.6598491345743537 0.5617635264707522 0.6660809424523254 0.5813821809014038 0.6671195770986539 0.586921565681823 0.6679851059705945 0.5943074120557152 0.6674657886474301 0.6060786047141061 0.6683313175193707 0.6109255663969729 0.6652154135803847 0.621542720559443 0.6646960962572206 0.626620489941494 0.6645229904828325 0.6277745284374147 0.6614070865438467 0.6231583744537319 0.658810499928025 0.628236143835783 0.656733230635368 0.6300826054292561 0.6524055862756655 0.6326214901202815 0.6532711151476058 0.6342371440145704 0.649808999659844 0.6402381441933579 0.6496358938854557 0.6457775289737772 0.6466930957208581 0.6529325676484852 0.6425385571355435 0.6517785291525646 0.6397688647453341 0.6418537980876468 0.6278245663125551 0.6370068364047801 0.6269590374406145 0.6280053361365989 0.6338832684161386 0.625004836047205 0.634402585739303 0.625004836047205 0.630940470251541 0.6192346435676017 0.629382518282048 0.6203886820635224 0.6330177395441982 0.6166957588765762 0.6330177395441982 0.6097715279010523 0.6285169894101076 0.604232143120633 0.6267859316662265 0.5977695275434772 0.6290363067332718 0.5929225658606104 0.6295556240564362 0.5913069119663215 0.63284463376981 0.5892296426736643 0.6335370568673624 0.582074603998956 0.6300749413796004 0.5776892577144576 0.6302480471539885 0.5721498729340383 0.6288632009588837 0.5700726036413811 0.631113576025929 0.5714574498364859 0.634402585739303 0.5691493728446446 0.637864701227065 0.5705342190397493 0.6406343936172746 0.5753811807226163 0.6437502975562603 0.5883064118769278 0.6513669516293368
16 0.5837178836600762 0.6538182856385683 0.5873241106310259 0.6511955751142412 0.5699486534073592 0.6412784509441296 0.5630640382810007 0.6459501540655872 0.5690744165659168 0.6485728645899141
16 0.5682539469375242 0.6378104156347806 0.5707673778566709 0.6342041886638309 0.5698931410152286 0.6325649945861266 0.5654126772028365 0.6320732363628152 0.5609322133904445 0.6292046467268326 0.5535012002381846 0.6287948482074065 0.5520805653708408 0.6322371557705856 0.5560146311573314 0.6317453975472743 0.5609322133904445 0.634613987183257 0.5638827627303125 0.6354335842221093 0.5661776344390986 0.6380562947464363
16 0.794543389018673 0.663684322732732 0.80412798430718 0.6556156583316931 0.8119521437263693 0.6563491732772421 0.8090180839441734 0.6603101539832068 0.8021719444523828 0.6661782735475987
16 0.7671588310515106 0.6608969659396459 0.7677456430079498 0.6575227971901205 0.7636379593128754 0.6534151134950461 0.7573786317775241 0.6582563121356695 0.7532709480824495 0.6566425792554617 0.7511193042421724 0.6547354403970345 0.755226987937247 0.6491607268108619 0.7550313839517674 0.6484272118653129 0.7497500763438144 0.6540019254514853 0.7417303129391454 0.6562024702881323 0.7517061161986117 0.6585497181138891 0.7565962158356051 0.6603101539832068 0.7652027911967132 0.6611903719178656
16 0.7560094038791657 0.6374244876820779 0.7628555433709565 0.6341970219216624 0.7509237002566926 0.6226074857819882 0.7475984325035374 0.6242212186621959 0.746424808590659 0.6207003469235609 0.7430995408375035 0.6186465050760237 0.7393830651133885 0.620553643934451 0.7334442243415344 0.6220295254281591 0.7335149455489965 0.6271163726189458 0.7416500309247869 0.6252675581436553 0.7466390303161241 0.6293168487455282 0.7525164816538638 0.6341862488363881
16 0.5784630748497837 0.4318696545993897 0.5825831822205085 0.42939759017695467 0.5839016165791405 0.4256894935433022 0.5794519006187576 0.4240826516687195 0.5733541417100847 0.42593669998554584
16 0.5998876331775533 0.4323640674838767 0.5959323301016574 0.42976839984031995 0.5957675258068285 0.4264311128700327 0.5998876331775533 0.4256894935433022 0.6010412632413563 0.42383544522647604 0.6077982393293453 0.42383544522647604 0.6112591295207542 0.4200037453717018 0.6166976712501112 0.4212397775829193 0.6194993442622041 0.42395904844759774 0.625432298876048 0.4224758097941368 0.6264211246450221 0.4237118420053542 0.6236194516329291 0.425813096764424 0.6279043632984831 0.4308808288304157 0.6226306258639551 0.4347125286851899 0.6165328669552822 0.43125163849378095 0.6071390221500292 0.4318696545993897 0.6025245018948173 0.429273986955833
16 0.7679510266373794 0.5140588619177269 0.7635523853123002 0.511342054040472 0.7658810777785184 0.5078490153411442 0.7660282499819678 0.5017934666859224 0.7632936417049424 0.5012510533535253 0.7600091062238401 0.5010878552322794 0.7615322886888031 0.4986398834135888 0.7677700835453183 0.4989118802823322 0.7719769684485495 0.5026654370709911 0.7726297609335336 0.510988541254539
16 0.7391618770596813 0.562306457223183 0.7341123001506854 0.5588799586063643 0.7343527561939709 0.5550927759246174 0.728822267198404 0.551846619340263 0.7285818111551184 0.5471577264961953 0.728822267198404 0.5417474655222713 0.7360359484969695 0.5397637031651656 0.7386809649731102 0.5403047292625581 0.7504633110941006 0.5302055754445664 0.7555128880030965 0.5323696798341361 0.7583983605225226 0.5305662595094947 0.7629670253449475 0.5314679696718153 0.7636883934748042 0.534894468288634 0.7485396627478164 0.5469773844637312 0.7583983605225226 0.5534696976324402 0.7564747121762384 0.5552731179570816 0.7533487836135268 0.5594209847037567 0.7480587506612454 0.5608637209634698 0.7480587506612454 0.5550927759246174 0.7401237012328233 0.5599620108011492
16 0.7654430308319384 0.552203040845099 0.7693887833072033 0.5492437264886502 0.7813420922763885 0.5432380591182101 0.7843594324045323 0.5478511079679684 0.7751913604767107 0.5534215820506955
16 0.7337258417495451 0.47704666488984837 0.72519717103784 0.4733153714534772 0.7129727430177291 0.47182285407892877 0.7082819741262911 0.4758739726669888 0.7165263558142729 0.4790722241838783 0.7151049106956555 0.480991175094012 0.724628592990393 0.4837629930753162 0.7342944197969922 0.4844026433786941 0.7401223447833242 0.480991175094012 0.7351472868681629 0.47864579064829305 0.7345787088207157 0.4780061403449151
16 0.6666577606316296 0.5274982835189717 0.6660891825841826 0.5255793326088379 0.6535804655403481 0.5201423050301259 0.651874731398007 0.5165176199776511 0.6598348240622652 0.5161977948259622 0.6683634947739706 0.5187563960394738 0.671064240499344 0.5172638786649253 0.6663734716079062 0.5163044032098585 0.6631041478350856 0.5145986690675174 0.6623934252757769 0.512466501389591 0.6672263386790767 0.5106541588633537 0.6703535179400353 0.5106541588633537 0.6791664776754639 0.5019122713838559 0.6864158477804135 0.5030849636067153 0.6915330502074366 0.49871401986696634 0.69423379593281 0.4971148941085216 0.688974448993925 0.49476950966280264 0.6881215819227545 0.4913580413781205 0.7004881544547272 0.4915712581459132 0.71043827028505 0.49189108329760217 0.7124282934511146 0.4955157683500768 0.7050367788343033 0.4994602785542406 0.7105804147969117 0.49892723663475896 0.7172612068544143 0.5016990546160632 0.712712582474838 0.5040444390617821 0.6962238190988745 0.5059633899719158 0.692528061790469 0.50670964865919 0.6952288075158423 0.5085219911854274 0.6899694605769574 0.5099079001760795 0.6906801831362661 0.5141722355319321 0.6879794374108927 0.5228075146275337 0.6865579922922752 0.5240868152342896 0.6801614892584964 0.5249396823054601 0.6736228417128555 0.5243000320020822 0.6714906740349292 0.5264321996800085
16 0.6424718088819119 0.5517558495458903 0.6387188046243042 0.546154743154231 0.6439818273581599 0.5410013667273307 0.656700798964978 0.5401241962716881 0.6569931891168588 0.541768890876018 0.6597708955597271 0.5394663184299561 0.6628409921544762 0.5399049036577774 0.66415674783794 0.5388084405882242 0.6682502099642723 0.5392470258160454 0.6692735754958554 0.5406724278064647 0.6812615717229711 0.5446196948568565 0.6847702535455418 0.5453872190055438 0.6847702535455418 0.5410013667273307 0.6922262024185037 0.5402338425786434 0.6928109827222656 0.5430846465594819 0.6936892206964607 0.5459884910771903 0.6901351374681269 0.5483714249674719 0.682628436073041 0.5475400346047627 0.682933735984555 0.5491927996028693 0.6782661628846957 0.5493588321363578 0.6780725733103392 0.5477110392051365 0.6799458160395073 0.5467871878931442 0.6770454545007472 0.5466198607996658 0.6760523124299757 0.5471981670917297 0.6756694126253033 0.5490655732322733 0.6733782249534278 0.549240362625349 0.6723556432112627 0.5472362731948137 0.6655612786245384 0.547337336182994 0.6634257724582381 0.5439618170151246 0.6605018709394292 0.5442907559359905 0.6600632857116079 0.545825804233365 0.6575779694206205 0.5468126209959631 0.6575779694206205 0.5492248397489802 0.6500326858187536 0.5510086369752538
3 0.612793240338097 0.6020819054102766 0.6259549530305886 0.5977318478254702 0.627070352411308 0.5858528444208062 0.6226087548884296 0.5666122051033928 0.6038700452923401 0.5607563583546149 0.6375551065900725 0.5492119747641669 0.6395161424907346 0.5481308760854553 0.6378294005926807 0.5459622079308146 0.6436125156717227 0.5399080093324424 0.6521667067261392 0.5376489800046916 0.6652991972181306 0.5332212825223 0.6644558262691036 0.5271670839239279 0.6538534486241931 0.5214743300179958 0.651443817341259 0.5164141043238341 0.6599980083956752 0.5156008537658437 0.6673031764673125 0.5178861849719913 0.6591659332670878 0.5123935458118398 0.65595890212347 0.5108857625129747 0.6509329577939195 0.5112806581388679 0.6411190319047548 0.514764398153032 0.6384385282623279 0.5247444876074251 0.6336780934298148 0.5264081018234968 0.6238145978707459 0.5279107437250737 0.616031683406168 0.5357129228294153 0.6133861300796 0.5360963953472081 0.6062967426465191 0.5306637669338147 0.5979744182685548 0.5342469899298826 0.5944297245520144 0.5358652196700424 0.5892668010953142 0.5331489054633456 0.576304658635305 0.5263793649476677 0.5650459595655066 0.5188852933793331 0.5570241364782753 0.5188852933793331 0.544358100024752 0.5231073055305075 0.5415434252573025 0.5242683588720806 0.5288773888037793 0.5247961103909774 0.5287366550654068 0.5295458740610486 0.5297217912340142 0.5405231056541019 0.5315513298328565 0.5465394729695254 0.5323957322630913 0.5551945978794329 0.534366004600306 0.5665940306876038 0.5452025024549869 0.5663829300800451 0.5570241364782753 0.5643774743082373 0.5639200896585268 0.560472113068401 0.5715197115306406 0.5606832136759596 0.5794008008794996 0.5570945033474615 0.5867189552748686 0.5584666572965931 0.5865782215364961 0.5609998645872978 0.5896743637806906 0.561949817321312 0.5899558312574357 0.5630053203591056 0.5847486829376538 0.563427521574223 0.5649052258271342 0.5711326937501163 0.5599795449840974 0.5824265762545078 0.5661718294724866 0.5827432271658459 0.5832006118155566 0.5900261981266217
16 0.5453682557258722 0.5986145151971233 0.5333784803328149 0.5889977161839419 0.5323793323833934 0.580005384639149 0.5318797584086827 0.5677658222587362 0.5448686817511614 0.5696392246639015 0.5511966187641639 0.5663919938282818 0.5561923585112712 0.5678907157524139 0.5586902283848248 0.5648932719041496 0.5640190174484059 0.5611464670938191 0.5721787257020143 0.5607717866127861 0.5795528318600102 0.5579102382398234 0.5852181195478956 0.5586906605233587 0.5862586825926092 0.5612053545480834 0.5851025014318163 0.562592771941035 0.5805933949047237 0.5641536165081055 0.5699565282254286 0.5679690143387223 0.5638287680732259 0.5711774170599226 0.5596665158943712 0.5821900426164756 0.5600133702426092 0.5858320132729734 0.5590884253139748 0.5878264257753413 0.5570072992245474 0.589994265451828 0.5538856100904065 0.5932026681730285 0.5507639209562655 0.5940698040436232 0.5503014484919484 0.5968446388295262
16 0.7331157251163798 0.46926565523781294 0.7269124569950427 0.46894479654188165 0.7241316816303054 0.46605706827850063 0.7207091888737055 0.46830307915001923 0.7181423193062557 0.461725475883429 0.7121529569822058 0.45418529652904494 0.7164310729279556 0.45338314978921695 0.7213509062655681 0.45627087805259803 0.7213509062655681 0.45466658457294185 0.7260568338058927 0.45402486718107943 0.7316183845353674 0.4588377476200479 0.7395328990350045 0.4512975682656639 0.7472335077373541 0.45113713891769835 0.7453083555617666 0.4567521660964949 0.7401746164268669 0.46268805197122265 0.7356825946838296 0.46461320414681007
3 0.7274468335780019 0.47260238345758937 0.7107029550390034 0.4709343444663093 0.6916634819351919 0.47011502287782553 0.6744967438907714 0.45349449922572765 0.6893225631109526 0.4304364488069721 0.7117953838236484 0.427568823247279 0.7246704373569635 0.4328944135724232 0.7398083790870434 0.45015868990118685 0.7317712244571556 0.4580592909329939 0.7265431724163549 0.4534944992257276 0.7210810284931303 0.45437234378481717 0.7207689059832317 0.4554842802263309 0.7166332827270758 0.4529677924902738 0.7115612919412244 0.45396268299057546 0.7174135890018222 0.46157066916935263 0.7205348141008078 0.4686519486126761 0.7240821763500703 0.4662479453987075 0.7268732994715286 0.4692191409796147 0.731765267953224 0.4695117587262192
16 0.6999052000399 0.6638524707833203 0.6972324755502904 0.6608892327622315 0.683985058514835 0.6566186838494859 0.6818933610881841 0.6508665159261962 0.7007186379280419 0.6384034854257347 0.6917708211584798 0.6356145555235335 0.6828230043889179 0.6427611883979241 0.680731306962267 0.6433057189369626 0.675502841955716 0.6418486257090799 0.6692092581137795 0.6435074724387972 0.6658570141505273 0.6465088129540068 0.6579550460942908 0.6457244264190127 0.65586334866764 0.6431969586951429 0.652144775464705 0.6431969586951429 0.6416862883314507 0.6498206672128708 0.6343653473381726 0.6499949753317583 0.6327703683392397 0.6536371388015865 0.6301201060744401 0.6526320593398818 0.6283900649797189 0.6568741821120174 0.6268136539170535 0.6580157211573959 0.6265418589062491 0.6605841840094971 0.6279008339602711 0.6611549535321865 0.6269223719213753 0.6647834169264248 0.6367613513124937 0.6644980321650802 0.6573090541293047 0.6651095709393902 0.6753562428467152 0.6655172634555967 0.6756463325098454 0.6642872499502918 0.6802785585454543 0.6637352081668841 0.6818344176531536 0.6646798369108444 0.6882060311418264 0.6632351105965522 0.6985784251931547 0.6644575713240302
16 0.5448573982657143 0.5216276947180631 0.5306482088919081 0.5071482218507335 0.5323471337083414 0.5048315061919607 0.5371350127364719 0.5055265208895925 0.5380616989999809 0.5025147905331879 0.5326560291295112 0.499618895959722 0.5312659997342475 0.49151039115401735 0.5386794898423203 0.4930162563322197 0.5416139963434325 0.49857637391327425 0.5465563230821476 0.5019356116184948 0.5497997250044295 0.5047156704090221 0.5592210353501054 0.5045998346260834 0.5547420517431447 0.5093491017265676 0.5603021693241993 0.5123608320829722 0.5579854536654266 0.518152621229904 0.5547420517431447 0.5189634717104745
1 0.5595178768587198 0.39983958749052356 0.5540450322634388 0.41142914075111847 0.5521134400533397 0.41360218198748 0.5488941197031745 0.4097389975672817 0.5366607023725465 0.41360218198748 0.5266808092870343 0.4193969586177774 0.5215298967267699 0.41505087614505437 0.5131596638163403 0.4220528979066638 0.5118719356762742 0.4420931670864425 0.5160570521314889 0.46334068139753304 0.5157351200964725 0.4708256012116672 0.5237834209718856 0.4874855840237724 0.5292562655671664 0.4901415233126587 0.5397933136184985 0.49302023334142997 0.5420670218906642 0.4981126718488508 0.5503084625235042 0.5040465091044956 0.5603080771580168 0.5042113379171524 0.555802756278731 0.5094034455158416 0.5612970500339577 0.5122055353310072 0.5664616861638707 0.5122055353310072 0.5670111155393934 0.514842796333516 0.5651430556626164 0.5179745437739952 0.5895377199358229 0.5322322360688085 0.5996472204454399 0.5328915513194357 0.6060206012015029 0.5299246326916133 0.6116247808318341 0.5333036233510777 0.6171190745870607 0.5335508665700629 0.6236023412182283 0.5272873716891044 0.6286570914730368 0.5265456420321488 0.6286570914730368 0.5248973539055809 0.6319536677261728 0.5254742547498796 0.6363491027303542 0.5243204530612822 0.6360194451050405 0.5201997327448621 0.6383270484822359 0.5192931742752497 0.6405247659843263 0.5146779675208593 0.6501947229935251 0.5108869048297529 0.6557989026238566 0.5105572472044392 0.6583262777512608 0.5089913734841996 0.6657985172583691 0.5072606709513032 0.6656886313832646 0.5032223650412117 0.6705236098878642 0.5005851040387029 0.6697544087621323 0.49819508625517916 0.6748091590169409 0.49564023965899895 0.6762053587082937 0.4913352982323975 0.6759080177679863 0.48492636683630685 0.6796124915493431 0.4771314063507205 0.6752687632411716 0.474688059177374 0.6727349217280715 0.46627208558029165 0.6673052613428571 0.4636929968973147 0.660970657560107 0.45419109122318946 0.6568079179314423 0.44889717234760534 0.6455866198019992 0.44251732139497835 0.6307455480824129 0.44197435535645696 0.6227820461840985 0.4383093345964371 0.6119227254136695 0.43478005534604774 0.6028732914383121 0.43070781005713693 0.599072529168662 0.4328796742112227 0.5930999027449261 0.4324724496823316 0.5871272763211902 0.42853594590305116 0.5811546498974542 0.43220096666307095 0.5766299329097755 0.4324724496823316 0.5715622498835755 0.4255496326911832 0.5675804989344182 0.4155047609785364 0.5661325894983611 0.40654582134293255
1 0.5511791176593849 0.6278445992055963 0.5480651113449251 0.6241890265755783 0.5464404123982504 0.6243921139439127 0.5423786650315637 0.6108868039496793 0.5458988460826922 0.6087543865821688 0.5446872202619255 0.6009964575489564 0.5486066776604834 0.5982953871129506 0.551196647169022 0.5969779399083727 0.551331546005823 0.5942462384631517 0.555378511109854 0.5933862583785452 0.5577392407538722 0.5901992733591207 0.5597845555330302 0.58779376950762 0.5602348692346912 0.585292328170483 0.5643419535260698 0.5842828016125573 0.5661499237525779 0.5867076087398742 0.5702125392027316 0.5871702364154807 0.5696136256615805 0.5903748057152045 0.5732671442834882 0.59139655244845 0.5740358919505945 0.5886190044160059 0.5775036384391848 0.5892692068826165 0.5782467269724542 0.5920093458490474 0.582457561994314 0.5921951179823648 0.5866404442496307 0.5924740670864257 0.5896407511492514 0.5944243835821729 0.5934273395631228 0.5943734266653291 0.5964328892298694 0.5957034954558421 0.6037639504116816 0.5986770507858193 0.6125569465909875 0.6023538506556282 0.6259818026303076 0.5980054481895946 0.6354695000522651 0.6004690861984211 0.6396733442357538 0.6089050479483121 0.6521958022887001 0.6164176895407525 0.6592959836965694 0.6154279323995413 0.6578109731816671 0.612034943576511 0.6453021726543401 0.6063159239508459 0.6397309743292282 0.6088944926814955 0.6355976444353684 0.6004915015300997 0.6547429552620447 0.6028464997216114 0.6409891950880009 0.5898923767669887 0.6305939112355258 0.5855743357821144 0.6271071726304317 0.5796557203999345 0.6259851678486268 0.5756585783647546 0.6288836802016228 0.5757988289624802 0.6273876738258829 0.5726431905136541 0.624863163066822 0.5693473014671023 0.6285096786076878 0.5560234946831698 0.6414127335984436 0.5516056008548131 0.6430052589726364 0.5532576391017363 0.6485613571563413 0.5524053514009324 0.6469970330620539 0.5516899592846425 0.6500493727582244 0.5514324181227781 0.6580236102144696 0.549515167251121 0.6584659809563596 0.5472749689618022 0.6604118475126681 0.5466454238994669 0.6613657036677213 0.5450143298743259 0.6633878787164342 0.54472817302781 0.6643798891176896 0.5472749689618022 0.6652574367803387 0.5475611258083181 0.6722015095891263 0.5475038944390148 0.6733079827289881 0.5494211453106719 0.6757880087321265 0.549278066887414 0.6761695511941478 0.5473322003311053 0.6771234073492011 0.5467312709534218 0.6796797418447437 0.5468743493766798 0.6778483380270415 0.5477042042315761 0.6781154177504564 0.5494783766799751 0.6830791707002717 0.5492664846066267 0.6827014661433559 0.5476477507912728 0.6901476416939838 0.5484975860443336 0.6940326028508332 0.5461099536666867 0.6989194544847324 0.5466899913049754 0.7015218815595903 0.5463973717315457 0.7024304680307929 0.5443611994989752 0.7070998898827312 0.5446413648100915 0.7113210472368836 0.5440530176567473 0.7142721218473088 0.5445853317478683 0.7180076593288593 0.5449215301212078 0.7203610479422363 0.5468546707679103 0.7236856763008164 0.5480873981368221 0.7255160896667764 0.5498804561279663 0.7272344369082896 0.5527381423013527 0.7252919574178833 0.5545872333547202 0.7237603870504475 0.5557639276614087 0.7229012134296908 0.5569686384992089 0.723872453174894 0.5583694650547903 0.7192030313229555 0.5612831842903998 0.7172231964577338 0.5615073165392929 0.7156033260475525 0.563305528999303 0.7142057932802318 0.5650524449584537 0.7168677604560805 0.569943809644076 0.7175332522500427 0.5741364079460379 0.7136068506656658 0.5738868485233021 0.7114772769249867 0.5749349980987924 0.7140726949214392 0.5779297111716224 0.709161712783026 0.5791867992543017 0.7095030879714548 0.5838380361966429 0.7104703176720026 0.5865690377040724 0.7170702379816243 0.587550491370805 0.7221223152561848 0.5916458734454972 0.7270153596236628 0.6009056754316258 0.7281532769184251 0.6044474430115735 0.7316239246674503 0.606367678446485 0.7307135908316404 0.6111042591859333 0.72860844383633 0.6144753391716667 0.731965299855879 0.6193399356067757 0.7316808205321884 0.6230950626794916 0.7317946122616646 0.6269355335493144 0.7312256536142834 0.6280450029117077 0.7193913137487552 0.6311600515061196 0.7140999983281102 0.6352565537672641 0.7021231316967236 0.6383597758442157 0.6914490872384192 0.6353001807371605 0.68957016135636 0.6364076599079384 0.6848632024694048 0.6295711876689649 0.6820400965743203 0.6295990472666138 0.6794027213302278 0.6303791160007819 0.6756858714570422 0.6287091170608086 0.674453472895206 0.6277077932293167 0.6708589770898505 0.6290172167012675 0.6673671811646481 0.6289401917911528 0.6638520253090757 0.6264435939633407 0.6561495342975998 0.6256733448621931 0.649884841608266 0.6222072239070289 0.6444417479601563 0.6236706971992093 0.6446909742199839 0.6260197994090428 0.642370861693451 0.6274869293890564 0.6372120815519008 0.6266009786731986 0.6315020284671428 0.630610822038602 0.6285457559918861 0.629779370404936 0.6246040593582104 0.6284860011970113 0.620139740695 0.6288083938385912 0.6186000154474705 0.6294088866851276 0.6196470286157906 0.6323189674029586 0.6173682352494468 0.6323651591603844 0.6149046748533995 0.6311641734673115 0.6103470881207119 0.6281155174772028 0.6042497761404949 0.6263602306950192 0.5996921894078074 0.6274688328732405 0.5966440403009641 0.6267056999614181 0.5944105146299861 0.6245029687953911 0.5943241330156321 0.6252804033245772 0.5952743307735263 0.6275479207013702 0.5939786065582161 0.628649286284384 0.5922509742711357 0.6291027897597425 0.5897459074548692 0.6276127069121358 0.5877591303247268 0.6283253552305564 0.5904369603697014 0.6302041553427563 0.5906774789527707 0.6323134170714068 0.5892728576559846 0.6331237923628409 0.5825305352312542 0.6298174611737903 0.5778516078118272 0.6299533365490865 0.5724491058689343 0.6286567360827922 0.5716904622976741 0.6288908849300873 0.5698442054154608 0.6309771932523262 0.5703246973421829 0.6322312771810711 0.5656749742343904 0.6319793253293466 0.5611387657655627 0.6291237737558676 0.5533702503373933 0.6285568820894877 0.5525599707909075 0.6299005893775967
16 0.6513793992179326 0.6378754352347579 0.643207258652469 0.6280090704057225 0.6455991046716291 0.6261404407032537 0.6450011431668391 0.6239728302483898 0.6498844954559576 0.6230758879912048 0.6554654695006644 0.6262151858913524 0.6638369305677247 0.6268131473961425 0.6675243598472633 0.6294292289795987 0.6714111096283985 0.6293544837915 0.6746002376539451 0.6283080511581175 0.679284269441467 0.631447349058265 0.6770917439239035 0.6330169980083389 0.6697168853648265 0.6351846084632028 0.668022661101255 0.6371279833537704 0.6670260585932717 0.6392955938086341 0.6608471230437746 0.6386976323038441 0.6556647900022612 0.6354835892155978
16 0.6398738135459602 0.6089051244899998 0.6452818623236136 0.6063936915838298 0.6575726212639772 0.6120285888308746 0.6590608778009668 0.6152756940024884 0.652397547396718 0.6162904143686176
16 0.7097380674485555 0.5801171067416361 0.709884742937331 0.5819872192235236 0.7123048885021265 0.5829772787727582 0.7152383982776364 0.5825372523064317 0.7212520933174315 0.5757718453866622 0.7223767822192905 0.5707143268254332 0.7194432724437807 0.5681291713357651 0.7207633518427602 0.5627938504315567 0.7243569013177595 0.5601536916335978 0.7231101596631678 0.5594936519341083 0.7197366234213317 0.5616937842657406 0.7173898156009239 0.5616937842657406 0.7149696700361282 0.5648289728383167 0.7174631533453115 0.5697242672761987 0.7180498553004135 0.5744545517892083 0.7141629548478631 0.5741795352477542 0.7119673839607049 0.5751082123560791 0.7142650196883735 0.577655591097625 0.7142400453869859 0.5783111665090523
16 0.7121119370794158 0.5853553431583617 0.7189704264898589 0.5855226233878846 0.7239330732990412 0.588282747175014 0.7253270752117331 0.5897464491833404 0.7235985128399952 0.5922974726835661 0.718635866030813 0.588282747175014 0.7174091443476442 0.5870699655109723
16 0.7308473227859922 0.5859826440190727 0.7283938794196545 0.5830134199450396 0.7286726798021929 0.5813406176498097 0.7303454820974228 0.5791241546086299 0.7346947680650209 0.5787895941495839 0.737538531966912 0.5809642371333829 0.7373154916608813 0.5831388801171818 0.7335795665348676 0.5854389832731232
16 0.7464219306559211 0.6046554129182475 0.73479091303798 0.5981811160020106 0.7366082595407832 0.5960003001986467 0.7406064218469504 0.5949780427908199 0.7542365206179754 0.601111587237781 0.7556903978202181 0.6025427476087386 0.7513287662134901 0.6041102089674065
16 0.7768723011709531 0.6202774152060643 0.7763968106265253 0.6170678540311767 0.7735438673599585 0.6158196913520537 0.767124745010183 0.6176622172117114 0.7677587324027536 0.619742488343583 0.7709286693656056 0.6203368515241178 0.7733061220877445 0.6218227594754547
16 0.7624490879899765 0.6190886888449948 0.7628223689068165 0.6206165146542949 0.7659224551451841 0.6208359975727861 0.7656373988644899 0.6192860040465112 0.7635232314493411 0.6184130191868852
3 0.7244773544924814 0.5602581203838555 0.7210463831236311 0.5629528943240588 0.7197704504121877 0.5679256112863356 0.7227174139956911 0.5707709554359248 0.7214979807887242 0.5757503076977062 0.715366941609252 0.5826858340623301 0.7113360373973339 0.5831177166564643 0.7121489928686451 0.5851247004762639 0.7189913680855146 0.5852517247686563 0.7241665981725892 0.5879594951543734 0.725641170790528 0.5895393943878793 0.72359384894572 0.5926991974497531 0.7293811692466522 0.602953786387771 0.7325059073767847 0.6064699756636972 0.7319728786254003 0.6128092104569477 0.7373031661392446 0.6186344532399347 0.7444609808006927 0.6183489021231217 0.7490297986697017 0.619491106590374 0.759337529829361 0.6196459234843988 0.7621549675152501 0.6190748212507726 0.7637240225441944 0.6181463418143359 0.7657155921654634 0.6190321271400747 0.7672903216334436 0.6187542337045489 0.7669429548390362 0.6175210815844026 0.773562693358975 0.6156729064076667 0.7768047834401105 0.6167497434703296 0.7825336682397599 0.6137641514128372 0.7857232849541496 0.6108870309306007 0.7913445868855133 0.6057129799196228 0.7987007478340267 0.5995828457958619 0.7981063105856621 0.5944558245287163 0.7892640565162368 0.5858179082634165 0.7796044512303105 0.5766227070777751 0.7527804703978532 0.5756753227131938 0.7379868086005797 0.5806046560416441 0.7379661460031437 0.5826041875678525 0.737179626600404 0.5836230877032197 0.7407384115260011 0.5947769958124414 0.7543539223684541 0.601020809754469 0.7558197150604856 0.6025018711203756 0.751401978752558 0.6041814252466616 0.7464549284169522 0.6047463661800487 0.7347285868807014 0.598211373761409 0.734763210632168 0.5980273000661954 0.7365553253275084 0.5959574075930771 0.7406630824372761 0.5948118279569892 0.7371505376344085 0.5836827956989247 0.733620071684588 0.5855913978494622 0.7309318996415771 0.5861290322580645 0.7295161290322583 0.5845564516129031 0.7281956377395699 0.5830449268606442 0.7283076061009953 0.5809673493757344 0.730203698544729 0.5790250107748363 0.7322606831177062 0.578067353018342 0.7318138215833722 0.5741014569011278 0.7321862061953172 0.5720905799966248 0.7311399470928004 0.5690781639743391 0.7324060547734134 0.5656149870832506 0.7318102393943015 0.5629896755690385 0.7283098240420185 0.5609229409727438