15 0.38700064093944175 0.3321969884028693 0.38408169318544955 0.3974923668301928 0.38408169318544955 0.4206660108883093 0.3879439671951356 0.4245282848979954 0.3948102321012442 0.4299998397450506 0.40253478012061633 0.43128726441494597 0.4312872644149461 0.4332184014197891 0.4810676849842334 0.4361151069270536 0.4880415187794857 0.43654641120146775 0.4966676042677677 0.4364026431099964 0.501843255560737 0.4341023536464546 0.503763392515668 0.41189558206546484 0.49475392545012914 0.4078700755042665 0.49015334652304543 0.38616109369209023 0.4897699649457884 0.36732747370934127 0.49034503731167384 0.3548196497513324 0.4945622346615006 0.33037907420120016 0.4579492940334593 0.32678487191441596 0.42593693233250174 0.3241970462679314 0.4090681429331947 0.32347820581057446 0.39838427925861647 0.3236837749334704 0.39153558237409297 0.32670769553369344 0.3878350767993906 0.32973161613391644
7 0.25467386544292286 0.6027196170879636 0.22257416165597058 0.600105018135718 0.18763847045933724 0.5908076164462914 0.15946452594592322 0.57981977808606 0.13917928589626513 0.5650284572165176 0.12114796140768018 0.5438979988314571 0.11269577805365598 0.5143153570923724 0.11551317250499739 0.49487533537811673 0.12340187696875328 0.47501270449615995 0.13917928589626513 0.45895355612351396 0.15890104705565494 0.4454300627570752 0.18876542823987377 0.4323291785583377 0.21862980942409257 0.42641265021052077 0.25187506394992115 0.42683525937822203 0.2890646707076276 0.4314839602229352 0.3138301569495429 0.4404870120180131 0.33971864237292865 0.45515945071865055 0.3514215483601851 0.4634350770953533 0.3714836729097675 0.49076972179415934 0.3838553163820099 0.5188566961635748 0.39789880356671764 0.5419281393955945 0.3985675410517037 0.5559716265803022 0.39422074739929414 0.5695135606512702 0.3918801662018429 0.5762845276867543 0.376499204047163 0.5883218024165037 0.3557683420125945 0.5991051943619042 0.33236253003808175 0.6053746082836489 0.3253407864457279 0.6046222786130395 0.3293532113556444 0.6201704251389659 0.3313594238106026 0.6369724544492411 0.3276813676431792 0.6467527401671626 0.3156440929134297 0.6530221540889071 0.2858852748315492 0.6550283665438653 0.27485110632927884 0.6470035167240323 0.2618107253720503 0.6244336266057521
17 0.527190338015088 0.4384220251624942 0.5141086919104951 0.44374812393364976 0.5107448400550285 0.44627101282524984 0.5169119017900509 0.4496348646807165 0.5169119017900509 0.4549609634518721 0.517659424424599 0.4591657782712055 0.5292460252600955 0.4643517165483834 0.5333573997501103 0.4657533214881612 0.541206387412866 0.46168866716280554 0.5385900581919473 0.4580444943193833 0.5318623544810139 0.4525782350542499 0.5436358359751474 0.4440284449216053 0.5341049223846583 0.4403842720781831
17 0.5695080172468856 0.5377657070911398 0.5617848274279694 0.5457592085537181 0.5535982462199182 0.551204057376054 0.5562241307583498 0.55757568897666 0.5603946532605645 0.5637156248826984 0.5620937550207261 0.563020537798996 0.5684267706722375 0.558039080365795 0.5780035260476936 0.5499297310559329 0.5741419311382355 0.5434422516080433
17 0.6235489242280585 0.5910336666531596 0.6191583335383414 0.5935517995487326 0.6222575740252007 0.5970384450964492 0.6294891351612052 0.5951014197921622 0.6320718355669211 0.5929706919574466
17 0.7701448741161201 0.5841906736932989 0.7744353748075749 0.5859458785216214 0.7791159210164345 0.588578685764105 0.7701448741161201 0.5934054990419915 0.7625389865267231 0.5907726917995079 0.7562982582482437 0.5903338905924274 0.7689747375639052 0.5827280030030304
17 0.67609768038981 0.48871348348052157 0.6769782452249102 0.4917514321616167 0.6701098395111298 0.4937327030405918 0.6644742245664895 0.49558188919430196 0.6648264505005295 0.49928026150172206 0.6694053876430498 0.4996765156775171 0.6678203709398697 0.5037711421607323 0.6655309023686096 0.5099791242481876 0.6563730280835692 0.5160550216103778 0.6507374131389289 0.5157908521598478 0.6463345889634288 0.5193571397420029 0.6362961498432883 0.5227913425988931 0.631364986766728 0.520413817544123 0.6389378443485884 0.5118283104018976 0.6452779111613086 0.5064128366660324 0.6565491410505893 0.5007331934796372 0.6577819318197292 0.5000727698533121 0.6567252540176092 0.49135517798582173 0.6644742245664895 0.4891097376563166
17 0.6616564170941693 0.5330939511695636 0.6565491410505893 0.5305843413895284 0.6524985428091289 0.5307164261147935 0.6532029946772089 0.5357356456748638 0.6569013669846291 0.5393019332570189 0.6600714003909893 0.5359998151253937
17 0.7489873196240624 0.5214434675001094 0.7434800599209442 0.5234583186110062 0.7428084428839786 0.5247679718330892 0.7402562981435092 0.5304095549436004 0.7454949110318413 0.5334318316099457 0.7511364941423524 0.5378645040539188 0.7546289027345736 0.5386704444982776 0.7601361624376917 0.5398793551648157 0.7608077794746574 0.541591978609078 0.757181047475043 0.5466291063863201 0.7540916091050012 0.5498528681637552 0.7581213113267948 0.5514647490524727 0.7677925966590997 0.5537818278300042 0.7804189969540535 0.5548899959409974 0.7839114055462748 0.5497521256082104 0.7867321971015303 0.5448157403865131 0.7939856611007591 0.5402823253869952 0.803522623025671 0.5382674742760982 0.8070150316178922 0.5417934637201678 0.8102387933953272 0.5388719296093674 0.8103731168027203 0.5357489103874771 0.8097014997657547 0.5329281188322216 0.8122536445062241 0.530711782610235 0.8064777379883198 0.528193218721614 0.799089950581698 0.5285961889437933 0.7933140440637936 0.5276895059438896 0.7942543079155455 0.524868714388634 0.7841800523610609 0.524969456944179 0.778807116065336 0.5224508930555578 0.7742401202139697 0.524264259055365 0.7704790648069624 0.526883565499531 0.7712850052513212 0.5289991591659726 0.7669866562147412 0.531416980499049 0.7617480433264093 0.5317192081656834 0.756106460215898 0.5281932187216138
17 0.5408187621707298 0.29919537530590423 0.5421140200081482 0.30203497902639853 0.5428114665359889 0.30562184688386507 0.5375307999680521 0.30913398832763433 0.5328479447096931 0.3115999599796425 0.5313534164357487 0.30913398832763433 0.5311541459992228 0.30756473363999276 0.5360362716941077 0.30233388468118744
17 0.5528633603444292 0.3756566226185285 0.5546140724137861 0.3831767267346305 0.5531816716297668 0.3850865944466564 0.5434731774269685 0.38568342810666445 0.5425182435709556 0.38663836196267737 0.5472929128510203 0.3920098649027502 0.5462221656394058 0.39534261638936014 0.5482911889941006 0.40083348606143465 0.5505193679914642 0.40477258821748807 0.557044749340886 0.40727928958952203 0.5607053291222689 0.40751802305352525 0.5583179944822365 0.4105021913535658 0.5519517687754836 0.41133775847757703 0.5492461228501135 0.41169585867358194 0.5522700800608213 0.4147993937056241 0.5509968349194706 0.4181416622016693 0.5502010567061265 0.42136456396571303 0.5474954107807565 0.42590049978177447 0.547972877708763 0.4362854054659152 0.5494052784927823 0.44082134128197675 0.5557715041995354 0.44201500860199294 0.5648433758316583 0.4424924755299994 0.566116620973009 0.4469090446140593 0.5716870684664179 0.44917701252208997 0.5788490723865151 0.4488189123260852 0.5860110763066121 0.45347421487414835 0.5904674343013392 0.4533548481421468 0.592377302013365 0.4525192810181354 0.5981069051494428 0.45419041526615805 0.5957195705094103 0.45598091624618237 0.5961970374374168 0.45669711663819207 0.6025632631441699 0.4552647158541727 0.6025632631441699 0.45896508454622276 0.6011308623601505 0.46171051938226 0.6006533954321439 0.46767885598234094 0.6004942397894751 0.4784218618624866 0.6046322864988646 0.4870162665666031 0.6117942904189617 0.49465573741470664 0.6189562943390589 0.4989529397667649 0.6265957651871623 0.4994304066947714 0.6371000376033048 0.4996691401587746 0.6417155512407007 0.49835610610675685 0.6439437302380643 0.4960881381987261 0.6484000882327912 0.49501383761071155 0.6468085318061031 0.4901198015986452 0.662246629144979 0.48415146499856426 0.6756157031291603 0.4793767957184995 0.6771107069356611 0.48015251481236604 0.6778603718051222 0.48246724830738524 0.6773456714468797 0.48465472482991495 0.6795760396659298 0.48613448835986167 0.6832647255666664 0.4845260497403544 0.6850661768205145 0.48459038728513465 0.6881543789699684 0.4879359396137097 0.6884117291490895 0.4900590785914592 0.6944165666619164 0.4917318547557467 0.6962180179157645 0.4923752302035496 0.6857524439648376 0.4949487319947612 0.6815490577058587 0.49636415797992745 0.6807770071684953 0.5026048998236154 0.6788897725216068 0.5037629756296608 0.6770883212677588 0.5058861146074103 0.6733996353670222 0.50582177706263 0.6706545667897298 0.5076875658612584 0.6702256498245279 0.5141213203392873 0.6770025378747184 0.5159871091379156 0.6835220757457876 0.5128989069884616 0.6815490577058587 0.5101967301076896 0.6900416136168569 0.5093603420255458 0.6896984800446953 0.5082022662195006 0.6988773031000164 0.5047923763461454 0.7071125088318935 0.5015111615623506 0.7161197651011338 0.4996453727637223 0.7192937506436281 0.49842295941289677 0.7199800177879512 0.5015111615623506 0.7266711224451011 0.5047280388013652 0.7300166747736762 0.5081379286747204 0.7249554545842934 0.5112261308241742 0.718607483499305 0.5145716831527493 0.712602645986478 0.5179172354813243 0.711487461876953 0.5212627878098993 0.7140609636681645 0.5246083401384743 0.7200658011809916 0.5286616054596325 0.7225535195791626 0.5284042552805114 0.7264137722659799 0.5257664159445196 0.7309602920971204 0.5257020783997393 0.733791144067453 0.5239649646906714 0.7391954978289974 0.5235146018772094 0.7431415339088551 0.5226138762502853 0.7440851512322993 0.5202333870934147 0.7421121331923705 0.5170808473991805 0.7413400826550071 0.5145716831527493 0.7417689996202089 0.5098750423837882 0.7436562342670975 0.509167329391205 0.747344920167834 0.5074302156821372 0.7482885374912783 0.5051784016148272 0.7452861187348648 0.500932123659328 0.7391097144359571 0.49720054606207126 0.7365362126447453 0.49520608217388234 0.7369651296099474 0.49449836918129914 0.7390239310429166 0.49353330600959483 0.7433988840879764 0.49095980421838326 0.7472591367747935 0.4907667915840424 0.7546365085762667 0.49179619230052707 0.7636437648455072 0.4927612554722314 0.7638153316315879 0.4900590785914593 0.7669035337810418 0.490445103860141 0.7708495698608995 0.49250390529311017 0.7717074037913033 0.4982299467785559 0.7739377720103533 0.50582177706263 0.7759107900502822 0.510711430465932 0.7786558586275745 0.5126415568093406 0.7780553748762918 0.5144430080631888 0.7825161113143919 0.5168234972200594 0.7879204650759362 0.5174668726678622 0.7945257863400457 0.5172095224887411 0.7983002556338227 0.513863970160166 0.803704609395367 0.5065294900552132 0.8101383638733958 0.49983838539806313 0.8176873024609498 0.49166751721096646 0.8203465876452016 0.48902967787497464 0.8206039378243227 0.48497641255381635 0.8166464989823108 0.4797846789401177 0.8222183701068029 0.47357265581198427 0.8297523902061457 0.46553719040299457 0.832494510665601 0.4570943458304614 0.829274955791035 0.4450894472084148 0.8281203787554748 0.43989385054839436 0.8200383395065544 0.4340488043058715 0.8219145271893395 0.427554308480846 0.8191724067298842 0.4157559743987163 0.8158529977526492 0.4100191697532771 0.8121006223870786 0.40926147857369083 0.8074823142448383 0.4104521361416122 0.8015651069375929 0.4021175331661627 0.7956478996303474 0.3995197348361525 0.7885761152875419 0.3969219365061424 0.7842464514041916 0.3947571045644671 0.7732779695663706 0.3948653461615509 0.7728450031780356 0.39713841970030983 0.7698142384596903 0.39973621803032006 0.7602889779163194 0.39172633984612193 0.7633197426346647 0.3891285415161117 0.7630310983757748 0.3850153608269289 0.7587014344924244 0.3818763545114999 0.7552375620353294 0.38165987131733237 0.7547691114366955 0.38323328107597293 0.7559235471218407 0.38539784798562043 0.7564286127340918 0.38821178496816217 0.7558513948915191 0.3909174936052216 0.7507439564960731 0.39454643345599716 0.7433844290032716 0.3964404295019388 0.7428793633910205 0.3899467287729963 0.7478578672832097 0.38983850042751395 0.7499502819625355 0.3904878705004082 0.7526920667147559 0.38967615790929033 0.7531971323270068 0.3859422799901484 0.7539908068605443 0.38053086271602965 0.7540629590908658 0.3756064729965816 0.7560110693095485 0.37376659112338134 0.7553616992366543 0.3725760793230751 0.7542794157818307 0.36846340219474494 0.7575262661463019 0.36808460298555656 0.7712351899074027 0.3672728903944387 0.7798213053156712 0.36640706363057973 0.7841504391349662 0.3655412368667207 0.7863150060446135 0.36353901247529685 0.7845833525168956 0.3600757054198609 0.782274481146605 0.35801936685569574 0.7783061084789179 0.3438955677702458 0.7760693893389488 0.34308385517912804 0.772750386744156 0.3440037961157282 0.7695756886100064 0.34086517409673933 0.7672668172397157 0.34378733942476347 0.7653187070210329 0.3434085402155752 0.7619275521959185 0.3403781465420687 0.7561553737701918 0.3403781465420687 0.7544958724727954 0.3391876347417625 0.7477135628225666 0.33891706387805665 0.7641496556985363 0.3333163247136921 0.7784734651442662 0.3246836716995245 0.782693873284526 0.32324489619716323 0.7805197236365135 0.32027142682561666 0.7869142814247856 0.31940816152419993 0.7846122406210077 0.3172020390872459 0.7777061182096736 0.31854489622278315 0.775787750873192 0.31509183501711613 0.7700326488637468 0.314899998283468 0.7638938733870054 0.31633877378582925 0.7550693836391896 0.32123061049385754 0.7493142816297447 0.3216142839611538 0.7361414925859038 0.3277530594378952 0.7323047579129406 0.3305346920757936 0.734478907560953 0.33494693694970146 0.7333278871590639 0.3400306103913779 0.7433033973087687 0.3483755083050733 0.7445823088664231 0.35010203890790675 0.7397224449473363 0.3506775491088512 0.7348625810282493 0.35403469194769416 0.7301306082649277 0.3582551000879539 0.7291074790188045 0.3575836715201853 0.7297469347976314 0.3532673450131016 0.7268054382150262 0.3513489776766198 0.7149115607288398 0.3505816307420272 0.7167020369095561 0.3481836715714251 0.716957819221087 0.34616938586811924 0.7206666627382848 0.34425101853163764 0.7214340096728775 0.34185305936103544 0.7239918327881864 0.3396469369240816 0.7219455742959394 0.33830407978854443 0.7155510165076671 0.33830407978854443 0.7168299280653215 0.3346591818492292 0.7112027172116419 0.33360407981416434 0.7019945539965299 0.33360407981416434 0.6861360506816147 0.3369612226530073 0.6714285677685886 0.3436755083306932 0.6614530576188838 0.3449224470994063 0.6519891120922408 0.34607346750129525 0.652372785559537 0.3407020389591466 0.6425251665655979 0.32535510026729303 0.638560540736869 0.3198877533583203 0.6321659829485968 0.32065510029291294 0.6248761870699664 0.3219979574284501 0.6241088401353737 0.3238204063981078 0.6253877516930282 0.3327408145127475 0.6360027176215602 0.34530612056670257 0.6315265271697695 0.3432918348633968 0.6252598605372627 0.3424285695619801 0.6183537381259286 0.3464571409685916 0.6174585000355706 0.35115714094297173 0.6134938742068416 0.35278775317898114 0.6125986361164836 0.35777550825383353 0.6097850306896437 0.35480203888228684 0.6033904729013715 0.34923877360649 0.6001931940072354 0.34367550833069316 0.6000653028514699 0.33983877365772985 0.5962285681785066 0.3390714267231371 0.5922639423497777 0.3392632634567853 0.5913687042594197 0.34185305936103555 0.5863809491845672 0.3392632634567853 0.5824163233558384 0.3392632634567853 0.5790911533059367 0.3388795899894889 0.5720571397388373 0.33830407978854443 0.565023126171738 0.33753673285395175 0.5619537384333672 0.33993469202455384 0.5549197248662677 0.34540203893352667 0.5555591806450949 0.3500061205410827 0.5480136024549336 0.3585428551884262 0.54839727592223 0.36496938576563986
17 0.8123398983452943 0.3935293783747989 0.8127672625193528 0.39673460968023866 0.8097757133009424 0.4007411488120382 0.8072115282565906 0.39929879472459034 0.8067841640825322 0.3936896399400709 0.8063567999084733 0.39208702428735104 0.8089209849528252 0.39176650115680706
4 0.6298518737786137 0.6410108564523059 0.6239759978591378 0.6397989241488697 0.6188934296214047 0.6395539898418879 0.5821891941459093 0.645959917731479 0.5265557303119821 0.6558285093451736 0.5187070258706812 0.6598105726278924 0.5143209851534836 0.6660433673312786 0.5147826736500307 0.6710642297312284 0.5193995586155019 0.6814522209035384 0.532326836518821 0.7089803975101598 0.5507943763807055 0.7482816307787329 0.5565654825875443 0.7552069582269396 0.563029121539204 0.7578039560200172 0.5741096454563347 0.7584964887648379 0.6057353074698121 0.7529562268062725 0.6542125996072589 0.7446458338684245 0.662984681041654 0.7411831701443209 0.6680632545036722 0.7344309758823196 0.6671902732381063 0.7278042302917975 0.6615066632137057 0.7142441073500452 0.6561605360323657 0.701770270132956 0.6509807801314289 0.6923596116344639 0.6417470102004866 0.6693328978691766
2 0.6483895648408061 0.6773792511390606 0.6452062703307885 0.6754069925839411 0.6432686128029518 0.6692826107548856 0.6454830785490511 0.6666875337086756 0.6473160184066107 0.6573849173459052 0.6489768677161851 0.6463817906699751 0.6563122855001385 0.6410878334957067 0.6603260046649434 0.6426448797234326 0.6690454635402088 0.6413992427412519 0.6904981004555444 0.636728104058074 0.706414573005632 0.6343406331755609 0.7385243263240698 0.6267630082006278 0.7502886756002215 0.6295656914105345 0.7581777098206998 0.6309151314745638 0.7688348262238022 0.6321607684567445 0.7815680042638724 0.6303961160653218 0.7811527919364788 0.6357938763214384 0.780599175499954 0.6384927564494968 0.7797687508451667 0.6415030458231005 0.7839208741191027 0.6476274276521559 0.787657785065645 0.6538556125630596 0.7889034220478258 0.6597723882284184 0.7891802302660882 0.6668309977941095 0.7865505521925954 0.6698412871677131 0.7778310933173299 0.6727477734594681 0.7776926892081987 0.6744086227690425 0.7799071549542979 0.6771075028971009 0.7876577850656449 0.6876954172456373 0.7929171412126305 0.6958958607116608 0.7916715042304497 0.6980757254304772 0.7850281069921521 0.6966224822845998 0.7703572714242451 0.6973491038575387 0.7561016481837319 0.6997365747400517 0.7403235797427754 0.7032658795228971 0.7350642235957899 0.7030582733592002 0.7188709428274397 0.7022278487044133 0.6989407511125474 0.7027468641136552 0.6849619360902964 0.7012936209677777 0.6816402374711477 0.6986985439215677 0.6662773813575847 0.6948578298931768 0.6522985663353338 0.6921589497651186 0.6495304841527099 0.6856193556086696
9 0.43793759087198825 0.3236314473535719 0.43528301136601383 0.3090312600707123 0.4417719834917292 0.3008463065939576 0.43328636603072396 0.28116421267446395 0.4270923471834502 0.2557244924088752 0.42443776767747565 0.23249692173159844 0.4223730947283844 0.21479972502510186 0.42384786112059236 0.20152682749522946 0.425617580791242 0.19201458426548756 0.43446617914449037 0.19444794881263086 0.4580624414198191 0.20108439757756705 0.4757596381263157 0.2059511266718536 0.4887375823777465 0.2086057061778281 0.5143985176021665 0.206393556589516 0.5379947798774952 0.20064196765990464 0.5583465560899663 0.20019953774224222 0.5907914167185432 0.19157215434782515 0.6087835667034814 0.19135093938899395 0.6202867445627042 0.19112972443016274 0.6297252494728356 0.1962176684832805 0.634739455206343 0.20042075270107343 0.6397536609398503 0.20019953774224222 0.6494871191284236 0.20152682749522946 0.6698388953408946 0.2152421549427643 0.6556811379756973 0.22519682809016855 0.6303151560297189 0.2442213145496524 0.626480763409978 0.24377888463199 0.6300202027512773 0.25284869794406944 0.6291353429159524 0.2592639317501745 0.6474224461793322 0.28204907250978883 0.6621701101014126 0.30040991409277895 0.6524366519128395 0.301515988886935 0.6474224461793322 0.29996748417511654 0.6382788945476423 0.2977553345868045 0.6309050625866021 0.2946583251631676 0.6114381462094559 0.29709168971031086 0.5813529118084118 0.29532197003966126 0.5568717896977582 0.2979765495456356 0.5229521626769732 0.2933310354101803 0.5164631905512578 0.29200374565719306 0.5037801995782686 0.30107355896927257 0.4975861807309947 0.3127979517873265 0.4940467413896954 0.32784056898784864 0.4666160864946257 0.32695570915252375
6 0.2066547407266386 0.33965090678644494 0.2109511131301648 0.34211500272376144 0.20741292409196677 0.345905919550402 0.2043801906306542 0.3491281988530467 0.2139838465914773 0.3582263992369843 0.21777476341811802 0.3622068619049571 0.22586205264828485 0.35898458260231253 0.22535659707139943 0.3567100325063281 0.23344388630156626 0.35291911567968737 0.23672934755132155 0.3553832116170038 0.24203663110861856 0.35955322012630864 0.2435529978392748 0.3635336827942814 0.22712569159049842 0.37225279149555507 0.23605980984752217 0.37805941118530134 0.23824571428197774 0.3843045170521508 0.2503766481272281 0.3910178297874265 0.2564421150498532 0.39196555899408664 0.26568931026762777 0.3953901081805711 0.2682394337973196 0.3950941501973159 0.27002173751256225 0.3955397261261266 0.2727546032092676 0.4002628309715195 0.27857679534572677 0.39767849058441773 0.2734675246953646 0.3955397261261266 0.2677641528065883 0.39340096166783545 0.26538774785293145 0.39108396683802016 0.2542186445707445 0.3871628986644864 0.24922819416806521 0.38502413420619525 0.24625768797599423 0.38261802419061774 0.2505352168925765 0.38074660528961296 0.24714611518030774 0.3782939635602427 0.247740216418722 0.3684912931264083 0.24465088997896817 0.36599606792506867 0.24678965443725925 0.36296615160915624 0.24952252013396456 0.36171853900848644 0.24892841889555037 0.35476755451904024 0.24488853047433384 0.3495097585590747 0.24607673295116225 0.3476383396580699 0.24465088997896817 0.3422023133265799 0.245482631712748 0.3393506273821918 0.23906633833787463 0.3283003443476877 0.2415615635392143 0.3249139672887267 0.2415615635392143 0.31751740687046986 0.23977925982397164 0.31493306648336816 0.24524499121738233 0.31092288312407224 0.24084864205311723 0.30931880978035386 0.24096746230080013 0.30628889346444144 0.2445320697312853 0.30352632270581537 0.24572027220811374 0.2991596786034711 0.24797785691408772 0.2988032178604226 0.24964134038164743 0.2992487937892332 0.25201774533530424 0.30031817601837874 0.2571270159856663 0.29951613934651955 0.25760229697639775 0.29443657375807814 0.27273160693519444 0.292377973565904 0.2724265123850385 0.29436619411773013 0.2732571425106532 0.2951813502398538 0.2753359410410204 0.2951813502398538 0.2774169627877178 0.2948142711649124 0.27814404204967197 0.29720976284859707 0.2825981339255307 0.2970421508089656 0.2817511228077285 0.2941692282007918 0.28124752626528293 0.2924760396713113 0.2833862907235741 0.29238692448554915 0.28724639746966646 0.2939770446728792 0.29280567525325135 0.2958671991192981 0.3010163610551744 0.29819966031149137 0.3105783188429403 0.3003121858692536 0.31739769959080444 0.30170200531514985 0.32317934848573265 0.3024803042048517 0.3256995544142911 0.3013128558702989 0.3229569773743893 0.29769932531096877 0.3225122351517024 0.296865433643431 0.3229569773743893 0.2956979853088782 0.3256995544142911 0.29519765030835554 0.33326017219996656 0.29992303642440266 0.3367439862776797 0.3045372369847781 0.340301924059174 0.3089846592116459 0.3438598618406683 0.3132653031050063 0.34593532554654 0.32149303422471187 0.34474934628604187 0.32582927089590813 0.34741779962216257 0.3284977242320288 0.35097573740365684 0.3322780331248665 0.34956738703181534 0.3387267953538249 0.3470471811032569 0.34083932091158714 0.3505309951809701 0.3468433409178588 0.34964151073559646 0.35179109814524934 0.35067924258853234 0.36151983426652273 0.3489743974015663 0.3651889576036888 0.3512722322187814 0.36741266871712275 0.35097573740365695 0.3707482353872736 0.3524582114792796 0.3769746265048886 0.35179109814524945 0.3806437498420546 0.3500862529582834 0.384924393735415 0.3528288299981852 0.38648099151481874 0.3552007885191814 0.38953859429579046 0.3549042937040569 0.39659887708094316 0.3512361598954213 0.4068680599005747 0.33235473104325486 0.415976520298803 0.3238771417144957 0.4149168297440719 0.31315703571993364 0.40882586042897984 0.30454846575460354 0.40687675024815034 0.29967569030252983 0.406389472702943 0.29431563730524885 0.4029785298864914 0.2891180101563703 0.4023694329549821 0.28554464149151626 0.4045621819084153 0.2764487939809788 0.4051712788399246 0.2762863681325763 0.4090694992015835 0.28424523470429663 0.41138406754131845 0.28781860336915066 0.41382045526735534 0.2873313258239433 0.41650048176599586 0.2764487939809788 0.4202768827413529 0.26719052062203885 0.42015506335505104 0.261180764231148 0.42454056126191736 0.25502570109757333 0.4261951156952013 0.2456587754778986 0.425693316108433 0.23071629889413173 0.425693316108433 0.21956519696594745 0.4256933161084329 0.21120187051980926 0.42728234813319915 0.1999392575723432 0.4213443863564411 0.18733851239349508 0.4128137933813802 0.17406870109895586 0.40637403201785377 0.15979529063088005 0.3956689741667969 0.1528816074354058 0.3877238140429656 0.14184201652650344 0.37710238945637015 0.13537437740815655 0.3720843935886873 0.13593193250456576 0.36965902891930713 0.13849668594804812 0.36815363015900215 0.13671250963953865 0.36388833367147183 0.14407223691214027 0.3622156683822443 0.1557808939367337 0.3586194380104048 0.16269457713220792 0.3530160092914922 0.17841763085094764 0.34624171487012023 0.19536730578178774 0.339383787184287 0.20328458815079856 0.338296554746289